       0.416	  8
       1.044	  8
       5.112	  7
       5.284	  7
       5.430	  7
       5.632	  7
       5.810	  7
       6.600	  7
       6.980	  7
       7.122	  7
       7.364	  7
       7.562	  7
      20.010	 50
      20.020	 17
      39.362	  8
      39.660	  8
      40.226	  8
      50.020	 53
      53.888	  8
      53.888	 20
      53.888	 27
      53.898	 28
      53.898	 19
      53.910	  8
      53.998	 29
      54.190	  9
      54.366	  8
      58.114	  8
      74.018	 52
      74.028	 10
      96.948	  8
      97.874	  8
      97.948	  8
      97.996	  8
     119.360	  8
     130.812	  8
     146.144	  8
     153.154	  8
     154.264	  8
     154.944	  8
     163.112	  8
     163.416	  8
     174.592	  8
     175.428	  8
     191.874	  8
     194.028	 53
     232.966	  8
     232.966	 20
     232.966	 27
     232.976	 28
     232.976	 19
     233.076	 29
     233.268	  9
     233.408	  8
     233.752	  8
     240.406	  8
     240.906	  8
     241.720	  8
     243.172	  8
     253.096	 52
     253.106	 10
     265.616	  8
     265.806	  8
     277.432	  6
     306.800	  7
     306.898	  7
     307.692	  7
     307.782	  7
     307.918	  7
     308.068	  7
     308.222	  7
     308.546	  7
     308.630	  7
     308.782	  7
     309.118	  7
     309.340	  7
     309.542	  7
     309.932	  7
     310.130	  7
     310.318	  7
     310.690	  7
     311.374	  7
     313.242	  8
     313.586	  8
     313.972	  8
     316.110	  8
     317.678	  8
     322.172	  7
     322.340	  7
     322.720	  7
     323.306	  7
     323.700	  7
     324.280	  7
     324.442	  7
     324.566	  7
     324.696	  7
     324.876	  7
     325.202	  7
     325.378	  7
     325.566	  7
     325.786	  7
     325.894	  7
     326.036	  7
     326.236	  7
     326.418	  7
     326.606	  7
     326.812	  7
     326.988	  7
     327.182	  7
     327.506	  7
     327.592	  7
     327.772	  7
     327.982	  7
     328.180	  7
     328.372	  7
     328.556	  7
     328.724	  7
     328.924	  7
     329.282	  7
     330.026	  7
     332.444	  8
     333.126	  8
     338.460	  8
     341.984	  8
     355.216	  8
     355.800	  8
     356.414	  8
     373.106	 53
     379.832	  8
     379.832	 20
     379.832	 27
     379.842	 28
     379.842	 19
     379.942	 29
     380.134	  9
     380.332	  8
     399.962	 51
     399.972	 18
     400.038	  8
     400.414	  8
     400.966	  8
     410.052	  8
     421.900	  8
     424.082	  8
     428.680	  8
     431.846	  8
     436.528	  8
     442.092	  8
     442.490	  8
     442.524	  8
     443.212	  8
     443.692	  8
     451.906	  8
     452.398	  8
     457.496	  8
     457.874	  8
     459.972	 53
     461.996	  8
     461.996	 20
     461.996	 27
     462.006	 28
     462.006	 19
     462.106	 29
     462.298	  9
     462.392	  8
     482.126	 50
     482.136	 17
     484.002	  8
     485.044	  8
     486.628	  8
     495.080	  8
     497.462	  8
     498.124	  8
     500.670	  8
     503.558	  8
     506.372	  8
     508.362	  8
     508.776	  8
     512.136	 53
     512.490	  8
     512.490	 20
     512.490	 27
     512.500	 28
     512.500	 19
     512.600	 29
     512.792	  9
     512.842	  8
     514.604	  8
     532.620	 50
     532.630	 17
     536.910	  8
     541.804	  8
     543.740	  8
     549.648	  8
     550.060	  8
     551.040	  8
     556.918	  8
     557.340	  8
     557.564	  8
     557.862	  8
     562.630	 53
     564.870	  8
     564.870	 20
     564.870	 27
     564.880	 28
     564.880	 19
     564.980	 29
     565.172	  9
     565.342	  8
     567.536	  8
     570.626	  8
     583.200	  8
     585.000	 50
     585.010	 17
     586.978	  8
     588.462	  8
     590.132	  8
     592.410	  8
     596.970	  8
     597.162	  8
     611.506	  8
     612.118	  8
     615.010	 53
     616.414	  8
     616.414	 20
     616.414	 27
     616.424	 28
     616.424	 19
     616.524	 29
     616.716	  9
     616.756	  8
     624.120	  8
     628.086	  8
     636.544	 50
     636.554	 17
     638.362	  8
     638.772	  8
     644.580	  8
     645.640	  8
     648.826	  8
     649.304	  8
     649.692	  8
     651.792	  8
     658.798	  8
     661.896	  8
     666.554	 53
     666.992	  8
     666.992	 20
     666.992	 27
     667.002	 28
     667.002	 19
     667.102	 29
     667.216	  8
     667.294	  9
     668.274	  8
     678.570	  8
     687.122	 51
     687.132	 18
     702.396	  8
     702.836	  8
     703.034	  8
     706.296	  8
     707.924	  8
     711.980	  8
     717.554	  8
     720.966	  8
     725.514	  8
     727.710	  8
     730.176	  8
     731.696	  8
     732.950	  8
     737.580	  8
     738.410	  8
     745.692	  8
     747.132	 53
     749.562	  8
     749.562	 20
     749.562	 27
     749.572	 28
     749.572	 19
     749.672	 29
     749.864	  9
     749.946	  8
     751.784	  8
     752.494	  8
     756.646	  8
     756.962	  8
     769.692	 50
     769.702	 17
     778.076	  8
     787.328	  8
     787.660	  8
     788.058	  8
     799.702	 53
     801.772	  8
     801.772	 20
     801.772	 27
     801.782	 28
     801.782	 19
     801.882	 29
     802.074	  9
     802.172	  8
     802.556	  8
     803.148	  8
     803.456	  8
     805.576	  8
     814.114	  7
     814.496	  7
     814.602	  7
     814.720	  7
     814.848	  7
     815.004	  7
     815.156	  7
     815.726	  7
     815.848	  7
     815.986	  7
     816.128	  7
     816.280	  7
     816.520	  7
     816.642	  7
     816.768	  7
     816.926	  7
     817.062	  7
     817.308	  7
     817.426	  7
     817.592	  7
     817.716	  7
     817.854	  7
     818.014	  7
     818.158	  7
     818.322	  7
     818.508	  7
     818.638	  7
     818.782	  7
     818.910	  7
     819.070	  7
     819.224	  7
     819.380	  7
     819.552	  7
     819.722	  7
     819.836	  7
     820.000	  7
     820.146	  7
     820.296	  7
     820.446	  7
     820.590	  7
     820.730	  7
     820.898	  7
     821.034	  7
     821.176	  7
     821.324	  7
     821.486	  7
     821.634	  7
     821.798	  7
     821.902	 51
     821.912	 18
     821.954	  7
     822.098	  7
     822.264	  7
     822.406	  7
     822.552	  7
     822.702	  7
     822.850	  7
     823.004	  7
     823.154	  7
     823.330	  7
     823.474	  7
     823.620	  7
     823.764	  7
     823.922	  7
     824.066	  7
     824.214	  7
     824.392	  7
     824.524	  7
     824.668	  7
     824.814	  7
     824.990	  7
     825.126	  7
     825.264	  7
     825.430	  7
     825.568	  7
     825.704	  7
     825.850	  7
     826.006	  7
     826.150	  7
     826.306	  7
     826.454	  7
     826.636	  7
     826.770	  7
     826.910	  7
     827.064	  7
     827.216	  7
     827.398	  7
     827.528	  7
     827.672	  7
     827.820	  7
     827.990	  7
     828.140	  7
     828.292	  7
     828.448	  7
     828.624	  7
     828.764	  7
     828.908	  7
     829.056	  7
     829.208	  7
     829.364	  7
     829.540	  7
     829.684	  7
     829.830	  7
     829.972	  7
     830.132	  7
     830.292	  7
     830.492	  7
     830.630	  7
     830.774	  7
     830.930	  7
     831.082	  7
     831.236	  7
     831.396	  7
     831.562	  7
     831.714	  7
     831.880	  7
     832.038	  7
     832.182	  7
     832.328	  7
     832.488	  7
     832.640	  7
     832.822	  7
     832.966	  7
     833.116	  7
     833.268	  7
     833.426	  7
     833.610	  7
     833.746	  7
     833.890	  7
     834.040	  7
     834.188	  7
     834.338	  7
     834.502	  7
     834.650	  7
     834.812	  7
     834.972	  7
     835.138	  7
     835.300	  7
     835.598	  7
     835.720	  7
     835.874	  7
     836.016	  7
     836.156	  7
     836.302	  7
     836.452	  7
     836.632	  7
     836.782	  7
     836.932	  7
     837.086	  7
     837.278	  7
     837.416	  7
     837.564	  7
     837.722	  7
     837.884	  7
     838.040	  7
     838.224	  7
     838.370	  7
     838.522	  7
     838.676	  7
     838.840	  7
     839.002	  7
     839.150	  7
     839.336	  7
     839.478	  7
     839.632	  7
     839.810	  7
     839.958	  7
     840.110	  7
     840.260	  7
     840.460	  7
     840.600	  7
     840.746	  7
     840.938	  7
     841.078	  7
     841.226	  7
     841.380	  7
     841.542	  7
     841.734	  7
     841.866	  7
     842.018	  7
     842.178	  7
     842.328	  7
     842.490	  7
     842.656	  7
     842.836	  7
     842.980	  7
     843.128	  7
     844.232	  7
     844.344	  7
     844.482	  7
     844.632	  7
     844.776	  7
     844.920	  7
     845.060	  7
     845.208	  7
     845.378	  7
     845.516	  7
     845.658	  7
     845.804	  7
     845.956	  7
     846.116	  7
     846.276	  7
     846.430	  7
     846.596	  7
     846.756	  7
     846.930	  7
     847.088	  7
     847.240	  7
     847.394	  7
     847.558	  7
     847.728	  7
     847.916	  7
     848.082	  7
     848.226	  7
     848.378	  7
     848.532	  7
     848.686	  7
     848.838	  7
     849.018	  7
     849.166	  7
     849.316	  7
     849.476	  7
     849.630	  7
     849.816	  7
     849.954	  7
     850.106	  7
     850.252	  7
     850.416	  7
     850.574	  7
     850.756	  7
     850.898	  7
     851.050	  7
     851.206	  7
     851.354	  7
     851.510	  7
     851.680	  7
     851.858	  7
     852.002	  7
     852.150	  7
     852.294	  7
     852.476	  7
     852.626	  7
     852.770	  7
     852.924	  7
     853.090	  7
     853.248	  7
     853.438	  7
     853.576	  7
     853.734	  7
     853.916	  7
     854.060	  7
     854.210	  7
     854.370	  7
     854.554	  7
     854.698	  7
     854.848	  7
     855.004	  7
     855.162	  7
     855.350	  7
     855.498	  7
     855.644	  7
     855.800	  7
     855.948	  7
     856.150	  7
     856.284	  7
     856.416	  7
     856.564	  7
     856.714	  7
     856.856	  7
     857.008	  7
     857.182	  7
     857.322	  7
     857.472	  7
     857.618	  7
     857.804	  7
     857.942	  7
     858.092	  7
     858.252	  7
     858.410	  7
     858.572	  7
     858.722	  7
     858.892	  7
     859.038	  7
     859.186	  7
     859.338	  7
     859.490	  7
     859.640	  7
     859.802	  7
     859.954	  7
     860.130	  7
     860.280	  7
     860.434	  7
     860.592	  7
     860.750	  7
     860.906	  7
     861.092	  7
     861.236	  7
     861.382	  7
     861.528	  7
     861.686	  7
     861.842	  7
     862.022	  7
     862.168	  7
     862.324	  7
     862.470	  7
     862.634	  7
     862.798	  7
     862.948	  7
     863.108	  7
     863.284	  7
     863.436	  7
     863.592	  7
     863.750	  7
     863.902	  7
     864.080	  7
     864.226	  7
     864.372	  7
     864.530	  7
     864.694	  7
     864.852	  7
     865.016	  7
     865.176	  7
     865.368	  7
     865.504	  7
     865.662	  7
     865.826	  7
     865.972	  7
     866.118	  7
     866.298	  7
     866.442	  7
     866.584	  7
     866.734	  7
     866.886	  7
     867.034	  7
     867.202	  7
     867.364	  7
     867.522	  7
     867.704	  7
     867.850	  7
     867.984	  7
     868.154	  7
     868.604	  7
     868.734	  7
     868.876	  7
     869.014	  7
     869.180	  7
     869.330	  7
     869.482	  7
     869.634	  7
     869.788	  7
     869.946	  7
     870.098	  7
     870.282	  7
     870.430	  7
     870.580	  7
     870.742	  7
     870.898	  7
     871.052	  7
     871.206	  7
     871.374	  7
     871.526	  7
     871.708	  7
     871.852	  7
     872.010	  7
     872.166	  7
     872.324	  7
     872.484	  7
     872.640	  7
     872.798	  7
     872.986	  7
     873.132	  7
     873.286	  7
     873.442	  7
     873.600	  7
     873.764	  7
     873.912	  7
     874.100	  7
     874.260	  7
     874.416	  7
     874.574	  7
     874.740	  7
     874.900	  7
     875.066	  7
     875.222	  7
     875.378	  7
     875.552	  7
     875.702	  7
     879.598	  8
     880.196	  8
     881.912	 53
     910.796	  8
     910.796	 20
     910.796	 27
     910.806	 28
     910.806	 19
     910.906	  8
     910.906	 29
     911.098	  9
     911.206	  8
     911.506	  8
     914.384	  8
     914.918	  8
     919.378	  7
     930.926	 51
     930.936	 18
     955.188	  8
     955.360	  8
     955.614	  8
     956.000	  8
     984.626	  8
     984.764	  8
     985.358	  8
     985.760	  8
     986.638	  8
     986.944	  8
     988.798	  8
     989.068	  8
     990.936	 53
    1014.428	  8
    1014.428	 20
    1014.428	 27
    1014.438	 28
    1014.438	 19
    1014.538	 29
    1014.730	  9
    1014.808	  8
    1018.100	  8
    1027.774	  8
    1028.144	  8
    1028.396	  8
    1033.428	  8
    1034.558	 50
    1034.568	 17
    1040.030	  8
    1046.592	  8
    1046.936	  8
    1056.072	  8
    1056.364	  8
    1057.070	  8
    1058.858	  8
    1059.674	  8
    1061.784	  8
    1062.082	  8
    1064.568	 53
    1074.880	  8
    1074.880	 20
    1074.880	 27
    1074.890	 28
    1074.890	 19
    1074.990	 29
    1075.182	  9
    1075.282	  8
    1077.668	  8
    1085.764	  8
    1095.010	 52
    1095.020	 10
    1105.442	  8
    1108.812	  8
    1109.070	  8
    1118.508	  8
    1124.986	  8
    1133.290	  8
    1140.202	  8
    1144.662	  8
    1145.152	  8
    1145.948	  8
    1146.534	  8
    1146.922	  8
    1150.206	  8
    1151.036	  8
    1157.346	  8
    1167.260	  8
    1167.570	  8
    1168.004	  8
    1170.344	  8
    1170.610	  8
    1170.958	  8
    1171.418	  8
    1173.874	  8
    1178.148	  8
    1182.318	  8
    1182.832	  8
    1183.402	  8
    1186.382	  8
    1186.942	  8
    1187.306	  8
    1197.090	  8
    1197.950	  8
    1198.046	  8
    1200.578	  8
    1205.198	  8
    1210.756	  8
    1211.236	  8
    1213.486	  8
    1215.020	 53
    1216.988	  7
    1217.416	  7
    1217.528	  7
    1217.670	  7
    1218.300	  7
    1219.018	  7
    1219.166	  7
    1219.534	  7
    1219.720	  7
    1219.968	  7
    1220.136	  7
    1220.398	  7
    1221.628	  7
    1221.744	  7
    1222.088	  7
    1222.252	  7
    1222.616	  7
    1222.660	  7
    1243.218	  8
    1243.218	 20
    1243.218	 27
    1243.228	 28
    1243.228	 19
    1243.328	 29
    1243.520	  9
    1243.574	  8
    1243.796	  8
    1244.884	  8
    1245.152	  8
    1246.254	  8
    1247.882	  8
    1248.216	  8
    1248.412	  8
    1263.348	 51
    1263.358	 18
    1280.974	  8
    1281.174	  8
    1281.678	  8
    1282.144	  8
    1282.938	  8
    1304.924	  8
    1305.206	  8
    1306.968	  8
    1307.118	  8
    1311.910	  8
    1312.214	  8
    1312.566	  8
    1322.358	  8
    1322.480	  8
    1322.958	  8
    1323.358	 53
    1327.924	  8
    1327.924	 20
    1327.924	 27
    1327.934	 28
    1327.934	 19
    1328.034	 29
    1328.226	  9
    1328.340	  8
    1333.206	  8
    1333.254	  8
    1348.054	 51
    1348.064	 18
    1352.760	  8
    1352.816	  8
    1364.190	  8
    1365.030	  8
    1367.478	  8
    1371.666	  8
    1372.806	  8
    1375.604	  8
    1376.062	  8
    1380.176	  8
    1380.846	  8
    1392.408	  8
    1392.874	  8
    1393.266	  8
    1395.186	  8
    1395.694	  8
    1398.336	  8
    1405.398	  8
    1405.732	  8
    1406.170	  8
    1408.064	 53
    1408.300	  8
    1408.300	 20
    1408.300	 27
    1408.310	 28
    1408.310	 19
    1408.410	 29
    1408.602	  9
    1408.680	  8
    1409.506	  8
    1410.454	  8
    1411.178	  8
    1415.078	  8
    1428.430	 51
    1428.440	 18
    1443.570	  8
    1443.902	  8
    1447.878	  8
    1456.512	  8
    1456.672	  8
    1457.466	  8
    1464.124	  8
    1464.688	  8
    1465.478	  8
    1466.878	  8
    1470.832	  8
    1474.330	  8
    1474.778	  8
    1478.308	  8
    1483.410	  8
    1483.630	  8
    1484.066	  8
    1484.212	  8
    1484.386	  8
    1484.722	  8
    1488.440	 53
    1488.566	  8
    1488.566	 20
    1488.566	 27
    1488.576	 28
    1488.576	 19
    1488.676	 29
    1488.868	  9
    1488.978	  8
    1490.012	  8
    1503.658	  8
    1508.696	 52
    1508.706	 10
    1508.760	  8
    1509.222	  8
    1516.538	  8
    1516.772	  8
    1527.050	  8
    1531.118	  8
    1541.384	  8
    1541.756	  8
    1558.240	  8
    1559.278	  8
    1559.642	  8
    1560.858	  8
    1561.130	  8
    1570.088	  8
    1570.226	  8
    1570.594	  8
    1571.878	  8
    1572.068	  8
    1572.530	  8
    1572.892	  8
    1576.634	  8
    1578.798	  8
    1579.032	  8
    1584.002	  8
    1591.050	  8
    1591.286	  8
    1594.314	  8
    1594.594	  8
    1600.748	  8
    1601.052	  8
    1605.338	  7
    1605.688	  7
    1605.878	  7
    1606.070	  7
    1606.250	  7
    1606.632	  7
    1606.798	  7
    1607.172	  7
    1612.222	  8
    1612.514	  8
    1612.848	  8
    1620.892	  8
    1621.318	  8
    1621.388	  8
    1622.700	  8
    1622.968	  8
    1625.054	  8
    1625.940	  8
    1628.362	  8
    1628.706	 53
    1632.910	  8
    1632.910	 20
    1632.910	 27
    1632.920	 28
    1632.920	 19
    1633.020	 29
    1633.212	  9
    1633.306	  8
    1634.026	  8
    1634.814	  8
    1635.530	  8
    1641.006	  8
    1649.524	  8
    1653.040	 52
    1653.050	 10
    1658.036	  8
    1658.492	  8
    1671.986	  8
    1678.324	  8
    1678.450	  8
    1681.944	  8
    1682.212	  8
    1691.154	  8
    1691.546	  8
    1702.736	  8
    1703.416	  8
    1704.364	  8
    1707.690	  8
    1707.810	  8
    1723.052	  8
    1723.532	  8
    1723.950	  8
    1724.808	  8
    1725.024	  8
    1727.324	  8
    1728.680	  8
    1728.960	  8
    1732.572	  8
    1732.712	  8
    1734.586	  8
    1740.744	  8
    1741.032	  8
    1742.296	  8
    1742.474	  8
    1750.248	  8
    1752.280	  8
    1754.558	  8
    1771.546	  8
    1772.108	  8
    1772.734	  8
    1773.050	 53
    1776.782	  8
    1776.782	 20
    1776.782	 27
    1776.792	 28
    1776.792	 19
    1776.892	 29
    1777.084	  9
    1777.132	  8
    1778.298	  8
    1778.622	  8
    1785.400	  8
    1785.678	  8
    1796.912	 51
    1796.922	 18
    1805.192	  8
    1805.568	  8
    1813.472	  8
    1817.510	  8
    1818.372	  8
    1821.142	  8
    1821.558	  8
    1831.036	  8
    1831.634	  8
    1834.678	  8
    1837.850	  8
    1838.956	  8
    1839.292	  8
    1843.226	  8
    1856.922	 53
    1866.996	  8
    1866.996	 20
    1866.996	 27
    1867.006	 28
    1867.006	 19
    1867.106	 29
    1867.298	  9
    1870.586	  8
    1873.372	  8
    1874.658	  8
    1877.332	  8
    1887.126	 51
    1887.136	 18
    1911.026	  8
    1911.704	  8
    1915.328	  8
    1920.168	  8
    1922.670	  8
    1926.144	  8
    1926.412	  8
    1927.880	  8
    1928.126	  8
    1930.236	  8
    1930.476	  8
    1932.332	  8
    1932.564	  8
    1937.114	  8
    1937.474	  8
    1941.086	  8
    1941.366	  8
    1946.358	  8
    1946.606	  8
    1946.936	  8
    1947.136	 53
    1967.044	  8
    1967.044	 20
    1967.044	 27
    1967.054	 28
    1967.054	 19
    1967.154	 29
    1967.346	  9
    1967.508	  8
    1970.242	  8
    1970.618	  8
    1970.782	  8
    1971.056	  8
    1987.174	 52
    1987.184	 10
    1998.150	  8
    1998.236	  8
    1998.502	  8
    2014.964	  8
    2020.544	  8
    2038.532	  8
    2038.826	  8
    2039.230	  8
    2049.006	  8
    2049.288	  8
    2049.874	  8
    2054.672	  8
    2054.920	  8
    2063.466	  8
    2063.796	  8
    2064.314	  8
    2071.014	  8
    2071.422	  8
    2074.528	  7
    2075.182	  7
    2075.374	  7
    2075.768	  7
    2076.172	  7
    2076.774	  7
    2077.504	  7
    2078.060	  7
    2087.712	  7
    2089.110	  8
    2089.508	  8
    2090.388	  8
    2104.598	  8
    2104.898	  8
    2107.184	 53
    2107.362	  8
    2107.362	 20
    2107.362	 27
    2107.372	 28
    2107.372	 19
    2107.472	 29
    2107.664	  9
    2107.820	  8
    2110.110	  8
    2111.304	  8
    2113.988	  8
    2114.938	  8
    2127.492	 52
    2127.502	 10
    2136.342	  8
    2137.272	  8
    2140.020	  8
    2140.406	  8
    2143.794	  8
    2144.154	  8
    2149.884	  8
    2150.298	  8
    2154.870	  8
    2158.680	  8
    2159.150	  8
    2159.568	  8
    2163.150	  8
    2165.338	  8
    2169.094	  8
    2169.594	  8
    2169.966	  8
    2173.496	  8
    2174.244	  8
    2174.586	  8
    2177.458	  8
    2178.208	  8
    2182.206	  7
    2182.314	  7
    2182.482	  7
    2182.948	  7
    2183.030	  7
    2183.428	  7
    2183.632	  7
    2184.170	  7
    2184.274	  7
    2184.442	  7
    2184.628	  7
    2184.914	  7
    2185.120	  7
    2185.302	  7
    2185.498	  7
    2185.676	  7
    2185.878	  7
    2186.064	  7
    2186.242	  7
    2186.460	  7
    2186.666	  7
    2186.858	  7
    2187.026	  7
    2187.232	  7
    2187.658	  7
    2188.078	  7
    2188.784	  7
    2190.418	  7
    2190.468	  7
    2191.208	  7
    2191.424	  7
    2191.638	  7
    2191.756	  7
    2191.894	  7
    2192.026	  7
    2192.162	  7
    2192.296	  7
    2192.430	  7
    2192.582	  7
    2192.718	  7
    2192.864	  7
    2193.000	  7
    2193.142	  7
    2193.278	  7
    2193.442	  7
    2193.568	  7
    2193.710	  7
    2193.858	  7
    2193.998	  7
    2194.160	  7
    2194.302	  7
    2194.446	  7
    2194.582	  7
    2194.726	  7
    2194.914	  7
    2195.056	  7
    2195.192	  7
    2195.334	  7
    2195.486	  7
    2195.638	  7
    2195.814	  7
    2195.944	  7
    2196.094	  7
    2196.248	  7
    2196.394	  7
    2196.538	  7
    2196.724	  7
    2196.864	  7
    2197.000	  7
    2197.576	  7
    2197.690	  7
    2197.842	  7
    2197.974	  7
    2198.118	  7
    2198.266	  7
    2198.744	  7
    2198.860	  7
    2198.980	  7
    2199.140	  7
    2199.278	  7
    2199.424	  7
    2199.640	  7
    2199.834	  7
    2199.966	  7
    2200.762	  7
    2201.092	  7
    2201.204	  7
    2201.356	  7
    2201.490	  7
    2201.634	  7
    2201.772	  7
    2201.926	  7
    2202.070	  7
    2202.216	  7
    2202.380	  7
    2202.514	  7
    2202.662	  7
    2202.810	  7
    2202.962	  7
    2203.152	  7
    2203.898	  7
    2204.008	  7
    2204.136	  7
    2204.264	  7
    2204.436	  7
    2204.558	  7
    2204.698	  7
    2204.852	  7
    2205.004	  7
    2205.162	  7
    2205.304	  7
    2205.472	  7
    2205.612	  7
    2205.766	  7
    2205.904	  7
    2206.050	  7
    2206.232	  7
    2206.362	  7
    2206.504	  7
    2206.648	  7
    2207.324	  7
    2207.454	  7
    2207.584	  7
    2207.746	  7
    2207.886	  7
    2208.062	  7
    2208.202	  7
    2208.342	  7
    2208.484	  7
    2208.638	  7
    2208.814	  7
    2208.958	  7
    2209.100	  7
    2209.244	  7
    2209.386	  7
    2209.572	  7
    2209.716	  7
    2209.866	  7
    2210.024	  7
    2210.204	  7
    2210.338	  7
    2210.482	  7
    2210.634	  7
    2210.806	  7
    2210.860	  7
    2211.000	  7
    2211.152	  7
    2211.346	  7
    2211.482	  7
    2211.630	  7
    2211.782	  7
    2211.962	  7
    2212.100	  7
    2212.252	  7
    2212.410	  7
    2212.588	  7
    2212.724	  7
    2212.866	  7
    2213.022	  7
    2213.202	  7
    2213.338	  7
    2213.486	  7
    2213.632	  7
    2213.778	  7
    2213.966	  7
    2214.200	  7
    2214.334	  7
    2214.474	  7
    2214.634	  7
    2214.784	  7
    2214.936	  7
    2215.112	  7
    2215.244	  7
    2215.398	  7
    2215.568	  7
    2215.718	  7
    2215.862	  7
    2216.020	  7
    2216.202	  7
    2216.362	  7
    2216.884	  7
    2217.016	  7
    2217.144	  7
    2217.292	  7
    2217.444	  7
    2217.596	  7
    2217.750	  7
    2217.926	  7
    2218.070	  7
    2218.210	  7
    2218.362	  7
    2218.516	  7
    2218.712	  7
    2218.844	  7
    2218.994	  7
    2219.144	  7
    2219.364	  7
    2219.498	  7
    2219.650	  7
    2219.826	  7
    2219.976	  7
    2220.130	  7
    2220.264	  7
    2220.440	  7
    2220.586	  7
    2220.728	  7
    2220.884	  7
    2221.064	  7
    2221.196	  7
    2221.340	  7
    2221.522	  7
    2221.666	  7
    2221.816	  7
    2221.968	  7
    2222.122	  7
    2222.288	  7
    2222.436	  7
    2222.590	  7
    2222.782	  7
    2222.914	  7
    2223.062	  7
    2223.256	  7
    2223.398	  7
    2223.546	  7
    2223.718	  7
    2224.156	  7
    2224.282	  7
    2224.426	  7
    2224.582	  7
    2224.772	  7
    2224.910	  7
    2225.044	  7
    2225.206	  7
    2225.362	  7
    2225.518	  7
    2225.674	  7
    2225.828	  7
    2225.978	  7
    2226.152	  7
    2226.304	  7
    2226.454	  7
    2227.222	  7
    2227.334	  7
    2227.490	  7
    2227.626	  7
    2227.764	  7
    2227.926	  7
    2228.072	  7
    2228.250	  7
    2228.382	  7
    2228.530	  7
    2228.680	  7
    2228.832	  7
    2229.272	  7
    2229.442	  7
    2229.562	  7
    2229.710	  7
    2229.862	  7
    2230.014	  7
    2230.166	  7
    2230.320	  7
    2230.508	  7
    2230.664	  7
    2230.810	  7
    2230.960	  7
    2231.118	  7
    2231.304	  7
    2231.442	  7
    2231.594	  7
    2231.752	  7
    2231.902	  7
    2232.088	  7
    2232.232	  7
    2232.384	  7
    2232.544	  7
    2232.700	  7
    2232.866	  7
    2233.040	  7
    2233.232	  7
    2233.396	  7
    2233.542	  7
    2233.684	  7
    2233.850	  7
    2234.010	  7
    2234.160	  7
    2234.364	  7
    2234.496	  7
    2234.648	  7
    2234.788	  7
    2234.938	  7
    2235.086	  7
    2235.240	  7
    2235.408	  7
    2235.568	  7
    2235.758	  7
    2235.894	  7
    2236.048	  7
    2236.202	  7
    2236.354	  7
    2236.508	  7
    2236.656	  7
    2236.812	  7
    2236.992	  7
    2237.138	  7
    2237.296	  7
    2237.442	  7
    2237.598	  7
    2237.758	  7
    2239.002	  7
    2239.136	  7
    2239.258	  7
    2239.402	  7
    2239.566	  7
    2239.718	  7
    2241.342	  7
    2241.466	  7
    2241.622	  7
    2241.752	  7
    2241.890	  7
    2242.118	  7
    2242.254	  7
    2242.400	  7
    2242.552	  7
    2242.698	  7
    2242.850	  7
    2243.002	  7
    2243.176	  7
    2243.320	  7
    2243.468	  7
    2243.620	  7
    2243.770	  7
    2243.928	  7
    2244.084	  7
    2244.258	  7
    2244.404	  7
    2244.554	  7
    2244.704	  7
    2244.854	  7
    2245.058	  7
    2245.210	  7
    2245.346	  7
    2245.496	  7
    2245.648	  7
    2245.806	  7
    2245.964	  7
    2246.154	  7
    2246.302	  7
    2246.448	  7
    2246.600	  7
    2246.752	  7
    2246.934	  7
    2247.072	  7
    2247.228	  7
    2247.386	  7
    2247.502	 53
    2247.540	  7
    2247.686	  7
    2247.882	  7
    2248.022	  7
    2248.164	  7
    2248.320	  7
    2248.468	  7
    2248.628	  7
    2248.780	  7
    2248.942	  7
    2249.128	  7
    2249.268	  7
    2249.418	  7
    2249.570	  7
    2249.724	  7
    2249.874	  7
    2250.056	  7
    2250.202	  7
    2250.354	  7
    2250.504	  7
    2250.652	  7
    2250.840	  7
    2250.980	  7
    2251.126	  7
    2251.290	  7
    2251.450	  7
    2251.634	  7
    2251.780	  7
    2251.930	  7
    2252.080	  7
    2252.232	  7
    2252.396	  7
    2252.544	  7
    2252.694	  7
    2252.842	  7
    2253.042	  7
    2253.186	  7
    2253.326	  7
    2253.482	  7
    2253.668	  7
    2253.810	  7
    2253.962	  7
    2254.124	  7
    2254.280	  7
    2254.452	  7
    2254.602	  7
    2254.752	  7
    2254.900	  7
    2255.108	  7
    2255.248	  7
    2255.398	  7
    2255.546	  7
    2256.166	  7
    2256.288	  7
    2256.418	  7
    2256.592	  7
    2256.740	  7
    2256.882	  7
    2257.034	  7
    2257.198	  7
    2257.396	  7
    2257.520	  7
    2257.676	  7
    2257.828	  7
    2257.980	  7
    2258.168	  7
    2258.308	  7
    2258.450	  7
    2258.612	  7
    2258.764	  7
    2258.892	  7
    2259.044	  7
    2259.198	  7
    2259.390	  7
    2259.540	  7
    2259.686	  7
    2259.878	  7
    2260.010	  7
    2260.162	  7
    2260.320	  7
    2260.480	  7
    2260.672	  7
    2260.806	  7
    2260.956	  7
    2261.108	  7
    2261.262	  7
    2261.422	  7
    2261.582	  7
    2261.772	  7
    2261.902	  7
    2262.044	  7
    2262.194	  7
    2262.352	  7
    2262.550	  7
    2262.688	  7
    2262.838	  7
    2262.992	  7
    2263.148	  7
    2263.316	  7
    2263.462	  7
    2263.632	  7
    2263.762	  7
    2264.058	  7
    2264.196	  7
    2264.350	  7
    2264.526	  7
    2264.670	  7
    2264.824	  7
    2264.964	  7
    2265.132	  7
    2265.284	  7
    2265.436	  7
    2265.620	  7
    2265.770	  7
    2265.922	  7
    2266.068	  7
    2266.230	  7
    2266.386	  7
    2266.534	  7
    2266.690	  7
    2266.876	  7
    2267.028	  7
    2267.176	  7
    2267.324	  7
    2267.480	  7
    2267.644	  7
    2267.834	  7
    2267.974	  7
    2269.994	  8
    2269.994	 20
    2269.994	 27
    2270.004	 28
    2270.004	 19
    2270.104	 29
    2270.296	  9
    2270.376	  8
    2271.492	  8
    2284.938	  8
    2290.124	 50
    2290.134	 17
    2292.336	  8
    2300.768	  8
    2301.626	  8
    2304.732	  8
    2304.840	  8
    2305.308	  8
    2308.834	  8
    2309.062	  8
    2309.412	  8
    2310.618	  8
    2313.412	  8
    2313.612	  8
    2314.016	  8
    2314.928	  8
    2319.170	  8
    2319.444	  8
    2320.134	 53
    2320.664	  8
    2320.664	 20
    2320.664	 27
    2320.674	 28
    2320.674	 19
    2320.774	 29
    2320.966	  9
    2321.060	  8
    2323.900	  8
    2340.794	 51
    2340.804	 18
    2374.160	  8
    2374.498	  8
    2374.900	  8
    2388.232	  7
    2388.432	  7
    2392.994	  8
    2393.212	  8
    2393.652	  8
    2394.128	  8
    2400.804	 53
    2407.994	  8
    2407.994	 20
    2407.994	 27
    2408.004	 28
    2408.004	 19
    2408.104	 29
    2408.296	  9
    2408.366	  8
    2409.104	  8
    2427.790	  8
    2428.008	  8
    2428.124	 50
    2428.134	 17
    2428.564	  8
    2429.240	  8
    2436.216	  8
    2436.572	  8
    2437.942	  8
    2438.322	  8
    2441.190	  8
    2441.852	  8
    2445.484	  8
    2445.756	  8
    2452.288	  8
    2452.580	  8
    2453.996	  8
    2454.206	  8
    2456.488	  8
    2456.746	  8
    2458.134	 53
    2458.726	  8
    2458.726	 20
    2458.726	 27
    2458.736	 28
    2458.736	 19
    2458.836	 29
    2459.028	  9
    2459.072	  8
    2471.056	  8
    2478.856	 51
    2478.866	 18
    2487.214	  8
    2487.632	  8
    2488.090	  8
    2497.332	  8
    2498.118	  8
    2498.724	  8
    2501.184	  8
    2501.854	  8
    2502.208	  8
    2505.084	  8
    2505.392	  8
    2506.830	  8
    2511.692	  8
    2511.988	  8
    2512.494	  8
    2517.136	  8
    2517.412	  8
    2518.032	  8
    2518.122	  8
    2523.518	  8
    2523.734	  8
    2524.162	  8
    2528.128	  8
    2528.354	  8
    2529.008	  8
    2537.928	  8
    2538.866	 53
    2545.434	  8
    2545.434	 20
    2545.434	 27
    2545.444	 28
    2545.444	 19
    2545.544	 29
    2545.736	  9
    2545.790	  8
    2546.642	  8
    2565.564	 50
    2565.574	 17
    2573.124	  8
    2573.486	  8
    2574.142	  8
    2574.640	  8
    2576.182	  8
    2576.470	  8
    2579.188	  8
    2579.318	  8
    2580.518	  8
    2582.446	  8
    2587.312	  8
    2587.696	  8
    2589.426	  8
    2590.032	  8
    2594.234	  8
    2594.620	  8
    2595.116	  8
    2595.574	 53
    2598.016	  8
    2598.016	 20
    2598.016	 27
    2598.026	 28
    2598.026	 19
    2598.126	 29
    2598.254	  8
    2598.318	  9
    2618.146	 51
    2618.156	 18
    2660.982	  8
    2663.392	  8
    2666.156	  8
    2669.100	  8
    2669.416	  8
    2670.484	  8
    2671.508	  8
    2671.980	  8
    2676.362	  8
    2677.226	  8
    2678.156	 53
    2680.164	  8
    2680.164	 20
    2680.164	 27
    2680.174	 28
    2680.174	 19
    2680.274	 29
    2680.466	  9
    2680.504	  8
    2681.522	  8
    2688.484	  8
    2688.850	  8
    2689.216	  8
    2697.778	  8
    2698.366	  8
    2700.294	 52
    2700.304	 10
    2706.916	  8
    2707.228	  8
    2707.720	  8
    2720.210	  8
    2720.462	  8
    2721.156	  8
    2723.416	  8
    2723.758	  8
    2730.634	  8
    2730.818	  8
    2734.800	  8
    2739.154	  8
    2739.434	  8
    2745.042	  8
    2749.162	  8
    2749.746	  8
    2756.226	  8
    2756.514	  8
    2757.058	  8
    2763.958	  8
    2769.172	  8
    2774.278	  8
    2777.768	  8
    2783.168	  8
    2783.532	  8
    2784.308	  8
    2787.286	  8
    2787.440	  8
    2788.594	  8
    2789.924	  8
    2795.890	  8
    2804.548	  8
    2804.894	  8
    2805.384	  8
    2805.858	  8
    2806.408	  8
    2815.064	  8
    2815.266	  8
    2815.842	  8
    2816.336	  8
    2820.234	  7
    2820.304	 53
    2820.350	  7
    2820.536	  7
    2820.708	  7
    2820.920	  7
    2821.126	  7
    2824.816	  8
    2824.816	 20
    2824.816	 27
    2824.826	 28
    2824.826	 19
    2824.926	 29
    2825.118	  9
    2825.202	  8
    2827.794	  8
    2841.744	  8
    2844.946	 51
    2844.956	 18
    2873.706	  8
    2874.254	  8
    2874.460	  8
    2874.986	  8
    2878.048	  8
    2878.330	  8
    2878.802	  8
    2879.094	  8
    2879.224	  8
    2882.480	  8
    2883.306	  8
    2886.122	  8
    2886.394	  8
    2887.220	  8
    2894.814	  8
    2895.230	  8
    2903.852	  8
    2904.436	  8
    2904.956	 53
    2905.346	  8
    2905.346	 20
    2905.346	 27
    2905.356	 28
    2905.356	 19
    2905.456	 29
    2905.648	  9
    2905.662	  8
    2906.016	  8
    2907.892	  8
    2925.476	 50
    2925.486	 17
    2928.814	  8
    2929.028	  8
    2929.200	  8
    2929.950	  8
    2930.090	  8
    2931.820	  8
    2932.182	  8
    2943.358	  8
    2943.642	  8
    2944.088	  8
    2945.338	  8
    2947.448	  8
    2947.864	  8
    2951.166	  8
    2951.396	  8
    2953.784	  8
    2954.182	  8
    2954.624	  8
    2955.486	 53
    2964.308	  8
    2964.308	 20
    2964.308	 27
    2964.318	 28
    2964.318	 19
    2964.418	 29
    2964.610	  9
    2964.974	  8
    2967.966	  8
    2984.438	 51
    2984.448	 18
    2986.324	  8
    2998.008	  8
    3003.880	  8
    3005.300	  8
    3015.196	  8
    3015.306	  8
    3015.860	  8
    3017.092	  8
    3017.506	  8
    3017.806	  8
    3018.466	  8
    3019.266	  8
    3020.338	  8
    3021.304	  8
    3021.692	  8
    3024.758	  8
    3025.470	  8
    3026.064	  8
    3028.620	  8
    3028.846	  8
    3029.842	  8
    3032.434	  8
    3032.754	  8
    3036.714	  8
    3037.446	  8
    3040.108	  8
    3040.330	  8
    3044.448	 53
    3045.214	  8
    3045.214	 20
    3045.214	 27
    3045.224	 28
    3045.224	 19
    3045.324	 29
    3045.516	  9
    3045.690	  8
    3048.654	  8
    3048.884	  8
    3049.272	  8
    3049.368	  8
    3052.228	  8
    3061.018	  8
    3065.344	 52
    3065.354	 10
    3071.370	  8
    3072.006	  8
    3078.956	  8
    3079.432	  8
    3086.336	  8
    3087.170	  8
    3087.672	  8
    3113.512	  8
    3113.710	  8
    3114.140	  8
    3116.138	  8
    3116.494	  8
    3117.516	  8
    3118.966	  8
    3119.428	  8
    3120.750	  8
    3126.152	  8
    3126.798	  8
    3134.522	  8
    3135.144	  8
    3135.534	  8
    3136.010	  8
    3137.330	  8
    3137.936	  8
    3141.912	  8
    3142.118	  8
    3142.494	  8
    3144.398	  7
    3144.760	  7
    3144.918	  7
    3148.388	  8
    3148.708	  8
    3155.758	  8
    3156.036	  8
    3158.830	  7
    3158.950	  7
    3159.114	  7
    3159.258	  7
    3159.414	  7
    3160.656	  7
    3160.802	  7
    3161.206	  7
    3185.254	  8
    3185.354	 53
    3185.538	  8
    3185.538	 20
    3185.538	 27
    3185.548	 28
    3185.548	 19
    3185.648	 29
    3185.840	  9
    3185.956	  8
    3189.882	  8
    3190.484	  8
    3205.668	 52
    3205.678	 10
    3211.690	  8
    3211.910	  8
    3222.336	  7
    3222.510	  7
    3222.734	  7
    3222.902	  7
    3223.102	  7
    3223.320	  7
    3224.976	  7
    3225.206	  7
    3225.968	  7
    3247.950	  7
    3248.088	  7
    3248.228	  7
    3248.372	  7
    3248.526	  7
    3248.710	  7
    3248.832	  7
    3248.980	  7
    3249.138	  7
    3249.292	  7
    3249.460	  7
    3249.620	  7
    3250.092	  7
    3251.852	  8
    3252.014	  8
    3252.834	  8
    3253.558	  8
    3261.684	  8
    3261.814	  8
    3262.212	  8
    3262.536	  8
    3263.290	  8
    3263.548	  8
    3264.622	  8
    3273.600	  8
    3274.076	  8
    3274.458	  8
    3275.012	  8
    3275.540	  8
    3280.596	  8
    3280.902	  8
    3281.114	  8
    3281.508	  8
    3283.248	  8
    3306.348	  8
    3306.482	  8
    3306.722	  8
    3307.702	  8
    3308.212	  8
    3308.684	  8
    3321.068	  8
    3321.358	  8
    3321.892	  8
    3322.388	  8
    3323.682	  8
    3325.678	 53
    3335.910	  8
    3335.910	 20
    3335.910	 27
    3335.920	 28
    3335.920	 19
    3336.020	 29
    3336.212	  9
    3351.646	  8
    3351.898	  8
    3352.402	  8
    3356.040	 51
    3356.050	 18
    3359.856	  7
    3360.642	  7
    3360.998	  7
    3362.934	  7
    3365.442	  7
    3365.742	  7
    3365.840	  7
    3365.982	  7
    3366.116	  7
    3366.268	  7
    3366.456	  7
    3366.780	  7
    3367.594	  7
    3368.806	  7
    3368.950	  7
    3369.086	  7
    3369.228	  7
    3369.410	  7
    3369.544	  7
    3369.684	  7
    3369.816	  7
    3370.224	  7
    3370.358	  7
    3370.526	  7
    3370.656	  7
    3370.792	  7
    3370.926	  7
    3371.066	  7
    3371.206	  7
    3371.374	  7
    3371.500	  7
    3371.640	  7
    3371.778	  7
    3371.922	  7
    3372.068	  7
    3372.214	  7
    3372.382	  7
    3372.518	  7
    3372.662	  7
    3372.804	  7
    3372.988	  7
    3373.118	  7
    3373.254	  7
    3373.394	  7
    3373.578	  7
    3373.708	  7
    3373.848	  7
    3374.012	  7
    3374.152	  7
    3374.298	  7
    3374.442	  7
    3374.630	  7
    3374.756	  7
    3374.898	  7
    3375.078	  7
    3375.206	  7
    3375.352	  7
    3375.506	  7
    3375.694	  7
    3375.816	  7
    3375.960	  7
    3376.150	  7
    3376.276	  7
    3376.418	  7
    3376.574	  7
    3376.720	  7
    3376.924	  7
    3377.046	  7
    3377.184	  7
    3377.368	  7
    3377.490	  7
    3377.634	  7
    3377.776	  7
    3377.958	  7
    3378.084	  7
    3378.224	  7
    3378.370	  7
    3378.546	  7
    3378.686	  7
    3378.830	  7
    3378.970	  7
    3379.154	  7
    3379.284	  7
    3379.426	  7
    3379.610	  7
    3379.738	  7
    3379.872	  7
    3381.454	  8
    3382.192	  8
    3382.844	  8
    3383.514	  8
    3385.268	  8
    3385.916	  8
    3394.280	  8
    3394.500	  8
    3416.050	 53
    3428.606	  8
    3428.606	 20
    3428.606	 27
    3428.616	 28
    3428.616	 19
    3428.716	 29
    3428.824	  8
    3428.908	  9
    3429.212	  8
    3430.308	  8
    3431.006	  8
    3431.588	  8
    3448.736	 52
    3448.746	 10
    3484.834	  8
    3485.210	  8
    3485.590	  8
    3489.230	  8
    3489.544	  8
    3491.744	  8
    3493.688	  8
    3494.458	  8
    3500.480	  8
    3500.582	  8
    3501.440	  8
    3501.768	  8
    3502.164	  8
    3505.400	  8
    3506.220	  8
    3507.112	  8
    3507.558	  8
    3507.800	  8
    3508.892	  8
    3511.896	  8
    3512.436	  8
    3517.726	  8
    3518.120	  8
    3522.754	  8
    3524.804	  8
    3538.944	  8
    3540.252	  8
    3547.318	  8
    3547.776	  8
    3547.806	  8
    3548.184	  8
    3548.382	  8
    3553.462	  8
    3554.604	  8
    3560.410	  8
    3561.344	  8
    3563.546	  8
    3566.370	  8
    3568.746	 53
    3569.738	  8
    3569.738	 20
    3569.738	 27
    3569.748	 28
    3569.748	 19
    3569.848	 29
    3570.040	  9
    3572.762	  8
    3573.046	  8
    3574.718	  8
    3578.600	  8
    3589.868	 50
    3589.878	 17
    3616.190	  8
    3616.468	  8
    3616.650	  8
    3617.222	  8
    3618.180	  8
    3619.878	 53
    3620.838	  8
    3620.838	 20
    3620.838	 27
    3620.848	 28
    3620.848	 19
    3620.948	 29
    3621.128	  8
    3621.140	  9
    3635.602	  8
    3640.968	 52
    3640.978	 10
    3664.254	  8
    3665.136	  8
    3665.226	  8
    3665.654	  8
    3679.850	  8
    3680.392	  8
    3680.654	  8
    3680.760	  8
    3681.390	  8
    3683.976	  8
    3686.812	  8
    3687.892	  8
    3690.904	  8
    3694.950	  8
    3695.110	  8
    3698.200	  8
    3701.074	  8
    3704.962	  8
    3707.892	  8
    3711.288	  8
    3717.450	  8
    3720.650	  8
    3727.378	  8
    3727.808	  8
    3728.398	  8
    3729.448	  8
    3730.580	  8
    3731.084	  8
    3733.762	  8
    3734.662	  8
    3737.544	  8
    3738.684	  8
    3739.010	  8
    3740.042	  8
    3741.810	  8
    3744.366	  8
    3744.524	  8
    3745.206	  8
    3747.890	  8
    3748.124	  8
    3750.490	  8
    3753.874	  8
    3753.998	  8
    3759.416	  8
    3759.590	  8
    3759.856	  8
    3760.296	  8
    3760.978	 53
    3764.536	  8
    3764.536	 20
    3764.536	 27
    3764.546	 28
    3764.546	 19
    3764.646	 29
    3764.828	  9
    3765.016	  8
    3770.406	  8
    3774.106	  8
    3774.474	  8
    3784.666	 50
    3784.676	 17
    3786.800	  8
    3787.026	  8
    3788.056	  8
    3788.164	  8
    3790.092	  8
    3791.688	  8
    3793.158	  8
    3793.764	  8
    3796.866	  8
    3796.964	  8
    3797.436	  8
    3799.696	  8
    3803.678	  8
    3803.806	  8
    3804.230	  8
    3805.042	  8
    3805.554	  8
    3805.780	  8
    3807.562	  8
    3807.800	  8
    3810.452	  8
    3810.734	  8
    3811.048	  8
    3812.016	  8
    3812.880	  8
    3813.642	  8
    3814.676	 53
    3815.048	  8
    3815.048	 20
    3815.048	 27
    3815.058	 28
    3815.058	 19
    3815.158	 29
    3815.540	  8
    3815.838	  9
    3815.990	  8
    3819.100	  8
    3835.178	 52
    3835.188	 10
    3836.988	  8
    3861.780	  8
    3864.590	  8
    3864.900	  8
    3865.218	  8
    3865.832	  8
    3866.366	  8
    3887.896	  8
    3890.170	  8
    3890.440	  8
    3890.866	  8
    3898.418	  7
    3898.568	  7
    3898.738	  7
    3898.900	  7
    3899.282	  7
    3902.584	  8
    3902.640	  8
    3902.720	  8
    3903.054	  8
    3903.406	  8
    3903.616	  8
    3903.710	  8
    3904.140	  8
    3904.974	  8
    3911.936	  8
    3912.214	  8
    3913.302	  8
    3913.524	  8
    3922.350	  8
    3922.532	  8
    3922.856	  8
    3923.136	  8
    3925.676	  8
    3925.836	  8
    3937.406	  7
    3939.692	  8
    3939.864	  8
    3940.514	  8
    3949.274	  8
    3949.490	  8
    3949.968	  8
    3950.832	  8
    3955.188	 53
    3955.500	  8
    3955.500	 20
    3955.500	 27
    3955.510	 28
    3955.510	 19
    3955.610	 29
    3955.948	  8
    3956.290	  9
    3956.322	  8
    3966.198	  8
    3969.906	  8
    3975.630	 52
    3975.640	 10
    3982.830	  8
    3992.094	  8
    3992.374	  8
    3992.810	  8
    3992.950	  8
    4001.520	  8
    4002.348	  8
    4012.486	  8
    4012.830	  8
    4013.642	  8
    4015.974	  8
    4023.430	  8
    4024.048	  8
    4024.460	  8
    4032.102	  8
    4034.122	  8
    4034.340	  8
    4035.300	  8
    4036.618	  8
    4038.352	  8
    4038.486	  8
    4039.586	  8
    4042.514	  8
    4043.326	  8
    4043.688	  8
    4049.186	  8
    4049.700	  8
    4050.730	  8
    4054.398	  8
    4058.672	  8
    4059.550	  8
    4061.702	  8
    4065.512	  8
    4065.952	  8
    4069.046	  7
    4069.296	  7
    4069.464	  7
    4069.638	  7
    4069.790	  7
    4069.946	  7
    4070.176	  7
    4070.326	  7
    4070.522	  7
    4070.716	  7
    4070.930	  7
    4071.150	  7
    4071.340	  7
    4073.414	  8
    4073.924	  8
    4074.344	  8
    4075.182	  8
    4078.220	  8
    4083.194	  8
    4083.734	  8
    4094.982	  8
    4095.238	  8
    4095.456	  8
    4095.640	 53
    4095.744	  8
    4095.744	 20
    4095.744	 27
    4095.754	 28
    4095.754	 19
    4095.854	 29
    4096.046	  9
    4096.084	  8
    4098.252	  8
    4098.960	  8
    4099.340	  8
    4115.874	 52
    4115.884	 10
    4120.576	  8
    4121.026	  8
    4124.278	  8
    4124.550	  8
    4125.248	  8
    4125.430	  8
    4139.450	  8
    4139.732	  8
    4140.144	  8
    4149.592	  7
    4149.734	  7
    4149.920	  7
    4150.302	  7
    4150.466	  7
    4156.650	  8
    4157.338	  8
    4157.664	  8
    4157.904	  8
    4158.482	  8
    4167.550	  8
    4167.760	  8
    4168.342	  8
    4168.986	  8
    4171.996	  8
    4176.524	  8
    4176.782	  8
    4177.304	  8
    4177.798	  8
    4178.410	  8
    4178.622	  8
    4179.394	  8
    4179.784	  8
    4180.418	  8
    4183.002	  8
    4187.428	  8
    4187.544	  8
    4187.850	  8
    4188.246	  8
    4188.796	  8
    4189.408	  8
    4193.790	  8
    4194.086	  8
    4194.584	  8
    4195.242	  8
    4195.648	  8
    4196.356	  8
    4221.666	  8
    4223.354	  8
    4224.094	  8
    4226.132	  8
    4226.418	  8
    4227.316	  8
    4228.310	  8
    4232.018	  8
    4232.264	  8
    4235.884	 53
    4255.594	  8
    4255.594	 20
    4255.594	 27
    4255.604	 28
    4255.604	 19
    4255.704	 29
    4255.896	  9
    4255.970	  8
    4258.596	  8
    4259.236	  8
    4260.962	  8
    4261.582	  8
    4261.886	  8
    4262.564	  8
    4264.324	  8
    4275.724	 51
    4275.734	 18
    4284.930	  8
    4285.202	  8
    4286.820	  8
    4288.680	  8
    4307.002	  8
    4307.240	  8
    4307.654	  8
    4307.954	  8
    4309.054	  8
    4310.086	  8
    4310.792	  8
    4311.112	  8
    4311.486	  8
    4312.920	  8
    4313.448	  8
    4314.044	  8
    4314.786	  8
    4315.462	  8
    4315.566	  8
    4317.684	  8
    4320.496	  8
    4328.850	  8
    4328.964	  8
    4329.956	  8
    4335.734	 53
    4335.760	  8
    4335.760	 20
    4335.760	 27
    4335.770	 28
    4335.770	 19
    4335.870	 29
    4336.062	  9
    4336.140	  8
    4346.274	  5
    4355.890	 50
    4355.900	 17
    4358.660	  6
    4362.870	  8
    4364.318	  8
    4364.582	  8
    4366.550	  8
    4366.788	  8
    4366.956	  8
    4367.484	  8
    4368.046	  8
    4368.506	  8
    4368.974	  8
    4370.240	  8
    4375.464	  8
    4376.122	  8
    4378.192	  8
    4378.888	  8
    4382.874	  8
    4383.186	  8
    4383.620	  8
    4384.096	  8
    4384.468	  8
    4384.774	  8
    4385.262	  8
    4385.900	 53
    4386.390	  8
    4386.390	 20
    4386.390	 27
    4386.400	 28
    4386.400	 19
    4386.500	 29
    4386.636	  8
    4386.692	  9
    4387.198	  8
    4394.848	  8
    4396.654	  8
    4398.244	  8
    4403.624	  8
    4405.288	  8
    4406.520	 52
    4406.530	 10
    4407.628	  8
    4415.900	  8
    4434.758	  8
    4436.064	  8
    4436.902	  8
    4440.342	  8
    4445.078	  8
    4453.226	  8
    4461.630	  8
    4461.966	  8
    4462.480	  8
    4463.280	  8
    4465.604	  7
    4465.798	  7
    4465.934	  7
    4466.154	  7
    4466.364	  7
    4466.564	  7
    4466.742	  7
    4466.954	  7
    4471.220	  8
    4471.792	  8
    4472.240	  8
    4472.358	  8
    4475.778	  7
    4476.380	  7
    4476.676	  7
    4476.992	  7
    4477.114	  7
    4477.324	  7
    4477.488	  7
    4478.068	  7
    4489.974	  8
    4490.170	  8
    4490.706	  8
    4491.478	  8
    4494.454	  7
    4499.936	  7
    4500.990	  7
    4501.204	  7
    4501.380	  7
    4505.002	  7
    4505.110	  7
    4505.926	  7
    4526.530	 53
    4534.748	  8
    4534.748	 20
    4534.748	 27
    4534.758	 28
    4534.758	 19
    4534.858	 29
    4535.050	  9
    4535.166	  8
    4539.184	  8
    4546.836	  8
    4549.748	  8
    4554.878	 52
    4554.888	 10
    4586.520	  8
    4587.630	  8
    4591.240	  8
    4591.400	  8
    4591.970	  8
    4598.142	  8
    4604.478	  8
    4604.664	  8
    4605.140	  8
    4608.596	  8
    4609.244	  8
    4615.110	  8
    4615.452	  8
    4615.830	  8
    4616.580	  8
    4616.884	  8
    4617.384	  8
    4622.636	  8
    4636.354	  8
    4636.652	  8
    4637.126	  8
    4637.810	  8
    4638.208	  8
    4641.816	  8
    4642.074	  8
    4642.696	  8
    4647.066	  8
    4647.204	  8
    4647.704	  8
    4660.292	  8
    4660.736	  8
    4662.692	  8
    4672.014	  8
    4672.528	  8
    4674.732	  8
    4674.888	 53
    4675.256	  8
    4675.256	 20
    4675.256	 27
    4675.266	 28
    4675.266	 19
    4675.366	 29
    4675.550	  9
    4675.852	  8
    4680.352	  8
    4681.046	  8
    4681.998	  8
    4695.386	 52
    4695.396	 10
    4744.878	  8
    4745.080	  8
    4745.870	  8
    4769.874	  8
    4770.648	  8
    4772.270	  8
    4772.876	  8
    4775.970	  8
    4776.178	  8
    4809.352	  8
    4815.396	 53
    4823.758	  8
    4823.758	 20
    4823.758	 27
    4823.768	 28
    4823.768	 19
    4823.868	 29
    4824.060	  9
    4824.180	  8
    4843.888	 50
    4843.898	 17
    4852.798	  8
    4853.208	  8
    4856.494	  8
    4856.908	  8
    4857.238	  8
    4858.534	  8
    4860.470	  8
    4860.664	  8
    4861.352	  8
    4862.016	  8
    4872.422	  8
    4872.790	  8
    4873.316	  8
    4873.550	  8
    4873.898	 53
    4874.612	  8
    4874.612	 20
    4874.612	 27
    4874.622	 28
    4874.622	 19
    4874.722	 29
    4874.914	  9
    4875.028	  8
    4876.886	  8
    4879.086	  8
    4881.822	  8
    4894.742	 51
    4894.752	 18
    4947.244	  8
    4948.254	  8
    4948.840	  8
    4949.762	  8
    4950.376	  8
    4951.886	  8
    4952.536	  8
    4953.218	  8
    4953.502	  8
    4954.752	 53
    4995.508	  8
    4995.508	 20
    4995.508	 27
    4995.518	 28
    4995.518	 19
    4995.618	 29
    4995.810	  9
    4995.848	  8
    5015.638	 52
    5015.648	 10
    5028.966	  8
    5030.200	  8
    5030.334	  8
    5033.234	  8
    5034.922	  8
    5035.702	  8
    5037.928	  8
    5045.162	  7
    5051.822	  7
    5052.070	  7
    5052.492	  7
    5052.624	  7
    5052.972	  7
    5053.912	  7
    5054.058	  7
    5054.218	  7
    5054.424	  7
    5054.592	  7
    5054.836	  7
    5055.016	  7
    5055.186	  7
    5055.374	  7
    5055.870	  7
    5056.234	  7
    5056.778	  7
    5057.158	  7
    5057.410	  7
    5058.716	  7
    5058.860	  7
    5059.406	  7
    5059.524	  7
    5059.656	  7
    5059.792	  7
    5059.926	  7
    5060.062	  7
    5060.190	  7
    5060.330	  7
    5060.466	  7
    5060.604	  7
    5060.746	  7
    5060.886	  7
    5061.046	  7
    5061.168	  7
    5061.300	  7
    5061.436	  7
    5061.584	  7
    5061.722	  7
    5061.858	  7
    5062.022	  7
    5062.156	  7
    5062.292	  7
    5062.438	  7
    5062.578	  7
    5062.748	  7
    5062.876	  7
    5063.020	  7
    5063.170	  7
    5063.316	  7
    5063.488	  7
    5063.616	  7
    5063.752	  7
    5063.890	  7
    5064.036	  7
    5064.170	  7
    5064.322	  7
    5064.492	  7
    5064.620	  7
    5064.758	  7
    5064.906	  7
    5065.074	  7
    5065.210	  7
    5065.344	  7
    5065.484	  7
    5065.648	  7
    5065.794	  7
    5065.936	  7
    5066.082	  7
    5066.224	  7
    5066.396	  7
    5066.530	  7
    5066.682	  7
    5066.826	  7
    5066.980	  7
    5067.160	  7
    5067.300	  7
    5067.442	  7
    5067.616	  7
    5067.750	  7
    5067.888	  7
    5068.040	  7
    5068.218	  7
    5068.352	  7
    5068.492	  7
    5068.646	  7
    5068.828	  7
    5068.948	  7
    5069.086	  7
    5069.280	  7
    5069.412	  7
    5069.558	  7
    5069.744	  7
    5069.874	  7
    5070.020	  7
    5070.170	  7
    5070.350	  7
    5070.470	  7
    5070.612	  7
    5070.762	  7
    5070.942	  7
    5071.068	  7
    5071.220	  7
    5071.366	  7
    5071.544	  7
    5071.674	  7
    5071.822	  7
    5072.002	  7
    5072.126	  7
    5072.272	  7
    5072.420	  7
    5072.604	  7
    5072.728	  7
    5072.884	  7
    5073.058	  7
    5073.194	  7
    5073.342	  7
    5073.482	  7
    5073.662	  7
    5073.792	  7
    5073.932	  7
    5074.080	  7
    5074.262	  7
    5074.388	  7
    5074.530	  7
    5074.716	  7
    5074.812	  7
    5074.898	  7
    5075.048	  7
    5075.198	  7
    5075.370	  7
    5075.508	  7
    5075.658	  7
    5075.810	  7
    5075.962	  7
    5076.132	  7
    5076.262	  7
    5076.410	  7
    5076.560	  7
    5076.998	  7
    5077.114	  7
    5077.246	  7
    5077.388	  7
    5077.544	  7
    5077.700	  7
    5077.838	  7
    5077.992	  7
    5078.148	  7
    5078.316	  7
    5078.454	  7
    5078.602	  7
    5078.746	  7
    5078.926	  7
    5079.050	  7
    5079.198	  7
    5079.346	  7
    5079.502	  7
    5079.670	  7
    5079.808	  7
    5079.956	  7
    5080.110	  7
    5080.270	  7
    5080.422	  7
    5080.602	  7
    5080.878	  7
    5081.004	  7
    5081.148	  7
    5081.300	  7
    5081.486	  7
    5081.616	  7
    5081.766	  7
    5081.922	  7
    5082.076	  7
    5082.220	  7
    5082.400	  7
    5082.528	  7
    5082.672	  7
    5082.826	  7
    5082.978	  7
    5083.140	  7
    5083.366	  7
    5083.508	  7
    5083.662	  7
    5084.120	  7
    5084.236	  7
    5084.370	  7
    5084.536	  7
    5084.670	  7
    5084.818	  7
    5084.956	  7
    5085.108	  7
    5085.262	  7
    5085.454	  7
    5085.592	  7
    5085.740	  7
    5085.890	  7
    5086.048	  7
    5086.204	  7
    5086.352	  7
    5086.512	  7
    5086.662	  7
    5086.836	  7
    5086.968	  7
    5087.118	  7
    5087.268	  7
    5087.414	  7
    5087.602	  7
    5087.738	  7
    5087.882	  7
    5088.028	  7
    5088.206	  7
    5088.336	  7
    5088.482	  7
    5088.626	  7
    5088.784	  7
    5088.938	  7
    5089.130	  7
    5089.260	  7
    5089.404	  7
    5089.552	  7
    5089.704	  7
    5089.858	  7
    5090.014	  7
    5090.192	  7
    5090.328	  7
    5090.482	  7
    5090.638	  7
    5090.790	  7
    5090.950	  7
    5091.104	  7
    5091.506	  7
    5091.626	  7
    5091.790	  7
    5091.924	  7
    5092.072	  7
    5092.240	  7
    5093.528	  8
    5093.736	  8
    5094.514	  8
    5097.978	  8
    5105.750	  8
    5105.954	  8
    5106.616	  8
    5106.914	  8
    5107.596	  8
    5109.104	  8
    5109.972	  8
    5112.094	  8
    5112.580	  8
    5115.754	  8
    5115.926	  8
    5126.910	  8
    5127.240	  8
    5127.768	  8
    5130.664	  8
    5131.498	  8
    5132.308	  8
    5135.648	 53
    5135.790	  8
    5135.790	 20
    5135.790	 27
    5135.800	 28
    5135.800	 19
    5135.900	 29
    5136.080	  8
    5136.084	  9
    5136.282	  8
    5155.920	 51
    5155.930	 18
    5157.484	  8
    5160.802	  8
    5161.266	  8
    5162.588	  8
    5167.332	  8
    5167.922	  8
    5171.500	  8
    5172.808	  8
    5172.970	  8
    5173.300	  8
    5175.634	  8
    5177.314	  8
    5179.734	  8
    5183.128	  8
    5183.802	  8
    5184.228	  8
    5186.742	  8
    5187.356	  8
    5187.800	  8
    5190.490	  8
    5190.678	  8
    5196.430	  8
    5196.886	  8
    5200.384	  8
    5200.660	  8
    5201.290	  8
    5204.572	  8
    5209.600	  8
    5210.040	  8
    5214.112	  8
    5214.442	  8
    5215.382	  8
    5215.930	 53
    5217.814	  8
    5217.814	 20
    5217.814	 27
    5217.824	 28
    5217.824	 19
    5217.924	 29
    5218.116	  9
    5218.216	  8
    5221.534	  8
    5224.426	  8
    5226.210	  8
    5226.626	  8
    5237.944	 51
    5237.954	 18
    5238.514	  8
    5238.782	  8
    5239.064	  8
    5239.578	  8
    5243.460	  8
    5243.828	  8
    5250.500	  8
    5260.546	  7
    5260.700	  7
    5260.924	  7
    5261.050	  7
    5261.238	  7
    5261.390	  7
    5261.624	  7
    5261.846	  7
    5262.058	  7
    5262.490	  7
    5266.082	  8
    5266.372	  8
    5266.790	  8
    5267.276	  8
    5268.892	  8
    5272.164	  8
    5272.438	  8
    5273.534	  8
    5283.954	  8
    5284.332	  8
    5284.816	  8
    5285.528	  8
    5286.570	  8
    5286.976	  8
    5289.780	  8
    5290.008	  8
    5290.368	  8
    5294.626	  8
    5294.786	  8
    5295.236	  8
    5296.012	  8
    5296.644	  8
    5297.142	  8
    5297.604	  8
    5297.954	 53
    5300.690	  8
    5300.690	 20
    5300.690	 27
    5300.700	 28
    5300.700	 19
    5300.800	 29
    5300.992	  9
    5301.178	  8
    5303.874	  8
    5305.988	  8
    5308.196	  8
    5320.820	 50
    5320.830	 17
    5325.620	  8
    5325.820	  8
    5326.376	  8
    5326.816	  8
    5327.576	  8
    5328.456	  8
    5329.660	  8
    5330.004	  8
    5331.072	  8
    5332.738	  8
    5332.934	  8
    5333.600	  8
    5334.074	  8
    5334.778	  8
    5335.692	  8
    5335.794	  8
    5337.304	  8
    5337.546	  8
    5341.320	  8
    5341.726	  8
    5342.558	  8
    5345.390	  8
    5346.054	  8
    5348.058	  8
    5348.626	  8
    5350.240	  8
    5350.484	  8
    5350.830	 53
    5352.256	  8
    5352.256	 20
    5352.256	 27
    5352.266	 28
    5352.266	 19
    5352.366	 29
    5352.558	  9
    5352.646	  8
    5354.446	  8
    5372.386	 50
    5372.396	 17
    5385.208	  8
    5385.826	  8
    5386.258	  8
    5387.802	  8
    5388.182	  8
    5388.626	  8
    5389.272	  8
    5389.604	  8
    5390.170	  8
    5390.502	  8
    5390.798	  8
    5391.038	  8
    5391.468	  8
    5391.544	  8
    5393.386	  8
    5393.972	  8
    5398.810	  8
    5399.060	  8
    5399.994	  8
    5400.480	  8
    5402.396	 53
    5402.508	  8
    5402.508	 20
    5402.508	 27
    5402.518	 28
    5402.518	 19
    5402.618	 29
    5402.948	  8
    5403.054	  9
    5403.338	  8
    5404.816	  8
    5405.392	  8
    5406.098	  8
    5406.234	  8
    5406.498	  8
    5406.554	  8
    5406.716	  8
    5410.194	  8
    5422.638	 52
    5422.648	 10
    5430.380	  8
    5430.962	  8
    5443.942	  8
    5444.532	  8
    5445.242	  8
    5445.788	  8
    5446.940	  8
    5447.418	  8
    5476.514	  8
    5476.736	  8
    5477.206	  8
    5478.978	  8
    5479.302	  8
    5479.646	  8
    5480.662	  8
    5480.934	  8
    5481.300	  8
    5481.982	  8
    5484.488	  8
    5485.102	  8
    5491.736	  8
    5492.440	  8
    5497.192	  8
    5497.826	  8
    5505.428	  7
    5505.602	  7
    5505.790	  7
    5506.132	  7
    5506.318	  7
    5506.532	  7
    5506.724	  7
    5506.972	  7
    5510.370	  8
    5510.784	  8
    5511.204	  8
    5512.092	  8
    5513.284	  8
    5515.920	  8
    5517.054	  8
    5517.280	  8
    5518.460	  8
    5518.644	  8
    5519.484	  8
    5522.546	  8
    5522.840	  8
    5534.440	  8
    5535.022	  8
    5535.578	  8
    5536.090	  8
    5542.648	 53
    5542.998	  7
    5543.154	  7
    5543.314	  7
    5544.632	  7
    5545.108	  7
    5545.522	  7
    5545.984	  7
    5546.776	  7
    5547.166	  7
    5547.578	  7
    5547.890	  7
    5548.258	  7
    5548.666	  7
    5549.390	  7
    5549.506	  7
    5549.584	  7
    5549.854	  7
    5576.132	  8
    5576.132	 20
    5576.132	 27
    5576.142	 28
    5576.142	 19
    5576.242	 29
    5576.434	  9
    5576.548	  8
    5583.558	  8
    5596.262	 50
    5596.272	 17
    5602.158	  8
    5602.478	  8
    5602.842	  8
    5603.302	  8
    5605.808	  8
    5607.530	  8
    5607.716	  8
    5609.336	  8
    5613.426	  8
    5613.774	  8
    5614.482	  8
    5617.812	  8
    5618.196	  8
    5618.610	  8
    5624.464	  8
    5624.946	  8
    5626.272	 53
    5626.668	  8
    5626.668	 20
    5626.668	 27
    5626.678	 28
    5626.678	 19
    5626.778	 29
    5626.970	  9
    5627.002	  8
    5630.400	  8
    5646.798	 52
    5646.808	 10
    5656.172	  8
    5656.310	  8
    5656.604	  8
    5657.332	  8
    5657.904	  8
    5658.370	  8
    5671.706	  8
    5672.008	  8
    5672.592	  8
    5673.024	  8
    5674.024	  8
    5676.062	  8
    5677.288	  8
    5678.424	  8
    5692.106	  8
    5692.262	  8
    5692.480	  8
    5694.324	  8
    5696.236	  8
    5697.142	  8
    5698.216	  8
    5699.844	  8
    5700.288	  8
    5700.978	  8
    5702.266	  8
    5702.820	  8
    5703.836	  8
    5704.352	  8
    5704.742	  8
    5707.650	  8
    5708.000	  8
    5709.028	  8
    5710.354	  8
    5710.792	  8
    5712.238	  8
    5712.414	  8
    5713.788	  8
    5716.100	  8
    5716.240	  8
    5716.880	  8
    5717.798	  8
    5721.476	  8
    5722.300	  8
    5727.970	  8
    5728.126	  8
    5728.516	  8
    5729.670	  8
    5730.308	  8
    5733.942	  8
    5734.056	  8
    5734.112	  8
    5734.726	  8
    5739.168	  8
    5740.100	  8
    5741.470	  8
    5742.122	  8
    5744.452	  8
    5744.954	  8
    5745.232	  8
    5745.604	  8
    5750.638	  8
    5750.962	  8
    5751.380	  8
    5751.524	  8
    5754.150	  8
    5754.440	  8
    5754.984	  8
    5756.340	  8
    5761.186	  8
    5761.474	  8
    5762.104	  8
    5766.068	  8
    5766.246	  8
    5766.762	  8
    5766.808	 53
    5767.268	  8
    5767.268	 20
    5767.268	 27
    5767.278	 28
    5767.278	 19
    5767.378	 29
    5767.570	  9
    5767.680	  8
    5771.160	  8
    5772.304	  8
    5775.614	  8
    5776.090	  8
    5784.052	  8
    5784.566	  8
    5787.398	 51
    5787.408	 18
    5791.390	  8
    5792.288	  8
    5793.288	  8
    5797.724	  8
    5797.766	  8
    5798.404	  8
    5798.898	  8
    5799.120	  8
    5799.846	  8
    5799.984	  8
    5801.266	  8
    5804.276	  8
    5805.030	  8
    5805.330	  8
    5809.500	  8
    5810.316	  8
    5811.278	  8
    5812.782	  8
    5816.452	  8
    5822.722	  8
    5823.344	  8
    5823.670	  8
    5824.068	  8
    5824.132	  8
    5825.054	  8
    5828.734	  8
    5829.750	  8
    5830.138	  8
    5833.576	  8
    5833.774	  8
    5834.172	  8
    5834.676	  8
    5835.126	  8
    5835.260	  8
    5835.570	  8
    5837.970	  8
    5838.244	  8
    5838.702	  8
    5842.712	  8
    5843.986	  8
    5845.026	  8
    5847.264	  8
    5847.408	 53
    5848.044	  8
    5848.044	 20
    5848.044	 27
    5848.054	 28
    5848.054	 19
    5848.154	 29
    5848.346	  9
    5848.570	  8
    5868.174	 51
    5868.184	 18
    5876.482	  8
    5876.708	  8
    5877.362	  8
    5886.010	  8
    5886.822	  8
    5887.320	  8
    5892.674	  8
    5893.282	  8
    5897.640	  8
    5899.756	  8
    5900.078	  8
    5900.432	  8
    5902.066	  8
    5904.464	  8
    5904.972	  8
    5905.434	  8
    5907.248	  8
    5907.862	  8
    5910.700	  8
    5911.484	  8
    5913.856	  8
    5914.148	  8
    5914.594	  8
    5916.586	  8
    5916.988	  8
    5919.574	  8
    5923.128	  8
    5923.692	  8
    5924.212	  8
    5925.792	  8
    5926.132	  8
    5928.184	 53
    5929.842	  8
    5929.842	 20
    5929.842	 27
    5929.852	 28
    5929.852	 19
    5929.952	 29
    5929.962	 61
