      12.796	  7
      12.892	  7
      13.094	  7
      13.244	  7
      13.436	  7
      13.650	  7
      14.258	  7
      14.656	  7
      14.790	  7
      15.016	  7
      15.502	  7
      20.010	 50
      20.020	 10
      30.500	  8
      50.020	 53
      70.390	  8
      70.390	 20
      70.390	 27
      70.400	 28
      70.400	 19
      70.500	 29
      70.694	  9
      90.520	 50
      90.530	 10
      93.902	  8
      94.408	  8
      95.852	  7
      96.002	  7
      96.118	  7
      96.240	  7
      96.376	  7
      96.518	  7
      96.666	  7
      96.814	  7
      96.962	  7
      97.118	  7
      97.268	  7
      97.414	  7
      97.592	  7
      97.730	  7
      97.886	  7
      98.030	  7
      98.180	  7
      98.334	  7
      98.490	  7
      98.644	  7
      98.804	  7
      98.956	  7
      99.110	  7
      99.266	  7
      99.414	  7
      99.570	  7
      99.722	  7
      99.902	  7
     100.044	  7
     100.202	  7
     100.354	  7
     100.504	  7
     100.652	  7
     100.800	  7
     100.972	  7
     101.116	  7
     101.266	  7
     101.422	  7
     101.568	  7
     101.724	  7
     101.880	  7
     102.064	  7
     102.206	  7
     102.360	  7
     102.518	  7
     102.670	  7
     102.980	  7
     103.148	  7
     103.302	  7
     103.454	  7
     103.608	  7
     103.764	  7
     104.842	  7
     105.000	  7
     105.180	  7
     105.328	  7
     105.472	  7
     105.624	  7
     105.910	  7
     106.038	  7
     106.192	  7
     106.360	  7
     106.508	  7
     106.660	  7
     106.818	  7
     106.974	  7
     107.126	  7
     107.284	  7
     107.460	  7
     107.750	  7
     107.912	  7
     108.074	  7
     108.268	  7
     108.402	  7
     108.558	  7
     108.714	  7
     108.874	  7
     109.058	  7
     109.196	  7
     109.348	  7
     109.506	  7
     109.658	  7
     109.812	  7
     109.966	  7
     110.138	  7
     110.284	  7
     110.436	  7
     110.588	  7
     110.746	  7
     111.064	  7
     111.220	  7
     111.396	  7
     111.518	  7
     111.686	  7
     111.848	  7
     112.284	  7
     112.524	  7
     112.680	  7
     112.880	  7
     113.388	  7
     113.716	  7
     113.910	  7
     114.034	  7
     114.258	  7
     114.430	  7
     116.186	  8
     116.442	  8
     116.574	  8
     120.530	 53
     130.326	  8
     130.326	 20
     130.326	 27
     130.336	 28
     130.336	 19
     130.436	 29
     130.592	  8
     130.630	  9
     132.070	  8
     150.456	 51
     150.466	 17
     184.726	  8
     184.988	  8
     197.840	  7
     198.096	  7
     198.586	  7
     198.702	  7
     198.780	  7
     198.876	  7
     198.982	  7
     199.098	  7
     199.230	  7
     199.366	  7
     199.514	  7
     199.674	  7
     199.830	  7
     199.976	  7
     200.124	  7
     200.284	  7
     200.428	  7
     200.582	  7
     200.732	  7
     200.888	  7
     201.056	  7
     201.196	  7
     201.340	  7
     201.494	  7
     201.650	  7
     201.810	  7
     201.982	  7
     202.128	  7
     202.278	  7
     202.436	  7
     202.586	  7
     202.732	  7
     202.910	  7
     203.062	  7
     203.216	  7
     203.368	  7
     203.522	  7
     203.686	  7
     203.842	  7
     203.998	  7
     204.166	  7
     204.316	  7
     204.474	  7
     204.624	  7
     204.786	  7
     204.934	  7
     206.358	  7
     206.666	  7
     206.834	  7
     206.988	  7
     207.142	  7
     207.324	  7
     207.478	  7
     207.628	  7
     207.790	  7
     207.946	  7
     208.100	  7
     208.582	  7
     208.738	  7
     208.902	  7
     209.060	  7
     209.844	  7
     210.000	  7
     210.466	 53
     210.474	  7
     211.432	  7
     211.580	  7
     211.740	  7
     212.538	  7
     216.216	  7
     216.346	  7
     216.496	  7
     216.664	  7
     218.576	  7
     218.732	  7
     218.894	  7
     219.236	  7
     221.160	  8
     221.160	 20
     221.160	 27
     221.170	 28
     221.170	 19
     221.270	 29
     221.464	  9
     225.396	  3
     228.030	  4
     230.138	  3
     233.678	  4
     241.290	 51
     241.300	 17
     241.320	  7
     262.134	  6
     266.090	  8
     280.274	  8
     280.658	  8
     296.700	  8
     297.162	  8
     298.282	  8
     299.936	  8
     301.300	 53
     303.314	  8
     303.314	 20
     303.314	 27
     303.324	 28
     303.324	 19
     303.424	 29
     303.548	  8
     303.618	  9
     306.096	  8
     308.616	  8
     323.444	 52
     323.454	 18
     345.056	  7
     345.160	  7
     345.266	  7
     345.366	  7
     345.582	  7
     345.658	  7
     345.858	  7
     345.982	  7
     346.092	  7
     346.210	  7
     346.324	  7
     346.404	  7
     346.514	  7
     346.638	  7
     346.772	  7
     346.918	  7
     347.064	  7
     347.214	  7
     347.364	  7
     347.520	  7
     347.668	  7
     347.828	  7
     347.988	  7
     348.140	  7
     348.302	  7
     348.614	  7
     348.766	  7
     348.922	  7
     349.074	  7
     349.236	  7
     349.396	  7
     349.558	  7
     349.716	  7
     349.874	  7
     350.016	  7
     350.174	  7
     350.326	  7
     350.480	  7
     350.636	  7
     350.802	  7
     350.958	  7
     351.130	  7
     351.422	  7
     351.602	  7
     351.742	  7
     351.892	  7
     352.054	  7
     352.228	  7
     352.366	  7
     352.520	  7
     352.676	  7
     352.832	  7
     353.152	  7
     353.314	  7
     353.466	  7
     353.618	  7
     353.774	  7
     353.936	  7
     354.086	  7
     354.266	  7
     354.398	  7
     354.550	  7
     354.850	  7
     354.998	  7
     355.170	  7
     355.318	  7
     355.468	  7
     355.626	  7
     355.788	  7
     355.964	  7
     356.108	  7
     356.260	  7
     356.420	  7
     356.582	  7
     356.740	  7
     356.898	  7
     357.070	  7
     357.212	  7
     357.368	  7
     357.522	  7
     357.680	  7
     357.836	  7
     358.002	  7
     358.150	  7
     358.302	  7
     358.478	  7
     358.618	  7
     358.768	  7
     358.904	  7
     359.048	  7
     359.196	  7
     359.356	  7
     359.512	  7
     359.682	  7
     359.838	  7
     359.994	  7
     360.126	  7
     360.278	  7
     360.362	  7
     360.630	  7
     360.970	  7
     361.188	  7
     361.884	  7
     362.610	  7
     362.848	  7
     362.972	  7
     363.196	  7
     365.864	  8
     410.898	  8
     411.112	  8
     411.340	  8
     418.858	  8
     421.774	  8
     422.266	  8
     422.892	  8
     425.178	  8
     427.202	  8
     443.454	 53
     452.818	  8
     452.818	 20
     452.818	 27
     452.828	 28
     452.828	 19
     452.928	 29
     453.060	  8
     453.122	  9
     472.948	 51
     472.958	 17
     513.728	  8
     514.286	  8
     517.166	  7
     517.822	  7
     517.952	  7
     518.262	  7
     518.780	  7
     518.954	  7
     519.176	  7
     519.352	  7
     519.570	  7
     519.766	  7
     519.958	  7
     520.160	  7
     520.352	  7
     520.554	  7
     520.956	  7
     521.116	  7
     521.528	  7
     521.868	  7
     522.526	  7
     525.248	  8
     525.798	  8
     526.244	  8
     526.738	  8
     527.864	  8
     528.450	  8
     528.800	  8
     530.918	  8
     531.166	  8
     531.308	  8
     531.516	  8
     532.350	  8
     532.776	  8
     532.958	 53
     535.686	  8
     535.686	 20
     535.686	 27
     535.696	 28
     535.696	 19
     535.796	 29
     535.826	  8
     535.990	  9
     540.076	  8
     555.816	 51
     555.826	 17
     562.190	  7
     562.276	  7
     562.402	  7
     562.530	  7
     562.670	  7
     562.828	  7
     562.982	  7
     563.132	  7
     563.290	  7
     563.450	  7
     563.610	  7
     563.778	  7
     563.938	  7
     564.092	  7
     564.250	  7
     564.420	  7
     564.578	  7
     564.736	  7
     564.884	  7
     565.036	  7
     565.188	  7
     565.346	  7
     565.516	  7
     565.664	  7
     565.816	  7
     565.974	  7
     566.132	  7
     566.296	  7
     566.452	  7
     566.642	  7
     566.798	  7
     566.952	  7
     567.114	  7
     567.280	  7
     567.440	  7
     567.592	  7
     567.764	  7
     567.910	  7
     568.060	  7
     568.214	  7
     568.372	  7
     568.528	  7
     568.698	  7
     568.852	  7
     569.036	  7
     569.182	  7
     569.334	  7
     569.490	  7
     569.648	  7
     569.804	  7
     569.956	  7
     570.126	  7
     570.318	  7
     570.456	  7
     570.612	  7
     570.774	  7
     570.936	  7
     571.100	  7
     571.286	  7
     571.422	  7
     571.582	  7
     571.742	  7
     571.904	  7
     572.064	  7
     572.258	  7
     572.398	  7
     572.556	  7
     572.722	  7
     572.888	  7
     573.046	  7
     573.238	  7
     573.382	  7
     573.542	  7
     573.694	  7
     573.852	  7
     574.014	  7
     578.350	  7
     580.006	  8
     580.174	  8
     580.732	  8
     581.106	  8
     581.594	  8
     582.024	  8
     582.348	  8
     583.178	  8
     583.908	  8
     584.196	  8
     584.622	  8
     585.044	  8
     585.842	  8
     586.110	  8
     586.700	  8
     588.450	  8
     589.188	  8
     589.740	  8
     589.846	  8
     592.706	  8
     593.340	  8
     593.974	  8
     594.296	  8
     596.134	  8
     598.800	  8
     615.826	 53
     622.432	  8
     622.432	 20
     622.432	 27
     622.442	 28
     622.442	 19
     622.542	 29
     622.736	  9
     642.562	 50
     642.572	 10
     648.442	  8
     648.618	  8
     672.572	 53
     674.644	  8
     674.644	 20
     674.644	 27
     674.654	 28
     674.654	 19
     674.754	 29
     674.948	  9
     694.774	 52
     694.784	 18
     695.292	  7
     695.756	  7
     695.840	  7
     696.050	  7
     696.232	  7
     696.356	  7
     696.528	  7
     696.726	  7
     696.908	  7
     697.076	  7
     706.308	  7
     706.594	  7
     706.986	  7
     707.112	  7
     707.248	  7
     707.396	  7
     707.538	  7
     707.688	  7
     707.858	  7
     708.012	  7
     708.158	  7
     708.318	  7
     708.472	  7
     708.632	  7
     708.788	  7
     708.942	  7
     709.102	  7
     709.258	  7
     709.728	  7
     709.906	  7
     710.056	  7
     710.212	  7
     710.364	  7
     710.522	  7
     710.682	  7
     710.848	  7
     711.486	  7
     711.636	  7
     711.788	  7
     711.952	  7
     712.104	  7
     712.270	  7
     712.426	  7
     712.582	  7
     712.910	  7
     713.060	  7
     713.216	  7
     713.370	  7
     713.522	  7
     713.680	  7
     713.838	  7
     713.998	  7
     714.174	  7
     714.318	  7
     714.470	  7
     714.624	  7
     714.772	  7
     714.936	  7
     715.090	  7
     715.260	  7
     715.410	  7
     715.564	  7
     715.712	  7
     715.868	  7
     716.030	  7
     716.184	  7
     716.360	  7
     716.500	  7
     716.644	  7
     716.790	  7
     716.936	  7
     742.494	  7
     742.656	  7
     743.002	  7
     743.152	  7
     743.214	  7
     745.206	  7
     745.288	  7
     745.398	  7
     745.506	  7
     745.638	  7
     745.782	  7
     745.934	  7
     746.078	  7
     746.254	  7
     746.446	  7
     746.556	  7
     746.708	  7
     746.874	  7
     747.028	  7
     747.180	  7
     747.338	  7
     747.494	  7
     747.652	  7
     747.818	  7
     747.978	  7
     748.128	  7
     748.300	  7
     748.774	  7
     748.928	  7
     749.088	  7
     749.250	  7
     749.416	  7
     749.572	  7
     749.750	  7
     749.898	  7
     750.058	  7
     750.226	  7
     750.380	  7
     750.436	  7
     750.650	  7
     750.808	  7
     750.940	  7
     751.092	  7
     751.246	  7
     751.414	  7
     751.572	  7
     751.734	  7
     751.902	  7
     752.090	  7
     752.236	  7
     752.406	  7
     752.566	  7
     752.738	  7
     752.898	  7
     753.058	  7
     753.222	  7
     753.398	  7
     753.560	  7
     753.706	  7
     753.858	  7
     754.020	  7
     754.176	  7
     754.338	  7
     754.486	  7
     754.626	  7
     754.788	  7
     754.944	  7
     755.088	  7
     755.240	  7
     755.400	  7
     755.584	  7
     755.728	  7
     755.876	  7
     756.034	  7
     756.202	  7
     756.374	  7
     756.536	  7
     757.022	  7
     757.130	  7
     757.282	  7
     757.446	  7
     757.582	  7
     757.738	  7
     757.898	  7
     758.080	  7
     758.234	  7
     758.388	  7
     758.554	  7
     758.714	  7
     758.868	  7
     759.016	  7
     759.166	  7
     759.312	  7
     759.442	  7
     759.760	  7
     759.926	  7
     760.112	  7
     760.264	  7
     760.428	  7
     760.592	  7
     760.760	  7
     760.928	  7
     761.094	  7
     761.238	  7
     761.386	  7
     761.534	  7
     761.830	  7
     761.942	  7
     762.088	  7
     762.232	  7
     762.386	  7
     762.526	  7
     762.686	  7
     762.852	  7
     763.038	  7
     763.512	  7
     763.680	  7
     772.930	  8
     773.564	  8
     773.854	  8
     786.158	  8
     806.408	  8
     806.674	  8
     809.138	  8
     810.372	  8
     810.712	  8
     812.524	  8
     814.784	 53
     814.966	  8
     814.966	 20
     814.966	 27
     814.976	 28
     814.976	 19
     815.076	 29
     815.270	  9
     818.536	  8
     835.096	 52
     835.106	 18
     873.594	  8
     932.138	  8
     932.914	  8
     933.426	  8
     933.808	  8
     934.038	  8
     934.438	  8
     935.348	  8
     942.272	  8
     942.498	  8
     948.778	  8
     954.330	  8
     955.106	 53
     955.156	  8
     955.156	 20
     955.156	 27
     955.166	 28
     955.166	 19
     955.266	 29
     955.460	  9
     975.286	 52
     975.296	 18
     981.938	  8
     982.174	  8
     982.474	  8
     983.976	  8
     985.458	  8
     989.946	  3
     990.890	  4
     991.510	  8
     998.858	  8
     999.070	  8
     999.706	  8
    1005.094	  7
    1005.584	  7
    1006.014	  7
    1007.854	  7
    1008.218	  7
    1010.608	  8
    1010.900	  8
    1011.272	  8
    1014.406	  3
    1015.146	  4
    1016.004	  3
    1016.648	  4
    1020.710	  8
    1020.966	  8
    1033.050	  8
    1034.052	  8
    1034.938	  8
    1035.648	  8
    1036.680	  8
    1038.102	  8
    1038.390	  8
    1038.626	  8
    1039.084	  8
    1039.616	  8
    1041.062	  8
    1041.658	  8
    1044.644	  8
    1044.720	  8
    1045.080	  8
    1046.660	  8
    1047.444	  8
    1049.460	  8
    1050.004	  8
    1051.678	  8
    1051.966	  8
    1053.000	  8
    1053.784	  8
    1055.216	  8
    1056.664	  8
    1057.046	  8
    1059.248	  8
    1062.288	  8
    1062.990	  8
    1063.218	  8
    1064.896	  8
    1068.226	  8
    1068.652	  8
    1069.152	  8
    1071.628	  8
    1076.424	  8
    1077.290	  8
    1078.482	  8
    1079.400	  8
    1081.064	  8
    1081.442	  8
    1081.896	  8
    1085.924	  8
    1086.460	  8
    1086.752	  8
    1087.120	  8
    1088.680	  8
    1088.940	  8
    1090.482	  8
    1092.080	  8
    1092.566	  8
    1092.650	  8
    1095.296	 53
    1095.682	  8
    1095.682	 20
    1095.682	 27
    1095.692	 28
    1095.692	 19
    1095.792	 29
    1095.986	  9
    1106.654	  7
    1106.726	  7
    1107.074	  7
    1107.334	  7
    1107.848	  7
    1107.938	  7
    1108.058	  7
    1108.202	  7
    1108.336	  7
    1108.510	  7
    1108.676	  7
    1108.834	  7
    1108.994	  7
    1109.128	  7
    1109.288	  7
    1109.436	  7
    1109.594	  7
    1109.740	  7
    1109.908	  7
    1110.056	  7
    1110.212	  7
    1110.364	  7
    1110.514	  7
    1110.660	  7
    1110.836	  7
    1110.970	  7
    1111.114	  7
    1111.268	  7
    1111.418	  7
    1111.584	  7
    1111.750	  7
    1111.904	  7
    1112.094	  7
    1112.236	  7
    1112.410	  7
    1112.548	  7
    1112.700	  7
    1112.852	  7
    1113.268	  7
    1113.370	  7
    1113.506	  7
    1113.684	  7
    1113.818	  7
    1113.972	  7
    1114.122	  7
    1114.278	  7
    1114.438	  7
    1114.602	  7
    1114.756	  7
    1114.948	  7
    1115.088	  7
    1115.238	  7
    1115.384	  7
    1115.542	  7
    1115.694	  7
    1115.812	 50
    1115.822	 10
    1115.836	  7
    1116.000	  7
    1116.182	  7
    1116.338	  7
    1116.500	  7
    1116.660	  7
    1116.826	  7
    1116.984	  7
    1117.144	  7
    1117.310	  7
    1117.486	  7
    1117.626	  7
    1117.786	  7
    1117.950	  7
    1118.116	  7
    1118.280	  7
    1118.456	  7
    1118.596	  7
    1118.746	  7
    1118.900	  7
    1119.066	  7
    1119.222	  7
    1119.384	  7
    1119.564	  7
    1119.706	  7
    1119.862	  7
    1120.036	  7
    1120.198	  7
    1120.372	  7
    1120.542	  7
    1120.706	  7
    1120.904	  7
    1121.044	  7
    1121.204	  7
    1121.364	  7
    1121.532	  7
    1121.696	  7
    1121.856	  7
    1122.044	  7
    1122.190	  7
    1122.350	  7
    1122.506	  7
    1122.672	  7
    1122.846	  7
    1123.010	  7
    1123.200	  7
    1123.340	  7
    1123.506	  7
    1123.664	  7
    1123.834	  7
    1124.006	  7
    1124.152	  7
    1124.324	  7
    1124.462	  7
    1124.628	  7
    1124.894	  7
    1125.012	  7
    1125.156	  7
    1125.302	  7
    1125.454	  7
    1125.638	  7
    1125.792	  7
    1125.948	  7
    1126.108	  7
    1126.272	  7
    1126.438	  7
    1126.604	  7
    1126.762	  7
    1127.074	  7
    1127.222	  7
    1127.348	  7
    1127.510	  7
    1127.672	  7
    1127.832	  7
    1127.996	  7
    1128.164	  7
    1128.334	  7
    1128.534	  7
    1128.688	  7
    1128.852	  7
    1129.012	  7
    1129.186	  7
    1129.344	  7
    1129.496	  7
    1129.664	  7
    1129.824	  7
    1130.014	  7
    1130.146	  7
    1130.282	  7
    1130.426	  7
    1130.592	  7
    1130.756	  7
    1130.926	  7
    1131.120	  7
    1131.282	  7
    1131.424	  7
    1131.586	  7
    1131.758	  7
    1131.924	  7
    1132.088	  7
    1132.244	  7
    1132.420	  7
    1132.854	  7
    1134.922	  8
    1135.196	  8
    1135.824	  8
    1136.496	  8
    1136.932	  8
    1137.394	  8
    1137.886	  8
    1138.180	  8
    1138.566	  8
    1139.050	  8
    1139.842	  8
    1140.406	  8
    1141.038	  8
    1141.406	  8
    1141.842	  8
    1142.152	  8
    1142.652	  8
    1144.248	  8
    1144.876	  8
    1145.300	  8
    1145.714	  8
    1145.822	 53
    1146.310	  8
    1146.310	 20
    1146.310	 27
    1146.320	 28
    1146.320	 19
    1146.420	 29
    1146.614	  9
    1148.370	  8
    1166.440	 52
    1166.450	 18
    1200.516	  8
    1201.736	  8
    1257.654	  8
    1258.156	  8
    1263.980	  8
    1265.986	  8
    1266.986	  8
    1268.310	  8
    1269.032	  8
    1269.344	  8
    1269.626	  8
    1269.992	  8
    1270.454	  8
    1272.226	  8
    1275.970	  8
    1276.504	  8
    1278.136	  8
    1278.644	  8
    1279.896	  8
    1280.398	  8
    1282.310	  8
    1283.786	  8
    1284.228	  8
    1285.702	  8
    1286.228	  8
    1286.450	 53
    1287.860	  8
    1287.860	 20
    1287.860	 27
    1287.870	 28
    1287.870	 19
    1287.970	 29
    1288.164	  9
    1307.990	 52
    1308.000	 18
    1356.052	  7
    1356.164	  7
    1356.310	  7
    1356.522	  7
    1356.858	  7
    1357.028	  7
    1357.232	  7
    1357.330	  7
    1357.448	  7
    1357.582	  7
    1357.728	  7
    1357.942	  7
    1358.058	  7
    1358.208	  7
    1358.362	  7
    1358.520	  7
    1358.680	  7
    1358.862	  7
    1359.004	  7
    1359.152	  7
    1359.300	  7
    1359.460	  7
    1359.624	  7
    1359.782	  7
    1359.940	  7
    1360.098	  7
    1360.250	  7
    1360.404	  7
    1360.568	  7
    1360.736	  7
    1360.878	  7
    1361.034	  7
    1361.188	  7
    1361.348	  7
    1361.512	  7
    1361.670	  7
    1361.826	  7
    1361.984	  7
    1362.182	  7
    1362.328	  7
    1362.484	  7
    1362.642	  7
    1362.802	  7
    1362.964	  7
    1363.116	  7
    1363.272	  7
    1363.436	  7
    1363.592	  7
    1363.774	  7
    1363.920	  7
    1364.074	  7
    1364.232	  7
    1364.388	  7
    1364.548	  7
    1364.706	  7
    1364.868	  7
    1365.028	  7
    1365.192	  7
    1365.372	  7
    1365.532	  7
    1365.694	  7
    1365.852	  7
    1366.016	  7
    1366.172	  7
    1366.332	  7
    1366.494	  7
    1366.672	  7
    1366.804	  7
    1366.950	  7
    1367.112	  7
    1367.274	  7
    1367.432	  7
    1367.594	  7
    1367.758	  7
    1376.342	  7
    1376.490	  7
    1376.646	  7
    1376.794	  7
    1376.982	  7
    1377.132	  7
    1377.280	  7
    1378.694	  7
    1378.838	  7
    1379.004	  7
    1379.166	  7
    1379.324	  7
    1379.506	  7
    1379.664	  7
    1379.818	  7
    1379.978	  7
    1380.134	  7
    1380.302	  7
    1380.458	  7
    1380.650	  7
    1380.810	  7
    1380.962	  7
    1381.110	  7
    1381.270	  7
    1381.420	  7
    1381.572	  7
    1381.764	  7
    1381.920	  7
    1382.076	  7
    1382.242	  7
    1382.408	  7
    1382.570	  7
    1382.746	  7
    1382.914	  7
    1383.080	  7
    1383.246	  7
    1383.398	  7
    1383.554	  7
    1383.716	  7
    1383.882	  7
    1384.044	  7
    1384.208	  7
    1384.386	  7
    1384.526	  7
    1384.688	  7
    1384.844	  7
    1385.002	  7
    1385.164	  7
    1385.326	  7
    1385.512	  7
    1385.634	  7
    1385.792	  7
    1385.948	  7
    1386.114	  7
    1386.260	  7
    1386.442	  7
    1386.578	  7
    1386.738	  7
    1386.894	  7
    1387.058	  7
    1387.222	  7
    1387.418	  7
    1387.556	  7
    1387.708	  7
    1387.878	  7
    1388.026	  7
    1388.180	  7
    1388.328	  7
    1388.464	  7
    1388.628	  7
    1388.776	  7
    1388.934	  7
    1389.104	  7
    1389.274	  7
    1389.436	  7
    1389.648	  7
    1389.796	  7
    1389.950	  7
    1390.124	  7
    1390.286	  7
    1390.430	  7
    1390.568	  7
    1390.714	  7
    1390.894	  7
    1391.054	  7
    1391.220	  7
    1391.398	  7
    1391.566	  7
    1391.736	  7
    1391.900	  7
    1392.094	  7
    1392.236	  7
    1392.398	  7
    1392.558	  7
    1392.718	  7
    1392.882	  7
    1393.040	  7
    1393.212	  7
    1393.364	  7
    1393.512	  7
    1393.736	  7
    1393.866	  7
    1394.018	  7
    1394.208	  7
    1394.366	  7
    1394.492	  7
    1394.650	  7
    1394.806	  7
    1396.662	  8
    1397.152	  8
    1428.000	 53
    1451.716	  8
    1451.716	 20
    1451.716	 27
    1451.726	 28
    1451.726	 19
    1451.826	 29
    1452.020	  9
    1471.846	 51
    1471.856	 17
    1481.992	  7
    1485.326	  6
    1506.036	  8
    1518.912	  5
    1530.862	  8
    1531.068	  8
    1531.856	 53
    1532.216	  8
    1532.216	 20
    1532.216	 27
    1532.226	 28
    1532.226	 19
    1532.326	 29
    1532.520	  9
    1552.346	 50
    1552.356	 10
    1559.592	  8
    1559.828	  8
    1560.872	  8
    1561.622	  8
    1561.974	  8
    1562.542	  8
    1563.552	  8
    1563.898	  8
    1564.884	  8
    1565.682	  8
    1566.036	  8
    1566.500	  8
    1567.410	  8
    1567.896	  8
    1568.444	  8
    1569.646	  8
    1569.956	  8
    1570.916	  8
    1571.328	  8
    1571.644	  8
    1572.272	  8
    1572.552	  8
    1573.094	  8
    1573.846	  8
    1574.344	  8
    1575.052	  8
    1575.574	  8
    1575.960	  8
    1576.060	  8
    1576.428	  8
    1577.020	  8
    1577.446	  8
    1577.482	  8
    1577.920	  8
    1578.896	  8
    1579.520	  8
    1580.536	  8
    1581.094	  8
    1581.942	  8
    1582.356	 53
    1582.766	  8
    1582.766	 20
    1582.766	 27
    1582.776	 28
    1582.776	 19
    1582.876	 29
    1583.070	  9
    1586.962	  8
    1587.094	  8
    1591.670	  3
    1592.180	  4
    1602.896	 50
    1602.906	 10
    1612.134	  5
    1619.946	  8
    1620.376	  8
    1620.998	  8
    1621.868	  8
    1622.342	  8
    1622.784	  8
    1623.138	  8
    1623.592	  8
    1624.122	  8
    1624.236	  8
    1624.968	  8
    1625.700	  8
    1626.798	  8
    1627.580	  8
    1627.930	  8
    1628.440	  8
    1628.806	  8
    1629.238	  8
    1630.686	  8
    1631.144	  8
    1631.376	  8
    1631.804	  8
    1632.326	  8
    1632.592	  8
    1632.820	  8
    1632.906	 53
    1632.992	  8
    1632.992	 20
    1632.992	 27
    1633.002	 28
    1633.002	 19
    1633.102	 29
    1633.296	  9
    1653.122	 51
    1653.132	 17
    1671.840	  7
    1671.894	  7
    1672.006	  7
    1672.142	  7
    1672.298	  7
    1672.464	  7
    1672.622	  7
    1672.778	  7
    1672.946	  7
    1673.112	  7
    1673.274	  7
    1673.430	  7
    1673.586	  7
    1673.744	  7
    1673.902	  7
    1674.050	  7
    1674.198	  7
    1674.342	  7
    1674.480	  7
    1674.614	  7
    1674.746	  7
    1674.914	  7
    1675.044	  7
    1675.206	  7
    1675.350	  7
    1675.502	  7
    1675.658	  7
    1675.840	  7
    1675.998	  7
    1676.150	  7
    1676.308	  7
    1676.466	  7
    1676.946	  7
    1677.106	  7
    1677.264	  7
    1677.422	  7
    1677.578	  7
    1677.730	  7
    1677.904	  7
    1678.034	  7
    1678.184	  7
    1678.334	  7
    1678.500	  7
    1678.664	  7
    1678.854	  7
    1679.002	  7
    1679.154	  7
    1679.312	  7
    1679.472	  7
    1679.628	  7
    1679.814	  7
    1679.962	  7
    1680.114	  7
    1680.276	  7
    1680.434	  7
    1680.594	  7
    1680.778	  7
    1680.932	  7
    1681.088	  7
    1681.244	  7
    1681.398	  7
    1681.560	  7
    1681.734	  7
    1681.884	  7
    1682.050	  7
    1682.210	  7
    1682.364	  7
    1682.526	  7
    1682.706	  7
    1682.856	  7
    1683.014	  7
    1683.174	  7
    1683.338	  7
    1683.496	  7
    1683.660	  7
    1683.836	  7
    1684.000	  7
    1684.172	  7
    1684.322	  7
    1684.482	  7
    1684.636	  7
    1684.794	  7
    1684.956	  7
    1685.132	  7
    1685.446	  7
    1685.612	  7
    1685.772	  7
    1685.936	  7
    1686.090	  7
    1686.268	  7
    1686.418	  7
    1686.576	  7
    1686.728	  7
    1686.890	  7
    1687.078	  7
    1687.238	  7
    1687.402	  7
    1687.554	  7
    1687.716	  7
    1687.878	  7
    1688.032	  7
    1688.206	  7
    1688.352	  7
    1688.514	  7
    1688.668	  7
    1688.850	  7
    1688.990	  7
    1689.160	  7
    1689.314	  7
    1689.466	  7
    1689.624	  7
    1689.784	  7
    1689.956	  7
    1690.110	  7
    1690.272	  7
    1690.436	  7
    1690.598	  7
    1690.766	  7
    1690.960	  7
    1691.110	  7
    1691.268	  7
    1691.434	  7
    1691.592	  7
    1691.752	  7
    1691.914	  7
    1692.108	  7
    1692.264	  7
    1692.424	  7
    1692.592	  7
    1692.760	  7
    1692.914	  7
    1693.066	  7
    1693.240	  7
    1693.382	  7
    1693.554	  7
    1693.724	  7
    1693.892	  7
    1694.052	  7
    1694.218	  7
    1694.386	  7
    1694.554	  7
    1694.730	  7
    1694.878	  7
    1695.040	  7
    1696.020	  7
    1696.184	  7
    1696.346	  7
    1696.510	  7
    1696.674	  7
    1696.830	  7
    1696.996	  7
    1697.176	  7
    1697.326	  7
    1697.482	  7
    1697.654	  7
    1697.808	  7
    1697.978	  7
    1698.136	  7
    1698.298	  7
    1698.454	  7
    1698.618	  7
    1698.778	  7
    1698.938	  7
    1699.130	  7
    1699.260	  7
    1699.406	  7
    1699.586	  7
    1699.728	  7
    1699.874	  7
    1700.028	  7
    1700.184	  7
    1700.342	  7
    1700.502	  7
    1700.670	  7
    1700.838	  7
    1700.990	  7
    1701.144	  7
    1701.298	  7
    1701.464	  7
    1701.624	  7
    1701.804	  7
    1701.934	  7
    1702.080	  7
    1702.540	  7
    1702.646	  7
    1702.784	  7
    1702.932	  7
    1703.090	  7
    1703.272	  7
    1703.418	  7
    1703.582	  7
    1703.740	  7
    1703.898	  7
    1704.064	  7
    1704.256	  7
    1704.404	  7
    1705.696	  8
    1705.920	  8
    1706.934	  8
    1708.890	  8
    1709.546	  8
    1709.998	  8
    1710.918	  8
    1711.270	  8
    1711.644	  8
    1712.558	  8
    1713.132	 53
    1713.834	  8
    1713.834	 20
    1713.834	 27
    1713.844	 28
    1713.844	 19
    1713.944	 29
    1714.138	  9
    1733.964	 51
    1733.974	 17
    1736.150	  7
    1736.550	  7
    1736.682	  7
    1737.784	  7
    1738.202	  7
    1738.692	  7
    1738.822	  7
    1738.930	  7
    1739.084	  7
    1739.276	  7
    1739.668	  7
    1739.792	  7
    1739.944	  7
    1740.096	  7
    1740.260	  7
    1740.412	  7
    1740.578	  7
    1740.744	  7
    1740.912	  7
    1741.074	  7
    1741.240	  7
    1741.404	  7
    1741.564	  7
    1741.724	  7
    1741.910	  7
    1742.070	  7
    1742.232	  7
    1742.402	  7
    1742.570	  7
    1742.732	  7
    1742.904	  7
    1743.072	  7
    1743.240	  7
    1743.410	  7
    1743.576	  7
    1743.740	  7
    1743.928	  7
    1744.082	  7
    1744.232	  7
    1744.390	  7
    1744.556	  7
    1745.052	  7
    1745.218	  7
    1745.380	  7
    1745.564	  7
    1745.720	  7
    1745.876	  7
    1746.042	  7
    1746.206	  7
    1746.364	  7
    1746.526	  7
    1746.692	  7
    1746.860	  7
    1747.018	  7
    1747.188	  7
    1747.356	  7
    1747.528	  7
    1748.656	  7
    1748.828	  7
    1749.016	  7
    1749.168	  7
    1749.328	  7
    1749.486	  7
    1749.644	  7
    1749.810	  7
    1749.986	  7
    1750.146	  7
    1750.310	  7
    1750.534	  7
    1750.666	  7
    1750.812	  7
    1750.972	  7
    1751.126	  7
    1751.282	  7
    1751.452	  7
    1751.616	  7
    1751.794	  7
    1751.946	  7
    1752.104	  7
    1752.262	  7
    1752.440	  7
    1752.604	  7
    1752.768	  7
    1752.934	  7
    1753.104	  7
    1753.262	  7
    1753.428	  7
    1753.592	  7
    1753.756	  7
    1753.936	  7
    1754.092	  7
    1754.254	  7
    1754.412	  7
    1754.566	  7
    1754.728	  7
    1754.890	  7
    1755.050	  7
    1755.216	  7
    1755.384	  7
    1755.564	  7
    1755.716	  7
    1755.878	  7
    1756.042	  7
    1756.196	  7
    1756.352	  7
    1756.492	  7
    1756.664	  7
    1756.808	  7
    1756.954	  7
    1757.118	  7
    1757.268	  7
    1757.428	  7
    1757.582	  7
    1757.740	  7
    1757.880	  7
    1758.026	  7
    1758.186	  7
    1758.352	  7
    1758.518	  7
    1758.686	  7
    1758.850	  7
    1759.012	  7
    1759.178	  7
    1759.354	  7
    1759.520	  7
    1759.706	  7
    1759.854	  7
    1760.026	  7
    1760.172	  7
    1760.334	  7
    1760.502	  7
    1760.660	  7
    1760.826	  7
    1760.996	  7
    1761.172	  7
    1761.326	  7
    1761.474	  7
    1761.630	  7
    1761.790	  7
    1761.948	  7
    1762.116	  7
    1762.384	  7
    1762.634	  7
    1762.712	  7
    1762.842	  7
    1762.998	  7
    1763.158	  7
    1763.494	  7
    1763.644	  7
    1763.804	  7
    1763.972	  7
    1764.132	  7
    1764.288	  7
    1764.474	  7
    1764.628	  7
    1764.788	  7
    1764.952	  7
    1766.878	  8
    1766.988	  8
    1769.388	  8
    1770.120	  8
    1770.642	  8
    1770.934	  8
    1771.448	  8
    1772.060	  8
    1772.936	  8
    1773.600	  8
    1773.738	  8
    1774.536	  8
    1774.930	  8
    1775.646	  8
    1776.340	  8
    1777.464	  8
    1778.816	  8
    1779.370	  8
    1780.594	  8
    1782.414	  8
    1782.856	  8
    1783.174	  8
    1783.620	  8
    1784.270	  8
    1785.122	  8
    1785.470	  8
    1786.692	  8
    1787.868	  8
    1788.644	  8
    1789.786	  8
    1789.926	  8
    1790.714	  8
    1791.594	  8
    1791.876	  8
    1792.284	  8
    1792.906	  8
    1793.692	  8
    1793.974	 53
    1794.176	  8
    1794.176	 20
    1794.176	 27
    1794.186	 28
    1794.186	 19
    1794.286	 29
    1794.480	  9
    1796.088	  8
    1814.306	 51
    1814.316	 17
    1857.296	  7
    1857.674	  7
    1857.760	  7
    1857.886	  7
    1858.042	  7
    1858.186	  7
    1858.360	  7
    1858.520	  7
    1858.684	  7
    1858.826	  7
    1858.980	  7
    1859.146	  7
    1859.306	  7
    1859.464	  7
    1859.626	  7
    1859.790	  7
    1859.954	  7
    1860.112	  7
    1860.272	  7
    1860.424	  7
    1860.588	  7
    1860.772	  7
    1860.932	  7
    1861.082	  7
    1861.244	  7
    1861.404	  7
    1861.600	  7
    1861.736	  7
    1861.884	  7
    1862.044	  7
    1862.198	  7
    1862.382	  7
    1862.520	  7
    1862.668	  7
    1862.828	  7
    1862.988	  7
    1863.156	  7
    1863.344	  7
    1863.494	  7
    1863.650	  7
    1863.814	  7
    1863.970	  7
    1864.128	  7
    1864.322	  7
    1864.478	  7
    1864.646	  7
    1864.810	  7
    1864.970	  7
    1865.130	  7
    1865.328	  7
    1865.482	  7
    1865.638	  7
    1865.800	  7
    1869.354	  7
    1869.494	  7
    1869.614	  7
    1869.780	  7
    1869.936	  7
    1870.092	  7
    1870.262	  7
    1870.426	  7
    1870.592	  7
    1870.752	  7
    1870.920	  7
    1871.120	  7
    1871.268	  7
    1871.426	  7
    1871.586	  7
    1871.756	  7
    1871.918	  7
    1872.088	  7
    1872.276	  7
    1872.434	  7
    1872.588	  7
    1872.756	  7
    1872.918	  7
    1873.088	  7
    1873.254	  7
    1873.450	  7
    1873.598	  7
    1873.750	  7
    1873.916	  7
    1874.074	  7
    1874.220	  7
    1874.316	 53
    1874.370	  7
    1874.528	  7
    1874.726	  7
    1874.878	  7
    1875.046	  7
    1875.218	  7
    1875.382	  7
    1875.546	  7
    1875.720	  7
    1875.882	  7
    1876.068	  7
    1876.236	  7
    1876.540	  7
    1876.652	  7
    1876.806	  7
    1876.976	  7
    1877.198	  7
    1877.332	  7
    1877.542	  7
    1877.662	  7
    1877.824	  7
    1877.984	  7
    1878.148	  7
    1878.312	  7
    1878.502	  7
    1878.650	  7
    1878.808	  7
    1878.970	  7
    1879.130	  7
    1879.288	  7
    1879.454	  7
    1879.642	  7
    1879.840	  7
    1879.982	  7
    1880.144	  7
    1880.304	  7
    1880.470	  7
    1880.656	  7
    1880.810	  7
    1880.954	  7
    1881.120	  7
    1881.278	  7
    1881.444	  7
    1881.610	  7
    1881.768	  7
    1881.894	  7
    1882.050	  7
    1882.212	  7
    1882.350	  7
    1882.500	  7
    1882.666	  7
    1882.820	  7
    1883.010	  7
    1883.170	  7
    1883.332	  7
    1883.498	  7
    1883.666	  7
    1883.812	  7
    1883.990	  7
    1884.112	  7
    1884.262	  7
    1884.414	  7
    1884.566	  7
    1886.258	  7
    1886.536	  7
    1886.700	  7
    1886.850	  7
    1886.978	  7
    1887.128	  7
    1888.512	  7
    1888.672	  7
    1888.824	  7
    1888.982	  7
    1889.136	  7
    1889.304	  7
    1889.458	  7
    1892.404	  8
    1892.404	 20
    1892.404	 27
    1892.414	 28
    1892.414	 19
    1892.514	 29
    1892.708	  9
    1912.534	 52
    1912.544	 18
    1981.632	  8
    2013.100	  8
    2013.474	  8
    2021.672	  8
    2022.156	  8
    2022.454	  8
    2023.386	  8
    2024.584	  8
    2024.836	  8
    2025.976	  8
    2027.958	  8
    2030.016	  8
    2032.068	  8
    2032.544	 53
    2033.180	  8
    2033.180	 20
    2033.180	 27
    2033.190	 28
    2033.190	 19
    2033.290	 29
    2033.360	  8
    2033.484	  9
    2053.310	 50
    2053.320	 10
    2074.882	  8
    2075.118	  8
    2075.938	  8
    2077.016	  8
    2077.404	  8
    2078.030	  8
    2078.320	  8
    2078.698	  8
    2079.230	  8
    2079.892	  8
    2081.122	  8
    2081.370	  8
    2081.772	  8
    2082.148	  8
    2082.636	  8
    2083.000	  8
    2083.320	 53
    2083.586	  8
    2083.586	 20
    2083.586	 27
    2083.596	 28
    2083.596	 19
    2083.696	 29
    2083.778	  8
    2083.890	  9
    2084.854	  8
    2103.716	 52
    2103.726	 18
    2149.434	  7
    2149.592	  7
    2149.894	  7
    2150.994	  7
    2151.106	  7
    2151.368	  7
    2223.726	 53
    2224.824	  8
    2224.824	 20
    2224.824	 27
    2224.834	 28
    2224.834	 19
    2224.934	 29
    2225.128	  9
    2244.954	 51
    2244.964	 17
    2303.808	  8
    2304.964	 53
    2305.900	  8
    2305.900	 20
    2305.900	 27
    2305.910	 28
    2305.910	 19
    2306.010	 29
    2306.204	  9
    2326.030	 52
    2326.040	 18
    2415.762	  8
    2446.040	 53
    3060.430	  7
    3067.000	  8
    3067.000	 20
    3067.000	 27
    3067.010	 28
    3067.010	 19
    3067.110	 29
    3067.306	  9
    3087.130	 51
    3087.140	 17
    3128.232	  8
    3128.840	  8
    3129.518	  8
    3130.594	  8
    3132.542	  8
    3132.998	  8
    3133.830	  8
    3135.560	  8
    3137.696	  8
    3138.300	  8
    3140.088	  8
    3140.670	  8
    3141.066	  8
    3141.572	  8
    3141.798	  8
    3142.566	  8
    3143.130	  8
    3144.166	  8
    3145.422	  8
    3146.040	  8
    3147.140	 53
    3147.482	  8
    3147.482	 20
    3147.482	 27
    3147.492	 28
    3147.492	 19
    3147.592	 29
    3147.786	  9
    3149.460	  8
    3167.612	 51
    3167.622	 17
    3196.732	  8
    3196.878	  8
    3197.390	  8
    3199.454	  8
    3199.812	  8
    3201.258	  8
    3202.150	  8
    3205.028	  8
    3205.572	  8
    3205.662	  8
    3206.404	  8
    3206.834	  8
    3207.756	  8
    3208.632	  8
    3209.416	  8
    3211.052	  8
    3211.782	  8
    3213.176	  8
    3214.022	  8
    3214.532	  8
    3215.094	  8
    3215.872	  8
    3216.620	  8
    3217.440	  8
    3219.400	  8
    3220.970	  8
    3221.686	  8
    3222.634	  8
    3223.432	  8
    3224.092	  8
    3225.254	  8
    3225.848	  8
    3226.906	  8
    3227.622	 53
    3228.778	  8
    3228.778	 20
    3228.778	 27
    3228.788	 28
    3228.788	 19
    3228.888	 29
    3229.082	  9
    3230.606	  8
    3247.758	  3
    3248.606	  4
    3248.908	 50
    3248.918	 10
    3260.528	  8
    3261.844	  8
    3262.452	  8
    3264.634	  8
    3266.860	  8
    3267.364	  8
    3269.164	  8
    3270.194	  8
    3271.610	  8
    3272.868	  8
    3275.784	  8
    3276.370	  8
    3276.888	  8
    3277.360	  8
    3277.674	  8
    3278.528	  8
    3278.918	 53
    3279.484	  8
    3279.484	 20
    3279.484	 27
    3279.494	 28
    3279.494	 19
    3279.594	 29
    3279.788	  9
    3299.614	 52
    3299.624	 18
    3362.160	  8
    3375.216	  8
    3376.512	  8
    3376.622	  8
    3376.818	  8
    3391.272	  8
    3392.036	  8
    3392.266	  8
    3393.652	  8
    3393.776	  8
    3395.096	  8
    3395.798	  8
    3397.644	  8
    3398.176	  8
    3400.354	  8
    3402.324	  8
    3406.406	  8
    3411.802	  8
    3419.624	 53
    3421.134	  8
    3421.134	 20
    3421.134	 27
    3421.144	 28
    3421.144	 19
    3421.244	 29
    3421.438	  9
    3441.264	 52
    3441.274	 18
    3561.274	 53
    3595.724	  8
    3595.724	 20
    3595.724	 27
    3595.734	 28
    3595.734	 19
    3595.834	 29
    3596.028	  9
    3615.854	 50
    3615.864	 10
    3633.070	  8
    3633.364	  8
    3633.800	  8
    3634.938	  8
    3635.288	  8
    3636.342	  8
    3636.916	  8
    3637.254	  8
    3637.924	  8
    3638.710	  8
    3639.428	  8
    3640.474	  8
    3640.910	  8
    3641.160	  8
    3642.248	  8
    3642.746	  8
    3643.390	  8
    3643.970	  8
    3645.004	  8
    3645.864	 53
    3646.368	  8
    3646.368	 20
    3646.368	 27
    3646.378	 28
    3646.378	 19
    3646.478	 29
    3646.672	  9
    3648.834	  8
    3666.498	 51
    3666.508	 17
    3722.852	  8
    3724.018	  8
    3724.774	  8
    3726.462	  8
    3726.508	 53
    3727.582	  8
    3727.582	 20
    3727.582	 27
    3727.592	 28
    3727.592	 19
    3727.692	 29
    3727.886	  9
    3747.712	 52
    3747.722	 18
    3867.722	 53
    3868.644	  8
    3868.644	 20
    3868.644	 27
    3868.654	 28
    3868.654	 19
    3868.754	 29
    3868.948	  9
    3888.774	 52
    3888.784	 18
    4008.784	 53
    4115.988	  8
    4115.988	 20
    4115.988	 27
    4115.998	 28
    4115.998	 19
    4116.098	 29
    4116.292	  9
    4136.118	 50
    4136.128	 10
    4144.476	  8
    4145.640	  8
    4145.774	  8
    4146.016	  8
    4149.632	  8
    4150.090	  8
    4150.560	  8
    4152.074	  8
    4152.404	  8
    4153.290	  8
    4155.738	  8
    4156.092	  8
    4157.110	  8
    4157.810	  8
    4158.484	  8
    4158.844	  8
    4159.292	  8
    4159.838	  8
    4160.114	  8
    4161.284	  8
    4162.212	  8
    4162.676	  8
    4163.726	  8
    4164.168	  8
    4164.824	  8
    4165.200	  8
    4165.358	  8
    4165.968	  8
    4166.128	 53
    4166.256	  8
    4166.256	 20
    4166.256	 27
    4166.266	 28
    4166.266	 19
    4166.366	 29
    4166.560	  9
    4166.836	  8
    4167.794	  8
    4186.386	 51
    4186.396	 17
    4209.728	  8
    4211.114	  8
    4214.204	  8
    4216.314	  8
    4216.840	  8
    4218.716	  8
    4220.068	  8
    4222.150	  8
    4223.268	  8
    4224.066	  8
    4224.856	  8
    4225.558	  8
    4231.334	  8
    4232.492	  8
    4233.972	  8
    4234.646	  8
    4235.860	  8
    4237.114	  8
    4239.948	  8
    4242.298	  8
    4242.786	  8
    4244.066	  8
    4244.696	  8
    4246.332	  8
    4246.396	 53
    4248.208	  8
    4248.208	 20
    4248.208	 27
    4248.218	 28
    4248.218	 19
    4248.318	 29
    4248.756	  9
    4250.914	  8
    4268.338	 52
    4268.348	 18
    4339.716	  8
    4341.252	  8
    4342.012	  8
    4342.696	  8
    4345.468	  8
    4345.826	  8
    4349.326	  8
    4352.298	  8
    4354.528	  8
    4357.882	  8
    4359.722	  8
    4363.324	  8
    4367.936	  8
    4373.908	  8
    4388.348	 53
    4404.094	  8
    4404.094	 20
    4404.094	 27
    4404.104	 28
    4404.104	 19
    4404.204	 29
    4404.642	  9
    4424.224	 52
    4424.234	 18
    4491.468	  8
    4494.298	  8
    4494.850	  8
    4495.774	  8
    4498.064	  8
    4499.342	  8
    4499.396	  8
    4501.500	  8
    4506.730	  8
    4515.540	  8
    4517.756	  8
    4519.374	  8
    4524.580	  8
    4529.986	  8
    4530.394	  8
    4530.906	  8
    4532.278	  8
    4533.926	  8
    4536.010	  8
    4537.342	  8
    4539.230	  8
    4539.288	  8
    4541.308	  8
    4544.234	 53
    4544.658	  8
    4544.658	 20
    4544.658	 27
    4544.668	 28
    4544.668	 19
    4544.768	 29
    4544.962	  9
    4564.788	 50
    4564.798	 10
    4574.606	  3
    4574.760	  4
    4594.798	 53
    4613.112	  8
    4613.112	 20
    4613.112	 27
    4613.122	 28
    4613.122	 19
    4613.222	 29
    4613.416	  9
    4633.242	 52
    4633.252	 18
    4659.732	  8
    4660.170	  8
    4702.250	  8
    4702.732	  8
    4703.470	  8
    4704.476	  8
    4706.162	  8
    4710.066	  8
    4711.594	  8
    4714.624	  8
    4718.416	  8
    4720.670	  8
    4723.634	  8
    4738.044	  8
    4738.270	  8
    4738.382	  8
    4740.358	  8
    4741.402	  8
    4742.876	  8
    4743.332	  8
    4744.680	  8
    4749.556	  8
    4749.636	  8
    4752.482	  8
    4753.252	 53
    4755.646	  8
    4755.646	 20
    4755.646	 27
    4755.656	 28
    4755.656	 19
    4755.756	 29
    4756.194	  9
    4775.776	 52
    4775.786	 18
    4895.786	 53
    5018.572	  8
    5018.572	 20
    5018.572	 27
    5018.582	 28
    5018.582	 19
    5018.682	 29
    5019.120	  9
    5038.702	 50
    5038.712	 10
    5059.096	  3
    5059.336	  4
    5061.322	  8
    5061.632	  8
    5062.058	  8
    5063.330	  8
    5064.086	  8
    5064.966	  8
    5065.364	  8
    5066.144	  8
    5066.768	  8
    5068.226	  8
    5068.712	 53
    5069.262	  8
    5069.262	 20
    5069.262	 27
    5069.272	 28
    5069.272	 19
    5069.372	 29
    5069.566	  9
    5089.392	 52
    5089.402	 18
    5128.078	  8
    5128.408	  8
    5128.528	  8
    5164.476	  8
    5165.194	  8
    5166.810	  8
    5167.440	  8
    5167.830	  8
    5168.412	  8
    5171.916	  8
    5173.500	  8
    5180.296	  8
    5183.234	  8
    5184.926	  8
    5186.608	  8
    5190.970	  8
    5207.608	  8
    5207.868	  8
    5209.402	 53
    5210.134	  8
    5210.134	 20
    5210.134	 27
    5210.144	 28
    5210.144	 19
    5210.192	  8
    5210.244	 29
    5210.438	  9
    5211.254	  8
    5230.264	 50
    5230.274	 10
    5254.452	  8
    5254.662	  8
    5256.092	  8
    5256.450	  8
    5257.024	  8
    5257.576	  8
    5258.224	  8
    5258.772	  8
    5259.394	  8
    5260.274	 53
    5260.548	  8
    5260.548	 20
    5260.548	 27
    5260.558	 28
    5260.558	 19
    5260.658	 29
    5260.802	  8
    5260.852	  9
    5280.678	 50
    5280.688	 10
    5298.726	  8
    5299.272	  8
    5301.102	  8
    5302.152	  8
    5302.682	  8
    5303.044	  8
    5303.794	  8
    5304.440	  8
    5305.294	  8
    5306.030	  8
    5306.566	  8
    5307.354	  8
    5307.908	  8
    5308.082	  8
    5308.724	  8
    5309.074	  8
    5309.754	  8
    5310.352	  8
    5310.688	 53
    5311.332	  8
    5311.332	 20
    5311.332	 27
    5311.342	 28
    5311.342	 19
    5311.442	 29
    5311.880	  9
    5331.462	 52
    5331.472	 18
    5362.498	  7
    5363.402	  7
    5363.694	  7
    5364.328	  7
    5364.810	  7
    5364.834	  7
    5366.026	  7
    5366.142	  7
    5366.392	  7
    5366.486	  7
    5366.602	  7
    5366.730	  7
    5366.876	  7
    5367.014	  7
    5367.170	  7
    5367.314	  7
    5367.470	  7
    5367.626	  7
    5367.784	  7
    5367.934	  7
    5368.092	  7
    5368.252	  7
    5368.406	  7
    5368.564	  7
    5368.726	  7
    5368.884	  7
    5369.048	  7
    5369.218	  7
    5369.396	  7
    5369.552	  7
    5369.716	  7
    5369.876	  7
    5370.044	  7
    5370.200	  7
    5370.358	  7
    5370.514	  7
    5370.680	  7
    5370.838	  7
    5370.998	  7
    5371.176	  7
    5371.330	  7
    5371.484	  7
    5371.644	  7
    5371.802	  7
    5371.956	  7
    5372.144	  7
    5372.298	  7
    5372.442	  7
    5372.596	  7
    5372.758	  7
    5372.920	  7
    5373.078	  7
    5373.248	  7
    5373.438	  7
    5373.588	  7
    5373.740	  7
    5373.898	  7
    5374.058	  7
    5374.224	  7
    5374.416	  7
    5374.570	  7
    5374.720	  7
    5374.888	  7
    5375.050	  7
    5375.208	  7
    5375.370	  7
    5375.524	  7
    5375.708	  7
    5375.846	  7
    5375.994	  7
    5376.152	  7
    5376.306	  7
    5376.468	  7
    5376.630	  7
    5376.824	  7
    5376.986	  7
    5377.142	  7
    5377.308	  7
    5377.478	  7
    5377.640	  7
    5377.806	  7
    5377.958	  7
    5378.140	  7
    5378.286	  7
    5378.440	  7
    5378.586	  7
    5378.756	  7
    5378.924	  7
    5379.084	  7
    5379.246	  7
    5379.408	  7
    5379.590	  7
    5379.752	  7
    5379.914	  7
    5380.320	  7
    5380.446	  7
    5380.592	  7
    5380.748	  7
    5380.914	  7
    5381.100	  7
    5381.258	  7
    5381.422	  7
    5381.588	  7
    5381.752	  7
    5381.918	  7
    5382.084	  7
    5382.266	  7
    5382.410	  7
    5382.558	  7
    5382.716	  7
    5382.866	  7
    5383.034	  7
    5383.194	  7
    5383.360	  7
    5383.556	  7
    5383.730	  7
    5383.948	  7
    5384.100	  7
    5384.260	  7
    5384.408	  7
    5384.570	  7
    5384.738	  7
    5384.902	  7
    5385.072	  7
    5385.236	  7
    5385.414	  7
    5385.568	  7
    5385.712	  7
    5385.866	  7
    5386.030	  7
    5386.186	  7
    5386.336	  7
    5386.506	  7
    5386.700	  7
    5386.864	  7
    5387.032	  7
    5387.202	  7
    5387.366	  7
    5387.542	  7
    5387.702	  7
    5387.870	  7
    5388.044	  7
    5388.214	  7
    5388.380	  7
    5388.532	  7
    5388.700	  7
    5388.864	  7
    5389.040	  7
    5389.204	  7
    5389.362	  7
    5389.528	  7
    5389.716	  7
    5389.876	  7
    5390.036	  7
    5390.210	  7
    5390.392	  7
    5390.538	  7
    5390.714	  7
    5390.868	  7
    5391.036	  7
    5391.240	  7
    5391.380	  7
    5391.562	  7
    5391.930	  7
    5392.058	  7
    5392.194	  7
    5392.668	  7
    5393.074	  7
    5393.196	  7
    5393.380	  7
    5393.532	  7
    5393.960	  7
    5394.088	  7
    5394.264	  7
    5394.426	  7
    5394.592	  7
    5394.764	  7
    5394.948	  7
    5395.126	  7
    5395.286	  7
    5395.450	  7
    5395.610	  7
    5395.768	  7
    5395.942	  7
    5396.106	  7
    5396.302	  7
    5396.562	  7
    5396.676	  7
    5396.858	  7
    5397.016	  7
    5397.182	  7
    5397.340	  7
    5397.526	  7
    5397.736	  7
    5397.896	  7
    5398.056	  7
    5398.226	  7
    5398.414	  7
    5398.594	  7
    5398.744	  7
    5398.904	  7
    5399.076	  7
    5399.568	  7
    5399.684	  7
    5399.854	  7
    5400.020	  7
    5400.182	  7
    5400.346	  7
    5400.516	  7
    5400.690	  7
    5400.850	  7
    5401.014	  7
    5401.184	  7
    5401.380	  7
    5401.530	  7
    5401.694	  7
    5401.858	  7
    5402.028	  7
    5402.198	  7
    5402.368	  7
    5402.536	  7
    5402.728	  7
    5402.890	  7
    5403.042	  7
    5403.210	  7
    5403.440	  7
    5403.602	  7
    5403.772	  7
    5403.932	  7
    5404.104	  7
    5404.282	  7
    5404.460	  7
    5404.630	  7
    5404.802	  7
    5404.974	  7
    5405.144	  7
    5405.320	  7
    5405.492	  7
    5405.688	  7
    5405.848	  7
    5406.014	  7
    5406.188	  7
    5406.356	  7
    5406.588	  7
    5406.736	  7
    5406.898	  7
    5407.066	  7
    5407.242	  7
    5407.434	  7
    5407.604	  7
    5407.778	  7
    5407.946	  7
    5408.132	  7
    5408.326	  7
    5408.480	  7
    5408.652	  7
    5408.816	  7
    5408.970	  7
    5409.148	  7
    5409.324	  7
    5409.778	  7
    5409.886	  7
    5410.066	  7
    5410.226	  7
    5410.376	  7
    5410.554	  7
    5410.712	  7
    5410.884	  7
    5411.052	  7
    5411.228	  7
    5411.386	  7
    5411.558	  7
    5411.732	  7
    5411.950	  7
    5412.104	  7
    5412.278	  7
    5412.450	  7
    5412.622	  7
    5412.794	  7
    5412.960	  7
    5413.132	  7
    5413.298	  7
    5413.488	  7
    5413.642	  7
    5413.808	  7
    5413.976	  7
    5414.166	  7
    5414.330	  7
    5414.498	  7
    5414.674	  7
    5414.852	  7
    5415.002	  7
    5415.174	  7
    5415.358	  7
    5415.524	  7
    5415.696	  7
    5415.870	  7
    5416.040	  7
    5416.212	  7
    5416.406	  7
    5416.570	  7
    5416.746	  7
    5416.904	  7
    5417.430	  7
    5417.542	  7
    5417.690	  7
    5417.838	  7
    5417.994	  7
    5418.160	  7
    5418.344	  7
    5418.508	  7
    5418.674	  7
    5418.842	  7
    5419.014	  7
    5419.178	  7
    5419.352	  7
    5419.522	  7
    5419.694	  7
    5419.876	  7
    5420.028	  7
    5420.214	  7
    5420.376	  7
    5420.542	  7
    5420.716	  7
    5420.880	  7
    5421.056	  7
    5421.248	  7
    5421.420	  7
    5421.580	  7
    5421.758	  7
    5421.922	  7
    5422.078	  7
    5422.248	  7
    5422.418	  7
    5422.602	  7
    5422.768	  7
    5422.924	  7
    5423.080	  7
    5423.240	  7
    5423.406	  7
    5423.574	  7
    5423.764	  7
    5423.924	  7
    5424.080	  7
    5424.252	  7
    5424.408	  7
    5424.586	  7
    5424.762	  7
    5424.930	  7
    5425.102	  7
    5425.298	  7
    5425.440	  7
    5425.598	  7
    5425.802	  7
    5425.974	  7
    5426.152	  7
    5427.388	  7
    5427.516	  7
    5427.664	  7
    5427.828	  7
    5428.000	  7
    5428.168	  7
    5428.340	  7
    5428.506	  7
    5428.676	  7
    5428.846	  7
    5429.024	  7
    5429.192	  7
    5429.366	  7
    5429.536	  7
    5429.714	  7
    5429.888	  7
    5430.056	  7
    5430.232	  7
    5430.412	  7
    5430.578	  7
    5430.766	  7
    5430.934	  7
    5431.098	  7
    5431.264	  7
    5431.438	  7
    5431.616	  7
    5431.802	  7
    5431.970	  7
    5432.128	  7
    5432.288	  7
    5432.464	  7
    5432.634	  7
    5432.832	  7
    5432.996	  7
    5433.156	  7
    5433.322	  7
    5433.488	  7
    5433.654	  7
    5433.816	  7
    5434.000	  7
    5434.148	  7
    5434.302	  7
    5434.466	  7
    5434.660	  7
    5434.804	  7
    5434.962	  7
    5435.122	  7
    5435.286	  7
    5435.462	  7
    5435.650	  7
    5435.812	  7
    5435.972	  7
    5436.134	  7
    5436.306	  7
    5436.474	  7
    5436.660	  7
    5436.828	  7
    5437.002	  7
    5437.158	  7
    5437.336	  7
    5437.504	  7
    5437.668	  7
    5437.832	  7
    5438.026	  7
    5438.186	  7
    5438.348	  7
    5438.548	  7
    5438.714	  7
    5438.880	  7
    5439.044	  7
    5439.210	  7
    5439.376	  7
    5439.566	  7
    5439.728	  7
    5439.896	  7
    5440.076	  7
    5440.230	  7
    5440.408	  7
    5440.582	  7
    5440.744	  7
    5440.906	  7
    5441.070	  7
    5441.230	  7
    5441.398	  7
    5441.590	  7
    5441.734	  7
    5441.900	  7
    5442.058	  7
    5442.256	  7
    5442.412	  7
    5442.570	  7
    5442.714	  7
    5442.844	  7
    5442.998	  7
    5443.176	  7
    5443.338	  7
    5443.494	  7
    5443.658	  7
    5443.828	  7
    5444.008	  7
    5444.172	  7
    5444.338	  7
    5444.506	  7
    5444.694	  7
    5444.844	  7
    5445.018	  7
    5445.176	  7
    5445.344	  7
    5445.520	  7
    5445.680	  7
    5445.878	  7
    5446.028	  7
    5446.182	  7
    5446.352	  7
    5446.716	  7
    5446.882	  7
    5447.050	  7
    5447.230	  7
    5447.394	  7
    5447.572	  7
    5447.736	  7
    5447.922	  7
    5448.076	  7
    5448.246	  7
    5448.416	  7
    5448.582	  7
    5448.760	  7
    5448.938	  7
    5449.128	  7
    5449.292	  7
    5449.442	  7
    5449.606	  7
    5449.764	  7
    5449.916	  7
    5450.078	  7
    5450.232	  7
    5450.400	  7
    5450.580	  7
    5450.740	  7
    5450.908	  7
    5451.080	  7
    5451.250	  7
    5451.412	  7
    5451.472	 53
    5451.586	  7
    5451.770	  7
    5451.928	  7
    5452.108	  7
    5452.270	  7
    5452.428	  7
    5452.612	  7
    5452.788	  7
    5452.968	  7
    5453.150	  7
    5453.290	  7
    5453.444	  7
    5456.890	  8
    5456.890	 20
    5456.890	 27
    5456.900	 28
    5456.900	 19
    5457.000	 29
    5457.194	  9
    5477.020	 52
    5477.030	 18
    5530.110	  8
    5530.584	  8
    5531.600	  8
    5533.658	  8
    5536.542	  8
    5537.146	  8
    5537.270	  8
    5539.592	  8
    5539.936	  8
    5540.574	  8
    5542.440	  8
    5545.180	  8
    5546.366	  8
    5547.840	  8
    5550.732	  8
    5552.406	  8
    5554.214	  8
    5555.048	  8
    5557.388	  8
    5559.234	  8
    5561.206	  8
    5561.912	  8
    5562.182	  8
    5562.544	  8
    5563.054	  8
    5563.782	  8
    5564.894	  8
    5566.670	  8
    5568.546	  8
    5569.716	  8
    5570.780	  8
    5573.136	  8
    5577.838	  8
    5578.590	  8
    5579.970	  8
    5580.636	  8
    5581.822	  8
    5582.602	  8
    5583.694	  8
    5586.852	  8
    5588.030	  8
    5588.530	  8
    5590.264	  8
    5591.708	  8
    5592.236	  8
    5593.906	  8
    5595.352	  8
    5596.222	  8
    5597.030	 53
    5597.710	  8
    5597.710	 20
    5597.710	 27
    5597.720	 28
    5597.720	 19
    5597.820	 29
    5598.014	  9
    5616.162	  8
    5617.840	 52
    5617.850	 18
    5676.274	  8
    5677.498	  8
    5678.278	  8
    5678.660	  8
    5679.164	  8
    5680.156	  8
    5680.902	  8
    5681.090	  8
    5682.580	  8
    5683.912	  8
    5684.296	  8
    5685.448	  8
    5686.180	  8
    5690.440	  8
    5690.864	  8
    5691.634	  8
    5692.376	  8
    5693.132	  8
    5693.954	  8
    5696.068	  8
    5697.196	  8
    5698.616	  8
    5700.596	  8
    5701.334	  8
    5702.472	  8
    5703.732	  8
    5704.060	  8
    5704.254	  8
    5707.310	  8
    5707.466	  8
    5707.896	  8
    5708.038	  8
    5708.640	  8
    5711.966	  8
    5713.072	  8
    5714.608	  8
    5716.154	  8
    5718.830	  8
    5720.030	  8
    5720.444	  8
    5721.050	  8
    5721.106	  8
    5723.668	  8
    5725.272	  8
    5727.122	  8
    5729.870	  8
    5731.028	  8
    5731.226	  8
    5732.684	  8
    5736.920	  8
    5737.850	 53
    5738.656	  8
    5738.656	 20
    5738.656	 27
    5738.666	 28
    5738.666	 19
    5738.766	 29
    5738.960	  9
    5758.786	 50
    5758.796	 10
    5759.482	  3
    5761.318	  4
    5761.470	  3
    5763.456	  4
    5781.336	  8
    5781.848	  8
    5782.362	  8
    5782.972	  8
    5783.748	  8
    5783.932	  8
    5784.458	  8
    5784.998	  8
    5785.742	  8
    5786.206	  8
    5786.826	  8
    5787.332	  8
    5787.880	  8
    5788.444	  8
    5788.796	 53
    5788.828	  8
    5788.828	 20
    5788.828	 27
    5788.838	 28
    5788.838	 19
    5788.938	 29
    5789.132	  9
    5794.756	  8
    5795.064	  8
    5795.276	  8
    5795.534	  8
    5796.232	  8
    5796.508	  8
    5808.958	 51
    5808.968	 17
    5831.616	  7
    5832.204	  7
    5832.304	  7
    5832.430	  7
    5832.566	  7
    5832.718	  7
    5832.878	  7
    5833.032	  7
    5833.360	  7
    5833.474	  7
    5833.640	  7
    5833.794	  7
    5833.958	  7
    5834.116	  7
    5834.270	  7
    5834.428	  7
    5834.582	  7
    5834.746	  7
    5834.900	  7
    5835.056	  7
    5835.236	  7
    5835.376	  7
    5835.516	  7
    5835.678	  7
    5835.838	  7
    5835.994	  7
    5836.160	  7
    5836.338	  7
    5836.488	  7
    5836.640	  7
    5836.796	  7
    5836.960	  7
    5837.108	  7
    5837.288	  7
    5837.434	  7
    5837.586	  7
    5837.736	  7
    5837.896	  7
    5838.056	  7
    5838.216	  7
    5838.374	  7
    5838.550	  7
    5838.692	  7
    5838.848	  7
    5839.002	  7
    5839.142	  7
    5839.294	  7
    5839.476	  7
    5839.612	  7
    5839.762	  7
    5839.914	  7
    5840.062	  7
    5840.218	  7
    5840.366	  7
    5840.544	  7
    5840.678	  7
    5840.828	  7
    5840.988	  7
    5841.146	  7
    5841.302	  7
    5841.454	  7
    5841.612	  7
    5841.788	  7
    5841.936	  7
    5842.102	  7
    5842.254	  7
    5842.420	  7
    5842.584	  7
    5842.746	  7
    5842.926	  7
    5843.078	  7
    5843.232	  7
    5843.390	  7
    5843.550	  7
    5843.710	  7
    5843.862	  7
    5844.024	  7
    5844.202	  7
    5844.348	  7
    5844.512	  7
    5844.674	  7
    5844.830	  7
    5844.994	  7
    5845.150	  7
    5845.316	  7
    5845.498	  7
    5845.664	  7
    5845.814	  7
    5845.978	  7
    5846.136	  7
    5846.302	  7
    5846.466	  7
    5846.632	  7
    5846.796	  7
    5846.974	  7
    5868.968	 53
    5873.670	  7
    5873.834	  7
    5873.990	  7
    5874.160	  7
    5874.298	  7
    5874.446	  7
    5874.832	  7
    5874.938	  7
    5875.092	  7
    5875.264	  7
    5875.428	  7
    5875.592	  7
    5875.756	  7
    5876.010	  7
    5876.406	  7
    5876.540	  7
    5878.144	  8
    5878.144	 20
    5878.144	 27
    5878.154	 28
    5878.154	 19
    5878.254	 29
    5878.448	  9
    5898.274	 51
    5898.284	 17
    5931.294	  7
    5932.006	  7
    5932.114	  7
    5932.260	  7
    5932.422	  7
    5932.590	  7
    5932.790	  7
    5932.926	  7
    5933.090	  7
    5933.250	  7
    5933.416	  7
    5933.582	  7
    5933.924	  7
    5934.094	  7
    5934.266	  7
    5934.450	  7
    5934.606	  7
    5934.762	  7
    5934.926	  7
    5935.088	  7
    5935.258	  7
    5935.432	  7
    5935.614	  7
    5935.768	  7
    5936.098	  7
    5936.256	  7
    5936.414	  7
    5936.584	  7
    5936.758	  7
    5936.908	  7
    5937.062	  7
    5937.222	  7
    5937.380	  7
    5937.540	  7
    5937.702	  7
    5937.884	  7
    5938.036	  7
    5938.188	  7
    5938.352	  7
    5938.520	  7
    5938.686	  7
    5938.878	  7
    5939.038	  7
    5939.186	  7
    5939.348	  7
    5939.504	  7
    5939.668	  7
    5939.834	  7
    5940.000	  7
    5940.342	  7
    5940.494	  7
    5940.652	  7
    5940.814	  7
    5940.978	  7
    5941.134	  7
    5941.296	  7
    5941.496	  7
    5941.650	  7
    5941.808	  7
    5941.978	  7
    5942.144	  7
    5942.476	  7
    5942.666	  7
    5943.136	  7
    5943.306	  7
    5943.460	  7
    5943.638	  7
    5943.798	  7
    5943.952	  7
    5944.116	  7
    5944.272	  7
    5944.436	  7
    5944.600	  7
    5944.780	  7
    5944.940	  7
    5945.110	  7
    5945.258	  7
    5945.418	  7
    5945.588	  7
    5945.764	  7
    5945.954	  7
    5946.110	  7
    5946.272	  7
    5946.440	  7
    5946.600	  7
    5946.754	  7
    5946.948	  7
    5947.104	  7
    5947.264	  7
    5947.426	  7
    5947.598	  7
    5947.770	  7
    5947.936	  7
    5948.130	  7
    5948.284	  7
    5948.452	  7
    5948.612	  7
    5948.772	  7
    5948.942	  7
    5949.114	  7
    5949.294	  7
    5949.448	  7
    5949.608	  7
    5949.770	  7
    5949.932	  7
    5950.102	  7
    5950.262	  7
    5950.430	  7
    5950.588	  7
    5950.768	  7
    5950.922	  7
    5951.086	  7
    5951.256	  7
    5951.416	  7
    5951.576	  7
    5951.738	  7
    5951.894	  7
    5952.080	  7
    5958.284	 53
    5960.112	  7
    5960.244	  7
    5960.482	  7
    5960.620	  7
    5960.780	  7
    5960.960	  7
    5961.114	  7
    5961.280	  7
    5961.450	  7
    5961.618	  7
    5961.792	  7
    5961.952	  7
    5962.112	  7
    5962.582	  7
    5963.174	  7
    5965.012	  8
    5965.012	 20
    5965.012	 27
    5965.022	 28
    5965.022	 19
    5965.122	 29
    5965.318	  9
    5985.142	 52
    5985.152	 18
    6065.460	  8
    6105.152	 53
    6129.402	  8
    6129.402	 20
    6129.402	 27
    6129.412	 28
    6129.412	 19
    6129.512	 29
    6129.706	  9
    6149.532	 52
    6149.542	 18
    6153.296	  7
    6153.806	  7
    6154.770	  7
    6155.140	  7
    6168.412	  8
    6186.242	  3
    6188.352	  4
    6193.598	  3
    6193.976	  4
    6194.184	  3
    6195.434	  4
    6195.804	  3
    6196.644	  4
    6201.928	  8
    6202.506	  8
    6204.648	  8
    6205.304	  8
    6207.526	  8
    6210.158	  8
    6210.610	  8
    6214.650	  8
    6215.350	  8
    6218.024	  8
    6218.454	  8
    6219.840	  8
    6220.556	  8
    6220.978	  8
    6223.750	  8
    6224.820	  8
    6239.904	  8
    6240.210	  8
    6242.760	  8
    6252.554	  8
    6253.772	  8
    6255.070	  8
    6256.188	  8
    6256.552	  8
    6258.210	  8
    6259.120	  8
    6260.358	  8
    6261.038	  8
    6262.686	  8
    6264.508	  8
    6264.898	  8
    6265.312	  8
    6266.608	  8
    6268.132	  8
    6268.570	  8
    6269.542	 53
    6270.750	  8
    6270.750	 20
    6270.750	 27
    6270.760	 28
    6270.760	 19
    6270.860	 29
    6271.054	  9
    6290.880	 52
    6290.890	 18
    6348.374	  8
    6350.050	  8
    6351.046	  8
    6358.116	  8
    6364.872	  8
    6373.652	  8
    6376.418	  8
    6378.442	  8
    6383.432	  8
    6384.950	  8
    6386.492	  8
    6387.500	  8
    6389.188	  8
    6400.344	  8
    6404.608	  8
    6410.890	 53
    6412.456	  8
    6412.456	 20
    6412.456	 27
    6412.466	 28
    6412.466	 19
    6412.566	 29
    6412.698	  8
    6412.760	  9
    6432.586	 50
    6432.596	 10
    6447.970	  8
    6448.726	  8
    6449.704	  8
    6450.684	  8
    6451.110	  8
    6451.762	  8
    6452.720	  8
    6453.260	  8
    6454.004	  8
    6454.584	  8
    6455.016	  8
    6455.720	  8
    6456.286	  8
    6457.002	  8
    6457.844	  8
    6458.054	  8
    6458.802	  8
    6458.980	  8
    6459.212	  8
    6459.792	  8
    6460.218	  8
    6460.890	  8
    6461.438	  8
    6461.678	  8
    6462.124	  8
    6462.556	  8
    6462.596	 53
    6463.788	  8
    6463.788	 20
    6463.788	 27
    6463.798	 28
    6463.798	 19
    6463.898	 29
    6464.092	  9
    6483.918	 51
    6483.928	 17
    6533.874	  8
    6535.238	  8
    6536.262	  8
    6537.250	  8
    6538.628	  8
    6539.390	  8
    6540.006	  8
    6540.610	  8
    6541.458	  8
    6543.030	  8
    6543.928	 53
    6544.098	  8
    6544.098	 20
    6544.098	 27
    6544.108	 28
    6544.108	 19
    6544.208	 29
    6544.646	  9
    6546.280	  8
    6564.228	 52
    6564.238	 18
    6684.238	 53
    6685.704	  8
    6685.704	 20
    6685.704	 27
    6685.714	 28
    6685.714	 19
    6685.814	 29
    6686.008	  9
    6705.834	 52
    6705.844	 18
    6812.524	  8
    6825.844	 53
    6874.430	  8
    6874.430	 20
    6874.430	 27
    6874.440	 28
    6874.440	 19
    6874.540	 29
    6874.734	  9
    6894.560	 52
    6894.570	 18
    7014.570	 53
    7376.690	  8
    7376.690	 20
    7376.690	 27
    7376.700	 28
    7376.700	 19
    7376.800	 29
    7376.832	  8
    7376.994	  9
    7396.820	 50
    7396.830	 10
    7411.032	  8
    7411.290	  8
    7412.044	  8
    7412.794	  8
    7413.768	  8
    7414.358	  8
    7415.782	  8
    7417.092	  8
    7417.792	  8
    7418.304	  8
    7418.916	  8
    7419.470	  8
    7420.000	  8
    7420.958	  8
    7422.202	  8
    7422.452	  8
    7422.548	  8
    7423.544	  8
    7424.336	  8
    7425.016	  8
    7426.042	  8
    7426.638	  8
    7426.778	  8
    7426.830	 53
    7427.338	  8
    7427.338	 20
    7427.338	 27
    7427.348	 28
    7427.348	 19
    7427.448	 29
    7427.458	 61
