      20.010	 52
      20.020	 10
      28.662	  8
      28.828	  8
      46.002	  8
      46.250	  8
      46.604	  8
      82.564	  8
      83.548	  8
      83.788	  8
      83.988	  8
     105.878	  8
     106.198	  8
     126.168	  8
     140.020	 53
     149.160	  8
     149.160	 20
     149.160	 27
     149.170	 28
     149.170	 19
     149.270	 29
     149.462	  9
     149.600	  8
     151.234	  8
     169.290	 52
     169.300	 10
     178.326	  7
     178.424	  7
     178.566	  7
     178.686	  7
     178.818	  7
     178.954	  7
     179.088	  7
     179.232	  7
     179.364	  7
     179.504	  7
     179.644	  7
     179.784	  7
     179.918	  7
     180.060	  7
     180.204	  7
     180.344	  7
     180.488	  7
     180.622	  7
     180.784	  7
     180.912	  7
     181.044	  7
     181.190	  7
     181.340	  7
     181.468	  7
     181.640	  7
     181.766	  7
     181.906	  7
     182.048	  7
     182.190	  7
     182.330	  7
     182.496	  7
     182.614	  7
     182.746	  7
     182.890	  7
     183.038	  7
     183.212	  7
     183.350	  7
     183.488	  7
     183.632	  7
     183.780	  7
     183.948	  7
     184.086	  7
     184.222	  7
     184.366	  7
     184.530	  7
     184.660	  7
     184.794	  7
     184.930	  7
     185.104	  7
     185.236	  7
     185.380	  7
     185.522	  7
     185.684	  7
     185.816	  7
     185.966	  7
     186.124	  7
     186.266	  7
     186.414	  7
     186.578	  7
     186.716	  7
     186.860	  7
     187.002	  7
     187.164	  7
     187.308	  7
     187.452	  7
     187.604	  7
     187.756	  7
     187.894	  7
     188.062	  7
     188.194	  7
     188.340	  7
     188.488	  7
     188.632	  7
     188.796	  7
     188.924	  7
     189.072	  7
     189.224	  7
     189.382	  7
     189.520	  7
     189.664	  7
     189.812	  7
     189.958	  7
     190.106	  7
     190.278	  7
     190.402	  7
     190.544	  7
     190.698	  7
     190.864	  7
     190.990	  7
     191.136	  7
     191.286	  7
     191.418	  7
     191.556	  7
     191.722	  7
     191.852	  7
     191.996	  7
     192.138	  7
     192.282	  7
     192.418	  7
     192.568	  7
     192.710	  7
     192.876	  7
     192.996	  7
     193.138	  7
     193.294	  7
     193.432	  7
     193.574	  7
     193.732	  7
     193.864	  7
     194.006	  7
     194.150	  7
     194.284	  7
     194.444	  7
     194.578	  7
     194.728	  7
     221.794	  8
     222.100	  8
     222.378	  8
     233.910	  8
     234.226	  8
     234.578	  8
     234.954	  8
     235.284	  8
     242.690	  8
     243.242	  8
     245.644	  8
     246.176	  8
     246.640	  8
     248.808	  8
     249.916	  8
     250.400	  8
     250.500	  8
     250.786	  8
     251.124	  8
     251.312	  8
     251.384	  8
     253.980	  8
     254.302	  8
     254.704	  8
     255.264	  8
     255.576	  8
     256.798	  8
     257.176	  8
     257.540	  8
     259.638	  8
     260.876	  8
     261.222	  8
     261.488	  8
     261.772	  8
     262.084	  8
     262.282	  8
     262.336	  8
     262.594	  8
     262.762	  8
     263.064	  8
     264.470	  8
     264.870	  8
     265.096	  8
     267.498	  8
     267.880	  8
     269.120	  8
     269.360	  8
     269.910	  8
     270.016	  8
     270.596	  8
     273.940	  8
     274.206	  8
     274.274	  8
     274.676	  8
     274.894	  8
     275.040	  8
     275.298	  8
     275.452	  8
     275.904	  8
     276.266	  8
     278.594	  8
     278.886	  8
     279.134	  8
     279.516	  8
     280.076	  8
     280.482	  8
     280.794	  8
     281.634	  8
     281.784	  8
     282.138	  8
     282.626	  8
     284.578	  8
     284.838	  8
     285.686	  8
     286.266	  8
     286.590	  8
     287.116	  8
     289.300	 53
     289.528	  8
     289.528	 20
     289.528	 27
     289.538	 28
     289.538	 19
     289.638	 29
     289.830	  8
     291.314	  8
     292.276	  8
     297.986	  8
     298.060	  8
     309.658	 52
     309.668	 10
     337.388	  8
     337.480	  8
     339.064	  7
     339.164	  7
     339.278	  7
     339.404	  7
     339.544	  7
     339.684	  7
     339.824	  7
     339.964	  7
     340.100	  7
     340.240	  7
     340.374	  7
     340.506	  7
     340.640	  7
     340.766	  7
     340.926	  7
     341.046	  7
     341.178	  7
     341.314	  7
     341.450	  7
     341.586	  7
     341.748	  7
     341.876	  7
     342.000	  7
     342.132	  7
     342.272	  7
     342.436	  7
     342.562	  7
     342.692	  7
     342.828	  7
     342.964	  7
     343.100	  7
     343.268	  7
     343.396	  7
     343.534	  7
     343.668	  7
     343.810	  7
     343.976	  7
     344.108	  7
     344.246	  7
     344.380	  7
     344.536	  7
     344.676	  7
     344.816	  7
     344.962	  7
     345.096	  7
     345.266	  7
     345.392	  7
     345.524	  7
     345.664	  7
     345.804	  7
     345.944	  7
     346.074	  7
     346.234	  7
     346.362	  7
     346.496	  7
     346.630	  7
     346.768	  7
     346.900	  7
     347.036	  7
     347.178	  7
     347.334	  7
     369.262	  8
     369.418	  8
     369.620	  8
     369.972	  8
     370.288	  8
     370.390	  8
     370.616	  8
     376.330	  8
     376.490	  8
     376.800	  8
     377.512	  8
     378.534	  8
     383.370	  8
     383.538	  8
     383.752	  8
     384.080	  8
     384.554	  8
     384.758	  8
     391.180	  8
     391.308	  8
     391.438	  8
     391.712	  8
     392.254	  8
     394.478	  8
     394.672	  8
     394.974	  8
     395.336	  8
     395.812	  8
     396.228	  8
     396.942	  8
     398.216	  8
     398.310	  8
     400.368	  8
     400.592	  8
     401.278	  8
     401.702	  8
     401.814	  8
     401.888	  8
     404.136	  8
     404.388	  8
     404.788	  8
     405.818	  8
     406.298	  8
     407.778	  8
     408.118	  8
     409.014	  8
     409.284	  8
     409.800	  8
     410.238	  8
     410.618	  8
     410.786	  8
     411.322	  8
     412.102	  8
     412.720	  8
     413.772	  8
     414.446	  8
     416.644	  8
     418.320	  8
     418.642	  8
     418.784	  8
     419.052	  8
     419.266	  8
     421.112	  8
     426.162	  8
     426.482	  8
     426.724	  8
     427.000	  8
     427.338	  8
     427.630	  8
     427.916	  8
     428.232	  8
     428.410	  8
     428.594	  8
     429.084	  8
     429.214	  8
     429.668	 53
     430.422	  8
     430.422	 20
     430.422	 27
     430.432	 28
     430.432	 19
     430.532	 29
     430.724	  9
     430.816	  8
     450.552	 51
     450.562	 18
     471.908	  8
     472.036	  8
     472.198	  8
     510.562	 53
     516.920	  8
     516.920	 20
     516.920	 27
     516.930	 28
     516.930	 19
     517.030	 29
     517.216	  8
     517.222	  9
     535.450	  8
     537.050	 51
     537.060	 18
     576.222	  8
     576.522	  8
     576.832	  8
     577.102	  8
     577.324	  8
     580.698	  8
     582.226	  8
     584.214	  8
     584.446	  8
     584.800	  8
     585.300	  8
     585.646	  8
     586.004	  8
     586.298	  8
     586.518	  8
     587.134	  8
     587.938	  8
     588.156	  8
     590.876	  8
     591.104	  8
     591.678	  8
     591.996	  8
     592.302	  8
     594.546	  8
     594.674	  8
     595.052	  8
     595.302	  8
     595.614	  8
     595.820	  8
     596.192	  8
     596.538	  8
     596.640	  8
     597.060	 53
     597.298	  8
     597.298	 20
     597.298	 27
     597.308	 28
     597.308	 19
     597.408	 29
     597.600	  9
     597.714	  8
     600.048	  8
     617.428	 51
     617.438	 18
     621.824	  8
     622.080	  8
     622.838	  8
     623.228	  8
     623.620	  8
     624.302	  8
     625.008	  8
     626.162	  8
     633.918	  8
     639.640	  8
     639.834	  8
     642.642	  8
     642.814	  8
     643.210	  8
     643.456	  8
     644.048	  8
     644.444	  8
     644.816	  8
     645.206	  8
     645.366	  8
     645.790	  8
     646.514	  8
     646.616	  8
     646.812	  8
     647.088	  8
     647.478	  8
     647.658	  8
     648.982	  8
     649.254	  8
     649.526	  8
     650.058	  8
     650.360	  8
     650.768	  8
     651.306	  8
     651.758	  8
     651.892	  8
     652.078	  8
     652.398	  8
     653.002	  8
     653.296	  8
     653.580	  8
     653.978	  8
     654.658	  8
     654.826	  8
     655.008	  8
     657.074	  8
     657.882	  8
     658.740	  8
     659.284	  8
     659.598	  8
     659.902	  8
     659.968	  8
     660.024	  8
     660.214	  8
     661.636	  8
     661.904	  8
     662.484	  8
     662.882	  8
     664.154	  8
     664.336	  8
     664.494	  8
     664.802	  8
     665.646	  8
     665.954	  8
     666.468	  8
     666.828	  8
     667.188	  8
     667.542	  8
     667.920	  8
     668.230	  8
     668.432	  8
     670.278	  8
     670.470	  8
     671.020	  8
     671.484	  8
     671.788	  8
     672.080	  8
     672.858	  8
     674.920	  8
     675.150	  8
     675.396	  8
     675.722	  8
     677.438	 53
     677.720	  8
     677.720	 20
     677.720	 27
     677.730	 28
     677.730	 19
     677.830	 29
     678.022	  9
     678.108	  8
     697.850	 51
     697.860	 18
     734.598	  8
     734.856	  8
     744.324	  8
     744.452	  8
     744.704	  8
     745.238	  8
     745.554	  8
     757.860	 53
     771.824	  8
     771.824	 20
     771.824	 27
     771.834	 28
     771.834	 19
     771.934	 29
     772.126	  9
     772.228	  8
     791.954	 50
     791.964	 17
     800.884	  8
     806.586	  8
     806.792	  8
     808.592	  8
     809.554	  8
     809.856	  8
     810.178	  8
     810.416	  8
     810.866	  8
     811.680	  8
     812.482	  8
     814.932	  8
     815.372	  8
     815.620	  8
     816.060	  8
     816.210	  8
     816.340	  8
     816.816	  8
     817.500	  8
     818.162	  8
     818.926	  8
     819.070	  8
     819.410	  8
     820.696	  8
     821.048	  8
     821.430	  8
     821.730	  8
     821.964	 53
     822.696	  8
     822.696	 20
     822.696	 27
     822.706	 28
     822.706	 19
     822.806	 29
     822.908	  8
     822.996	  9
     823.156	  8
     824.538	  8
     842.826	 52
     842.836	 10
     857.952	  8
     858.758	  8
     908.440	  8
     908.648	  8
     909.206	  8
     909.692	  8
     922.984	  8
     924.016	  8
     937.644	  8
     937.834	  8
     938.112	  8
     938.218	  8
     938.884	  8
     938.940	  8
     939.106	  8
     939.498	  8
     939.940	  8
     940.228	  8
     944.300	  7
     944.390	  7
     944.514	  7
     944.640	  7
     944.782	  7
     944.926	  7
     945.066	  7
     945.214	  7
     945.356	  7
     945.502	  7
     945.648	  7
     945.794	  7
     945.942	  7
     946.106	  7
     946.244	  7
     946.390	  7
     946.552	  7
     946.702	  7
     946.838	  7
     946.978	  7
     947.158	  7
     947.290	  7
     947.426	  7
     947.580	  7
     947.726	  7
     947.898	  7
     948.030	  7
     948.180	  7
     948.322	  7
     948.486	  7
     948.660	  7
     948.790	  7
     948.946	  7
     949.106	  7
     949.268	  7
     949.428	  7
     949.556	  7
     949.736	  7
     949.876	  7
     950.022	  7
     950.166	  7
     950.312	  7
     950.464	  7
     950.610	  7
     950.764	  7
     950.914	  7
     951.084	  7
     951.214	  7
     951.370	  7
     951.512	  7
     951.692	  7
     951.826	  7
     951.968	  7
     952.114	  7
     952.272	  7
     952.412	  7
     952.590	  7
     952.730	  7
     952.874	  7
     953.018	  7
     953.172	  7
     953.346	  7
     953.478	  7
     953.624	  7
     953.768	  7
     953.926	  7
     954.076	  7
     954.236	  7
     954.370	  7
     954.516	  7
     954.662	  7
     954.818	  7
     954.964	  7
     955.138	  7
     955.270	  7
     955.412	  7
     955.564	  7
     955.706	  7
     955.876	  7
     956.006	  7
     956.154	  7
     956.298	  7
     956.474	  7
     956.614	  7
     956.756	  7
     956.920	  7
     957.060	  7
     957.206	  7
     957.380	  7
     957.524	  7
     957.692	  7
     957.826	  7
     957.978	  7
     958.148	  7
     958.292	  7
     958.438	  7
     958.590	  7
     958.770	  7
     958.904	  7
     959.050	  7
     959.228	  7
     959.358	  7
     959.502	  7
     959.654	  7
     959.806	  7
     959.968	  7
     960.134	  7
     960.274	  7
     960.416	  7
     960.580	  7
     960.718	  7
     960.880	  7
     961.028	  7
     961.180	  7
     961.350	  7
     961.492	  7
     961.638	  7
     961.814	  7
     961.954	  7
     962.110	  7
     962.256	  7
     962.434	  7
     962.568	  7
     962.716	  7
     962.836	 53
     962.890	  7
     963.026	  7
     963.180	  7
     963.322	  7
     963.498	  7
     963.638	  7
     963.796	  7
     963.940	  7
     964.094	  7
     964.242	  7
     964.426	  7
     964.560	  7
     964.706	  7
     964.858	  7
     965.018	  7
     965.198	  7
     965.334	  7
     965.488	  7
     965.670	  7
     965.798	  7
     965.936	  7
     966.082	  7
     966.268	  7
     966.410	  7
     966.558	  7
     966.702	  7
     966.886	  7
     967.018	  7
     967.166	  7
     967.324	  7
     967.488	  7
     967.670	  7
     967.800	  7
     967.946	  7
     968.096	  7
     968.254	  7
     968.406	  7
     968.582	  7
     968.716	  7
     968.868	  7
     969.024	  7
     969.204	  7
     969.342	  7
     969.498	  7
     969.646	  7
     969.810	  7
     969.958	  7
     970.136	  7
     970.272	  7
     970.422	  7
     970.574	  7
     970.752	  7
     970.884	  7
     971.048	  7
     971.202	  7
     971.352	  7
     971.536	  7
     971.674	  7
     971.828	  7
     971.984	  7
     972.168	  7
     972.306	  7
     972.460	  7
     972.644	  7
     972.786	  7
     972.938	  7
     973.092	  7
     973.250	  7
     973.414	  7
     973.566	  7
     973.706	  7
     973.866	  7
     974.052	  7
     974.186	  7
     974.336	  7
     974.482	  7
     974.634	  7
     974.814	  7
     974.950	  7
     975.098	  7
     975.252	  7
     975.414	  7
     975.594	  7
     975.732	  7
     975.878	  7
     976.024	  7
     976.204	  7
     976.338	  7
     976.488	  7
     976.638	  7
     976.784	  7
     976.970	  7
     977.102	  7
     977.252	  7
     977.402	  7
     977.586	  7
     977.718	  7
     977.864	  7
     978.014	  7
     978.200	  7
     978.324	  7
     980.010	  8
     980.010	 20
     980.010	 27
     980.020	 28
     980.020	 19
     980.120	 29
     980.230	  9
     980.276	  8
    1000.140	 52
    1000.150	 10
    1017.896	  8
    1021.710	  8
    1024.616	  7
    1024.730	  7
    1024.860	  7
    1025.004	  7
    1025.162	  7
    1025.458	  7
    1025.612	  7
    1025.774	  7
    1025.910	  7
    1026.054	  7
    1026.198	  7
    1026.350	  7
    1026.512	  7
    1026.654	  7
    1026.794	  7
    1026.934	  7
    1027.078	  7
    1027.232	  7
    1027.382	  7
    1027.564	  7
    1027.700	  7
    1027.830	  7
    1027.978	  7
    1028.122	  7
    1028.266	  7
    1028.420	  7
    1028.572	  7
    1028.740	  7
    1028.868	  7
    1029.010	  7
    1029.150	  7
    1029.298	  7
    1029.458	  7
    1029.604	  7
    1029.772	  7
    1029.906	  7
    1030.050	  7
    1030.190	  7
    1030.334	  7
    1030.478	  7
    1030.632	  7
    1030.780	  7
    1030.936	  7
    1031.116	  7
    1031.256	  7
    1031.400	  7
    1031.546	  7
    1031.696	  7
    1031.850	  7
    1032.024	  7
    1032.160	  7
    1032.306	  7
    1032.450	  7
    1032.608	  7
    1032.780	  7
    1032.914	  7
    1033.056	  7
    1033.202	  7
    1033.354	  7
    1033.506	  7
    1033.662	  7
    1033.808	  7
    1033.970	  7
    1034.106	  7
    1034.254	  7
    1034.408	  7
    1034.562	  7
    1034.708	  7
    1034.856	  7
    1035.008	  7
    1035.176	  7
    1035.316	  7
    1035.466	  7
    1035.616	  7
    1035.762	  7
    1035.930	  7
    1036.070	  7
    1036.210	  7
    1036.356	  7
    1036.500	  7
    1036.674	  7
    1036.808	  7
    1036.956	  7
    1037.094	  7
    1037.240	  7
    1037.418	  7
    1037.554	  7
    1037.698	  7
    1037.844	  7
    1037.986	  7
    1038.140	  7
    1038.320	  7
    1038.450	  7
    1038.596	  7
    1038.744	  7
    1038.890	  7
    1039.044	  7
    1039.190	  7
    1039.356	  7
    1039.486	  7
    1039.630	  7
    1039.766	  7
    1039.918	  7
    1040.096	  7
    1040.226	  7
    1040.372	  7
    1040.552	  7
    1040.690	  7
    1040.834	  7
    1040.986	  7
    1041.136	  7
    1041.306	  7
    1041.440	  7
    1041.586	  7
    1041.734	  7
    1041.914	  7
    1042.046	  7
    1042.190	  7
    1042.336	  7
    1042.518	  7
    1042.648	  7
    1042.802	  7
    1042.944	  7
    1043.122	  7
    1043.258	  7
    1043.396	  7
    1043.536	  7
    1043.694	  7
    1043.844	  7
    1043.996	  7
    1044.172	  7
    1044.304	  7
    1044.446	  7
    1044.596	  7
    1044.754	  7
    1044.904	  7
    1045.050	  7
    1045.204	  7
    1045.370	  7
    1045.510	  7
    1045.660	  7
    1045.842	  7
    1045.974	  7
    1046.128	  7
    1046.284	  7
    1046.430	  7
    1046.598	  7
    1046.728	  7
    1046.874	  7
    1047.016	  7
    1047.196	  7
    1047.328	  7
    1047.482	  7
    1047.640	  7
    1047.780	  7
    1047.958	  7
    1048.088	  7
    1048.240	  7
    1048.392	  7
    1048.546	  7
    1048.724	  7
    1048.856	  7
    1049.006	  7
    1049.152	  7
    1049.298	  7
    1049.482	  7
    1049.602	  7
    1049.748	  7
    1049.900	  7
    1050.050	  7
    1050.216	  7
    1050.356	  7
    1050.500	  7
    1050.638	  7
    1050.790	  7
    1050.950	  7
    1051.126	  7
    1051.260	  7
    1051.404	  7
    1051.548	  7
    1051.694	  7
    1051.880	  7
    1052.010	  7
    1052.150	  7
    1052.302	  7
    1052.458	  7
    1052.628	  7
    1052.758	  7
    1052.904	  7
    1053.054	  7
    1053.202	  7
    1053.342	  7
    1053.526	  7
    1053.654	  7
    1053.808	  7
    1053.950	  7
    1054.104	  7
    1054.252	  7
    1054.398	  7
    1054.550	  7
    1054.716	  7
    1054.858	  7
    1055.012	  7
    1055.162	  7
    1055.312	  7
    1056.888	  8
    1057.090	  8
    1057.348	  8
    1057.506	  8
    1057.754	  8
    1058.302	  8
    1058.936	  8
    1060.142	  8
    1066.112	  8
    1066.812	  8
    1067.608	  8
    1068.010	  8
    1092.890	  8
    1093.086	  8
    1093.500	  8
    1100.536	  8
    1100.910	  8
    1101.004	  8
    1101.216	  8
    1101.850	  8
    1102.894	  8
    1103.686	  8
    1103.956	  8
    1104.514	  8
    1104.642	  8
    1105.132	  8
    1105.636	  8
    1106.240	  8
    1107.478	  8
    1108.018	  8
    1108.190	  8
    1109.210	  8
    1109.790	  8
    1111.242	  8
    1111.608	  8
    1112.364	  8
    1112.628	  8
    1113.278	  8
    1113.856	  8
    1114.028	  8
    1116.088	  8
    1116.260	  8
    1116.490	  8
    1116.800	  8
    1117.482	  8
    1117.776	  8
    1118.722	  8
    1119.002	  8
    1119.276	  8
    1119.420	  8
    1120.150	 53
    1120.166	  8
    1120.166	 20
    1120.166	 27
    1120.176	 28
    1120.176	 19
    1120.276	 29
    1120.468	  9
    1120.624	  8
    1140.296	 52
    1140.306	 10
    1156.158	  7
    1156.246	  7
    1156.402	  7
    1156.556	  7
    1156.712	  7
    1156.870	  7
    1157.032	  7
    1157.180	  7
    1157.326	  7
    1157.466	  7
    1157.610	  7
    1157.754	  7
    1157.918	  7
    1158.062	  7
    1158.202	  7
    1158.354	  7
    1158.496	  7
    1158.642	  7
    1158.794	  7
    1158.944	  7
    1159.094	  7
    1159.268	  7
    1159.420	  7
    1159.560	  7
    1159.704	  7
    1159.846	  7
    1159.988	  7
    1160.126	  7
    1160.266	  7
    1160.440	  7
    1160.566	  7
    1160.708	  7
    1160.854	  7
    1160.998	  7
    1161.178	  7
    1161.304	  7
    1161.446	  7
    1161.592	  7
    1161.744	  7
    1161.884	  7
    1162.056	  7
    1162.188	  7
    1162.330	  7
    1162.474	  7
    1162.620	  7
    1162.770	  7
    1162.914	  7
    1163.082	  7
    1163.212	  7
    1163.364	  7
    1163.514	  7
    1163.654	  7
    1163.798	  7
    1163.976	  7
    1164.104	  7
    1164.250	  7
    1164.396	  7
    1164.530	  7
    1164.684	  7
    1164.838	  7
    1165.016	  7
    1165.158	  7
    1165.300	  7
    1165.452	  7
    1165.612	  7
    1165.784	  7
    1165.904	  7
    1166.048	  7
    1166.196	  7
    1166.344	  7
    1166.484	  7
    1166.630	  7
    1166.784	  7
    1166.932	  7
    1167.072	  7
    1167.234	  7
    1167.378	  7
    1167.524	  7
    1167.668	  7
    1167.824	  7
    1167.972	  7
    1168.112	  7
    1168.278	  7
    1168.410	  7
    1168.554	  7
    1168.702	  7
    1168.850	  7
    1168.996	  7
    1169.142	  7
    1169.328	  7
    1169.454	  7
    1169.598	  7
    1169.744	  7
    1169.898	  7
    1170.044	  7
    1170.202	  7
    1170.352	  7
    1170.502	  7
    1170.672	  7
    1170.812	  7
    1170.958	  7
    1171.104	  7
    1171.270	  7
    1171.410	  7
    1171.588	  7
    1171.714	  7
    1171.870	  7
    1172.026	  7
    1172.182	  7
    1172.334	  7
    1172.488	  7
    1172.670	  7
    1172.802	  7
    1172.956	  7
    1173.100	  7
    1173.252	  7
    1173.404	  7
    1173.562	  7
    1173.710	  7
    1173.836	  7
    1173.986	  7
    1174.120	  7
    1174.596	  7
    1174.718	  7
    1174.854	  7
    1174.988	  7
    1175.152	  7
    1175.286	  7
    1175.432	  7
    1175.576	  7
    1175.722	  7
    1175.874	  7
    1176.022	  7
    1176.178	  7
    1176.324	  7
    1176.488	  7
    1176.620	  7
    1176.762	  7
    1176.914	  7
    1177.040	  7
    1177.184	  7
    1177.330	  7
    1177.476	  7
    1177.632	  7
    1177.780	  7
    1177.946	  7
    1178.116	  7
    1178.254	  7
    1178.396	  7
    1178.542	  7
    1178.698	  7
    1178.842	  7
    1178.992	  7
    1179.128	  7
    1179.274	  7
    1179.422	  7
    1179.560	  7
    1179.708	  7
    1179.856	  7
    1180.014	  7
    1180.156	  7
    1180.302	  7
    1180.430	  7
    1180.582	  7
    1180.720	  7
    1180.872	  7
    1181.016	  7
    1181.164	  7
    1181.312	  7
    1181.478	  7
    1181.612	  7
    1181.754	  7
    1181.904	  7
    1182.050	  7
    1182.196	  7
    1182.350	  7
    1182.492	  7
    1182.662	  7
    1182.792	  7
    1182.936	  7
    1183.094	  7
    1183.238	  7
    1183.392	  7
    1183.538	  7
    1183.692	  7
    1183.844	  7
    1183.996	  7
    1184.138	  7
    1184.284	  7
    1184.454	  7
    1184.580	  7
    1184.722	  7
    1184.870	  7
    1185.024	  7
    1185.174	  7
    1185.324	  7
    1185.482	  7
    1185.628	  7
    1185.798	  7
    1185.938	  7
    1186.082	  7
    1186.234	  7
    1186.388	  7
    1186.542	  7
    1186.708	  7
    1186.842	  7
    1186.992	  7
    1187.134	  7
    1187.332	  7
    1187.458	  7
    1187.600	  7
    1187.734	  7
    1187.880	  7
    1188.050	  7
    1188.182	  7
    1188.334	  7
    1188.486	  7
    1188.634	  7
    1188.802	  7
    1188.944	  7
    1189.094	  7
    1189.254	  7
    1189.390	  7
    1189.540	  7
    1189.678	  7
    1189.850	  7
    1189.978	  7
    1190.138	  7
    1190.290	  7
    1190.474	  7
    1190.614	  7
    1190.772	  7
    1190.926	  7
    1191.082	  7
    1191.238	  7
    1191.384	  7
    1191.560	  7
    1191.692	  7
    1191.840	  7
    1191.988	  7
    1192.146	  7
    1192.296	  7
    1192.448	  7
    1192.616	  7
    1192.750	  7
    1192.898	  7
    1193.062	  7
    1193.212	  7
    1193.392	  7
    1193.530	  7
    1193.676	  7
    1193.830	  7
    1193.984	  7
    1194.164	  7
    1194.302	  7
    1194.444	  7
    1194.600	  7
    1194.766	  7
    1194.900	  7
    1195.046	  7
    1195.206	  7
    1195.364	  7
    1195.520	  7
    1195.702	  7
    1195.834	  7
    1195.980	  7
    1196.120	  7
    1196.274	  7
    1196.430	  7
    1196.578	  7
    1196.748	  7
    1196.896	  7
    1197.052	  7
    1197.214	  7
    1197.364	  7
    1197.546	  7
    1197.678	  7
    1197.828	  7
    1197.990	  7
    1198.142	  7
    1198.292	  7
    1198.468	  7
    1198.604	  7
    1198.756	  7
    1198.908	  7
    1199.054	  7
    1199.230	  7
    1199.358	  7
    1199.512	  7
    1199.662	  7
    1199.812	  7
    1199.980	  7
    1200.156	  7
    1200.294	  7
    1200.440	  7
    1200.580	  7
    1200.728	  7
    1200.880	  7
    1201.030	  7
    1201.188	  7
    1201.342	  7
    1201.500	  7
    1201.668	  7
    1201.824	  7
    1201.982	  7
    1202.132	  7
    1202.290	  7
    1202.480	  7
    1202.614	  7
    1202.764	  7
    1202.924	  7
    1203.080	  7
    1203.228	  7
    1203.414	  7
    1203.554	  7
    1203.702	  7
    1203.860	  7
    1204.006	  7
    1204.174	  7
    1204.342	  7
    1204.494	  7
    1204.640	  7
    1204.814	  7
    1204.958	  7
    1205.110	  7
    1205.264	  7
    1205.442	  7
    1205.602	  7
    1205.784	  7
    1205.920	  7
    1206.074	  7
    1206.224	  7
    1206.386	  7
    1206.538	  7
    1206.722	  7
    1206.862	  7
    1207.016	  7
    1207.164	  7
    1207.324	  7
    1207.468	  7
    1207.636	  7
    1207.790	  7
    1207.950	  7
    1208.112	  7
    1208.264	  7
    1208.444	  7
    1208.590	  7
    1208.748	  7
    1208.910	  7
    1209.068	  7
    1209.238	  7
    1209.394	  7
    1209.574	  7
    1209.712	  7
    1209.864	  7
    1210.024	  7
    1210.190	  7
    1210.374	  7
    1210.512	  7
    1210.664	  7
    1210.810	  7
    1210.964	  7
    1211.112	  7
    1211.266	  7
    1211.422	  7
    1211.580	  7
    1211.766	  7
    1211.910	  7
    1212.064	  7
    1212.212	  7
    1212.394	  7
    1212.540	  7
    1212.688	  7
    1212.838	  7
    1212.998	  7
    1213.146	  7
    1213.320	  7
    1213.456	  7
    1213.610	  7
    1213.758	  7
    1213.918	  7
    1214.080	  7
    1214.264	  7
    1214.402	  7
    1214.564	  7
    1214.704	  7
    1214.856	  7
    1215.020	  7
    1215.174	  7
    1215.306	  7
    1215.464	  7
    1215.616	  7
    1215.760	  7
    1215.942	  7
    1216.084	  7
    1216.228	  7
    1216.382	  7
    1216.538	  7
    1216.684	  7
    1216.868	  7
    1217.008	  7
    1217.154	  7
    1217.304	  7
    1217.460	  7
    1217.612	  7
    1217.770	  7
    1217.920	  7
    1218.082	  7
    1218.228	  7
    1218.406	  7
    1218.552	  7
    1218.702	  7
    1218.844	  7
    1219.018	  7
    1219.166	  7
    1219.320	  7
    1219.504	  7
    1219.644	  7
    1219.800	  7
    1219.956	  7
    1220.124	  7
    1220.278	  7
    1220.440	  7
    1220.498	  7
    1220.630	  7
    1220.786	  7
    1220.942	  7
    1221.092	  7
    1221.258	  7
    1221.414	  7
    1221.568	  7
    1221.722	  7
    1221.898	  7
    1222.044	  7
    1222.200	  7
    1222.344	  7
    1222.504	  7
    1222.658	  7
    1222.808	  7
    1222.962	  7
    1223.112	  7
    1223.286	  7
    1223.420	  7
    1223.584	  7
    1223.740	  7
    1223.892	  7
    1224.068	  7
    1224.198	  7
    1224.342	  7
    1224.496	  7
    1224.638	  7
    1224.786	  7
    1224.934	  7
    1225.082	  7
    1225.228	  7
    1225.404	  7
    1225.534	  7
    1225.682	  7
    1225.828	  7
    1225.974	  7
    1226.124	  7
    1226.274	  7
    1226.454	  7
    1226.590	  7
    1226.742	  7
    1226.892	  7
    1227.052	  7
    1227.210	  7
    1227.394	  7
    1227.520	  7
    1227.674	  7
    1227.828	  7
    1227.984	  7
    1228.140	  7
    1228.296	  7
    1228.474	  7
    1228.610	  7
    1228.760	  7
    1228.914	  7
    1229.064	  7
    1229.224	  7
    1229.368	  7
    1229.520	  7
    1229.696	  7
    1232.276	  8
    1232.714	  8
    1233.906	  8
    1234.728	  8
    1236.112	  8
    1236.562	  8
    1236.882	  8
    1237.072	  8
    1237.438	  8
    1237.788	  8
    1237.920	  8
    1238.262	  8
    1238.884	  8
    1239.140	  8
    1256.818	  8
    1256.958	  8
    1257.388	  8
    1257.546	  8
    1257.814	  8
    1258.622	  8
    1259.062	  8
    1259.552	  8
    1260.252	  8
    1260.306	 53
    1260.648	  8
    1260.648	 20
    1260.648	 27
    1260.658	 28
    1260.658	 19
    1260.758	 29
    1260.942	  9
    1261.060	  8
    1280.778	 50
    1280.788	 17
    1310.168	  8
    1310.652	  8
    1310.788	 53
    1311.024	  8
    1311.024	 20
    1311.024	 27
    1311.034	 28
    1311.034	 19
    1311.134	 29
    1311.326	  9
    1311.538	  8
    1313.080	  8
    1314.348	  8
    1331.154	 50
    1331.164	 17
    1358.528	  8
    1358.674	  8
    1359.382	  8
    1359.870	  8
    1360.930	  8
    1361.164	 53
    1361.368	  8
    1361.368	 20
    1361.368	 27
    1361.378	 28
    1361.378	 19
    1361.478	 29
    1361.670	  9
    1361.706	  8
    1361.790	  8
    1381.498	 52
    1381.508	 10
    1386.890	  8
    1451.548	  8
    1451.806	  8
    1452.322	  8
    1453.028	  8
    1473.128	  8
    1473.350	  8
    1473.710	  8
    1474.122	  8
    1474.772	  8
    1476.108	  8
    1477.542	  8
    1477.710	  8
    1478.102	  8
    1479.646	  8
    1479.786	  8
    1480.122	  8
    1480.570	  8
    1480.884	  8
    1481.368	  8
    1481.756	  8
    1482.158	  8
    1483.086	  8
    1483.302	  8
    1483.572	  8
    1483.992	  8
    1484.074	  8
    1484.152	  8
    1484.548	  8
    1486.012	  8
    1486.162	  8
    1486.316	  8
    1486.594	  8
    1487.008	  8
    1487.350	  8
    1487.822	  8
    1487.984	  8
    1488.644	  8
    1489.720	  8
    1490.050	  8
    1490.926	  8
    1491.328	  8
    1491.466	  8
    1492.052	  8
    1492.306	  8
    1492.686	  8
    1493.430	  8
    1494.002	  8
    1494.684	  8
    1494.892	  8
    1495.404	  8
    1495.872	  8
    1496.584	  8
    1497.044	  8
    1498.712	  8
    1498.918	  8
    1499.736	  8
    1500.070	  8
    1500.630	  8
    1500.998	  8
    1501.080	  8
    1501.392	  8
    1501.508	 53
    1501.714	  8
    1501.714	 20
    1501.714	 27
    1501.724	 28
    1501.724	 19
    1501.824	 29
    1502.016	  9
    1502.140	  8
    1504.924	  8
    1505.150	  8
    1521.844	 51
    1521.854	 18
    1533.828	  7
    1534.160	  7
    1534.346	  7
    1534.548	  7
    1534.778	  7
    1535.714	  7
    1537.102	  7
    1548.442	  8
    1554.340	  8
    1554.754	  8
    1555.038	  8
    1555.430	  8
    1556.202	  8
    1557.152	  8
    1558.070	  8
    1558.930	  8
    1559.314	  8
    1559.612	  8
    1560.242	  8
    1560.606	  8
    1561.270	  8
    1561.590	  8
    1562.074	  8
    1562.374	  8
    1563.592	  8
    1564.462	  8
    1565.118	  8
    1565.596	  8
    1566.046	  8
    1566.204	  8
    1566.392	  8
    1566.614	  8
    1567.380	  8
    1567.732	  8
    1568.108	  8
    1568.432	  8
    1569.536	  8
    1570.192	  8
    1570.248	  8
    1570.772	  8
    1571.072	  8
    1571.892	  8
    1572.294	  8
    1572.786	  8
    1573.020	  8
    1574.012	  8
    1574.610	  8
    1574.882	  8
    1575.200	  8
    1575.542	  8
    1575.754	  8
    1576.016	  8
    1576.270	  8
    1577.568	  8
    1578.318	  8
    1578.784	  8
    1579.324	  8
    1579.622	  8
    1580.532	  8
    1580.844	  8
    1581.220	  8
    1581.854	 53
    1582.154	  8
    1582.154	 20
    1582.154	 27
    1582.164	 28
    1582.164	 19
    1582.264	 29
    1582.456	  9
    1582.562	  8
    1586.258	  8
    1587.526	  8
    1588.458	  8
    1602.284	 50
    1602.294	 17
    1629.170	  8
    1629.536	  8
    1630.690	  8
    1631.002	  8
    1631.252	  8
    1631.600	  8
    1631.942	  8
    1632.294	 53
    1632.404	  8
    1632.404	 20
    1632.404	 27
    1632.414	 28
    1632.414	 19
    1632.514	 29
    1632.676	  8
    1632.706	  9
    1652.534	 50
    1652.544	 17
    1682.544	 53
    1682.648	  8
    1682.648	 20
    1682.648	 27
    1682.658	 28
    1682.658	 19
    1682.758	 29
    1682.912	  8
    1682.950	  9
    1684.392	  8
    1702.778	 50
    1702.788	 17
    1731.538	  8
    1731.726	  8
    1732.788	 53
    1733.074	  8
    1733.074	 20
    1733.074	 27
    1733.084	 28
    1733.084	 19
    1733.184	 29
    1733.376	  9
    1753.204	 52
    1753.214	 10
    1768.024	  8
    1768.362	  8
    1825.762	  8
    1826.360	  8
    1827.260	  8
    1827.856	  8
    1828.540	  8
    1829.316	  8
    1830.110	  8
    1830.820	  8
    1832.086	  8
    1832.502	  8
    1841.020	  8
    1841.638	  8
    1844.982	  8
    1845.604	  8
    1845.888	  8
    1846.320	  8
    1847.608	  8
    1847.756	  8
    1848.096	  8
    1848.560	  8
    1848.772	  8
    1849.324	  8
    1849.668	  8
    1850.154	  8
    1850.596	  8
    1851.064	  8
    1851.412	  8
    1851.536	  8
    1852.440	  8
    1853.116	  8
    1853.478	  8
    1855.198	  8
    1855.410	  8
    1855.918	  8
    1856.406	  8
    1857.540	  8
    1858.042	  8
    1858.586	  8
    1858.830	  8
    1859.194	  8
    1860.178	  8
    1860.840	  8
    1861.746	  8
    1862.062	  8
    1862.346	  8
    1862.978	  8
    1863.470	  8
    1863.952	  8
    1865.218	  8
    1865.526	  8
    1865.636	  8
    1865.926	  8
    1866.324	  8
    1867.302	  8
    1868.372	  8
    1868.620	  8
    1869.598	  8
    1870.162	  8
    1870.446	  8
    1870.842	  8
    1872.488	  8
    1872.676	  8
    1872.908	  8
    1873.214	 53
    1873.278	  8
    1873.278	 20
    1873.278	 27
    1873.288	 28
    1873.288	 19
    1873.388	 29
    1873.580	  9
    1873.724	  8
    1877.158	  8
    1893.408	 51
    1893.418	 18
    1935.296	  8
    1935.802	  8
    1936.782	  8
    1937.686	  8
    1938.138	  8
    1938.662	  8
    1942.508	  8
    1943.002	  8
    1944.026	  8
    1944.106	  8
    1944.436	  8
    1944.916	  8
    1945.570	  8
    1945.912	  8
    1946.278	  8
    1946.860	  8
    1947.278	  8
    1947.736	  8
    1948.046	  8
    1948.376	  8
    1948.758	  8
    1949.292	  8
    1949.610	  8
    1950.722	  8
    1951.000	  8
    1951.554	  8
    1952.020	  8
    1952.402	  8
    1952.972	  8
    1953.206	  8
    1953.418	 53
    1954.302	  8
    1954.302	 20
    1954.302	 27
    1954.312	 28
    1954.312	 19
    1954.412	 29
    1954.604	  9
    1954.616	  8
    1954.930	  8
    1974.432	 52
    1974.442	 10
    1977.986	  8
    1980.960	  7
    1981.060	  7
    1981.188	  7
    1981.332	  7
    1981.486	  7
    1981.644	  7
    1981.796	  7
    1981.952	  7
    1982.102	  7
    1982.250	  7
    1982.400	  7
    1982.566	  7
    1982.710	  7
    1982.864	  7
    1983.004	  7
    1983.282	  7
    1983.402	  7
    1983.534	  7
    1983.680	  7
    1983.834	  7
    1983.994	  7
    1984.156	  7
    1984.320	  7
    1984.454	  7
    1984.604	  7
    1984.756	  7
    1984.902	  7
    1985.056	  7
    1985.214	  7
    1985.394	  7
    1985.532	  7
    1985.672	  7
    1985.826	  7
    1985.976	  7
    1986.130	  7
    1986.280	  7
    1986.454	  7
    1986.602	  7
    1986.742	  7
    1986.890	  7
    1987.036	  7
    1987.190	  7
    1987.346	  7
    1987.496	  7
    1987.656	  7
    1987.804	  7
    1987.986	  7
    1988.110	  7
    1988.252	  7
    1988.408	  7
    1988.558	  7
    1988.712	  7
    1988.852	  7
    1989.000	  7
    1989.178	  7
    1989.308	  7
    1989.460	  7
    1989.602	  7
    1989.750	  7
    1989.896	  7
    1990.048	  7
    1990.192	  7
    1990.344	  7
    1990.502	  7
    1990.650	  7
    1990.820	  7
    1990.958	  7
    1991.106	  7
    1991.260	  7
    1991.414	  7
    1991.570	  7
    1991.714	  7
    1991.864	  7
    1992.044	  7
    1992.182	  7
    1992.330	  7
    1992.484	  7
    1992.632	  7
    1992.776	  7
    1992.934	  7
    1993.098	  7
    1993.260	  7
    1993.400	  7
    1993.548	  7
    1993.690	  7
    1993.848	  7
    1993.992	  7
    1994.146	  7
    1994.326	  7
    1994.452	  7
    1994.602	  7
    1994.760	  7
    1994.910	  7
    1995.060	  7
    1995.210	  7
    1995.360	  7
    1995.536	  7
    1995.676	  7
    1995.830	  7
    1995.976	  7
    1996.130	  7
    1996.284	  7
    1996.430	  7
    1996.612	  7
    1996.752	  7
    1996.900	  7
    1997.040	  7
    1997.192	  7
    1997.350	  7
    1997.500	  7
    1997.692	  7
    1997.822	  7
    1997.960	  7
    1998.106	  7
    1998.244	  7
    1998.386	  7
    1998.524	  7
    1998.690	  7
    1998.820	  7
    1998.962	  7
    1999.104	  7
    1999.252	  7
    1999.406	  7
    1999.558	  7
    1999.702	  7
    1999.848	  7
    1999.998	  7
    2000.172	  7
    2000.320	  7
    2000.464	  7
    2000.618	  7
    2000.774	  7
    2000.924	  7
    2001.076	  7
    2001.228	  7
    2001.392	  7
    2001.538	  7
    2001.690	  7
    2001.832	  7
    2001.972	  7
    2002.118	  7
    2002.264	  7
    2002.440	  7
    2002.564	  7
    2002.712	  7
    2002.864	  7
    2003.004	  7
    2003.160	  7
    2003.312	  7
    2003.470	  7
    2003.634	  7
    2004.046	  7
    2004.176	  7
    2004.320	  7
    2004.490	  7
    2004.630	  7
    2004.778	  7
    2004.932	  7
    2005.072	  7
    2005.260	  7
    2005.400	  7
    2005.550	  7
    2005.702	  7
    2005.848	  7
    2005.996	  7
    2006.154	  7
    2006.286	  7
    2006.436	  7
    2006.604	  7
    2006.744	  7
    2006.888	  7
    2007.038	  7
    2007.216	  7
    2007.346	  7
    2007.488	  7
    2007.640	  7
    2007.804	  7
    2007.930	  7
    2008.084	  7
    2008.232	  7
    2008.414	  7
    2008.546	  7
    2008.698	  7
    2008.840	  7
    2009.016	  7
    2009.140	  7
    2009.284	  7
    2009.418	  7
    2009.562	  7
    2009.712	  7
    2009.872	  7
    2010.030	  7
    2010.178	  7
    2010.322	  7
    2010.492	  7
    2010.624	  7
    2010.774	  7
    2010.912	  7
    2012.900	  8
    2032.558	  8
    2033.100	  8
    2033.616	  8
    2035.916	  8
    2036.082	  8
    2036.702	  8
    2037.306	  8
    2038.544	  8
    2039.954	  8
    2040.872	  8
    2041.500	  8
    2042.440	  8
    2043.546	  8
    2043.958	  8
    2044.244	  8
    2044.628	  8
    2044.914	  8
    2045.322	  8
    2046.328	  8
    2046.836	  8
    2047.072	  8
    2048.134	  8
    2048.464	  8
    2049.544	  8
    2050.002	  8
    2050.518	  8
    2051.228	  8
    2051.734	  8
    2052.012	  8
    2052.234	  8
    2054.342	  8
    2054.824	  8
    2055.396	  8
    2055.944	  8
    2056.498	  8
    2057.116	  8
    2057.566	  8
    2058.430	  8
    2059.120	  8
    2059.564	  8
    2059.838	  8
    2060.318	  8
    2061.318	  8
    2062.294	  8
    2062.506	  8
    2062.920	  8
    2063.600	  8
    2064.126	  8
    2064.454	  8
    2065.530	  8
    2066.198	  8
    2066.794	  8
    2067.068	  8
    2068.090	  8
    2068.590	  8
    2070.102	  8
    2070.674	  8
    2071.358	  8
    2071.664	  8
    2072.318	  8
    2073.136	  8
    2073.660	  8
    2074.354	  8
    2074.820	  8
    2075.022	  8
    2075.756	  8
    2075.940	  8
    2076.718	  8
    2077.324	  8
    2077.924	  8
    2078.498	  8
    2078.898	  8
    2079.094	  8
    2079.426	  8
    2079.478	  8
    2079.760	  8
    2080.896	  8
    2081.102	  8
    2081.430	  8
    2081.984	  8
    2082.268	  8
    2082.952	  8
    2083.342	  8
    2084.230	  8
    2084.570	  8
    2085.292	  8
    2085.652	  8
    2088.360	  8
    2089.024	  8
    2089.608	  8
    2090.366	  8
    2091.628	  8
    2091.996	  8
    2092.550	  8
    2093.354	  8
    2093.680	  8
    2094.142	  8
    2094.442	 53
    2094.534	  8
    2094.534	 20
    2094.534	 27
    2094.544	 28
    2094.544	 19
    2094.644	 29
    2094.836	  9
    2094.870	  8
    2114.664	 51
    2114.674	 18
    2160.948	  7
    2162.658	  8
    2163.012	  8
    2163.196	  8
    2163.764	  8
    2164.562	  8
    2164.670	  8
    2164.752	  8
    2165.044	  8
    2165.424	  8
    2165.920	  8
    2166.070	  8
    2166.388	  8
    2168.056	  8
    2168.648	  8
    2168.830	  8
    2169.162	  8
    2169.552	  8
    2170.032	  8
    2171.140	  8
    2171.586	  8
    2172.468	  8
    2173.388	  8
    2174.182	  8
    2174.674	 53
    2175.842	  8
    2175.842	 20
    2175.842	 27
    2175.852	 28
    2175.852	 19
    2175.952	 29
    2176.144	  9
    2176.252	  8
    2178.080	  8
    2195.972	 52
    2195.982	 10
    2217.698	  7
    2217.804	  7
    2217.946	  7
    2218.062	  7
    2218.198	  7
    2218.368	  7
    2218.482	  7
    2259.618	  8
    2259.774	  8
    2260.256	  8
    2261.756	  8
    2262.418	  8
    2263.256	  8
    2263.706	  8
    2264.826	  8
    2265.390	  8
    2266.776	  8
    2267.358	  8
    2268.100	  8
    2268.542	  8
    2282.328	  8
    2283.132	  8
    2283.862	  8
    2284.290	  8
    2286.188	  8
    2314.048	  8
    2314.462	  8
    2315.206	  8
    2315.464	  8
    2315.930	  8
    2315.982	 53
    2316.558	  8
    2316.558	 20
    2316.558	 27
    2316.568	 28
    2316.568	 19
    2316.668	 29
    2316.860	  9
    2316.982	  8
    2320.396	  8
    2321.112	  8
    2321.188	  8
    2321.820	  8
    2322.028	  8
    2322.222	  8
    2336.688	 52
    2336.698	 10
    2390.174	  7
    2390.336	  7
    2390.472	  7
    2392.030	  7
    2392.368	  7
    2393.050	  7
    2393.434	  7
    2395.994	  8
    2396.182	  8
    2396.652	  8
    2397.122	  8
    2397.430	  8
    2397.862	  8
    2398.662	  8
    2399.662	  8
    2399.844	  8
    2400.158	  8
    2400.580	  8
    2401.670	  8
    2402.094	  8
    2403.008	  8
    2404.026	  8
    2404.360	  8
    2405.392	  8
    2406.176	  8
    2407.396	  8
    2407.840	  8
    2409.080	  8
    2409.350	  8
    2409.706	  8
    2410.082	  8
    2410.710	  8
    2411.056	  8
    2412.522	  8
    2412.730	  8
    2413.010	  8
    2413.394	  8
    2413.852	  8
    2414.730	  8
    2415.028	  8
    2415.062	  8
    2415.256	  8
    2415.412	  8
    2416.004	  8
    2416.144	  8
    2416.328	  8
    2417.248	  8
    2417.714	  8
    2418.604	  8
    2418.878	  8
    2419.048	  8
    2419.710	  8
    2420.220	  8
    2420.382	  8
    2420.528	  8
    2421.762	  8
    2422.194	  8
    2422.528	  8
    2423.804	  8
    2424.470	  8
    2425.010	  8
    2426.634	  8
    2427.308	  8
    2427.680	  8
    2427.988	  8
    2428.384	  8
    2428.534	  8
    2430.164	  8
    2430.716	  8
    2431.124	  8
    2431.684	  8
    2431.784	  8
    2432.232	  8
    2432.738	  8
    2433.010	  8
    2433.336	  8
    2433.802	  8
    2436.722	  8
    2436.894	  8
    2437.182	  8
    2437.962	  8
    2438.434	  8
    2438.512	  8
    2438.822	  8
    2439.496	  8
    2440.832	  8
    2440.920	  8
    2441.130	  8
    2441.350	  8
    2441.904	  8
    2442.574	  8
    2443.700	  8
    2444.226	  8
    2444.644	  8
    2445.172	  8
    2445.530	  8
    2445.978	  8
    2447.402	  8
    2447.906	  8
    2449.132	  8
    2449.546	  8
    2449.886	  8
    2450.348	  8
    2450.684	  8
    2450.854	  8
    2451.236	  8
    2452.312	  8
    2453.322	  8
    2453.592	  8
    2453.942	  8
    2454.474	  8
    2454.926	  8
    2455.252	  8
    2455.536	  8
    2456.192	  8
    2456.698	 53
    2458.540	  8
    2458.540	 20
    2458.540	 27
    2458.550	 28
    2458.550	 19
    2458.650	 29
    2458.842	  9
    2458.982	  8
    2461.796	  8
    2462.760	  8
    2462.950	  8
    2478.670	 52
    2478.680	 10
    2553.902	  8
    2554.552	  8
    2555.242	  8
    2555.492	  8
    2556.164	  8
    2556.260	  8
    2558.164	  8
    2558.472	  8
    2559.070	  8
    2559.692	  8
    2560.482	  8
    2560.916	  8
    2561.210	  8
    2561.704	  8
    2562.108	  8
    2562.916	  8
    2563.858	  8
    2563.950	  8
    2565.372	  8
    2565.528	  8
    2566.538	  8
    2566.984	  8
    2567.068	  8
    2567.524	  8
    2568.032	  8
    2569.488	  8
    2570.336	  8
    2571.112	  8
    2572.148	  8
    2572.808	  8
    2573.846	  8
    2574.000	  8
    2574.574	  8
    2574.974	  8
    2575.342	  8
    2575.614	  8
    2578.320	  8
    2579.458	  8
    2580.706	  8
    2580.906	  8
    2581.658	  8
    2581.840	  8
    2582.222	  8
    2583.226	  8
    2584.166	  8
    2584.324	  8
    2585.778	  8
    2586.418	  8
    2586.680	  8
    2586.978	  8
    2587.796	  8
    2588.626	  8
    2588.858	  8
    2589.396	  8
    2589.752	  8
    2592.244	  8
    2592.386	  8
    2593.156	  8
    2593.418	  8
    2593.830	  8
    2594.256	  8
    2594.582	  8
    2595.190	  8
    2596.154	  8
    2596.280	  8
    2597.024	  8
    2597.380	  8
    2598.070	  8
    2598.680	  8
    2598.680	 53
    2600.130	  8
    2600.130	 20
    2600.130	 27
    2600.140	 28
    2600.140	 19
    2600.240	 29
    2600.432	  9
    2600.568	  8
    2603.006	  8
    2603.146	  8
    2603.696	  8
    2604.224	  8
    2620.260	 52
    2620.270	 10
    2638.826	  7
    2639.662	  7
    2639.838	  7
    2640.036	  7
    2640.466	  7
    2640.922	  7
    2641.154	  7
    2641.360	  7
    2641.540	  7
    2641.754	  7
    2642.188	  7
    2642.386	  7
    2642.642	  7
    2650.646	  8
    2670.136	  8
    2670.222	  8
    2670.582	  8
    2677.038	  8
    2677.462	  8
    2677.538	  8
    2677.772	  8
    2678.024	  8
    2695.188	  8
    2698.110	  8
    2698.910	  8
    2699.192	  8
    2699.392	  8
    2699.820	  8
    2700.218	  8
    2700.376	  8
    2701.758	  8
    2702.974	  8
    2703.298	  8
    2703.392	  8
    2705.932	  8
    2706.370	  8
    2707.824	  8
    2708.272	  8
    2708.686	  8
    2711.732	  8
    2712.508	  8
    2712.874	  8
    2715.704	  8
    2716.082	  8
    2716.320	  8
    2716.920	  8
    2717.478	  8
    2719.180	  8
    2719.452	  8
    2719.724	  8
    2720.128	  8
    2720.482	  8
    2720.822	  8
    2721.202	  8
    2721.488	  8
    2722.030	  8
    2722.572	  8
    2723.018	  8
    2723.446	  8
    2723.746	  8
    2723.942	  8
    2724.512	  8
    2725.356	  8
    2725.572	  8
    2725.900	  8
    2726.964	  8
    2727.840	  8
    2728.294	  8
    2728.574	  8
    2728.814	  8
    2729.120	  8
    2729.430	  8
    2729.818	  8
    2730.130	  8
    2730.680	  8
    2731.114	  8
    2732.478	  8
    2732.712	  8
    2733.672	  8
    2734.468	  8
    2735.126	  8
    2735.414	  8
    2736.144	  8
    2736.614	  8
    2737.042	  8
    2737.388	  8
    2737.714	  8
    2738.800	  8
    2739.104	  8
    2739.366	  8
    2739.726	  8
    2740.270	 53
    2740.502	  8
    2740.502	 20
    2740.502	 27
    2740.512	 28
    2740.512	 19
    2740.612	 29
    2740.804	  9
    2740.984	  8
    2742.810	  8
    2743.734	  8
    2744.398	  8
    2760.632	 52
    2760.642	 10
    2791.010	  8
    2808.434	  8
    2824.796	  8
    2825.066	  8
    2825.172	  8
    2825.908	  8
    2826.216	  8
    2828.950	  8
    2829.392	  8
    2829.832	  8
    2830.480	  8
    2833.280	  8
    2833.840	  8
    2834.062	  8
    2834.746	  8
    2835.064	  8
    2835.714	  8
    2836.136	  8
    2836.640	  8
    2837.038	  8
    2839.678	  8
    2840.178	  8
    2842.094	  8
    2842.834	  8
    2843.508	  8
    2843.686	  8
    2844.270	  8
    2844.978	  8
    2845.334	  8
    2847.158	  8
    2847.932	  8
    2848.334	  8
    2848.818	  8
    2849.082	  8
    2850.064	  8
    2850.622	  8
    2850.994	  8
    2851.476	  8
    2853.718	  8
    2855.686	  8
    2856.150	  8
    2856.814	  8
    2857.414	  8
    2857.846	  8
    2858.170	  8
    2858.898	  8
    2859.448	  8
    2859.880	  8
    2859.946	  8
    2860.392	  8
    2861.710	  8
    2861.880	  8
    2862.220	  8
    2862.318	  8
    2862.722	  8
    2863.692	  8
    2864.406	  8
    2864.672	  8
    2866.132	  8
    2866.714	  8
    2867.828	  8
    2867.990	  8
    2868.142	  8
    2869.178	  8
    2869.852	  8
    2870.360	  8
    2870.790	  8
    2871.304	  8
    2872.072	  8
    2872.538	  8
    2872.930	  8
    2873.536	  8
    2873.760	  8
    2874.102	  8
    2874.650	  8
    2876.144	  8
    2876.840	  8
    2877.038	  8
    2877.630	  8
    2877.840	  8
    2878.784	  8
    2879.196	  8
    2879.676	  8
    2879.954	  8
    2880.276	  8
    2880.642	 53
    2880.820	  8
    2880.820	 20
    2880.820	 27
    2880.830	 28
    2880.830	 19
    2880.930	 29
    2881.122	  9
    2881.244	  8
    2883.712	  8
    2885.102	  8
    2885.296	  8
    2886.084	  8
    2886.526	  8
    2886.862	  8
    2900.950	 50
    2900.960	 17
    2921.540	  8
    2925.630	  8
    2926.042	  8
    2926.572	  8
    2929.250	  8
    2929.580	  8
    2930.116	  8
    2930.960	 53
    2931.026	  8
    2931.026	 20
    2931.026	 27
    2931.036	 28
    2931.036	 19
    2931.136	 29
    2931.328	  8
    2951.156	 51
    2951.166	 18
    2975.886	  7
    2984.510	  8
    2995.782	  8
    2996.452	  8
    2996.950	  8
    2997.352	  8
    2997.780	  8
    2998.298	  8
    2998.480	  8
    2998.902	  8
    2999.342	  8
    2999.640	  8
    3000.984	  8
    3002.240	  8
    3002.814	  8
    3003.140	  8
    3003.464	  8
    3004.692	  8
    3005.224	  8
    3005.720	  8
    3006.622	  8
    3006.948	  8
    3007.260	  8
    3007.626	  8
    3007.880	  8
    3008.616	  8
    3008.952	  8
    3009.090	  8
    3009.738	  8
    3010.866	  8
    3011.166	 53
    3011.296	  8
    3011.296	 20
    3011.296	 27
    3011.306	 28
    3011.306	 19
    3011.406	 29
    3011.598	  9
    3011.608	  8
    3014.352	  8
    3031.426	 50
    3031.436	 17
    3061.436	 53
    3066.042	  8
    3066.042	 20
    3066.042	 27
    3066.052	 28
    3066.052	 19
    3066.152	 29
    3066.344	  9
    3066.358	  8
    3067.554	  8
    3086.172	 50
    3086.182	 17
    3116.182	 53
    3118.410	  8
    3118.410	 20
    3118.410	 27
    3118.420	 28
    3118.420	 19
    3118.520	 29
    3118.704	  9
    3118.728	  8
    3138.540	 50
    3138.550	 17
    3160.774	  8
    3160.820	  8
    3161.410	  8
    3162.242	  8
    3162.616	  8
    3163.130	  8
    3163.572	  8
    3163.808	  8
    3164.184	  8
    3164.772	  8
    3165.258	  8
    3165.346	  8
    3165.686	  8
    3166.190	  8
    3166.852	  8
    3167.406	  8
    3167.884	  8
    3168.230	  8
    3168.546	  8
    3168.550	 53
    3168.858	  8
    3168.858	 20
    3168.858	 27
    3168.868	 28
    3168.868	 19
    3168.968	 29
    3169.098	  8
    3169.160	  9
    3188.988	 50
    3188.998	 17
    3213.360	  8
    3213.802	  8
    3214.068	  8
    3214.358	  8
    3214.540	  8
    3215.200	  8
    3215.670	  8
    3215.786	  8
    3215.924	  8
    3216.444	  8
    3216.904	  8
    3217.442	  8
    3218.298	  8
    3218.998	 53
    3219.084	  8
    3219.084	 20
    3219.084	 27
    3219.094	 28
    3219.094	 19
    3219.194	 29
    3219.386	  9
    3219.396	  8
    3239.214	 51
    3239.224	 18
    3273.204	  8
    3273.576	  8
    3273.792	  8
    3275.478	  8
    3275.676	  8
    3276.678	  8
    3282.692	  8
    3285.564	  8
    3285.936	  8
    3293.080	  8
    3293.470	  8
    3293.890	  8
    3294.604	  8
    3295.776	  8
    3296.018	  8
    3296.984	  8
    3297.146	  8
    3298.550	  8
    3299.152	  8
    3299.224	 53
    3299.504	  8
    3299.504	 20
    3299.504	 27
    3299.514	 28
    3299.514	 19
    3299.614	 29
    3299.806	  9
    3299.828	  8
    3300.148	  8
    3302.310	  8
    3319.634	 51
    3319.644	 18
    3353.672	  8
    3354.020	  8
    3354.136	  8
    3354.704	  8
    3354.826	  8
    3356.946	  8
    3357.054	  8
    3357.640	  8
    3357.754	  8
    3358.674	  8
    3360.460	  8
    3360.960	  8
    3361.642	  8
    3361.922	  8
    3363.230	  8
    3366.318	  8
    3367.640	  8
    3368.272	  8
    3370.758	  8
    3371.312	  8
    3371.450	  8
    3371.762	  8
    3372.108	  8
    3373.212	  8
    3373.588	  8
    3373.870	  8
    3374.646	  8
    3374.814	  8
    3376.258	  8
    3377.584	  8
    3378.062	  8
    3378.426	  8
    3378.818	  8
    3379.388	  8
    3379.644	 53
    3379.848	  8
    3379.848	 20
    3379.848	 27
    3379.858	 28
    3379.858	 19
    3379.958	 29
    3380.150	  9
    3380.288	  8
    3382.910	  8
    3383.340	  8
    3399.978	 52
    3399.988	 10
    3434.162	  7
    3434.260	  7
    3434.372	  7
    3434.516	  7
    3434.846	  7
    3435.356	  7
    3435.500	  7
    3435.586	  7
    3435.924	  7
    3436.034	  7
    3436.174	  7
    3436.508	  7
    3436.734	  7
    3436.990	  7
    3439.302	  7
    3439.480	  7
    3439.878	  7
    3440.082	  7
    3440.502	  7
    3447.558	  7
    3447.674	  7
    3447.798	  7
    3447.952	  7
    3448.368	  7
    3448.490	  7
    3448.636	  7
    3448.766	  7
    3448.916	  7
    3449.066	  7
    3449.212	  7
    3449.356	  7
    3449.498	  7
    3449.646	  7
    3449.808	  7
    3449.948	  7
    3450.092	  7
    3450.240	  7
    3450.388	  7
    3450.530	  7
    3450.704	  7
    3450.848	  7
    3450.990	  7
    3451.146	  7
    3451.302	  7
    3451.446	  7
    3451.620	  7
    3451.752	  7
    3451.894	  7
    3452.044	  7
    3452.200	  7
    3452.344	  7
    3452.528	  7
    3452.662	  7
    3452.810	  7
    3452.958	  7
    3453.114	  7
    3453.294	  7
    3453.426	  7
    3453.572	  7
    3453.720	  7
    3453.874	  7
    3454.034	  7
    3454.188	  7
    3454.374	  7
    3454.500	  7
    3454.642	  7
    3454.790	  7
    3454.938	  7
    3455.092	  7
    3455.286	  7
    3455.422	  7
    3455.566	  7
    3455.748	  7
    3455.884	  7
    3456.032	  7
    3456.180	  7
    3456.330	  7
    3456.486	  7
    3456.654	  7
    3456.786	  7
    3456.934	  7
    3457.096	  7
    3457.246	  7
    3457.394	  7
    3457.572	  7
    3457.702	  7
    3457.850	  7
    3457.998	  7
    3458.156	  7
    3458.340	  7
    3458.470	  7
    3458.616	  7
    3458.770	  7
    3458.918	  7
    3459.070	  7
    3459.224	  7
    3459.412	  7
    3459.546	  7
    3459.694	  7
    3459.854	  7
    3460.004	  7
    3460.156	  7
    3460.312	  7
    3460.462	  7
    3460.614	  7
    3460.792	  7
    3460.924	  7
    3461.072	  7
    3461.222	  7
    3461.364	  7
    3461.520	  7
    3461.678	  7
    3461.826	  7
    3462.004	  7
    3462.142	  7
    3462.290	  7
    3462.438	  7
    3462.590	  7
    3462.744	  7
    3462.896	  7
    3463.044	  7
    3463.194	  7
    3463.368	  7
    3463.512	  7
    3463.654	  7
    3463.802	  7
    3463.962	  7
    3464.142	  7
    3464.282	  7
    3464.424	  7
    3464.596	  7
    3464.738	  7
    3464.884	  7
    3465.032	  7
    3465.186	  7
    3465.340	  7
    3465.490	  7
    3465.674	  7
    3465.812	  7
    3465.958	  7
    3466.134	  7
    3466.272	  7
    3466.422	  7
    3466.580	  7
    3466.742	  7
    3466.926	  7
    3467.058	  7
    3467.206	  7
    3467.364	  7
    3467.542	  7
    3467.682	  7
    3467.834	  7
    3467.982	  7
    3468.174	  7
    3468.310	  7
    3468.460	  7
    3468.612	  7
    3468.770	  7
    3468.920	  7
    3469.106	  7
    3469.242	  7
    3469.386	  7
    3469.542	  7
    3469.698	  7
    3469.876	  7
    3470.012	  7
    3470.160	  7
    3470.306	  7
    3470.464	  7
    3470.644	  7
    3470.784	  7
    3470.934	  7
    3471.086	  7
    3471.238	  7
    3471.418	  7
    3471.550	  7
    3471.698	  7
    3471.854	  7
    3472.010	  7
    3472.186	  7
    3472.318	  7
    3472.472	  7
    3472.622	  7
    3472.772	  7
    3472.954	  7
    3473.084	  7
    3473.244	  7
    3473.396	  7
    3473.556	  7
    3473.728	  7
    3473.872	  7
    3474.018	  7
    3474.168	  7
    3474.336	  7
    3474.470	  7
    3474.618	  7
    3474.774	  7
    3474.924	  7
    3475.104	  7
    3475.234	  7
    3475.388	  7
    3475.546	  7
    3475.694	  7
    3475.850	  7
    3476.032	  7
    3476.162	  7
    3476.310	  7
    3476.458	  7
    3476.616	  7
    3476.762	  7
    3476.946	  7
    3477.068	  7
    3477.214	  7
    3477.366	  7
    3477.512	  7
    3477.670	  7
    3477.820	  7
    3477.974	  7
    3478.158	  7
    3478.294	  7
    3478.440	  7
    3478.604	  7
    3478.772	  7
    3478.914	  7
    3479.094	  7
    3479.228	  7
    3479.378	  7
    3479.526	  7
    3479.680	  7
    3479.826	  7
    3479.978	  7
    3480.134	  7
    3480.282	  7
    3480.460	  7
    3480.594	  7
    3480.744	  7
    3480.904	  7
    3481.048	  7
    3481.204	  7
    3481.358	  7
    3481.516	  7
    3481.668	  7
    3481.844	  7
    3481.980	  7
    3482.132	  7
    3482.286	  7
    3482.444	  7
    3482.638	  7
    3482.764	  7
    3482.912	  7
    3483.068	  7
    3483.228	  7
    3483.382	  7
    3483.532	  7
    3486.236	  8
    3486.534	  8
    3487.588	  8
    3487.708	  8
    3489.480	  8
    3490.024	  8
    3490.440	  8
    3490.940	  8
    3491.288	  8
    3491.810	  8
    3493.310	  8
    3493.596	  8
    3494.278	  8
    3494.786	  8
    3495.806	  8
    3497.956	  8
    3498.586	  8
    3499.784	  8
    3500.688	  8
    3500.972	  8
    3502.210	  8
    3502.434	  8
    3504.088	  8
    3504.982	  8
    3506.390	  8
    3506.434	  8
    3506.790	  8
    3507.184	  8
    3507.948	  8
    3508.640	  8
    3508.930	  8
    3509.036	  8
    3509.580	  8
    3510.302	  8
    3510.672	  8
    3511.238	  8
    3511.450	  8
    3512.714	  8
    3513.210	  8
    3514.508	  8
    3515.004	  8
    3515.388	  8
    3515.818	  8
    3516.268	  8
    3516.730	  8
    3517.136	  8
    3517.288	  8
    3517.460	  8
    3519.202	  8
    3519.988	 53
    3520.630	  8
    3520.630	 20
    3520.630	 27
    3520.640	 28
    3520.640	 19
    3520.740	 29
    3520.932	  9
    3521.096	  8
    3526.712	  8
    3527.048	  8
    3540.760	 52
    3540.770	 10
    3607.050	  8
    3607.526	  8
    3607.676	  8
    3608.924	  8
    3609.430	  8
    3610.152	  8
    3610.608	  8
    3611.518	  8
    3611.962	  8
    3612.608	  8
    3613.602	  8
    3614.090	  8
    3615.470	  8
    3615.982	  8
    3616.338	  8
    3616.510	  8
    3617.190	  8
    3617.578	  8
    3618.010	  8
    3618.316	  8
    3618.984	  8
    3619.220	  8
    3619.886	  8
    3621.132	  8
    3621.628	  8
    3622.002	  8
    3622.562	  8
    3627.046	  8
    3627.438	  8
    3627.532	  8
    3627.766	  8
    3628.502	  8
    3629.480	  8
    3629.968	  8
    3630.978	  8
    3632.798	  8
    3632.912	  8
    3633.274	  8
    3633.860	  8
    3634.422	  8
    3634.824	  8
    3635.306	  8
    3635.702	  8
    3635.904	  8
    3635.952	  8
    3636.458	  8
    3636.874	  8
    3637.180	  8
    3637.818	  8
    3637.896	  8
    3638.220	  8
    3639.026	  8
    3639.304	  8
    3639.516	  8
    3639.850	  8
    3640.218	  8
    3640.758	  8
    3641.312	  8
    3641.460	  8
    3641.986	  8
    3642.256	  8
    3642.360	  8
    3642.586	  8
    3642.954	  8
    3643.850	  8
    3644.100	  8
    3645.152	  8
    3645.688	  8
    3646.088	  8
    3646.540	  8
    3646.744	  8
    3647.688	  8
    3648.094	  8
    3648.784	  8
    3648.968	  8
    3649.318	  8
    3649.708	  8
    3650.692	  8
    3651.008	  8
    3651.348	  8
    3651.660	  8
    3651.952	  8
    3652.248	  8
    3652.812	  8
    3653.248	  8
    3653.694	  8
    3654.060	  8
    3654.268	  8
    3656.038	  8
    3656.344	  8
    3656.792	  8
    3657.358	  8
    3657.704	  8
    3658.266	  8
    3658.596	  8
    3658.912	  8
    3659.286	  8
    3659.674	  8
    3659.990	  8
    3660.548	  8
    3660.718	  8
    3660.770	 53
    3661.084	  8
    3661.084	 20
    3661.084	 27
    3661.094	 28
    3661.094	 19
    3661.194	 29
    3661.386	  9
    3661.478	  8
    3663.970	  8
    3674.208	  8
    3681.214	 52
    3681.224	 10
    3692.238	  7
    3692.628	  7
    3692.814	  7
    3772.988	  8
    3773.098	  8
    3773.630	  8
    3775.582	  8
    3775.984	  8
    3777.312	  8
    3778.870	  8
    3779.550	  8
    3780.066	  8
    3780.466	  8
    3780.604	  8
    3781.152	  8
    3782.632	  8
    3783.058	  8
    3783.472	  8
    3783.716	  8
    3784.258	  8
    3784.448	  8
    3785.256	  8
    3785.702	  8
    3785.982	  8
    3787.790	  8
    3790.382	  8
    3791.484	  8
    3792.720	  8
    3793.128	  8
    3793.482	  8
    3793.834	  8
    3794.122	  8
    3794.558	  8
    3795.090	  8
    3795.214	  8
    3796.236	  8
    3796.448	  8
    3796.886	  8
    3797.214	  8
    3797.816	  8
    3798.162	  8
    3798.562	  8
    3798.970	  8
    3799.374	  8
    3799.650	  8
    3799.956	  8
    3800.060	  8
    3800.362	  8
    3801.224	 53
    3801.356	  8
    3801.356	 20
    3801.356	 27
    3801.366	 28
    3801.366	 19
    3801.466	 29
    3801.658	  9
    3801.700	  8
    3802.510	  8
    3803.078	  8
    3821.486	 51
    3821.496	 18
    3861.532	  8
    3861.936	  8
    3862.362	  8
    3862.708	  8
    3864.654	  8
    3867.234	  8
    3867.538	  8
    3867.850	  8
    3868.256	  8
    3868.462	  8
    3869.518	  8
    3870.454	  8
    3870.756	  8
    3871.448	  8
    3871.812	  8
    3872.048	  8
    3873.192	  8
    3873.402	  8
    3873.880	  8
    3874.218	  8
    3874.496	  8
    3874.888	  8
    3875.002	  8
    3875.320	  8
    3876.388	  8
    3876.914	  8
    3877.498	  8
    3878.194	  8
    3878.706	  8
    3880.572	  8
    3880.860	  8
    3881.254	  8
    3881.496	 53
    3881.588	  8
    3881.588	 20
    3881.588	 27
    3881.598	 28
    3881.598	 19
    3881.698	 29
    3881.890	  9
    3881.952	  8
    3885.046	  8
    3886.626	  8
    3889.378	  8
    3890.138	  8
    3901.718	 51
    3901.728	 18
    3952.210	  8
    3952.356	  8
    3952.706	  8
    3952.910	  8
    3953.000	  8
    3953.366	  8
    3953.618	  8
    3953.928	  8
    3954.464	  8
    3954.614	  8
    3955.460	  8
    3956.134	  8
    3956.504	  8
    3956.844	  8
    3957.164	  8
    3958.006	  8
    3958.344	  8
    3958.824	  8
    3959.034	  8
    3959.240	  8
    3960.760	  8
    3961.146	  8
    3961.456	  8
    3961.728	 53
    3962.128	  8
    3962.128	 20
    3962.128	 27
    3962.138	 28
    3962.138	 19
    3962.238	 29
    3962.408	  8
    3962.430	  9
    3964.114	  8
    3972.870	  8
    3973.522	  8
    3982.258	 52
    3982.268	 10
    4015.118	  8
    4069.612	  8
    4070.064	  8
    4070.572	  8
    4071.170	  8
    4071.664	  8
    4071.834	  8
    4072.518	  8
    4072.914	  8
    4073.318	  8
    4073.538	  8
    4074.518	  8
    4074.976	  8
    4075.338	  8
    4075.948	  8
    4076.126	  8
    4076.678	  8
    4077.052	  8
    4077.596	  8
    4077.968	  8
    4078.558	  8
    4080.748	  8
    4081.180	  8
    4081.406	  8
    4081.786	  8
    4084.420	  8
    4085.496	  8
    4085.966	  8
    4086.380	  8
    4086.902	  8
    4087.074	  8
    4088.970	  8
    4089.752	  8
    4089.860	  8
    4090.730	  8
    4090.938	  8
    4091.134	  8
    4091.356	  8
    4091.982	  8
    4092.182	  8
    4093.328	  8
    4093.626	  8
    4094.270	  8
    4095.008	  8
    4095.878	  8
    4096.132	  8
    4097.688	  8
    4098.214	  8
    4098.684	  8
    4098.978	  8
    4099.422	  8
    4099.766	  8
    4100.118	  8
    4101.046	  8
    4101.404	  8
    4101.786	  8
    4102.268	 53
    4102.988	  8
    4102.988	 20
    4102.988	 27
    4102.998	 28
    4102.998	 19
    4103.080	  8
    4103.098	 29
    4103.290	  9
    4103.450	  8
    4103.482	  8
    4105.836	  8
    4123.118	 50
    4123.128	 17
    4153.128	 53
    4153.878	  8
    4153.878	 20
    4153.878	 27
    4153.888	 28
    4153.888	 19
    4153.988	 29
    4154.082	  8
    4154.180	  9
    4154.456	  8
    4157.352	  8
    4158.564	  8
    4174.008	 51
    4174.018	 18
    4224.642	  8
    4225.500	  8
    4225.882	  8
    4226.410	  8
    4226.840	  8
    4227.128	  8
    4227.276	  8
    4228.120	  8
    4228.502	  8
    4228.858	  8
    4229.150	  8
    4229.604	  8
    4229.926	  8
    4230.354	  8
    4230.918	  8
    4231.360	  8
    4231.998	  8
    4232.360	  8
    4232.818	  8
    4233.106	  8
    4233.442	  8
    4233.924	  8
    4234.018	 53
    4234.458	  8
    4234.458	 20
    4234.458	 27
    4234.468	 28
    4234.468	 19
    4234.568	 29
    4234.752	  8
    4234.760	  9
    4254.588	 51
    4254.598	 18
    4262.468	  8
    4262.812	  8
    4263.078	  8
    4266.234	  8
    4266.674	  8
    4267.108	  8
    4268.892	  8
    4269.248	  8
    4270.342	  8
    4271.492	  8
    4271.652	  8
    4272.046	  8
    4272.360	  8
    4272.794	  8
    4274.768	  8
    4276.088	  8
    4276.500	  8
    4276.888	  8
    4277.824	  8
    4278.190	  8
    4279.110	  8
    4280.648	  8
    4281.008	  8
    4281.212	  8
    4282.096	  8
    4282.608	  8
    4283.386	  8
    4283.578	  8
    4283.874	  8
    4284.176	  8
    4284.470	  8
    4285.648	  8
    4285.808	  8
    4285.918	  8
    4286.432	  8
    4286.834	  8
    4287.420	  8
    4287.984	  8
    4288.378	  8
    4289.878	  8
    4290.448	  8
    4290.624	  8
    4292.122	  8
    4293.056	  8
    4293.372	  8
    4293.714	  8
    4294.266	  8
    4295.128	  8
    4295.690	  8
    4296.118	  8
    4296.356	  8
    4297.024	  8
    4297.408	  8
    4297.684	  8
    4298.124	  8
    4298.484	  8
    4298.726	  8
    4299.206	  8
    4299.426	  8
    4299.674	  8
    4300.504	  8
    4300.880	  8
    4301.302	  8
    4301.638	  8
    4302.260	  8
    4302.704	  8
    4303.676	  8
    4309.016	  8
    4309.618	  8
    4309.982	  8
    4310.248	  8
    4310.574	  8
    4310.682	  8
    4310.942	  8
    4311.138	  8
    4311.614	  8
    4312.026	  8
    4312.620	  8
    4313.012	  8
    4314.598	 53
    4314.734	  8
    4314.734	 20
    4314.734	 27
    4314.744	 28
    4314.744	 19
    4314.844	 29
    4315.036	  9
    4315.248	  8
    4317.976	  8
    4319.980	  8
    4334.864	 50
    4334.874	 17
    4354.026	  8
    4355.886	  8
    4356.108	  8
    4356.366	  8
    4356.962	  8
    4357.484	  8
    4358.784	  8
    4359.422	  8
    4359.836	  8
    4360.332	  8
    4360.762	  8
    4361.296	  8
    4361.474	  8
    4362.188	  8
    4363.264	  8
    4363.766	  8
    4364.218	  8
    4364.874	 53
    4365.152	  8
    4365.152	 20
    4365.152	 27
    4365.162	 28
    4365.162	 19
    4365.262	 29
    4365.424	  8
    4365.454	  9
    4385.282	 52
    4385.292	 10
    4392.556	  8
    4392.880	  8
    4399.342	  8
    4400.970	  8
    4408.684	  8
    4449.536	  8
    4475.794	  8
    4476.622	  8
    4477.080	  8
    4477.906	  8
    4478.332	  8
    4479.476	  8
    4480.182	  8
    4480.696	  8
    4481.108	  8
    4482.154	  8
    4483.254	  8
    4484.576	  8
    4485.592	  8
    4486.370	  8
    4486.712	  8
    4487.730	  8
    4488.696	  8
    4489.174	  8
    4489.630	  8
    4490.200	  8
    4490.436	  8
    4491.618	  8
    4492.558	  8
    4492.950	  8
    4493.488	  8
    4494.026	  8
    4494.262	  8
    4494.640	  8
    4495.920	  8
    4496.174	  8
    4496.746	  8
    4497.794	  8
    4498.060	  8
    4498.166	  8
    4498.590	  8
    4499.476	  8
    4501.062	  8
    4501.596	  8
    4501.660	  8
    4501.982	  8
    4502.520	  8
    4502.734	  8
    4504.088	  8
    4504.384	  8
    4504.674	  8
    4505.292	 53
    4505.474	  8
    4505.474	 20
    4505.474	 27
    4505.484	 28
    4505.484	 19
    4505.584	 29
    4505.776	  9
    4505.780	  8
    4508.522	  8
    4510.336	  8
    4510.562	  8
    4510.658	  8
    4511.198	  8
    4511.822	  8
    4525.604	 52
    4525.614	 10
    4644.354	  8
    4644.736	  8
    4644.990	  8
    4645.614	 53
    4645.742	  8
    4645.742	 20
    4645.742	 27
    4645.752	 28
    4645.752	 19
    4645.852	 29
    4646.044	  9
    4646.214	  8
    4649.718	  8
    4649.968	  8
    4657.980	  8
    4658.272	  8
    4665.872	 50
    4665.882	 17
    4666.458	  8
    4669.330	  8
    4669.680	  8
    4690.098	  8
    4690.368	  8
    4691.162	  8
    4691.300	  8
    4691.612	  8
    4692.194	  8
    4692.588	  8
    4692.770	  8
    4692.878	  8
    4693.718	  8
    4694.392	  8
    4694.780	  8
    4695.170	  8
    4695.502	  8
    4695.882	 53
    4696.082	  8
    4696.082	 20
    4696.082	 27
    4696.092	 28
    4696.092	 19
    4696.192	 29
    4696.366	  8
    4696.384	  9
    4697.770	  8
    4698.366	  8
    4699.486	  8
    4716.212	 50
    4716.222	 17
    4742.136	  8
    4743.480	  8
    4744.170	  8
    4744.244	  8
    4744.608	  8
    4744.780	  8
    4745.138	  8
    4745.424	  8
    4745.714	  8
    4746.034	  8
    4746.222	 53
    4746.302	  8
    4746.302	 20
    4746.302	 27
    4746.312	 28
    4746.312	 19
    4746.412	 29
    4746.604	  9
    4746.608	  8
    4748.802	  8
    4766.432	 52
    4766.442	 10
    4780.880	  7
    4781.198	  7
    4781.308	  7
    4781.514	  7
    4781.650	  7
    4788.846	  8
    4789.420	  8
    4789.754	  8
    4833.144	  8
    4833.864	  8
    4834.084	  8
    4834.286	  8
    4834.976	  8
    4835.300	  8
    4835.942	  8
    4836.050	  8
    4836.306	  8
    4836.664	  8
    4837.178	  8
    4837.600	  8
    4837.930	  8
    4838.260	  8
    4838.782	  8
    4839.202	  8
    4840.030	  8
    4840.226	  8
    4841.154	  8
    4841.474	  8
    4842.462	  8
    4843.280	  8
    4843.744	  8
    4844.282	  8
    4844.758	  8
    4845.216	  8
    4845.752	  8
    4847.416	  8
    4848.070	  8
    4849.158	  8
    4849.538	  8
    4849.836	  8
    4850.466	  8
    4852.470	  8
    4853.232	  8
    4853.602	  8
    4854.282	  8
    4854.606	  8
    4854.934	  8
    4855.396	  8
    4855.818	  8
    4856.158	  8
    4856.854	  8
    4857.196	  8
    4857.788	  8
    4858.176	  8
    4858.794	  8
    4859.602	  8
    4859.938	  8
    4860.348	  8
    4860.594	  8
    4861.030	  8
    4861.192	  8
    4861.458	  8
    4861.754	  8
    4862.030	  8
    4862.916	  8
    4863.300	  8
    4864.150	  8
    4865.076	  8
    4865.858	  8
    4866.240	  8
    4866.838	  8
    4867.520	  8
    4868.486	  8
    4868.634	  8
    4868.920	  8
    4869.192	  8
    4869.808	  8
    4870.336	  8
    4870.818	  8
    4871.796	  8
    4872.650	  8
    4872.852	  8
    4873.122	  8
    4873.688	  8
    4874.962	  8
    4875.540	  8
    4875.786	  8
    4877.028	  8
    4877.510	  8
    4877.804	  8
    4878.122	  8
    4879.116	  8
    4879.768	  8
    4881.030	  8
    4881.264	  8
    4882.232	  8
    4882.566	  8
    4882.968	  8
    4883.206	  8
    4883.790	  8
    4884.408	  8
    4884.748	  8
    4885.062	  8
    4886.442	 53
    4891.244	  8
    4891.244	 20
    4891.244	 27
    4891.254	 28
    4891.254	 19
    4891.354	 29
    4891.546	  9
    4891.672	  8
    4893.222	  8
    4904.474	  8
    4905.010	  8
    4906.694	  8
    4911.374	 51
    4911.384	 18
    4928.302	  7
    4929.652	  7
    4931.926	  7
    4932.078	  7
    4932.118	  7
    4932.432	  7
    4932.594	  7
    4945.972	  7
    4950.860	  8
    4951.352	  8
    4953.542	  8
    4953.636	  8
    4954.442	  8
    4956.044	  8
    4956.824	  8
    4957.226	  8
    4957.746	  8
    4957.874	  8
    4958.792	  8
    4959.246	  8
    4959.680	  8
    4960.062	  8
    4960.218	  8
    4960.492	  8
    4961.492	  8
    4961.868	  8
    4962.568	  8
    4963.424	  8
    4963.870	  8
    4964.706	  8
    4965.152	  8
    4965.690	  8
    4965.946	  8
    4966.070	  8
    4966.330	  8
    4966.826	  8
    4967.312	  8
    4967.696	  8
    4968.758	  8
    4969.182	  8
    4969.880	  8
    4969.974	  8
    4970.092	  8
    4970.668	  8
    4971.298	  8
    4971.384	 53
    4972.210	  8
    4972.210	 20
    4972.210	 27
    4972.220	 28
    4972.220	 19
    4972.320	 29
    4972.512	  9
    4972.574	  8
    4992.340	 50
    4992.350	 17
    5007.018	  8
    5007.458	  8
    5015.700	  8
    5017.858	  8
    5019.422	  8
    5021.628	  8
    5022.148	  8
    5022.350	 53
    5023.072	  8
    5023.072	 20
    5023.072	 27
    5023.082	 28
    5023.082	 19
    5023.182	 29
    5023.358	  8
    5023.374	  9
    5023.396	  8
    5043.202	 51
    5043.212	 18
    5068.464	  8
    5077.354	  5
    5077.554	  5
    5089.292	  8
    5089.518	  8
    5089.952	  8
    5090.636	  8
    5092.044	  8
    5092.570	  8
    5093.262	  8
    5094.096	  8
    5094.472	  8
    5094.586	  8
    5095.098	  8
    5095.912	  8
    5096.152	  8
    5096.200	  8
    5097.152	  8
    5097.494	  8
    5097.812	  8
    5098.118	  8
    5098.604	  8
    5098.982	  8
    5099.632	  8
    5100.118	  8
    5101.154	  8
    5101.634	  8
    5101.898	  8
    5102.206	  8
    5102.548	  8
    5103.212	 53
    5103.622	  8
    5103.622	 20
    5103.622	 27
    5103.632	 28
    5103.632	 19
    5103.732	 29
    5103.910	  8
    5103.924	  9
    5107.100	  8
    5123.752	 52
    5123.762	 10
    5166.698	  8
    5209.854	  8
    5216.432	  8
    5216.590	  8
    5216.996	  8
    5217.536	  8
    5217.934	  8
    5219.142	  8
    5223.848	  8
    5225.754	  8
    5228.306	  8
    5229.108	  8
    5229.788	  8
    5232.580	  8
    5233.072	  8
    5233.346	  8
    5233.798	  8
    5235.072	  8
    5235.202	  8
    5235.572	  8
    5236.192	  8
    5236.754	  8
    5237.370	  8
    5237.804	  8
    5238.288	  8
    5238.748	  8
    5239.266	  8
    5239.588	  8
    5241.044	  8
    5243.762	 53
    5244.326	  8
    5244.326	 20
    5244.326	 27
    5244.336	 28
    5244.336	 19
    5244.436	 29
    5244.628	  9
    5244.812	  8
    5246.670	  8
    5247.086	  8
    5248.122	  8
    5264.456	 51
    5264.466	 18
    5324.418	  8
    5324.466	 53
    5324.798	  8
    5324.798	 20
    5324.798	 27
    5324.808	 28
    5324.808	 19
    5324.908	 29
    5325.082	  8
    5325.100	  9
    5325.316	  8
    5326.600	  8
    5326.852	  8
    5344.928	 50
    5344.938	 17
    5352.122	  8
    5362.164	  8
    5362.598	  8
    5363.002	  8
    5363.440	  8
    5363.758	  8
    5364.146	  8
    5365.222	  8
    5365.638	  8
    5365.766	  8
    5366.376	  8
    5366.708	  8
    5367.614	  8
    5367.974	  8
    5368.814	  8
    5369.628	  8
    5369.702	  8
    5370.060	  8
    5371.010	  8
    5371.542	  8
    5371.824	  8
    5371.900	  8
    5372.722	  8
    5373.288	  8
    5374.516	  8
    5374.938	 53
    5375.390	  8
    5375.390	 20
    5375.390	 27
    5375.400	 28
    5375.400	 19
    5375.500	 29
    5375.696	  8
    5375.936	  9
    5395.520	 52
    5395.530	 10
    5399.238	  8
    5401.582	  8
    5403.062	  8
    5403.432	  8
    5405.104	  8
    5405.198	  8
    5453.600	  8
    5483.974	  8
    5485.236	  8
    5487.202	  8
    5487.434	  8
    5488.008	  8
    5488.356	  8
    5490.034	  8
    5491.560	  8
    5491.970	  8
    5492.098	  8
    5493.018	  8
    5493.706	  8
    5494.740	  8
    5495.224	  8
    5496.352	  8
    5498.390	  8
    5499.248	  8
    5501.910	  8
    5505.342	  8
    5506.020	  8
    5506.624	  8
    5509.428	  8
    5510.018	  8
    5511.174	  8
    5513.884	  8
    5515.530	 53
    5515.614	  8
    5515.614	 20
    5515.614	 27
    5515.624	 28
    5515.624	 19
    5515.724	 29
    5515.916	  9
    5516.072	  8
    5519.256	  8
    5519.546	  8
    5522.148	  8
    5522.354	  8
    5523.498	  8
    5523.710	  8
    5523.942	  8
    5524.142	  8
    5524.352	  8
    5524.574	  8
    5524.864	  8
    5525.042	  8
    5530.318	  8
    5531.962	  8
    5535.744	 51
    5535.754	 18
    5563.264	  8
    5565.370	  8
    5565.792	  8
    5566.470	  8
    5567.334	  8
    5572.134	  8
    5572.762	  8
    5573.006	  8
    5573.554	  8
    5575.072	  8
    5575.220	  8
    5575.362	  8
    5576.046	  8
    5576.982	  8
    5577.474	  8
    5577.868	  8
    5578.930	  8
    5579.232	  8
    5579.484	  8
    5579.780	  8
    5580.730	  8
    5581.632	  8
    5582.014	  8
    5582.146	  8
    5583.600	  8
    5583.938	  8
    5584.264	  8
    5585.594	  8
    5586.058	  8
    5586.388	  8
    5586.692	  8
    5588.078	  8
    5588.348	  8
    5588.922	  8
    5589.768	  8
    5590.234	  8
    5590.676	  8
    5590.996	  8
    5591.448	  8
    5591.860	  8
    5592.604	  8
    5593.262	  8
    5593.686	  8
    5594.236	  8
    5594.636	  8
    5595.186	  8
    5595.754	 53
    5595.960	  8
    5595.960	 20
    5595.960	 27
    5595.970	 28
    5595.970	 19
    5596.070	 29
    5596.262	  9
    5596.376	  8
    5599.730	  8
    5600.036	  8
    5601.940	  8
    5603.998	  8
    5604.368	  8
    5616.090	 51
    5616.100	 18
    5668.288	  8
    5668.802	  8
    5669.680	  8
    5669.986	  8
    5670.056	  8
    5670.394	  8
    5670.728	  8
    5671.398	  8
    5671.494	  8
    5671.754	  8
    5672.086	  8
    5672.422	  8
    5673.248	  8
    5673.564	  8
    5673.876	  8
    5674.456	  8
    5675.412	  8
    5675.736	  8
    5676.006	  8
    5676.100	 53
    5676.262	  8
    5676.262	 20
    5676.262	 27
    5676.272	 28
    5676.272	 19
    5676.372	 29
    5676.564	  9
    5676.624	  8
    5696.392	 52
    5696.402	 10
    5703.644	  7
    5711.588	  7
    5712.038	  7
    5712.260	  7
    5712.752	  7
    5713.048	  7
    5713.168	  7
    5713.292	  7
    5713.428	  7
    5713.578	  7
    5713.726	  7
    5713.874	  7
    5714.010	  7
    5714.160	  7
    5714.304	  7
    5714.438	  7
    5714.578	  7
    5714.722	  7
    5714.886	  7
    5715.016	  7
    5715.158	  7
    5715.302	  7
    5715.446	  7
    5715.590	  7
    5715.740	  7
    5715.914	  7
    5716.048	  7
    5716.200	  7
    5716.342	  7
    5716.482	  7
    5716.666	  7
    5716.784	  7
    5716.914	  7
    5717.058	  7
    5717.210	  7
    5717.356	  7
    5717.534	  7
    5717.666	  7
    5717.806	  7
    5717.956	  7
    5718.110	  7
    5718.252	  7
    5718.406	  7
    5718.584	  7
    5718.724	  7
    5718.858	  7
    5719.008	  7
    5719.164	  7
    5719.298	  7
    5719.492	  7
    5719.628	  7
    5719.778	  7
    5719.936	  7
    5720.084	  7
    5720.268	  7
    5720.396	  7
    5720.534	  7
    5720.678	  7
    5720.826	  7
    5720.980	  7
    5721.130	  7
    5721.300	  7
    5721.438	  7
    5721.590	  7
    5721.730	  7
    5721.898	  7
    5722.042	  7
    5722.202	  7
    5722.362	  7
    5722.542	  7
    5722.674	  7
    5722.828	  7
    5722.958	  7
    5723.122	  7
    5723.278	  7
    5723.446	  7
    5723.586	  7
    5723.768	  7
    5723.890	  7
    5724.034	  7
    5724.174	  7
    5724.320	  7
    5724.478	  7
    5724.624	  7
    5724.762	  7
    5724.918	  7
    5725.096	  7
    5725.228	  7
    5725.388	  7
    5725.540	  7
    5725.682	  7
    5725.844	  7
    5725.978	  7
    5726.122	  7
    5726.264	  7
    5788.930	  8
    5789.082	  8
    5789.292	  8
    5789.754	  8
    5790.870	  8
    5791.232	  8
    5792.628	  8
    5792.990	  8
    5793.462	  8
    5793.908	  8
    5793.978	  8
    5794.494	  8
    5794.746	  8
    5795.660	  8
    5796.660	  8
    5797.164	  8
    5797.552	  8
    5797.892	  8
    5797.948	  8
    5798.378	  8
    5798.698	  8
    5799.688	  8
    5800.616	  8
    5801.080	  8
    5801.464	  8
    5801.806	  8
    5802.274	  8
    5802.562	  8
    5802.752	  8
    5802.810	  8
    5803.148	  8
    5803.692	  8
    5804.838	  8
    5806.486	  8
    5807.434	  8
    5807.624	  8
    5808.050	  8
    5808.612	  8
    5808.930	  8
    5809.356	  8
    5810.908	  8
    5811.348	  8
    5811.632	  8
    5811.978	  8
    5812.388	  8
    5812.998	  8
    5813.118	  8
    5813.566	  8
    5813.904	  8
    5815.936	  8
    5816.402	 53
    5816.554	  8
    5816.554	 20
    5816.554	 27
    5816.564	 28
    5816.564	 19
    5816.664	 29
    5816.674	 61
