      15.730	  7
      15.848	  7
      16.014	  7
      20.010	 52
      20.020	 17
      29.106	  7
      30.050	  7
      30.192	  7
      30.352	  7
      30.518	  7
      37.470	  8
      63.716	  7
      63.854	  7
      64.762	  7
      66.700	  6
      73.260	  8
      73.404	  8
      94.634	  8
      95.096	  8
      95.300	  8
      97.270	  8
      97.386	  8
      97.884	  8
     114.862	  7
     116.518	  5
     118.560	  8
     118.798	  8
     119.516	  8
     119.660	  8
     120.256	  8
     120.322	  8
     120.620	  8
     120.936	  8
     138.618	  8
     140.020	 53
     141.176	  8
     141.176	 20
     141.176	 27
     141.186	 28
     141.186	 19
     141.286	 29
     141.454	  9
     141.512	  8
     161.306	 50
     161.316	 18
     167.268	  8
     167.814	  8
     168.310	  8
     168.596	  8
     170.912	  8
     171.626	  8
     172.462	  8
     172.898	  8
     173.404	  8
     173.660	  8
     174.408	  8
     175.038	  8
     175.198	  8
     188.890	  8
     189.076	  8
     189.530	  8
     189.896	  8
     190.312	  8
     191.316	 53
     191.430	  8
     191.430	 20
     191.430	 27
     191.440	 28
     191.440	 19
     191.540	 29
     191.668	  8
     191.708	  9
     193.122	  8
     193.466	  8
     193.978	  8
     197.450	  7
     197.706	  7
     197.846	  7
     197.996	  7
     198.094	  7
     198.206	  7
     198.330	  7
     198.454	  7
     198.578	  7
     198.700	  7
     198.828	  7
     198.954	  7
     199.086	  7
     199.208	  7
     199.342	  7
     199.466	  7
     199.588	  7
     199.712	  7
     199.842	  7
     199.964	  7
     201.038	  7
     201.180	  7
     201.300	  7
     201.420	  7
     201.546	  7
     201.676	  7
     201.802	  7
     201.934	  7
     202.062	  7
     202.202	  7
     202.340	  7
     202.490	  7
     202.618	  7
     202.744	  7
     202.872	  7
     203.004	  7
     203.136	  7
     203.274	  7
     203.428	  7
     203.562	  7
     203.812	  7
     204.220	  7
     204.384	  7
     204.636	  7
     204.770	  7
     204.912	  7
     205.048	  7
     205.194	  7
     205.322	  7
     205.442	  7
     205.578	  7
     205.716	  7
     205.854	  7
     206.002	  7
     206.142	  7
     206.278	  7
     206.410	  7
     206.548	  7
     206.688	  7
     206.824	  7
     206.988	  7
     207.116	  7
     207.412	  7
     207.544	  7
     207.672	  7
     208.726	  7
     208.838	  7
     208.958	  7
     209.108	  7
     209.238	  7
     209.368	  7
     209.502	  7
     209.642	  7
     209.774	  7
     209.902	  7
     210.040	  7
     211.150	  7
     211.284	  7
     211.428	  7
     211.560	 51
     211.564	  7
     211.570	 10
     212.098	  7
     212.238	  7
     213.220	  7
     213.784	  7
     214.118	  7
     214.268	  7
     214.800	  7
     214.934	  7
     215.080	  7
     215.326	  7
     215.820	  7
     215.930	  7
     216.062	  7
     216.196	  7
     216.356	  7
     216.484	  7
     216.626	  7
     216.780	  7
     216.940	  7
     218.460	  7
     218.618	  7
     218.884	  7
     219.022	  7
     219.160	  7
     219.296	  7
     219.454	  7
     219.598	  7
     219.722	  7
     219.864	  7
     219.998	  7
     220.138	  7
     220.288	  7
     220.424	  7
     221.110	  7
     221.232	  7
     221.298	  7
     221.374	  7
     221.532	  7
     221.946	  7
     222.074	  7
     222.212	  7
     222.346	  7
     222.490	  7
     222.862	  7
     223.006	  7
     223.130	  7
     223.268	  7
     223.404	  7
     223.550	  7
     223.688	  7
     223.836	  7
     223.976	  7
     224.242	  7
     224.384	  7
     224.524	  7
     224.682	  7
     225.076	  7
     229.370	  7
     229.852	  7
     249.118	  8
     249.378	  8
     249.792	  8
     249.954	  8
     250.850	  8
     251.124	  8
     251.484	  8
     251.574	  8
     252.104	  8
     252.180	  8
     252.742	  8
     254.148	  8
     254.272	  8
     254.344	  8
     254.972	  8
     255.312	  8
     255.710	  8
     256.554	  8
     257.178	  8
     258.878	  8
     259.616	  8
     260.152	  8
     260.702	  8
     260.830	  8
     261.984	  8
     262.598	  8
     262.914	  8
     263.670	  8
     264.462	  8
     265.340	  8
     266.366	  8
     266.840	  8
     268.260	  8
     268.406	  8
     269.056	  8
     269.452	  8
     270.792	  8
     271.418	  8
     271.570	 53
     272.488	  8
     272.488	 20
     272.488	 27
     272.498	 28
     272.498	 19
     272.598	 29
     272.766	  9
     274.102	  8
     274.324	  8
     286.680	  7
     286.780	  7
     286.894	  7
     287.020	  7
     287.162	  7
     287.308	  7
     287.438	  7
     287.572	  7
     287.704	  7
     287.836	  7
     287.964	  7
     288.090	  7
     288.216	  7
     288.348	  7
     288.474	  7
     288.612	  7
     288.752	  7
     288.898	  7
     289.028	  7
     289.168	  7
     289.298	  7
     289.440	  7
     289.570	  7
     289.708	  7
     289.844	  7
     289.996	  7
     290.124	  7
     290.256	  7
     290.386	  7
     290.518	  7
     290.650	  7
     290.824	  7
     290.952	  7
     291.084	  7
     291.222	  7
     291.352	  7
     291.508	  7
     291.770	  7
     292.192	  7
     292.310	  7
     292.438	  7
     292.618	 52
     292.628	 17
     292.768	  7
     293.306	  7
     293.432	  7
     293.724	  7
     293.834	  7
     293.984	  7
     294.194	  7
     294.368	  7
     294.690	  7
     294.814	  7
     294.916	  7
     295.088	  7
     295.244	  7
     295.372	  7
     295.484	  7
     295.592	  7
     295.712	  7
     295.848	  7
     295.988	  7
     296.118	  7
     296.268	  7
     296.398	  7
     296.518	  7
     296.666	  7
     296.812	  7
     296.954	  7
     297.084	  7
     297.216	  7
     297.354	  7
     297.502	  7
     297.662	  7
     297.804	  7
     297.936	  7
     298.070	  7
     298.202	  7
     298.342	  7
     298.482	  7
     298.856	  7
     299.120	  7
     299.364	  7
     299.494	  7
     299.618	  7
     299.764	  7
     299.906	  7
     300.032	  7
     300.152	  7
     300.306	  7
     300.446	  7
     300.584	  7
     300.710	  7
     300.842	  7
     300.978	  7
     301.352	  7
     301.516	  7
     301.602	  7
     302.024	  7
     302.394	  7
     302.518	  7
     302.636	  7
     302.780	  7
     302.910	  7
     303.032	  7
     303.162	  7
     303.292	  7
     303.428	  7
     303.558	  7
     303.690	  7
     303.828	  7
     303.972	  7
     304.134	  7
     304.264	  7
     304.396	  7
     304.498	  7
     304.582	  7
     304.950	  7
     305.114	  7
     305.272	  7
     305.444	  7
     305.682	  7
     305.830	  7
     305.948	  7
     306.084	  7
     306.218	  7
     306.358	  7
     306.510	  7
     306.652	  7
     306.782	  7
     330.388	  7
     330.444	  7
     330.576	  7
     330.900	  7
     331.058	  7
     331.580	  7
     346.020	  8
     352.378	  8
     358.162	  6
     363.070	  7
     363.420	  7
     364.362	  8
     365.084	  8
     365.610	  8
     366.220	  8
     366.362	  8
     367.496	  8
     367.786	  8
     369.156	  8
     371.894	  8
     371.994	  8
     372.190	  8
     372.352	  8
     372.576	  8
     373.164	  8
     384.932	  8
     385.098	  8
     385.730	  8
     386.258	  8
     386.936	  8
     387.432	  8
     387.696	  8
     388.050	  8
     389.236	  8
     389.654	  8
     390.012	  8
     390.646	  8
     391.260	  8
     391.538	  8
     394.298	  8
     394.588	  8
     394.684	  8
     395.396	  8
     395.704	  8
     396.070	  8
     396.338	  8
     396.918	  8
     397.284	  8
     397.344	  8
     397.850	  8
     398.130	  8
     398.372	  8
     399.074	  8
     399.424	  8
     399.640	  8
     400.796	  8
     400.984	  8
     401.390	  8
     402.440	  8
     402.844	  8
     405.302	  8
     405.750	  8
     405.966	  8
     406.420	  8
     406.792	  8
     407.308	  8
     407.536	  8
     407.870	  8
     408.214	  8
     408.732	  8
     408.846	  8
     412.628	 53
     416.162	  8
     416.162	 20
     416.162	 27
     416.172	 28
     416.172	 19
     416.272	 29
     416.442	  9
     417.002	  8
     417.478	  8
     418.116	  8
     422.702	  7
     422.800	  7
     422.924	  7
     423.262	  7
     423.372	  7
     423.490	  7
     423.618	  7
     423.752	  7
     423.884	  7
     424.030	  7
     424.508	  7
     424.628	  7
     424.752	  7
     425.032	  7
     425.172	  7
     425.304	  7
     425.436	  7
     425.696	  7
     425.828	  7
     425.986	  7
     426.126	  7
     426.252	  7
     426.378	  7
     426.876	  7
     426.980	  7
     427.096	  7
     427.224	  7
     427.348	  7
     427.478	  7
     427.612	  7
     427.746	  7
     427.926	  7
     428.082	  7
     428.218	  7
     428.350	  7
     428.488	  7
     428.646	  7
     428.782	  7
     428.908	  7
     429.042	  7
     429.182	  7
     429.326	  7
     429.462	  7
     429.600	  7
     429.746	  7
     429.880	  7
     430.044	  7
     430.172	  7
     430.304	  7
     430.444	  7
     430.578	  7
     430.712	  7
     430.860	  7
     430.990	  7
     431.116	  7
     431.262	  7
     431.392	  7
     431.534	  7
     431.678	  7
     431.824	  7
     431.978	  7
     432.720	  7
     432.822	  7
     432.946	  7
     433.332	  7
     433.458	  7
     433.590	  7
     433.992	  7
     434.138	  7
     434.248	  7
     434.366	  7
     434.500	  7
     434.616	  7
     434.732	  7
     434.862	  7
     435.014	  7
     435.146	  7
     435.470	  7
     435.638	  7
     436.202	  7
     436.292	 52
     436.302	 17
     436.364	  7
     436.528	  7
     436.636	  7
     436.770	  7
     436.910	  7
     437.032	  7
     437.150	  7
     437.274	  7
     437.400	  7
     437.528	  7
     437.672	  7
     437.794	  7
     437.916	  7
     438.048	  7
     438.186	  7
     438.344	  7
     438.496	  7
     439.032	  7
     439.256	  7
     439.334	  7
     439.534	  7
     439.734	  7
     439.884	  7
     440.026	  7
     440.174	  7
     440.292	  7
     440.422	  7
     440.572	  7
     440.714	  7
     441.308	  7
     441.446	  7
     442.074	  7
     442.192	  7
     442.346	  7
     442.450	  7
     442.570	  7
     442.702	  7
     442.838	  7
     442.960	  7
     443.096	  7
     443.228	  7
     443.376	  7
     443.510	  7
     443.632	  7
     443.772	  7
     443.930	  7
     448.712	  7
     451.484	  7
     458.408	  7
     462.812	  7
     473.440	  8
     473.864	  8
     474.490	  8
     475.552	  8
     475.784	  8
     476.412	  8
     476.636	  8
     477.062	  8
     477.582	  8
     494.980	  8
     495.630	  8
     496.046	  8
     496.468	  8
     497.556	  8
     497.868	  8
     498.968	  8
     499.744	  8
     500.352	  8
     501.112	  8
     502.334	  8
     503.560	  8
     506.720	  8
     507.320	  8
     508.058	  8
     508.678	  8
     509.102	  8
     510.518	  8
     510.896	  8
     514.060	  8
     514.668	  8
     515.040	  8
     515.792	  8
     519.674	  8
     520.142	  8
     520.668	  8
     521.410	  8
     521.756	  8
     521.882	  8
     522.680	  8
     522.926	  8
     525.086	  8
     525.856	  8
     526.496	  8
     526.886	  8
     527.116	  8
     527.582	  8
     529.440	  8
     530.066	  8
     530.338	  8
     531.080	  8
     531.854	  8
     532.092	  8
     532.314	  8
     532.782	  8
     533.102	  8
     535.290	  8
     535.514	  8
     535.730	  8
     536.026	  8
     536.264	  8
     536.596	  8
     537.292	  8
     537.700	  8
     538.126	  8
     538.428	  8
     538.956	  8
     540.902	  8
     541.648	  8
     545.926	  8
     547.184	  8
     547.702	  8
     548.080	  8
     548.280	  8
     548.734	  8
     553.398	  8
     553.914	  8
     554.510	  8
     554.924	  8
     555.202	  8
     556.302	 53
     562.258	  8
     562.258	 20
     562.258	 27
     562.268	 28
     562.268	 19
     562.368	 29
     562.498	  8
     562.538	  9
     582.388	 51
     582.398	 10
     602.374	  8
     627.834	  8
     628.354	  8
     629.974	  8
     630.406	  8
     630.728	  8
     631.336	  8
     632.336	  8
     632.676	  8
     633.094	  8
     641.404	  8
     642.398	 53
     649.222	  8
     649.222	 20
     649.222	 27
     649.232	 28
     649.232	 19
     649.272	  8
     649.332	 29
     649.500	  9
     655.100	  7
     655.674	  7
     655.784	  7
     655.916	  7
     656.060	  7
     656.202	  7
     656.344	  7
     656.508	  7
     656.664	  7
     656.812	  7
     656.938	  7
     657.068	  7
     657.194	  7
     657.310	  7
     657.448	  7
     657.600	  7
     657.728	  7
     657.858	  7
     657.990	  7
     658.128	  7
     658.250	  7
     658.374	  7
     658.498	  7
     658.620	  7
     659.360	  7
     659.504	  7
     659.632	  7
     659.762	  7
     659.896	  7
     660.028	  7
     660.166	  7
     660.306	  7
     660.442	  7
     660.796	  7
     661.312	  7
     661.446	  7
     661.580	  7
     661.716	  7
     661.824	  7
     661.934	  7
     662.066	  7
     662.196	  7
     662.342	  7
     662.480	  7
     662.624	  7
     662.746	  7
     662.870	  7
     662.994	  7
     663.130	  7
     663.616	  7
     664.094	  7
     664.274	  7
     668.758	  7
     669.352	 52
     669.362	 17
     677.242	  7
     683.648	  7
     693.272	  7
     732.194	  8
     737.904	  8
     738.998	  8
     739.568	  8
     741.778	  8
     742.846	  8
     761.624	  7
     761.980	  7
     762.184	  7
     762.382	  7
     762.592	  7
     763.022	  7
     763.236	  7
     763.418	  7
     763.600	  7
     763.824	  7
     764.042	  7
     764.260	  7
     764.434	  7
     765.060	  7
     765.236	  7
     765.608	  7
     765.790	  7
     765.960	  7
     766.158	  7
     766.352	  7
     766.522	  7
     766.746	  7
     767.632	  7
     767.974	  7
     771.210	  8
     772.184	  8
     773.220	  8
     773.618	  8
     774.070	  8
     774.562	  8
     776.108	  8
     776.450	  8
     776.574	  8
     776.862	  8
     777.076	  8
     777.906	  8
     778.756	  8
     780.268	  8
     780.912	  8
     781.150	  8
     785.016	  8
     785.400	  8
     785.740	  8
     786.202	  8
     786.566	  8
     787.246	  8
     787.932	  8
     788.176	  8
     788.504	  8
     789.186	  8
     789.362	 53
     789.946	  8
     789.946	 20
     789.946	 27
     789.956	 28
     789.956	 19
     790.056	 29
     790.156	  8
     790.216	  9
     791.534	  8
     810.076	 50
     810.086	 18
     819.572	  8
     828.168	  8
     828.740	  8
     828.956	  8
     829.462	  8
     830.202	  8
     830.460	  8
     830.854	  8
     831.164	  8
     831.802	  8
     832.762	  8
     833.440	  8
     834.452	  8
     834.654	  8
     835.466	  8
     837.434	  8
     838.082	  8
     838.422	  8
     839.024	  8
     839.326	  8
     839.498	  8
     839.798	  8
     840.086	 53
     842.042	  8
     842.042	 20
     842.042	 27
     842.052	 28
     842.052	 19
     842.152	 29
     842.202	  8
     842.320	  9
     843.870	  8
     844.130	  8
     862.172	 51
     862.182	 10
     871.890	  8
     872.702	  8
     880.514	  7
     880.660	  7
     880.808	  7
     881.002	  7
     885.654	  7
     886.404	  7
     887.198	  7
     887.494	  7
     887.578	  7
     887.702	  7
     887.826	  7
     887.958	  7
     888.266	  7
     888.414	  7
     888.538	  7
     888.662	  7
     888.790	  7
     888.926	  7
     889.074	  7
     889.204	  7
     889.346	  7
     889.474	  7
     889.608	  7
     889.746	  7
     889.896	  7
     890.036	  7
     890.164	  7
     890.288	  7
     890.410	  7
     890.534	  7
     890.678	  7
     890.822	  7
     890.962	  7
     891.082	  7
     891.208	  7
     891.356	  7
     891.494	  7
     891.656	  7
     892.248	  7
     892.408	  7
     893.064	  7
     893.212	  7
     893.354	  7
     893.660	  7
     893.800	  7
     893.946	  7
     894.208	  7
     894.346	  7
     894.462	  7
     894.572	  7
     894.706	  7
     894.838	  7
     894.966	  7
     895.084	  7
     895.202	  7
     895.354	  7
     895.474	  7
     895.600	  7
     895.722	  7
     895.850	  7
     895.992	  7
     896.128	  7
     896.284	  7
     896.398	  7
     896.528	  7
     896.652	  7
     896.780	  7
     896.918	  7
     897.072	  7
     897.422	  7
     898.044	  7
     898.614	  7
     899.056	  7
     899.348	  7
     899.488	  7
     900.078	  7
     900.226	  7
     900.346	  7
     900.462	  7
     900.586	  7
     900.716	  7
     900.850	  7
     900.976	  7
     901.104	  7
     901.264	  7
     901.390	  7
     901.504	  7
     901.640	  7
     901.784	  7
     901.946	  7
     902.080	  7
     902.236	  7
     902.834	  7
     918.498	  8
     918.648	  8
     919.950	  8
     920.348	  8
     920.418	  8
     920.820	  8
     921.436	  8
     921.844	  8
     922.182	 53
     923.174	  8
     923.174	 20
     923.174	 27
     923.184	 28
     923.184	 19
     923.284	 29
     923.404	  8
     923.452	  9
     943.304	 52
     943.314	 17
     992.906	  8
     993.788	  8
    1003.740	  8
    1019.732	  8
    1020.588	  8
    1020.872	  8
    1022.496	  8
    1026.000	  8
    1035.140	  8
    1035.716	  8
    1036.798	  8
    1037.504	  8
    1038.268	  8
    1038.674	  8
    1039.188	  8
    1039.242	  8
    1040.660	  8
    1041.716	  8
    1042.040	  8
    1042.546	  8
    1043.584	  8
    1043.882	  8
    1044.112	  8
    1054.616	  8
    1055.514	  8
    1055.936	  8
    1056.306	  8
    1057.020	  8
    1057.988	  8
    1058.706	  8
    1061.492	  8
    1062.138	  8
    1062.706	  8
    1062.762	  8
    1063.174	  8
    1063.314	 53
    1063.528	  8
    1063.528	 20
    1063.528	 27
    1063.538	 28
    1063.538	 19
    1063.638	 29
    1063.778	  8
    1063.806	  9
    1065.894	  8
    1066.066	  8
    1083.658	 51
    1083.668	 10
    1088.388	  8
    1092.858	  7
    1092.982	  7
    1093.108	  7
    1093.314	  7
    1096.256	  7
    1097.488	  7
    1097.794	  7
    1097.914	  7
    1098.040	  7
    1098.360	  7
    1098.516	  7
    1098.658	  7
    1098.796	  7
    1098.962	  7
    1099.106	  7
    1099.536	  7
    1099.700	  7
    1099.878	  7
    1100.142	  7
    1100.924	  7
    1101.068	  7
    1101.282	  7
    1101.702	  7
    1101.874	  7
    1102.016	  7
    1102.176	  7
    1102.328	  7
    1102.462	  7
    1103.536	  7
    1103.654	  7
    1103.782	  7
    1103.900	  7
    1104.030	  7
    1104.172	  7
    1104.334	  7
    1104.462	  7
    1104.588	  7
    1104.720	  7
    1104.852	  7
    1105.002	  7
    1105.152	  7
    1105.292	  7
    1105.422	  7
    1105.592	  7
    1105.712	  7
    1105.846	  7
    1105.980	  7
    1106.128	  7
    1106.274	  7
    1106.468	  7
    1106.646	  7
    1107.310	  7
    1107.474	  7
    1107.656	  7
    1107.816	  7
    1107.960	  7
    1108.098	  7
    1108.224	  7
    1108.350	  7
    1108.490	  7
    1108.624	  7
    1108.782	  7
    1108.904	  7
    1109.026	  7
    1109.162	  7
    1109.302	  7
    1109.434	  7
    1109.580	  7
    1109.744	  7
    1109.910	  7
    1110.040	  7
    1110.210	  7
    1110.340	  7
    1110.470	  7
    1110.614	  7
    1110.730	  7
    1110.852	  7
    1110.986	  7
    1111.112	  7
    1111.270	  7
    1111.428	  7
    1111.610	  7
    1111.992	  7
    1112.544	  7
    1133.700	  8
    1134.902	  8
    1135.378	  8
    1135.926	  8
    1136.698	  8
    1137.296	  8
    1137.406	  8
    1137.872	  8
    1138.318	  8
    1139.090	  8
    1140.228	  8
    1140.448	  8
    1142.040	  8
    1142.350	  8
    1143.078	  8
    1143.668	 53
    1143.936	  8
    1143.936	 20
    1143.936	 27
    1143.946	 28
    1143.946	 19
    1144.046	 29
    1144.194	  8
    1144.214	  9
    1144.890	  8
    1146.068	  8
    1148.780	  8
    1149.000	  8
    1149.422	  8
    1164.066	 52
    1164.076	 17
    1205.804	  8
    1213.730	  8
    1214.372	  8
    1214.952	  8
    1215.346	  8
    1215.968	  8
    1216.028	  8
    1220.528	  8
    1221.508	  8
    1221.736	  8
    1236.958	  8
    1238.048	  8
    1238.414	  8
    1238.748	  8
    1239.110	  8
    1239.366	  8
    1239.862	  8
    1240.440	  8
    1240.768	  8
    1241.416	  8
    1241.720	  8
    1242.666	  8
    1242.960	  8
    1243.716	  8
    1244.248	  8
    1244.648	  8
    1245.254	  8
    1246.168	  8
    1246.542	  8
    1248.028	  8
    1248.368	  8
    1248.584	  8
    1248.870	  8
    1249.134	  8
    1249.548	  8
    1250.156	  8
    1251.818	  8
    1252.032	  8
    1253.140	  8
    1253.862	  8
    1254.252	  8
    1254.842	  8
    1255.160	  8
    1255.422	  8
    1255.950	  8
    1256.606	  8
    1259.566	  8
    1260.250	  8
    1260.726	  8
    1261.132	  8
    1261.452	  8
    1262.640	  8
    1263.010	  8
    1263.552	  8
    1263.686	  8
    1264.638	  8
    1264.950	  8
    1265.892	  8
    1266.724	  8
    1266.984	  8
    1267.428	  8
    1268.036	  8
    1268.540	  8
    1269.302	  8
    1269.776	  8
    1270.800	  8
    1271.138	  8
    1272.050	  8
    1272.232	  8
    1272.542	  8
    1274.018	  8
    1274.242	  8
    1275.118	  8
    1275.572	  8
    1276.490	  8
    1278.314	  8
    1278.470	  8
    1279.084	  8
    1279.294	  8
    1279.616	  8
    1283.558	  8
    1284.076	 53
    1285.588	  8
    1285.588	 20
    1285.588	 27
    1285.598	 28
    1285.598	 19
    1285.698	 29
    1285.818	  8
    1285.866	  9
    1287.368	  8
    1305.718	 50
    1305.728	 18
    1313.450	  8
    1314.330	  8
    1315.588	  8
    1318.624	  8
    1319.132	  8
    1319.196	  8
    1319.518	  8
    1320.032	  8
    1320.438	  8
    1321.280	  8
    1321.446	  8
    1322.110	  8
    1323.272	  8
    1323.490	  8
    1324.070	  8
    1324.358	  8
    1324.466	  8
    1324.784	  8
    1327.610	  8
    1327.970	  8
    1328.840	  8
    1329.446	  8
    1330.278	  8
    1330.526	  8
    1331.416	  8
    1332.308	  8
    1332.500	  8
    1333.006	  8
    1334.394	  8
    1335.158	  8
    1335.344	  8
    1335.728	 53
    1335.734	  8
    1335.734	 20
    1335.734	 27
    1335.744	 28
    1335.744	 19
    1335.844	 29
    1336.004	  9
    1336.028	  8
    1338.044	  8
    1338.866	  8
    1339.162	  8
    1355.864	 50
    1355.874	 18
    1362.158	  8
    1362.836	  8
    1363.342	  8
    1363.772	  8
    1364.316	  8
    1364.794	  8
    1365.242	  8
    1365.442	  8
    1366.100	  8
    1368.252	  8
    1369.546	  8
    1370.046	  8
    1370.420	  8
    1370.864	  8
    1372.260	  8
    1372.952	  8
    1373.388	  8
    1374.030	  8
    1374.758	  8
    1375.104	  8
    1376.000	  8
    1376.676	  8
    1377.106	  8
    1377.566	  8
    1380.274	  8
    1380.506	  8
    1381.212	  8
    1381.688	  8
    1382.576	  8
    1383.948	  8
    1384.022	  8
    1384.604	  8
    1385.024	  8
    1385.066	  8
    1385.602	  8
    1385.874	 53
    1385.972	  8
    1385.972	 20
    1385.972	 27
    1385.982	 28
    1385.982	 19
    1386.082	 29
    1386.242	  9
    1388.782	  8
    1389.200	  8
    1392.888	  8
    1393.562	  8
    1406.102	 52
    1406.112	 17
    1423.946	  8
    1449.792	  8
    1449.940	  8
    1474.110	  7
    1474.250	  7
    1474.422	  7
    1474.636	  7
    1477.606	  7
    1479.462	  7
    1482.042	  8
    1482.290	  8
    1483.088	  8
    1483.450	  8
    1484.496	  8
    1485.742	  8
    1486.258	  8
    1486.650	  8
    1486.942	  8
    1487.454	  8
    1488.136	  8
    1488.376	  8
    1488.804	  8
    1490.158	  8
    1490.398	  8
    1505.586	  8
    1506.002	  8
    1506.382	  8
    1511.952	  6
    1518.478	  7
    1518.612	  7
    1521.500	  8
    1522.442	  8
    1522.730	  8
    1524.256	  8
    1525.480	  8
    1526.112	 53
    1526.356	  8
    1526.356	 20
    1526.356	 27
    1526.366	 28
    1526.366	 19
    1526.466	 29
    1526.634	  9
    1527.570	  8
    1528.994	  8
    1546.486	 52
    1546.496	 17
    1569.034	  8
    1569.896	  8
    1616.754	  8
    1617.564	  8
    1617.806	  8
    1618.000	  8
    1618.344	  8
    1618.592	  8
    1618.942	  8
    1619.346	  8
    1619.756	  8
    1619.836	  8
    1620.532	  8
    1621.402	  8
    1621.922	  8
    1621.986	  8
    1622.798	  8
    1622.998	  8
    1623.444	  8
    1625.652	  8
    1625.928	  8
    1628.738	  8
    1629.062	  8
    1629.526	  8
    1629.916	  8
    1634.008	  8
    1635.706	  8
    1635.932	  8
    1636.256	  8
    1636.500	  8
    1637.104	  8
    1637.524	  8
    1638.480	  8
    1639.084	  8
    1639.386	  8
    1640.226	  8
    1640.884	  8
    1642.108	  8
    1642.772	  8
    1644.854	  8
    1645.056	  8
    1645.860	  8
    1646.156	  8
    1646.718	  8
    1647.138	  8
    1650.240	  8
    1650.408	  8
    1650.532	  8
    1650.976	  8
    1651.344	  8
    1651.640	  8
    1651.720	  8
    1652.622	  8
    1652.844	  8
    1653.162	  8
    1656.468	  8
    1657.294	  8
    1657.726	  8
    1657.842	  8
    1658.660	  8
    1659.008	  8
    1660.164	  8
    1660.504	  8
    1661.208	  8
    1662.070	  8
    1662.452	  8
    1663.028	  8
    1663.764	  8
    1666.182	  8
    1666.490	  8
    1666.496	 53
    1667.110	  8
    1667.110	 20
    1667.110	 27
    1667.120	 28
    1667.120	 19
    1667.220	 29
    1667.388	  9
    1670.150	  8
    1687.240	 50
    1687.250	 18
    1717.250	 53
    1721.608	  8
    1721.608	 20
    1721.608	 27
    1721.618	 28
    1721.618	 19
    1721.718	 29
    1721.886	  9
    1731.872	  8
    1732.654	  8
    1741.738	 51
    1741.748	 10
    1759.524	  8
    1760.132	  8
    1760.346	  8
    1760.868	  8
    1761.138	  8
    1761.374	  8
    1762.076	  8
    1762.450	  8
    1763.106	  8
    1763.374	  8
    1763.700	  8
    1764.290	  8
    1764.504	  8
    1765.240	  8
    1765.410	  8
    1765.824	  8
    1765.876	  8
    1766.126	  8
    1766.916	  8
    1767.138	  8
    1767.580	  8
    1768.624	  8
    1768.736	  8
    1769.122	  8
    1769.920	  8
    1770.638	  8
    1770.716	  8
    1770.972	  8
    1772.638	  8
    1772.880	  8
    1773.512	  8
    1773.706	  8
    1774.030	  8
    1774.230	  8
    1775.846	  8
    1776.022	  8
    1776.322	  8
    1777.004	  8
    1777.334	  8
    1777.786	  8
    1778.002	  8
    1778.136	  8
    1778.292	  8
    1778.654	  8
    1778.972	  8
    1781.100	  8
    1781.478	  8
    1781.936	  8
    1782.230	  8
    1782.660	  8
    1783.368	  8
    1783.966	  8
    1784.400	  8
    1784.478	  8
    1785.896	  8
    1786.298	  8
    1787.022	  8
    1787.814	  8
    1788.230	  8
    1788.708	  8
    1789.332	  8
    1791.322	  8
    1791.608	  8
    1793.684	  8
    1794.188	  8
    1795.360	  8
    1795.742	  8
    1796.136	  8
    1797.056	  8
    1797.338	  8
    1799.588	  8
    1800.802	  8
    1800.874	  8
    1801.168	  8
    1801.318	  8
    1801.642	  8
    1801.748	 53
    1802.160	  8
    1802.160	 20
    1802.160	 27
    1802.170	 28
    1802.170	 19
    1802.270	 29
    1802.438	  9
    1803.762	  8
    1804.970	  8
    1822.290	 50
    1822.300	 18
    1831.108	  8
    1831.452	  8
    1831.760	  8
    1832.184	  8
    1832.600	  8
    1832.638	  8
    1833.620	  8
    1834.170	  8
    1834.726	  8
    1834.802	  8
    1835.392	  8
    1836.424	  8
    1837.390	  8
    1838.376	  8
    1839.090	  8
    1841.466	  8
    1841.954	  8
    1842.704	  8
    1844.340	  8
    1845.096	  8
    1845.566	  8
    1846.266	  8
    1846.828	  8
    1846.938	  8
    1848.012	  8
    1848.494	  8
    1850.896	  8
    1851.518	  8
    1852.050	  8
    1852.300	 53
    1853.082	  8
    1853.082	 20
    1853.082	 27
    1853.092	 28
    1853.092	 19
    1853.192	 29
    1853.360	  9
    1854.288	  8
    1854.460	  8
    1855.830	  8
    1858.658	  7
    1864.758	  7
    1873.212	 51
    1873.222	 10
    1891.206	  7
    1891.374	  7
    1891.708	  7
    1893.100	  8
    1893.454	  8
    1893.736	  8
    1901.488	  8
    1901.676	  8
    1902.494	  8
    1903.108	  8
    1903.260	  8
    1903.768	  8
    1904.418	  8
    1904.680	  8
    1905.072	  8
    1905.340	  8
    1906.278	  8
    1906.694	  8
    1907.040	  8
    1907.366	  8
    1907.788	  8
    1908.186	  8
    1908.420	  8
    1909.128	  8
    1909.616	  8
    1909.944	  8
    1910.508	  8
    1914.896	  8
    1915.522	  8
    1916.014	  8
    1916.246	  8
    1916.828	  8
    1917.092	  8
    1917.564	  8
    1918.136	  8
    1919.286	  8
    1919.638	  8
    1920.664	  8
    1921.688	  8
    1922.638	  8
    1924.230	  8
    1924.640	  8
    1925.344	  8
    1926.248	  8
    1927.574	  8
    1928.716	  8
    1928.962	  8
    1930.884	  8
    1931.242	  8
    1932.254	  8
    1932.874	  8
    1933.222	 53
    1933.574	  8
    1933.574	 20
    1933.574	 27
    1933.584	 28
    1933.584	 19
    1933.684	 29
    1933.852	  9
    1953.704	 51
    1953.714	 10
    1971.504	  7
    1971.688	  7
    1972.136	  7
    1972.268	  7
    1972.432	  7
    1972.590	  7
    1972.766	  7
    1972.924	  7
    1973.044	  7
    1974.154	  7
    1974.622	  7
    1974.800	  7
    1974.932	  7
    1975.070	  7
    1975.194	  7
    1975.344	  7
    1975.488	  7
    1975.628	  7
    1975.788	  7
    1975.962	  7
    1976.136	  7
    1976.698	  7
    1976.878	  7
    1977.002	  7
    1977.146	  7
    1977.262	  7
    1977.388	  7
    1977.534	  7
    1977.648	  7
    1977.760	  7
    1977.892	  7
    1978.024	  7
    1978.180	  7
    1978.328	  7
    1978.462	  7
    1978.620	  7
    1978.796	  7
    1978.946	  7
    1979.118	  7
    1979.276	  7
    1979.390	  7
    1979.522	  7
    1979.654	  7
    1979.792	  7
    1979.944	  7
    1980.094	  7
    1980.248	  7
    1980.376	  7
    1980.528	  7
    1980.656	  7
    1980.788	  7
    1980.918	  7
    1981.524	  7
    1981.758	  7
    1982.194	  7
    1982.362	  7
    1982.508	  7
    1982.676	  7
    1983.002	  7
    1983.138	  7
    1983.258	  7
    1983.406	  7
    1983.566	  7
    1983.986	  7
    1984.124	  7
    1984.268	  7
    1984.386	  7
    1984.516	  7
    1984.666	  7
    1984.796	  7
    1984.920	  7
    1985.072	  7
    1985.200	  7
    1985.342	  7
    1985.466	  7
    1985.594	  7
    1985.714	  7
    1985.846	  7
    1985.984	  7
    1986.222	  7
    1987.358	  7
    1987.510	  7
    1988.784	  7
    1988.984	  7
    1989.146	  7
    1989.280	  7
    1989.420	  7
    1989.576	  7
    1989.706	  7
    1989.840	  7
    1990.004	  7
    1990.132	  7
    1990.264	  7
    1990.430	  7
    1990.544	  7
    1990.676	  7
    1990.814	  7
    1990.948	  7
    1991.086	  7
    1991.220	  7
    1991.358	  7
    1991.524	  7
    1991.668	  7
    1991.816	  7
    1991.970	  7
    1992.132	  7
    1992.296	  7
    1992.442	  7
    1993.078	  7
    1993.238	  7
    1993.380	  7
    1993.530	  7
    1993.676	  7
    1993.808	  7
    1993.932	  7
    1994.066	  7
    1994.206	  7
    1994.338	  7
    1994.472	  7
    1994.604	  7
    1994.754	  7
    1994.900	  7
    1995.042	  7
    1995.186	  7
    1995.330	  7
    1995.478	  7
    1995.624	  7
    1995.766	  7
    1995.930	  7
    1996.048	  7
    1996.184	  7
    1996.322	  7
    1996.462	  7
    1996.602	  7
    1996.738	  7
    1996.882	  7
    1997.056	  7
    1997.204	  7
    1997.346	  7
    1997.490	  7
    1997.680	  7
    1997.814	  7
    1997.962	  7
    1998.118	  7
    1998.322	  7
    1998.774	  7
    1998.972	  7
    1999.106	  7
    1999.288	  7
    2009.316	  7
    2013.714	 53
    2014.940	  7
    2026.356	  8
    2026.356	 20
    2026.356	 27
    2026.366	 28
    2026.366	 19
    2026.466	 29
    2026.504	  8
    2026.634	  9
    2028.040	  8
    2046.486	 52
    2046.496	 17
    2092.312	  7
    2092.734	  7
    2092.886	  7
    2093.036	  7
    2093.180	  7
    2093.316	  7
    2093.456	  7
    2093.596	  7
    2093.754	  7
    2093.908	  7
    2094.046	  7
    2094.204	  7
    2094.364	  7
    2094.516	  7
    2094.848	  7
    2094.988	  7
    2095.120	  7
    2095.252	  7
    2095.382	  7
    2095.500	  7
    2095.632	  7
    2095.792	  7
    2095.944	  7
    2096.080	  7
    2096.210	  7
    2096.328	  7
    2096.472	  7
    2096.634	  7
    2096.796	  7
    2096.948	  7
    2097.068	  7
    2097.200	  7
    2097.344	  7
    2097.472	  7
    2097.596	  7
    2097.726	  7
    2097.856	  7
    2097.990	  7
    2098.132	  7
    2098.278	  7
    2098.410	  7
    2098.552	  7
    2098.740	  7
    2098.906	  7
    2099.104	  7
    2099.252	  7
    2099.440	  7
    2099.592	  7
    2100.030	  7
    2100.208	  7
    2100.360	  7
    2100.526	  7
    2100.686	  7
    2100.836	  7
    2100.980	  7
    2101.112	  7
    2101.246	  7
    2101.388	  7
    2101.534	  7
    2101.688	  7
    2101.812	  7
    2101.936	  7
    2102.080	  7
    2102.240	  7
    2102.390	  7
    2102.534	  7
    2102.660	  7
    2102.804	  7
    2102.936	  7
    2103.074	  7
    2103.228	  7
    2103.342	  7
    2103.482	  7
    2103.616	  7
    2103.746	  7
    2103.882	  7
    2104.008	  7
    2104.152	  7
    2104.978	  7
    2105.260	  7
    2105.384	  7
    2105.546	  7
    2106.264	  7
    2106.456	  7
    2106.802	  7
    2107.028	  7
    2108.066	  7
    2108.190	  7
    2118.388	  7
    2131.566	  7
    2135.338	  7
    2145.782	  7
    2162.318	  8
    2162.900	  8
    2163.452	  8
    2163.880	  8
    2164.282	  8
    2164.484	  8
    2164.948	  8
    2165.200	  8
    2166.316	  8
    2166.496	 53
    2166.600	  8
    2166.600	 20
    2166.600	 27
    2166.610	 28
    2166.610	 19
    2166.710	 29
    2166.768	  8
    2166.878	  9
    2168.156	  8
    2186.730	 52
    2186.740	 17
    2189.452	  7
    2189.730	  7
    2189.872	  7
    2190.298	  7
    2193.974	  7
    2194.092	  7
    2194.330	  7
    2194.554	  7
    2194.768	  7
    2195.402	  7
    2195.530	  7
    2195.754	  7
    2195.836	  7
    2196.014	  7
    2196.410	  7
    2217.220	  6
    2238.202	  8
    2238.764	  8
    2239.766	  8
    2239.912	  8
    2240.512	  8
    2241.240	  8
    2241.492	  8
    2241.564	  8
    2249.044	  8
    2250.426	  8
    2250.824	  8
    2251.558	  8
    2252.614	  8
    2252.890	  8
    2253.314	  8
    2253.662	  8
    2257.326	  8
    2258.712	  8
    2259.074	  8
    2259.520	  8
    2259.660	  8
    2260.346	  8
    2260.720	  8
    2260.810	  8
    2260.884	  8
    2261.382	  8
    2262.386	  8
    2262.742	  8
    2263.244	  8
    2263.660	  8
    2263.742	  8
    2263.950	  8
    2266.078	  8
    2269.466	  8
    2271.094	  8
    2271.360	  8
    2272.112	  8
    2272.478	  8
    2274.084	  8
    2274.782	  8
    2275.450	  8
    2275.808	  8
    2276.184	  8
    2276.876	  8
    2277.860	  8
    2278.538	  8
    2279.002	  8
    2279.714	  8
    2279.766	  8
    2280.620	  8
    2281.112	  8
    2282.460	  8
    2284.216	  8
    2286.092	  8
    2288.500	  8
    2289.114	  8
    2289.690	  8
    2290.462	  8
    2290.846	  8
    2291.302	  8
    2292.202	  8
    2292.776	  8
    2293.632	  8
    2294.482	  8
    2294.860	  8
    2295.896	  8
    2300.682	  8
    2301.070	  8
    2301.952	  8
    2304.122	  8
    2304.492	  8
    2305.146	  8
    2305.810	  8
    2306.740	 53
    2307.194	  8
    2307.194	 20
    2307.194	 27
    2307.204	 28
    2307.204	 19
    2307.304	 29
    2307.408	  8
    2307.472	  9
    2310.650	  8
    2310.994	  8
    2327.324	 51
    2327.334	 10
    2331.670	  8
    2332.216	  8
    2378.032	  8
    2378.200	  8
    2378.890	  8
    2378.950	  8
    2379.870	  8
    2380.592	  8
    2381.144	  8
    2381.242	  8
    2381.366	  8
    2381.648	  8
    2382.160	  8
    2382.582	  8
    2383.066	  8
    2384.100	  8
    2384.428	  8
    2384.898	  8
    2385.136	  8
    2385.430	  8
    2386.392	  8
    2387.178	  8
    2387.334	 53
    2387.672	  8
    2387.672	 20
    2387.672	 27
    2387.682	 28
    2387.682	 19
    2387.782	 29
    2387.918	  8
    2387.950	  9
    2390.702	  8
    2390.772	  8
    2407.802	 51
    2407.812	 10
    2440.396	  8
    2440.780	  8
    2441.414	  8
    2442.114	  8
    2442.940	  8
    2443.214	  8
    2443.528	  8
    2444.350	  8
    2444.558	  8
    2444.684	  8
    2445.396	  8
    2446.472	  8
    2448.850	  8
    2449.132	  8
    2449.576	  8
    2450.108	  8
    2450.176	  8
    2450.550	  8
    2450.670	  8
    2451.152	  8
    2451.448	  8
    2451.946	  8
    2452.412	  8
    2452.998	  8
    2453.442	  8
    2453.724	  8
    2453.998	  8
    2454.392	  8
    2455.490	  8
    2455.608	  8
    2455.916	  8
    2456.684	  8
    2458.316	  8
    2458.620	  8
    2458.998	  8
    2459.636	  8
    2460.084	  8
    2460.502	  8
    2460.572	  8
    2461.074	  8
    2461.472	  8
    2463.700	  8
    2464.272	  8
    2464.776	  8
    2465.266	  8
    2465.720	  8
    2466.214	  8
    2466.540	  8
    2467.090	  8
    2467.812	 53
    2467.832	  8
    2467.832	 20
    2467.832	 27
    2467.842	 28
    2467.842	 19
    2467.942	 29
    2468.110	  9
    2468.924	  8
    2469.182	  8
    2469.330	  8
    2471.700	  8
    2477.916	  7
    2478.068	  7
    2478.462	  7
    2478.570	  7
    2478.694	  7
    2478.832	  7
    2478.986	  7
    2479.138	  7
    2479.280	  7
    2479.428	  7
    2479.712	  7
    2479.802	  7
    2480.034	  7
    2480.210	  7
    2480.352	  7
    2480.508	  7
    2480.658	  7
    2480.804	  7
    2481.010	  7
    2481.146	  7
    2481.298	  7
    2481.438	  7
    2481.584	  7
    2481.736	  7
    2481.922	  7
    2482.326	  7
    2482.500	  7
    2482.656	  7
    2482.804	  7
    2482.938	  7
    2483.072	  7
    2483.200	  7
    2483.328	  7
    2483.456	  7
    2483.584	  7
    2483.706	  7
    2483.864	  7
    2484.000	  7
    2484.162	  7
    2484.290	  7
    2484.420	  7
    2484.558	  7
    2484.688	  7
    2484.828	  7
    2484.980	  7
    2485.108	  7
    2485.246	  7
    2485.364	  7
    2485.492	  7
    2485.620	  7
    2485.752	  7
    2485.894	  7
    2486.022	  7
    2486.170	  7
    2486.314	  7
    2486.622	  7
    2486.686	  7
    2487.552	  7
    2487.768	  7
    2487.962	 52
    2487.972	 17
    2488.700	  7
    2497.542	  7
    2497.714	  7
    2498.082	  7
    2498.520	  7
    2498.642	  7
    2498.788	  7
    2498.964	  7
    2499.146	  7
    2499.528	  7
    2499.688	  7
    2500.230	  7
    2500.406	  7
    2500.954	  7
    2501.252	  7
    2501.426	  7
    2501.760	  7
    2501.926	  7
    2502.098	  7
    2502.234	  7
    2502.382	  7
    2502.532	  7
    2502.676	  7
    2502.836	  7
    2502.976	  7
    2503.112	  7
    2503.246	  7
    2503.376	  7
    2503.516	  7
    2503.668	  7
    2503.862	  7
    2504.064	  7
    2504.548	  7
    2504.748	  7
    2505.900	  7
    2506.674	  7
    2506.824	  7
    2507.160	  7
    2507.312	  7
    2507.470	  7
    2507.606	  7
    2507.760	  7
    2507.878	  7
    2508.000	  7
    2508.130	  7
    2508.272	  7
    2508.436	  7
    2508.558	  7
    2508.692	  7
    2508.844	  7
    2509.004	  7
    2509.154	  7
    2509.286	  7
    2509.446	  7
    2509.616	  7
    2509.774	  7
    2509.966	  7
    2510.120	  7
    2510.276	  7
    2510.434	  7
    2510.556	  7
    2510.684	  7
    2510.830	  7
    2510.966	  7
    2511.092	  7
    2511.222	  7
    2511.374	  7
    2511.510	  7
    2511.652	  7
    2511.782	  7
    2511.924	  7
    2512.052	  7
    2512.182	  7
    2512.350	  7
    2512.494	  7
    2512.626	  7
    2512.758	  7
    2512.890	  7
    2513.030	  7
    2513.510	  7
    2513.658	  7
    2514.292	  7
    2514.462	  7
    2514.666	  7
    2515.092	  7
    2515.288	  7
    2515.482	  7
    2515.656	  7
    2516.502	  7
    2516.654	  7
    2516.926	  7
    2517.064	  7
    2517.204	  7
    2517.322	  7
    2517.470	  7
    2517.616	  7
    2517.788	  7
    2517.932	  7
    2518.066	  7
    2518.356	  7
    2518.486	  7
    2518.626	  7
    2518.764	  7
    2518.902	  7
    2519.048	  7
    2519.166	  7
    2519.296	  7
    2519.448	  7
    2519.600	  7
    2520.264	  7
    2529.352	  7
    2529.444	  7
    2542.336	  8
    2542.922	  8
    2593.920	  8
    2594.146	  8
    2595.564	  8
    2596.244	  8
    2596.722	  8
    2596.882	  8
    2598.338	  8
    2600.620	  8
    2600.960	  8
    2601.462	  8
    2601.986	  8
    2602.262	  8
    2602.394	  8
    2602.958	  8
    2603.468	  8
    2603.964	  8
    2604.574	  8
    2604.932	  8
    2605.524	  8
    2606.062	  8
    2606.690	  8
    2606.942	  8
    2607.524	  8
    2607.972	 53
    2614.078	  8
    2614.078	 20
    2614.078	 27
    2614.088	 28
    2614.088	 19
    2614.188	 29
    2614.300	  8
    2614.356	  9
    2615.892	  8
    2634.208	 50
    2634.218	 18
    2634.666	  7
    2635.400	  7
    2636.742	  7
    2637.360	  7
    2638.118	  7
    2648.486	  7
    2660.158	  7
    2664.218	 53
    2666.334	  8
    2666.334	 20
    2666.334	 27
    2666.344	 28
    2666.344	 19
    2666.444	 29
    2666.564	  8
    2666.612	  9
    2667.906	  8
    2686.464	 52
    2686.474	 17
    2697.930	  7
    2698.058	  7
    2698.214	  7
    2698.406	  7
    2698.586	  7
    2698.796	  7
    2702.508	  7
    2731.140	  8
    2731.974	  8
    2732.156	  8
    2732.718	  8
    2733.122	  8
    2733.414	  8
    2733.456	  8
    2733.946	  8
    2734.122	  8
    2734.204	  8
    2737.246	  8
    2738.100	  8
    2738.236	  8
    2738.388	  8
    2738.418	  8
    2738.950	  8
    2739.670	  8
    2739.752	  8
    2740.278	  8
    2740.874	  8
    2743.048	  8
    2743.628	  8
    2744.000	  8
    2744.114	  8
    2744.324	  8
    2744.918	  8
    2744.990	  8
    2745.374	  8
    2745.602	  8
    2745.956	  8
    2746.526	  8
    2747.006	  8
    2747.358	  8
    2747.798	  8
    2748.000	  8
    2748.204	  8
    2748.736	  8
    2748.982	  8
    2752.056	  8
    2752.348	  8
    2753.270	  8
    2754.064	  8
    2754.622	  8
    2755.468	  8
    2755.954	  8
    2756.346	  8
    2757.470	  8
    2761.400	  8
    2761.608	  8
    2763.194	  8
    2763.676	  8
    2764.230	  8
    2765.792	  8
    2766.098	  8
    2766.706	  8
    2767.198	  8
    2767.660	  8
    2768.110	  8
    2768.196	  8
    2768.342	  8
    2769.312	  8
    2771.858	  8
    2772.298	  8
    2773.920	  8
    2774.234	  8
    2775.076	  8
    2775.786	  8
    2775.952	  8
    2776.620	  8
    2777.168	  8
    2777.440	  8
    2777.734	  8
    2779.076	  8
    2779.412	  8
    2779.666	  8
    2780.104	  8
    2780.278	  8
    2780.846	  8
    2783.374	  8
    2783.746	  8
    2784.416	  8
    2784.492	  8
    2785.148	  8
    2785.644	  8
    2786.476	  8
    2786.766	  8
    2788.822	  8
    2789.746	  8
    2790.266	  8
    2790.958	  8
    2791.908	  8
    2792.752	  8
    2793.706	  8
    2794.308	  8
    2794.936	  8
    2798.242	  8
    2798.600	  8
    2798.928	  8
    2799.548	  8
    2800.560	  8
    2800.890	  8
    2801.234	  8
    2801.596	  8
    2802.258	  8
    2802.594	  8
    2803.964	  8
    2805.940	  8
    2806.474	 53
    2806.554	  8
    2806.554	 20
    2806.554	 27
    2806.564	 28
    2806.564	 19
    2806.664	 29
    2806.832	  9
    2808.020	  8
    2810.302	  8
    2822.070	  7
    2822.582	  7
    2824.304	  7
    2824.698	  7
    2824.842	  7
    2825.898	  7
    2826.684	 50
    2826.694	 18
    2838.044	  7
    2846.840	  7
    2852.302	  7
    2856.694	 53
    2860.820	  8
    2860.820	 20
    2860.820	 27
    2860.830	 28
    2860.830	 19
    2860.924	  8
    2860.930	 29
    2861.098	  9
    2862.016	  8
    2862.496	  8
    2880.950	 52
    2880.960	 17
    2912.872	  8
    2945.366	  8
    2946.392	  8
    2946.500	  8
    2947.254	  8
    2947.700	  8
    2948.176	  8
    2949.064	  8
    2949.958	  8
    2950.420	  8
    2950.860	  8
    2953.302	  8
    2954.500	  8
    2955.058	  8
    2955.634	  8
    2956.446	  8
    2957.232	  8
    2960.900	  8
    2961.684	  8
    2962.168	  8
    2963.466	  8
    2964.114	  8
    2964.648	  8
    2965.620	  8
    2966.314	  8
    2968.596	  8
    2968.914	  8
    2969.510	  8
    2969.858	  8
    2970.182	  8
    2970.468	  8
    2970.596	  8
    2971.402	  8
    2971.736	  8
    2974.860	  8
    2975.546	  8
    2977.012	  8
    2977.566	  8
    2977.650	  8
    2978.396	  8
    2979.040	  8
    2979.994	  8
    2980.104	  8
    2980.276	  8
    2980.770	  8
    2981.002	  8
    2981.356	  8
    2981.852	  8
    2983.070	  8
    2983.436	  8
    2983.718	  8
    2983.808	  8
    2984.264	  8
    2984.496	  8
    2985.098	  8
    2985.420	  8
    2985.634	  8
    2986.120	  8
    2987.402	  8
    2989.590	  8
    2989.666	  8
    2989.726	  8
    2990.640	  8
    2991.204	  8
    2991.274	  8
    2991.722	  8
    2992.006	  8
    2992.484	  8
    2992.778	  8
    2992.922	  8
    2994.850	  8
    2995.522	  8
    2996.910	  8
    2997.262	  8
    2998.358	  8
    2998.666	  8
    2999.538	  8
    2999.872	  8
    3000.294	  8
    3000.960	 53
    3004.900	  8
    3004.900	 20
    3004.900	 27
    3004.910	 28
    3004.910	 19
    3005.010	 29
    3005.110	  8
    3005.178	  9
    3007.860	  8
    3009.002	  8
    3025.030	 51
    3025.040	 10
    3041.476	  7
    3042.476	  7
    3042.782	  7
    3042.906	  7
    3043.056	  7
    3043.446	  7
    3043.746	  7
    3043.892	  7
    3044.224	  7
    3044.674	  7
    3044.822	  7
    3044.986	  7
    3045.134	  7
    3045.264	  7
    3045.430	  7
    3045.544	  7
    3045.928	  7
    3046.216	  7
    3046.404	  7
    3047.014	  7
    3047.278	  7
    3047.486	  7
    3047.652	  7
    3048.000	  7
    3048.130	  7
    3048.278	  7
    3048.358	  7
    3049.104	  7
    3049.640	  7
    3049.768	  7
    3049.896	  7
    3050.018	  7
    3050.172	  7
    3050.316	  7
    3050.460	  7
    3050.588	  7
    3050.712	  7
    3050.856	  7
    3051.014	  7
    3051.168	  7
    3051.338	  7
    3051.506	  7
    3051.664	  7
    3051.816	  7
    3051.950	  7
    3052.082	  7
    3052.230	  7
    3052.360	  7
    3052.492	  7
    3052.628	  7
    3052.758	  7
    3052.912	  7
    3053.064	  7
    3053.318	  7
    3053.852	  7
    3054.480	  7
    3054.664	  7
    3054.872	  7
    3055.276	  7
    3055.594	  7
    3055.746	  7
    3055.886	  7
    3056.022	  7
    3056.158	  7
    3056.302	  7
    3056.444	  7
    3056.588	  7
    3056.718	  7
    3056.852	  7
    3056.982	  7
    3057.118	  7
    3057.284	  7
    3057.418	  7
    3057.562	  7
    3057.692	  7
    3057.826	  7
    3057.962	  7
    3058.100	  7
    3058.242	  7
    3058.400	  7
    3058.544	  7
    3058.694	  7
    3059.216	  7
    3066.700	  7
    3077.542	  8
    3077.670	  8
    3078.284	  8
    3078.384	  8
    3078.612	  8
    3078.664	  8
    3079.066	  8
    3079.562	  8
    3080.576	  8
    3080.918	  8
    3081.564	  8
    3081.836	  8
    3082.794	  8
    3083.138	  8
    3083.462	  8
    3084.340	  8
    3085.040	 53
    3086.114	  8
    3086.114	 20
    3086.114	 27
    3086.124	 28
    3086.124	 19
    3086.224	 29
    3086.390	  8
    3086.392	  9
    3087.472	  8
    3087.690	  8
    3106.244	 51
    3106.254	 10
    3124.160	  8
    3124.538	  8
    3149.514	  8
    3150.564	  8
    3151.270	  8
    3151.708	  8
    3152.626	  8
    3152.916	  8
    3153.042	  8
    3153.216	  8
    3153.732	  8
    3153.844	  8
    3154.144	  8
    3155.184	  8
    3155.788	  8
    3156.704	  8
    3158.130	  8
    3158.840	  8
    3159.510	  8
    3160.252	  8
    3160.860	  8
    3161.676	  8
    3161.974	  8
    3162.476	  8
    3162.968	  8
    3163.304	  8
    3163.828	  8
    3165.192	  8
    3165.874	  8
    3166.138	  8
    3166.254	 53
    3166.456	  8
    3166.456	 20
    3166.456	 27
    3166.466	 28
    3166.466	 19
    3166.566	 29
    3166.734	  9
    3168.738	  8
    3168.834	  8
    3169.192	  8
    3169.578	  8
    3171.394	  8
    3172.614	  8
    3172.814	  8
    3173.344	  8
    3174.608	  8
    3175.352	  8
    3186.586	 51
    3186.596	 10
    3215.704	  8
    3216.562	  8
    3217.326	  8
    3217.702	  8
    3218.198	  8
    3219.922	  8
    3222.320	  8
    3222.554	  8
    3223.252	  8
    3224.796	  8
    3225.844	  8
    3226.466	  8
    3226.576	  8
    3230.406	  8
    3231.408	  8
    3231.468	  8
    3233.274	  8
    3234.546	  8
    3235.424	  8
    3236.046	  8
    3236.838	  8
    3236.952	  8
    3237.340	  8
    3238.184	  8
    3239.020	  8
    3239.936	  8
    3240.236	  8
    3240.454	  8
    3241.672	  8
    3242.016	  8
    3242.566	  8
    3242.962	  8
    3243.430	  8
    3243.570	  8
    3243.866	  8
    3244.726	  8
    3244.934	  8
    3245.824	  8
    3246.596	 53
    3246.790	  8
    3246.790	 20
    3246.790	 27
    3246.800	 28
    3246.800	 19
    3246.900	 29
    3246.960	  8
    3247.068	  9
    3266.920	 50
    3266.930	 18
    3276.202	  8
    3277.288	  8
    3277.962	  8
    3279.036	  8
    3279.666	  8
    3280.054	  8
    3280.120	  8
    3280.210	  8
    3280.400	  8
    3280.590	  8
    3281.598	  8
    3282.174	  8
    3283.876	  8
    3286.258	  8
    3286.438	  8
    3287.052	  8
    3287.444	  8
    3287.700	  8
    3288.160	  8
    3288.338	  8
    3288.650	  8
    3289.204	  8
    3289.662	  8
    3290.434	  8
    3293.168	  8
    3293.776	  8
    3295.022	  8
    3296.004	  8
    3296.596	  8
    3296.768	  8
    3296.930	 53
    3297.250	  8
    3297.250	 20
    3297.250	 27
    3297.260	 28
    3297.260	 19
    3297.360	 29
    3297.528	  9
    3299.138	  8
    3299.284	  8
    3300.228	  8
    3300.888	  8
    3301.378	  8
    3317.380	 52
    3317.390	 17
    3343.024	  7
    3343.180	  7
    3343.350	  7
    3343.552	  7
    3346.638	  7
    3346.976	  7
    3350.132	  7
    3352.654	  7
    3353.116	  7
    3353.230	  7
    3353.364	  7
    3353.504	  7
    3353.640	  7
    3353.788	  7
    3354.066	  7
    3354.344	  7
    3354.628	  7
    3355.036	  7
    3355.210	  7
    3355.366	  7
    3355.514	  7
    3355.662	  7
    3355.846	  7
    3355.996	  7
    3356.534	  7
    3356.688	  7
    3356.880	  7
    3357.034	  7
    3357.174	  7
    3357.328	  7
    3357.468	  7
    3357.628	  7
    3357.780	  7
    3357.922	  7
    3358.056	  7
    3358.178	  7
    3358.310	  7
    3358.436	  7
    3358.582	  7
    3358.730	  7
    3358.904	  7
    3359.040	  7
    3359.174	  7
    3359.298	  7
    3359.424	  7
    3359.558	  7
    3359.700	  7
    3359.836	  7
    3359.970	  7
    3360.116	  7
    3360.250	  7
    3360.368	  7
    3360.500	  7
    3360.668	  7
    3360.810	  7
    3360.962	  7
    3361.100	  7
    3361.220	  7
    3361.346	  7
    3361.484	  7
    3361.650	  7
    3361.796	  7
    3361.874	  7
    3362.562	  7
    3363.146	  7
    3363.174	  7
    3364.604	  7
    3364.752	  7
    3365.496	  7
    3365.620	  7
    3365.762	  7
    3365.880	  7
    3366.006	  7
    3366.150	  7
    3366.282	  7
    3366.408	  7
    3366.528	  7
    3366.664	  7
    3366.824	  7
    3366.948	  7
    3367.076	  7
    3367.208	  7
    3367.346	  7
    3367.492	  7
    3367.632	  7
    3367.764	  7
    3367.910	  7
    3368.070	  7
    3368.198	  7
    3368.330	  7
    3368.490	  7
    3368.610	  7
    3368.742	  7
    3368.870	  7
    3369.006	  7
    3369.148	  7
    3369.294	  7
    3369.426	  7
    3369.562	  7
    3369.688	  7
    3369.846	  7
    3369.990	  7
    3370.318	  7
    3371.208	  7
    3375.238	  7
    3382.386	  7
    3382.516	  7
    3382.794	  7
    3382.990	  7
    3383.190	  7
    3383.318	  7
    3383.498	  7
    3383.688	  7
    3384.040	  7
    3384.230	  7
    3384.626	  7
    3384.834	  7
    3384.978	  7
    3385.752	  7
    3388.754	  8
    3389.706	  8
    3390.410	  8
    3391.712	  8
    3391.848	  8
    3392.396	  8
    3393.158	  8
    3393.684	  8
    3394.124	  8
    3394.308	  8
    3395.910	  8
    3396.766	  8
    3397.274	  8
    3397.754	  8
    3397.952	  8
    3398.726	  8
    3400.634	  8
    3400.822	  8
    3408.512	  8
    3409.986	  8
    3411.098	  8
    3411.586	  8
    3412.070	  8
    3412.242	  8
    3412.790	  8
    3412.992	  8
    3413.428	  8
    3413.912	  8
    3414.530	  8
    3415.116	  8
    3415.428	  8
    3416.066	  8
    3416.434	  8
    3417.036	  8
    3420.092	  8
    3420.444	  8
    3421.038	  8
    3421.430	  8
    3421.754	  8
    3422.128	  8
    3422.656	  8
    3423.194	  8
    3423.432	  8
    3424.032	  8
    3424.852	  8
    3425.308	  8
    3426.162	  8
    3426.614	  8
    3430.174	  8
    3430.560	  8
    3431.062	  8
    3431.868	  8
    3432.354	  8
    3432.610	  8
    3433.334	  8
    3433.658	  8
    3434.572	  8
    3434.820	  8
    3435.334	  8
    3435.872	  8
    3436.282	  8
    3436.828	  8
    3437.390	 53
    3438.804	  8
    3438.804	 20
    3438.804	 27
    3438.814	 28
    3438.814	 19
    3438.914	 29
    3439.032	  8
    3439.082	  9
    3442.400	  8
    3442.574	  8
    3458.934	 52
    3458.944	 17
    3503.440	  8
    3510.038	  8
    3510.158	  8
    3510.618	  8
    3525.508	  8
    3525.962	  8
    3526.096	  8
    3526.538	  8
    3526.706	  8
    3526.990	  8
    3528.456	  8
    3529.220	  8
    3530.168	  8
    3530.500	  8
    3530.890	  8
    3530.980	  8
    3531.424	  8
    3531.758	  8
    3532.408	  8
    3533.132	  8
    3533.536	  8
    3533.968	  8
    3534.226	  8
    3535.742	  8
    3536.386	  8
    3536.730	  8
    3537.012	  8
    3537.408	  8
    3537.750	  8
    3538.484	  8
    3538.854	  8
    3542.860	  8
    3543.494	  8
    3543.636	  8
    3544.052	  8
    3544.174	  8
    3544.626	  8
    3545.318	  8
    3546.206	  8
    3547.102	  8
    3548.878	  8
    3549.542	  8
    3549.764	  8
    3550.918	  8
    3551.646	  8
    3552.320	  8
    3552.708	  8
    3553.452	  8
    3553.608	  8
    3554.232	  8
    3554.542	  8
    3554.828	  8
    3555.578	  8
    3555.874	  8
    3556.406	  8
    3556.820	  8
    3558.444	  8
    3558.822	  8
    3558.874	  8
    3561.334	  8
    3561.604	  8
    3562.030	  8
    3562.440	  8
    3562.764	  8
    3563.056	  8
    3563.396	  8
    3563.822	  8
    3564.694	  8
    3565.100	  8
    3565.848	  8
    3566.176	  8
    3567.618	  8
    3568.142	  8
    3568.306	  8
    3568.492	  8
    3569.464	  8
    3570.040	  8
    3571.422	  8
    3574.086	  8
    3574.370	  8
    3574.934	  8
    3576.956	  8
    3577.898	  8
    3578.324	  8
    3578.944	 53
    3579.224	  8
    3579.224	 20
    3579.224	 27
    3579.234	 28
    3579.234	 19
    3579.334	 29
    3579.502	  9
    3579.536	  8
    3582.050	  8
    3599.354	 51
    3599.364	 10
    3621.856	  7
    3622.512	  7
    3622.912	  7
    3623.390	  7
    3623.522	  7
    3623.632	  7
    3623.850	  7
    3624.042	  7
    3624.336	  7
    3624.440	  7
    3624.658	  7
    3624.860	  7
    3625.008	  7
    3625.160	  7
    3625.206	  7
    3625.322	  7
    3625.864	  7
    3626.012	  7
    3626.170	  7
    3626.322	  7
    3626.482	  7
    3626.670	  7
    3626.826	  7
    3626.968	  7
    3627.152	  7
    3627.320	  7
    3627.478	  7
    3627.540	  7
    3628.380	  7
    3628.572	  7
    3628.942	  7
    3629.570	  7
    3629.724	  7
    3629.866	  7
    3630.000	  7
    3630.118	  7
    3630.248	  7
    3630.386	  7
    3630.512	  7
    3630.632	  7
    3630.756	  7
    3630.892	  7
    3631.048	  7
    3631.198	  7
    3631.332	  7
    3631.498	  7
    3631.632	  7
    3631.768	  7
    3631.904	  7
    3632.044	  7
    3632.182	  7
    3632.340	  7
    3632.492	  7
    3632.656	  7
    3632.780	  7
    3633.078	  7
    3633.212	  7
    3633.336	  7
    3633.474	  7
    3633.614	  7
    3633.788	  7
    3633.964	  7
    3634.582	  7
    3634.756	  7
    3634.924	  7
    3635.074	  7
    3635.222	  7
    3635.372	  7
    3635.510	  7
    3635.646	  7
    3635.788	  7
    3635.924	  7
    3636.046	  7
    3636.176	  7
    3636.310	  7
    3636.460	  7
    3636.598	  7
    3636.714	  7
    3636.840	  7
    3636.976	  7
    3637.106	  7
    3637.252	  7
    3637.390	  7
    3637.540	  7
    3637.654	  7
    3637.776	  7
    3637.918	  7
    3638.066	  7
    3638.262	  7
    3638.468	  7
    3638.618	  7
    3638.986	  7
    3639.138	  7
    3639.676	  7
    3639.784	  7
    3639.938	  7
    3640.096	  7
    3640.244	  7
    3640.542	  7
    3640.686	  7
    3640.948	  7
    3641.268	  7
    3641.394	  7
    3641.548	  7
    3641.682	  7
    3641.814	  7
    3641.960	  7
    3642.076	  7
    3642.222	  7
    3642.352	  7
    3642.490	  7
    3642.616	  7
    3642.752	  7
    3642.890	  7
    3643.026	  7
    3643.166	  7
    3643.324	  7
    3643.454	  7
    3643.600	  7
    3643.832	  7
    3644.614	  7
    3645.042	  7
    3645.208	  7
    3645.532	  7
    3645.672	  7
    3645.800	  7
    3645.936	  7
    3646.078	  7
    3646.196	  7
    3646.340	  7
    3646.484	  7
    3646.630	  7
    3646.772	  7
    3646.894	  7
    3647.032	  7
    3647.212	  7
    3647.330	  7
    3647.474	  7
    3647.592	  7
    3647.720	  7
    3647.858	  7
    3647.988	  7
    3648.116	  7
    3648.242	  7
    3648.382	  7
    3648.518	  7
    3648.734	  7
    3648.804	  7
    3648.982	  7
    3649.542	  7
    3649.744	  7
    3649.914	  7
    3650.076	  7
    3650.230	  7
    3650.378	  7
    3650.546	  7
    3650.702	  7
    3650.840	  7
    3650.994	  7
    3651.162	  7
    3651.262	  7
    3651.386	  7
    3651.522	  7
    3651.652	  7
    3651.794	  7
    3651.928	  7
    3652.054	  7
    3652.188	  7
    3652.316	  7
    3652.460	  7
    3652.588	  7
    3652.716	  7
    3652.848	  7
    3652.980	  7
    3653.126	  7
    3653.454	  7
    3653.632	  7
    3653.706	  7
    3653.936	  7
    3654.018	  7
    3654.246	  7
    3654.748	  7
    3655.610	  7
    3655.752	  7
    3655.914	  7
    3656.046	  7
    3656.174	  7
    3656.322	  7
    3656.482	  7
    3656.650	  7
    3656.808	  7
    3656.962	  7
    3657.096	  7
    3657.234	  7
    3657.392	  7
    3657.518	  7
    3657.652	  7
    3657.792	  7
    3657.924	  7
    3658.060	  7
    3658.200	  7
    3658.360	  7
    3658.492	  7
    3658.638	  7
    3658.768	  7
    3658.916	  7
    3659.218	  7
    3659.364	 53
    3659.394	  7
    3659.522	  7
    3659.808	  7
    3660.180	  7
    3660.322	  7
    3660.808	  7
    3661.182	  7
    3661.300	  7
    3661.440	  7
    3661.606	  7
    3661.748	  7
    3661.902	  7
    3662.072	  7
    3662.202	  7
    3662.332	  7
    3662.494	  7
    3662.616	  7
    3662.750	  7
    3662.912	  7
    3663.038	  7
    3663.166	  7
    3663.292	  7
    3663.430	  7
    3663.564	  7
    3663.700	  7
    3663.836	  7
    3663.970	  7
    3664.106	  7
    3664.292	  7
    3664.870	  7
    3682.166	  8
    3682.166	 20
    3682.166	 27
    3682.176	 28
    3682.176	 19
    3682.276	 29
    3682.352	  8
    3682.444	  9
    3702.296	 51
    3702.306	 10
    3735.710	  7
    3735.868	  7
    3736.044	  7
    3736.246	  7
    3736.656	  7
    3737.840	  7
    3740.238	  7
    3740.442	  7
    3741.072	  7
    3743.700	  7
    3743.838	  7
    3743.976	  7
    3744.188	  7
    3744.406	  7
    3745.584	  7
    3745.796	  7
    3746.376	  7
    3746.570	  7
    3746.754	  7
    3746.992	  7
    3747.160	  7
    3747.330	  7
    3747.474	  7
    3747.648	  7
    3748.076	  7
    3749.072	  7
    3749.268	  7
    3749.420	  7
    3749.616	  7
    3749.798	  7
    3749.982	  7
    3750.168	  7
    3750.344	  7
    3750.524	  7
    3750.674	  7
    3750.820	  7
    3750.966	  7
    3751.124	  7
    3751.242	  7
    3751.368	  7
    3751.512	  7
    3751.660	  7
    3751.774	  7
    3751.900	  7
    3752.046	  7
    3752.166	  7
    3752.286	  7
    3752.440	  7
    3752.498	  7
    3752.606	  7
    3752.824	  7
    3753.524	  7
    3753.728	  7
    3754.802	  7
    3754.992	  7
    3755.154	  7
    3755.304	  7
    3755.470	  7
    3755.624	  7
    3755.738	  7
    3755.866	  7
    3755.998	  7
    3756.134	  7
    3756.258	  7
    3756.390	  7
    3756.548	  7
    3757.100	  7
    3757.222	  7
    3757.384	  7
    3757.536	  7
    3757.666	  7
    3757.808	  7
    3757.966	  7
    3758.140	  7
    3758.268	  7
    3758.388	  7
    3758.508	  7
    3758.640	  7
    3758.766	  7
    3758.904	  7
    3759.062	  7
    3759.186	  7
    3759.252	  7
    3760.338	  7
    3760.548	  7
    3760.714	  7
    3760.892	  7
    3761.246	  7
    3761.682	  7
    3762.306	 53
    3762.926	  7
    3763.136	  7
    3764.432	  7
    3764.556	  7
    3764.710	  7
    3764.856	  7
    3765.012	  7
    3765.722	  7
    3765.850	  7
    3765.974	  7
    3766.122	  7
    3766.386	  7
    3766.528	  7
    3766.676	  7
    3766.790	  7
    3766.914	  7
    3767.042	  7
    3767.192	  7
    3767.356	  7
    3767.534	  7
    3767.738	  7
    3768.316	  7
    3768.518	  7
    3768.632	  7
    3768.760	  7
    3768.888	  7
    3769.028	  7
    3769.162	  7
    3769.302	  7
    3769.462	  7
    3769.588	  7
    3769.714	  7
    3769.844	  7
    3769.984	  7
    3770.120	  7
    3770.270	  7
    3770.456	  7
    3770.822	  7
    3790.328	  8
    3790.328	 20
    3790.328	 27
    3790.338	 28
    3790.338	 19
    3790.410	  8
    3790.438	 29
    3790.606	  9
    3791.776	  8
    3810.458	 51
    3810.468	 10
    3867.466	  8
    3868.506	  8
    3869.234	  8
    3869.496	  8
    3870.468	 53
    3870.646	  8
    3870.646	 20
    3870.646	 27
    3870.656	 28
    3870.656	 19
    3870.756	 29
    3870.924	  9
    3870.930	  8
    3871.896	  8
    3890.776	 50
    3890.786	 18
    3900.178	  8
    3900.334	  8
    3901.148	  8
    3907.302	  7
    3908.226	  7
    3908.858	  7
    3909.400	  7
    3909.952	  7
    3912.232	  7
    3912.858	  7
    3913.040	  7
    3913.130	  7
    3913.342	  7
    3913.542	  7
    3913.870	  7
    3914.380	  7
    3914.738	  7
    3915.098	  7
    3915.280	  7
    3916.088	  7
    3916.648	  7
    3916.798	  7
    3916.952	  7
    3917.174	  7
    3917.400	  7
    3917.562	  7
    3917.728	  7
    3917.930	  7
    3918.062	  7
    3918.196	  7
    3918.360	  7
    3918.524	  7
    3918.664	  7
    3918.800	  7
    3918.988	  7
    3919.158	  7
    3919.318	  7
    3919.480	  7
    3919.632	  7
    3919.768	  7
    3919.892	  7
    3920.026	  7
    3920.144	  7
    3920.272	  7
    3920.402	  7
    3920.546	  7
    3920.672	  7
    3920.786	 53
    3920.794	  7
    3920.938	  7
    3921.066	  7
    3921.194	  7
    3921.334	  7
    3921.516	  7
    3921.684	  7
    3922.626	  7
    3922.802	  7
    3923.006	  7
    3923.174	  7
    3923.336	  7
    3923.482	  7
    3923.806	  7
    3923.942	  7
    3924.092	  7
    3924.250	  7
    3924.404	  7
    3924.546	  7
    3924.684	  7
    3924.786	  7
    3924.906	  7
    3925.036	  7
    3925.198	  7
    3925.348	  7
    3925.506	  7
    3925.616	  7
    3925.740	  7
    3925.880	  7
    3926.052	  7
    3926.232	  7
    3926.422	  7
    3926.820	  7
    3926.984	  7
    3927.440	  7
    3927.656	  7
    3927.830	  7
    3928.012	  7
    3928.242	  7
    3928.434	  7
    3928.626	  7
    3928.788	  7
    3928.942	  7
    3929.106	  7
    3929.266	  7
    3929.418	  7
    3929.690	  7
    3929.798	  7
    3929.938	  7
    3930.084	  7
    3930.228	  7
    3930.348	  7
    3930.486	  7
    3930.622	  7
    3930.744	  7
    3930.870	  7
    3931.074	  7
    3931.194	  7
    3931.324	  7
    3931.468	  7
    3931.630	  7
    3931.784	  7
    3931.900	  7
    3932.024	  7
    3932.158	  7
    3932.294	  7
    3932.422	  7
    3932.562	  7
    3932.828	  7
    3934.506	  8
    3934.506	 20
    3934.506	 27
    3934.516	 28
    3934.516	 19
    3934.616	 29
    3934.784	  9
    3935.574	  8
    3944.698	  7
    3945.472	  7
    3950.918	  7
    3954.636	 51
    3954.646	 10
    3954.816	  7
    3961.174	  7
    3969.426	  7
    3985.870	  7
    3986.938	  7
    3987.344	  7
    3988.058	  7
    3998.022	  8
    3998.310	  8
    3998.666	  8
    3999.322	  8
    4000.480	  8
    4000.974	  8
    4001.304	  8
    4001.750	  8
    4002.200	  8
    4003.238	  8
    4004.236	  8
    4004.788	  8
    4005.754	  8
    4006.104	  8
    4006.264	  8
    4007.166	  8
    4009.090	  8
    4009.488	  8
    4009.912	  8
    4010.480	  8
    4010.630	  8
    4011.292	  8
    4012.100	  8
    4012.480	  8
    4013.004	  8
    4013.286	  8
    4014.150	  8
    4014.400	  8
    4014.646	 53
    4015.134	  8
    4015.134	 20
    4015.134	 27
    4015.144	 28
    4015.144	 19
    4015.244	 29
    4015.412	  9
    4017.488	  8
    4017.740	  8
    4035.264	 50
    4035.274	 18
    4060.094	  8
    4061.118	  8
    4062.118	  8
    4062.656	  8
    4063.754	  8
    4064.312	  8
    4064.652	  8
    4065.274	 53
    4065.398	  8
    4065.398	 20
    4065.398	 27
    4065.408	 28
    4065.408	 19
    4065.508	 29
    4065.676	  9
    4085.528	 51
    4085.538	 10
    4092.216	  8
    4092.692	  8
    4093.586	  8
    4111.440	  8
    4112.296	  8
    4113.564	  8
    4114.010	  8
    4114.748	  8
    4115.048	  8
    4115.520	  8
    4115.802	  8
    4116.130	  8
    4116.828	  8
    4118.056	  8
    4119.022	  8
    4119.278	  8
    4119.386	  8
    4119.718	  8
    4121.454	  8
    4122.592	  8
    4123.250	  8
    4123.714	  8
    4123.912	  8
    4124.394	  8
    4125.076	  8
    4125.652	  8
    4126.002	  8
    4126.248	  8
    4126.328	  8
    4127.792	  8
    4127.948	  8
    4128.282	  8
    4129.038	  8
    4130.188	  8
    4131.190	  8
    4131.500	  8
    4132.162	  8
    4132.374	  8
    4134.008	  8
    4134.204	  8
    4134.482	  8
    4135.198	  8
    4135.542	  8
    4136.006	  8
    4136.620	  8
    4137.306	  8
    4137.626	  8
    4137.696	  8
    4138.652	  8
    4138.740	  8
    4139.204	  8
    4139.490	  8
    4139.668	  8
    4140.436	  8
    4141.474	  8
    4141.862	  8
    4142.356	  8
    4142.544	  8
    4143.098	  8
    4144.924	  8
    4145.118	  8
    4145.398	  8
    4145.538	 53
    4146.038	  8
    4146.038	 20
    4146.038	 27
    4146.048	 28
    4146.048	 19
    4146.148	 29
    4146.316	  9
    4147.280	  8
    4147.348	  8
    4147.852	  8
    4166.168	 52
    4166.178	 17
    4187.878	  8
    4205.708	  8
    4205.810	  8
    4216.272	  8
    4234.112	  8
    4234.450	  8
    4234.514	  8
    4234.966	  8
    4237.038	  8
    4251.094	  8
    4251.328	  8
    4251.972	  8
    4252.504	  8
    4252.594	  8
    4253.384	  8
    4253.840	  8
    4254.330	  8
    4254.602	  8
    4255.084	  8
    4255.786	  8
    4256.266	  8
    4256.392	  8
    4256.904	  8
    4256.986	  8
    4257.628	  8
    4258.206	  8
    4259.698	  8
    4259.854	  8
    4260.738	  8
    4261.580	  8
    4261.874	  8
    4262.746	  8
    4264.700	  8
    4265.016	  8
    4265.420	  8
    4266.098	  8
    4267.428	  8
    4267.734	  8
    4268.374	  8
    4268.868	  8
    4270.042	  8
    4275.348	  8
    4276.194	  8
    4277.472	  8
    4278.108	  8
    4278.776	  8
    4279.454	  8
    4280.118	  8
    4280.930	  8
    4281.276	  8
    4281.810	  8
    4282.256	  8
    4283.170	  8
    4283.590	  8
    4284.058	  8
    4285.264	  8
    4285.604	  8
    4286.178	 53
    4286.628	  8
    4286.628	 20
    4286.628	 27
    4286.638	 28
    4286.638	 19
    4286.738	 29
    4286.852	  8
    4286.906	  9
    4288.268	  8
    4288.758	  8
    4288.964	  8
    4306.758	 52
    4306.768	 17
    4338.986	  8
    4340.232	  8
    4348.722	  8
    4349.150	  8
    4349.568	  8
    4354.362	  8
    4355.290	  8
    4357.254	  8
    4358.280	  8
    4358.538	  8
    4364.368	  8
    4365.028	  8
    4366.934	  8
    4367.062	  8
    4367.540	  8
    4368.182	  8
    4368.336	  8
    4368.594	  8
    4369.138	  8
    4369.408	  8
    4369.898	  8
    4370.838	  8
    4371.292	  8
    4371.548	  8
    4371.848	  8
    4372.454	  8
    4373.218	  8
    4374.124	  8
    4374.418	  8
    4374.710	  8
    4374.996	  8
    4375.184	  8
    4377.344	  8
    4377.706	  8
    4377.922	  8
    4378.266	  8
    4378.572	  8
    4378.604	  8
    4379.120	  8
    4379.514	  8
    4379.938	  8
    4380.224	  8
    4380.638	  8
    4380.920	  8
    4381.356	  8
    4381.940	  8
    4382.600	  8
    4382.782	  8
    4383.080	  8
    4383.494	  8
    4383.736	  8
    4384.512	  8
    4384.846	  8
    4385.034	  8
    4385.540	  8
    4386.400	  8
    4387.296	  8
    4388.842	  8
    4389.138	  8
    4390.820	  8
    4391.476	  8
    4392.016	  8
    4393.114	  8
    4393.658	  8
    4394.190	  8
    4394.536	  8
    4395.028	  8
    4395.508	  8
    4395.770	  8
    4396.280	  8
    4396.658	  8
    4397.726	  8
    4397.946	  8
    4398.404	  8
    4398.620	  8
    4399.220	  8
    4400.254	  8
    4400.472	  8
    4401.018	  8
    4401.390	  8
    4403.736	  8
    4404.088	  8
    4404.530	  8
    4404.608	  8
    4405.256	  8
    4405.506	  8
    4406.302	  8
    4406.846	  8
    4407.530	  8
    4407.658	  8
    4408.660	  8
    4409.196	  8
    4409.384	  8
    4410.082	  8
    4410.666	  8
    4411.886	  8
    4412.418	  8
    4412.850	  8
    4413.130	  8
    4414.510	  8
    4414.862	  8
    4415.456	  8
    4417.174	  8
    4417.380	  8
    4417.900	  8
    4418.652	  8
    4418.944	  8
    4419.718	  8
    4420.060	  8
    4421.230	  8
    4422.070	  8
    4422.892	  8
    4423.104	  8
    4423.440	  8
    4423.994	  8
    4425.532	  8
    4426.328	  8
    4426.768	 53
    4427.248	  8
    4427.248	 20
    4427.248	 27
    4427.258	 28
    4427.258	 19
    4427.358	 29
    4427.438	  8
    4427.526	  9
    4447.378	 51
    4447.388	 10
    4461.532	  7
    4462.392	  7
    4470.628	  7
    4476.138	  7
    4489.798	  8
    4490.992	  8
    4491.254	  8
    4491.878	  8
    4491.954	  8
    4492.388	  8
    4492.634	  8
    4492.842	  8
    4492.958	  8
    4493.464	  8
    4493.932	  8
    4494.662	  8
    4495.094	  8
    4495.510	  8
    4495.774	  8
    4496.416	  8
    4497.480	  8
    4498.150	  8
    4498.992	  8
    4499.844	  8
    4500.306	  8
    4501.244	  8
    4502.566	  8
    4502.808	  8
    4503.228	  8
    4503.274	  8
    4503.672	  8
    4504.352	  8
    4505.092	  8
    4505.316	  8
    4505.830	  8
    4507.332	  8
    4507.388	 53
    4507.942	  8
    4507.942	 20
    4507.942	 27
    4507.952	 28
    4507.952	 19
    4508.052	 29
    4508.220	  9
    4528.072	 52
    4528.082	 17
    4543.048	  5
    4546.414	  7
    4546.560	  7
    4546.722	  7
    4546.902	  7
    4547.096	  7
    4556.456	  8
    4593.244	  8
    4593.458	  8
    4593.738	  8
    4595.130	  8
    4596.358	  8
    4597.258	  8
    4597.530	  8
    4598.090	  8
    4598.598	  8
    4598.822	  8
    4600.558	  8
    4601.154	  8
    4601.664	  8
    4602.198	  8
    4602.330	  8
    4605.330	  8
    4606.358	  8
    4606.506	  8
    4606.860	  8
    4607.678	  8
    4608.008	  8
    4608.848	  8
    4609.236	  8
    4609.488	  8
    4610.968	  8
    4611.020	  8
    4611.290	  8
    4611.928	  8
    4611.976	  8
    4613.198	  8
    4613.476	  8
    4613.888	  8
    4614.222	  8
    4614.578	  8
    4615.496	  8
    4616.192	  8
    4616.806	  8
    4617.206	  8
    4617.576	  8
    4618.062	  8
    4618.736	  8
    4619.242	  8
    4619.456	  8
    4619.836	  8
    4619.888	  8
    4620.544	  8
    4622.754	  8
    4623.242	  8
    4623.796	  8
    4624.272	  8
    4625.134	  8
    4625.598	  8
    4625.800	  8
    4627.936	  8
    4629.112	  8
    4629.498	  8
    4630.278	  8
    4630.578	  8
    4630.938	  8
    4632.610	  8
    4636.498	  8
    4637.364	  8
    4637.912	  8
    4639.258	  8
    4639.650	  8
    4640.316	  8
    4640.944	  8
    4641.416	  8
    4641.892	  8
    4642.494	  8
    4642.862	  8
    4643.216	  8
    4645.108	  8
    4645.426	  8
    4646.130	  8
    4646.678	  8
    4647.684	  8
    4647.758	  8
    4648.070	  8
    4648.082	 53
    4648.176	  8
    4648.176	 20
    4648.176	 27
    4648.186	 28
    4648.186	 19
    4648.286	 29
    4648.446	  8
    4648.454	  9
    4651.168	  8
    4668.306	 50
    4668.316	 18
    4683.566	  8
    4684.290	  8
    4684.448	  8
    4684.768	  8
    4685.066	  8
    4685.190	  8
    4685.922	  8
    4686.336	  8
    4687.202	  8
    4687.328	  8
    4687.726	  8
    4688.506	  8
    4689.078	  8
    4691.424	  8
    4691.956	  8
    4692.404	  8
    4693.174	  8
    4693.288	  8
    4693.354	  8
    4693.550	  8
    4694.256	  8
    4694.674	  8
    4694.962	  8
    4695.302	  8
    4696.034	  8
    4696.608	  8
    4696.966	  8
    4697.314	  8
    4697.706	  8
    4698.052	  8
    4698.316	 53
    4699.036	  8
    4699.036	 20
    4699.036	 27
    4699.046	 28
    4699.046	 19
    4699.146	 29
    4699.294	  8
    4699.314	  9
    4700.728	  8
    4701.168	  8
    4719.166	 51
    4719.176	 10
    4744.420	  8
    4744.474	  8
    4744.904	  8
    4745.462	  8
    4745.704	  8
    4745.914	  8
    4746.322	  8
    4746.740	  8
    4747.132	  8
    4747.416	  8
    4747.990	  8
    4748.194	  8
    4748.706	  8
    4749.034	  8
    4749.412	  8
    4750.194	  8
    4751.228	  8
    4751.398	  8
    4751.574	  8
    4752.992	  8
    4753.250	  8
    4753.906	  8
    4754.422	  8
    4754.552	  8
    4754.906	  8
    4755.028	  8
    4755.444	  8
    4755.864	  8
    4756.374	  8
    4756.676	  8
    4756.946	  8
    4757.764	  8
    4759.646	  8
    4760.148	  8
    4760.808	  8
    4761.680	  8
    4761.776	  8
    4762.326	  8
    4762.598	  8
    4763.222	  8
    4763.470	  8
    4763.778	  8
    4764.360	  8
    4764.644	  8
    4765.416	  8
    4765.672	  8
    4766.294	  8
    4766.752	  8
    4769.780	  8
    4770.064	  8
    4770.370	  8
    4770.416	  8
    4770.898	  8
    4771.494	  8
    4772.090	  8
    4772.684	  8
    4772.848	  8
    4773.336	  8
    4773.804	  8
    4774.426	  8
    4775.600	  8
    4775.876	  8
    4776.320	  8
    4776.376	  8
    4776.552	  8
    4777.402	  8
    4778.002	  8
    4778.306	  8
    4779.176	 53
    4779.308	  8
    4779.308	 20
    4779.308	 27
    4779.318	 28
    4779.318	 19
    4779.418	 29
    4779.586	  9
    4780.718	  8
    4780.824	  8
    4783.862	  8
    4784.084	  8
    4799.438	 51
    4799.448	 10
    4829.952	  8
    4830.694	  8
    4831.090	  8
    4831.496	  8
    4831.538	  8
    4832.194	  8
    4832.616	  8
    4832.980	  8
    4833.120	  8
    4833.828	  8
    4834.242	  8
    4834.682	  8
    4835.020	  8
    4835.780	  8
    4836.418	  8
    4837.124	  8
    4837.414	  8
    4838.054	  8
    4838.530	  8
    4838.806	  8
    4839.352	  8
    4839.698	  8
    4840.662	  8
    4841.386	  8
    4841.608	  8
    4841.864	  8
    4843.358	  8
    4843.916	  8
    4844.256	  8
    4847.690	  8
    4847.894	  8
    4848.702	  8
    4849.116	  8
    4849.426	  8
    4849.848	  8
    4850.450	  8
    4850.936	  8
    4851.550	  8
    4851.970	  8
    4852.570	  8
    4852.888	  8
    4853.082	  8
    4853.318	  8
    4853.672	  8
    4853.834	  8
    4854.238	  8
    4854.708	  8
    4855.030	  8
    4855.488	  8
    4856.152	  8
    4857.254	  8
    4857.500	  8
    4858.804	  8
    4859.448	 53
    4859.826	  8
    4859.826	 20
    4859.826	 27
    4859.836	 28
    4859.836	 19
    4859.936	 29
    4860.000	  8
    4860.104	  9
    4879.956	 52
    4879.966	 17
    4914.352	  8
    4914.816	  8
    4915.460	  8
    4917.030	  8
    4940.228	  8
    4940.828	  8
    4941.778	  8
    4944.424	  8
    4946.022	  8
    4946.126	  8
    4947.802	  8
    4947.836	  8
    4963.082	  8
    4964.288	  8
    4965.172	  8
    4967.026	  8
    4968.284	  8
    4968.420	  8
    4969.782	  8
    4971.100	  8
    4971.482	  8
    4971.640	  8
    4972.334	  8
    4972.568	  8
    4972.950	  8
    4973.184	  8
    4975.164	  8
    4975.382	  8
    4975.482	  8
    4976.606	  8
    4980.450	  8
    4980.810	  8
    4981.602	  8
    4981.804	  8
    4982.252	  8
    4982.524	  8
    4982.964	  8
    4983.384	  8
    4983.808	  8
    4984.884	  8
    4985.110	  8
    4985.550	  8
    4986.200	  8
    4986.284	  8
    4986.774	  8
    4987.364	  8
    4989.434	  8
    4990.836	  8
    4991.648	  8
    4992.646	  8
    4993.082	  8
    4993.580	  8
    4993.864	  8
    4994.602	  8
    4994.746	  8
    4996.336	  8
    4997.006	  8
    4998.312	  8
    4998.424	  8
    4998.540	  8
    4999.046	  8
    4999.966	 53
    5002.026	  8
    5002.026	 20
    5002.026	 27
    5002.036	 28
    5002.036	 19
    5002.136	 29
    5002.278	  8
    5002.304	  9
    5003.492	  8
    5018.646	  7
    5021.502	  7
    5021.836	  7
    5021.988	  7
    5022.124	  7
    5022.156	 52
    5022.166	 17
    5022.282	  7
    5022.446	  7
    5022.590	  7
    5022.738	  7
    5022.882	  7
    5023.028	  7
    5023.186	  7
    5023.330	  7
    5023.474	  7
    5023.630	  7
    5023.776	  7
    5023.928	  7
    5024.060	  7
    5024.210	  7
    5024.364	  7
    5024.526	  7
    5024.684	  7
    5024.852	  7
    5025.020	  7
    5025.190	  7
    5025.330	  7
    5025.468	  7
    5025.606	  7
    5025.738	  7
    5025.860	  7
    5025.990	  7
    5026.116	  7
    5026.266	  7
    5026.402	  7
    5026.538	  7
    5026.676	  7
    5026.800	  7
    5026.940	  7
    5027.074	  7
    5027.214	  7
    5027.360	  7
    5027.524	  7
    5028.186	  7
    5028.406	  7
    5028.492	  7
    5028.562	  7
    5028.730	  7
    5029.152	  7
    5029.352	  7
    5029.482	  7
    5029.782	  7
    5029.982	  7
    5030.152	  7
    5030.332	  7
    5030.584	  7
    5031.108	  7
    5031.302	  7
    5031.494	  7
    5031.840	  7
    5032.140	  7
    5032.316	  7
    5032.468	  7
    5032.638	  7
    5032.790	  7
    5032.946	  7
    5033.082	  7
    5033.232	  7
    5033.376	  7
    5033.520	  7
    5033.658	  7
    5033.800	  7
    5033.938	  7
    5034.074	  7
    5034.210	  7
    5034.380	  7
    5034.514	  7
    5034.658	  7
    5034.796	  7
    5034.944	  7
    5035.092	  7
    5035.240	  7
    5035.392	  7
    5035.534	  7
    5035.710	  7
    5035.858	  7
    5036.008	  7
    5036.200	  7
    5037.182	  7
    5037.432	  7
    5037.592	  7
    5037.736	  7
    5037.890	  7
    5038.054	  7
    5038.274	  7
    5038.802	  7
    5038.980	  7
    5039.216	  7
    5039.988	  7
    5040.146	  7
    5040.306	  7
    5040.462	  7
    5040.608	  7
    5040.752	  7
    5040.902	  7
    5041.042	  7
    5041.196	  7
    5041.350	  7
    5041.500	  7
    5041.650	  7
    5041.814	  7
    5041.958	  7
    5042.100	  7
    5042.244	  7
    5042.390	  7
    5042.524	  7
    5042.688	  7
    5042.820	  7
    5042.956	  7
    5043.100	  7
    5043.232	  7
    5043.366	  7
    5043.506	  7
    5043.632	  7
    5043.762	  7
    5043.884	  7
    5044.014	  7
    5044.142	  7
    5044.276	  7
    5044.424	  7
    5044.548	  7
    5044.682	  7
    5044.804	  7
    5044.942	  7
    5045.068	  7
    5045.204	  7
    5045.344	  7
    5045.486	  7
    5045.652	  7
    5045.790	  7
    5045.934	  7
    5046.080	  7
    5046.236	  7
    5046.824	  7
    5046.878	  7
    5046.998	  7
    5047.046	  7
    5047.292	  7
    5047.460	  7
    5047.728	  7
    5048.070	  7
    5049.012	  7
    5049.130	  7
    5049.280	  7
    5049.426	  7
    5049.586	  7
    5049.738	  7
    5049.874	  7
    5050.212	  7
    5050.356	  7
    5050.504	  7
    5050.656	  7
    5050.780	  7
    5050.926	  7
    5051.084	  7
    5051.236	  7
    5051.376	  7
    5051.528	  7
    5051.658	  7
    5051.796	  7
    5051.936	  7
    5052.070	  7
    5052.220	  7
    5052.372	  7
    5052.512	  7
    5052.676	  7
    5052.816	  7
    5052.962	  7
    5053.104	  7
    5053.666	  7
    5053.856	  7
    5054.010	  7
    5054.146	  7
    5054.288	  7
    5054.428	  7
    5054.562	  7
    5054.722	  7
    5054.852	  7
    5054.980	  7
    5055.118	  7
    5055.254	  7
    5055.404	  7
    5055.550	  7
    5055.696	  7
    5055.846	  7
    5055.998	  7
    5056.164	  7
    5056.314	  7
    5056.464	  7
    5056.628	  7
    5057.664	  7
    5057.814	  7
    5057.990	  7
    5058.142	  7
    5058.292	  7
    5058.440	  7
    5058.614	  7
    5058.750	  7
    5058.904	  7
    5059.052	  7
    5059.202	  7
    5059.336	  7
    5059.488	  7
    5059.630	  7
    5059.776	  7
    5059.922	  7
    5060.106	  7
    5060.248	  7
    5060.386	  7
    5060.558	  7
    5060.714	  7
    5060.854	  7
    5060.978	  7
    5061.114	  7
    5061.252	  7
    5061.398	  7
    5061.560	  7
    5061.712	  7
    5061.852	  7
    5061.984	  7
    5062.120	  7
    5062.266	  7
    5062.384	  7
    5062.514	  7
    5062.644	  7
    5062.780	  7
    5062.918	  7
    5063.050	  7
    5063.176	  7
    5063.356	  7
    5063.474	  7
    5063.618	  7
    5063.760	  7
    5063.920	  7
    5063.964	  7
    5064.016	  7
    5064.228	  7
    5064.358	  7
    5064.636	  7
    5064.810	  7
    5064.956	  7
    5065.104	  7
    5065.256	  7
    5065.432	  7
    5065.582	  7
    5065.762	  7
    5066.060	  7
    5066.200	  7
    5066.322	  7
    5066.448	  7
    5066.606	  7
    5066.744	  7
    5066.894	  7
    5067.022	  7
    5067.180	  7
    5067.320	  7
    5067.438	  7
    5067.576	  7
    5067.708	  7
    5067.858	  7
    5068.032	  7
    5068.178	  7
    5068.342	  7
    5068.478	  7
    5068.608	  7
    5068.738	  7
    5068.876	  7
    5069.014	  7
    5069.156	  7
    5069.302	  7
    5069.454	  7
    5069.592	  7
    5069.658	  7
    5070.768	  7
    5070.942	  7
    5071.096	  7
    5071.250	  7
    5071.390	  7
    5071.526	  7
    5071.680	  7
    5071.814	  7
    5071.952	  7
    5072.080	  7
    5072.234	  7
    5072.400	  7
    5072.552	  7
    5072.704	  7
    5072.818	  7
    5072.960	  7
    5073.090	  7
    5073.214	  7
    5073.358	  7
    5073.512	  7
    5073.664	  7
    5074.060	  7
    5074.968	  7
    5075.530	  7
    5075.900	  7
    5076.056	  7
    5076.408	  7
    5076.582	  7
    5076.722	  7
    5076.858	  7
    5077.008	  7
    5077.160	  7
    5077.332	  7
    5077.472	  7
    5077.598	  7
    5077.758	  7
    5077.894	  7
    5078.036	  7
    5078.178	  7
    5078.322	  7
    5078.472	  7
    5078.598	  7
    5078.728	  7
    5078.860	  7
    5078.996	  7
    5079.138	  7
    5079.278	  7
    5079.434	  7
    5079.566	  7
    5079.704	  7
    5079.840	  7
    5079.968	  7
    5080.118	  7
    5080.272	  7
    5140.296	  8
    5141.690	  8
    5142.166	 53
    5142.304	  8
    5142.304	 20
    5142.304	 27
    5142.314	 28
    5142.314	 19
    5142.414	 29
    5142.532	  8
    5142.582	  9
    5162.434	 51
    5162.444	 10
    5189.646	  8
    5199.078	  8
    5199.514	  8
    5199.584	  8
    5201.380	  8
    5201.442	  8
    5201.720	  8
    5202.884	  8
    5203.690	  8
    5204.138	  8
    5204.596	  8
    5205.798	  8
    5206.436	  8
    5206.816	  8
    5207.576	  8
    5207.776	  8
    5208.252	  8
    5208.686	  8
    5209.030	  8
    5209.596	  8
    5209.720	  8
    5210.910	  8
    5211.476	  8
    5211.912	  8
    5212.260	  8
    5213.892	  8
    5215.080	  8
    5215.910	  8
    5216.420	  8
    5216.938	  8
    5217.396	  8
    5217.926	  8
    5218.198	  8
    5219.732	  8
    5219.986	  8
    5221.292	  8
    5221.924	  8
    5222.340	  8
    5222.444	 53
    5222.832	  8
    5222.832	 20
    5222.832	 27
    5222.842	 28
    5222.842	 19
    5222.942	 29
    5223.082	  8
    5223.102	  9
    5224.414	  8
    5224.996	  8
    5226.362	  8
    5226.584	  8
    5242.962	 52
    5242.972	 17
    5258.496	  7
    5258.654	  7
    5258.818	  7
    5258.998	  7
    5286.468	  7
    5286.654	  7
    5286.806	  7
    5286.966	  7
    5287.134	  7
    5287.342	  7
    5287.546	  7
    5287.742	  7
    5287.942	  7
    5288.136	  7
    5288.344	  7
    5288.560	  7
    5288.764	  7
    5289.182	  7
    5290.018	  7
    5290.930	  7
    5291.686	  7
    5306.838	  8
    5307.350	  8
    5333.650	  7
    5333.832	  7
    5334.036	  7
    5334.224	  7
    5334.426	  7
    5334.618	  7
    5334.822	  7
    5335.044	  7
    5335.248	  7
    5335.452	  7
    5335.694	  7
    5335.864	  7
    5336.064	  7
    5336.264	  7
    5336.664	  7
    5337.080	  7
    5337.284	  7
    5340.356	  7
    5355.390	  8
    5355.774	  8
    5357.780	  8
    5358.444	  8
    5359.552	  8
    5359.730	  8
    5360.422	  8
    5361.060	  8
    5361.548	  8
    5361.716	  8
    5362.972	 53
    5363.442	  8
    5363.442	 20
    5363.442	 27
    5363.452	 28
    5363.452	 19
    5363.552	 29
    5363.710	  8
    5363.720	  9
    5383.572	 50
    5383.582	 18
    5384.734	  7
    5385.182	  7
    5385.506	  7
    5387.176	  7
    5387.310	  7
    5387.876	  7
    5388.000	  7
    5388.292	  7
    5388.386	  7
    5388.602	  7
    5388.744	  7
    5389.032	  7
    5389.206	  7
    5389.374	  7
    5389.468	  7
    5389.896	  7
    5390.140	  7
    5390.292	  7
    5390.450	  7
    5390.650	  7
    5390.776	  7
    5390.900	  7
    5391.040	  7
    5391.212	  7
    5391.270	  7
    5391.364	  7
    5391.764	  7
    5391.910	  7
    5392.134	  7
    5392.362	  7
    5392.528	  7
    5392.800	  7
    5393.178	  7
    5393.304	  7
    5393.490	  7
    5394.022	  7
    5394.162	  7
    5394.304	  7
    5394.488	  7
    5394.642	  7
    5394.790	  7
    5394.920	  7
    5395.068	  7
    5395.222	  7
    5395.362	  7
    5395.494	  7
    5395.632	  7
    5395.774	  7
    5395.900	  7
    5396.038	  7
    5396.156	  7
    5396.306	  7
    5396.432	  7
    5396.554	  7
    5396.708	  7
    5396.856	  7
    5397.008	  7
    5397.146	  7
    5397.278	  7
    5397.402	  7
    5397.552	  7
    5397.672	  7
    5397.804	  7
    5397.924	  7
    5398.044	  7
    5398.174	  7
    5398.322	  7
    5398.472	  7
    5398.606	  7
    5398.734	  7
    5398.904	  7
    5399.048	  7
    5399.230	  7
    5399.310	  7
    5399.552	  7
    5399.702	  7
    5399.838	  7
    5399.970	  7
    5400.112	  7
    5400.258	  7
    5400.384	  7
    5400.516	  7
    5400.648	  7
    5400.788	  7
    5400.922	  7
    5401.088	  7
    5401.210	  7
    5401.336	  7
    5401.464	  7
    5401.590	  7
    5401.722	  7
    5401.862	  7
    5402.014	  7
    5402.172	  7
    5402.766	  7
    5402.864	  7
    5403.720	  7
    5413.582	 53
    5414.178	  7
    5420.526	  7
    5441.270	  8
    5441.270	 20
    5441.270	 27
    5441.280	 28
    5441.280	 19
    5441.380	 29
    5441.488	  8
    5441.548	  9
    5461.400	 50
    5461.410	 18
    5475.400	  8
    5476.228	  8
    5476.998	  8
    5477.560	  8
    5477.776	  8
    5478.328	  8
    5478.968	  8
    5479.550	  8
    5480.066	  8
    5480.476	  8
    5481.186	  8
    5481.482	  8
    5481.996	  8
    5482.584	  8
    5483.038	  8
    5483.266	  8
    5484.426	  8
    5484.730	  8
    5485.272	  8
    5485.892	  8
    5487.468	  8
    5487.906	  8
    5488.554	  8
    5489.614	  8
    5490.174	  8
    5491.410	 53
    5491.506	  8
    5491.506	 20
    5491.506	 27
    5491.516	 28
    5491.516	 19
    5491.616	 29
    5491.736	  8
    5491.784	  9
    5493.340	  8
    5493.624	  8
    5493.694	  8
    5503.842	  7
    5504.008	  7
    5504.172	  7
    5504.400	  7
    5504.534	  7
    5504.702	  7
    5504.918	  7
    5505.118	  7
    5505.314	  7
    5505.490	  7
    5505.702	  7
    5505.880	  7
    5506.252	  7
    5509.254	  7
    5509.406	  7
    5509.614	  7
    5509.872	  7
    5509.990	  7
    5510.110	  7
    5510.242	  7
    5510.372	  7
    5510.670	  7
    5511.054	  7
    5511.190	  7
    5511.326	  7
    5511.538	  7
    5511.636	 51
    5511.646	 10
    5511.666	  7
    5511.792	  7
    5512.246	  7
    5512.406	  7
    5512.546	  7
    5512.678	  7
    5512.808	  7
    5512.920	  7
    5513.052	  7
    5513.180	  7
    5513.300	  7
    5513.424	  7
    5513.556	  7
    5513.682	  7
    5513.804	  7
    5513.938	  7
    5514.064	  7
    5514.184	  7
    5514.336	  7
    5514.448	  7
    5514.574	  7
    5514.704	  7
    5514.830	  7
    5514.960	  7
    5515.094	  7
    5515.234	  7
    5515.408	  7
    5516.044	  7
    5516.154	  7
    5516.230	  7
    5516.546	  7
    5516.898	  7
    5517.236	  7
    5517.390	  7
    5517.520	  7
    5517.658	  7
    5517.798	  7
    5517.940	  7
    5518.080	  7
    5518.202	  7
    5518.328	  7
    5518.474	  7
    5518.618	  7
    5518.736	  7
    5518.862	  7
    5519.000	  7
    5519.118	  7
    5519.224	  7
    5519.342	  7
    5519.466	  7
    5519.608	  7
    5519.718	  7
    5519.848	  7
    5519.970	  7
    5520.096	  7
    5520.238	  7
    5520.334	  7
    5521.218	  7
    5521.388	  7
    5521.552	  7
    5521.698	  7
    5521.874	  7
    5522.022	  7
    5522.672	  7
    5523.010	  7
    5523.128	  7
    5523.258	  7
    5523.372	  7
    5523.516	  7
    5523.644	  7
    5523.766	  7
    5523.896	  7
    5524.022	  7
    5524.148	  7
    5524.288	  7
    5524.422	  7
    5524.548	  7
    5524.672	  7
    5524.800	  7
    5525.022	  7
    5525.104	  7
    5526.106	  7
    5526.238	  7
    5526.420	  7
    5526.574	  7
    5526.744	  7
    5527.178	  7
    5527.284	  7
    5527.400	  7
    5527.550	  7
    5527.678	  7
    5527.794	  7
    5527.914	  7
    5528.046	  7
    5528.198	  7
    5528.262	  7
    5529.454	  7
    5529.846	  7
    5530.026	  7
    5530.820	  7
    5530.998	  7
    5531.386	  7
    5531.656	  7
    5531.824	  7
    5532.000	  7
    5532.124	  7
    5532.244	  7
    5532.366	  7
    5532.504	  7
    5532.652	  7
    5532.784	  7
    5532.906	  7
    5533.060	  7
    5533.164	  7
    5533.290	  7
    5533.424	  7
    5533.554	  7
    5533.680	  7
    5533.828	  7
    5534.438	  7
    5534.604	  7
    5534.788	  7
    5535.380	  7
    5535.504	  7
    5535.628	  7
    5535.752	  7
    5535.876	  7
    5536.004	  7
    5536.132	  7
    5536.260	  7
    5536.384	  7
    5536.512	  7
    5536.676	  7
    5536.802	  7
    5536.944	  7
    5537.128	  7
    5537.772	  7
    5541.514	  7
    5541.582	  7
    5541.964	  7
    5542.286	  7
    5542.408	  7
    5542.526	  7
    5542.712	  7
    5543.970	  7
    5544.294	  7
    5544.438	  7
    5544.568	  7
    5544.716	  7
    5544.856	  7
    5545.120	  7
    5545.528	  7
    5545.662	  7
    5545.802	  7
    5545.942	  7
    5546.068	  7
    5546.212	  7
    5546.364	  7
    5546.512	  7
    5546.632	  7
    5546.764	  7
    5546.902	  7
    5547.056	  7
    5547.220	  7
    5547.356	  7
    5547.476	  7
    5547.646	  7
    5547.714	  7
    5547.972	  7
    5548.050	  7
    5548.776	  7
    5549.106	  7
    5549.230	  7
    5549.378	  7
    5549.738	  7
    5549.868	  7
    5550.008	  7
    5550.158	  7
    5550.282	  7
    5550.402	  7
    5550.536	  7
    5550.670	  7
    5550.844	  7
    5550.980	  7
    5551.122	  7
    5551.234	  7
    5551.366	  7
    5551.502	  7
    5551.638	  7
    5551.772	  7
    5551.912	  7
    5552.036	  7
    5552.158	  7
    5552.296	  7
    5552.422	  7
    5552.556	  7
    5552.718	  7
    5552.838	  7
    5552.970	  7
    5553.100	  7
    5553.236	  7
    5553.484	  7
    5553.570	  7
    5553.962	  7
    5554.204	  7
    5554.348	  7
    5554.922	  7
    5555.186	  7
    5555.500	  7
    5555.666	  7
    5556.594	  7
    5556.762	  7
    5556.896	  7
    5557.040	  7
    5557.164	  7
    5557.298	  7
    5557.446	  7
    5557.586	  7
    5557.752	  7
    5557.882	  7
    5558.034	  7
    5558.170	  7
    5558.298	  7
    5558.424	  7
    5558.548	  7
    5558.674	  7
    5558.828	  7
    5558.952	  7
    5559.082	  7
    5559.230	  7
    5559.380	  7
    5559.454	  7
    5559.572	  7
    5559.724	  7
    5560.606	  7
    5560.772	  7
    5560.894	  7
    5561.016	  7
    5561.180	  7
    5561.296	  7
    5561.418	  7
    5561.552	  7
    5561.702	  7
    5561.836	  7
    5561.966	  7
    5562.100	  7
    5562.240	  7
    5562.372	  7
    5562.522	  7
    5562.660	  7
    5562.810	  7
    5563.014	  7
    5563.200	  7
    5563.772	  7
    5563.938	  7
    5564.384	  7
    5571.646	 53
    5572.518	  8
    5572.518	 20
    5572.518	 27
    5572.528	 28
    5572.528	 19
    5572.628	 29
    5572.746	  8
    5572.796	  9
    5574.678	  8
    5592.648	 52
    5592.658	 17
    5602.906	  7
    5604.326	  7
    5604.470	  7
    5604.826	  7
    5604.948	  7
    5605.332	  7
    5605.500	  7
    5605.684	  7
    5605.890	  7
    5606.044	  7
    5606.628	  7
    5607.362	  7
    5607.722	  7
    5622.398	  8
    5639.012	  8
    5642.094	  8
    5643.002	  8
    5643.756	  8
    5644.228	  8
    5673.444	  8
    5674.134	  8
    5675.462	  8
    5678.134	  8
    5679.146	  8
    5680.412	  8
    5681.102	  8
    5682.198	  8
    5683.232	  8
    5685.032	  8
    5685.402	  8
    5685.882	  8
    5686.960	  8
    5687.416	  8
    5687.808	  8
    5688.380	  8
    5689.656	  8
    5690.854	  8
    5690.924	  8
    5691.374	  8
    5691.982	  8
    5692.444	  8
    5692.722	  8
    5693.126	  8
    5693.216	  8
    5693.280	  8
    5694.016	  8
    5694.324	  8
    5694.412	  8
    5694.628	  8
    5696.832	  8
    5697.012	  8
    5698.030	  8
    5698.608	  8
    5699.316	  8
    5699.454	  8
    5699.772	  8
    5700.268	  8
    5701.006	  8
    5701.474	  8
    5701.924	  8
    5703.222	  8
    5703.580	  8
    5703.760	  8
    5704.660	  8
    5705.306	  8
    5705.604	  8
    5706.482	  8
    5707.788	  8
    5708.208	  8
    5708.282	  8
    5708.418	  8
    5709.182	  8
    5710.602	  8
    5711.738	  8
    5712.256	  8
    5712.308	  8
    5712.658	 53
    5712.892	  8
    5712.892	 20
    5712.892	 27
    5712.902	 28
    5712.902	 19
    5713.002	 29
    5713.156	  8
    5713.170	  9
    5715.634	  8
    5716.252	  8
    5717.702	  8
    5718.130	  8
    5733.022	 50
    5733.032	 18
    5733.716	  8
    5736.880	  8
    5737.414	  8
    5737.930	  8
    5738.282	  8
    5738.672	  8
    5738.990	  8
    5739.566	  8
    5740.452	  8
    5743.832	  8
    5744.280	  8
    5744.382	  8
    5745.088	  8
    5745.610	  8
    5746.270	  8
    5746.646	  8
    5747.272	  8
    5747.414	  8
    5748.038	  8
    5749.156	  8
    5750.458	  8
    5751.034	  8
    5751.590	  8
    5752.142	  8
    5753.478	  8
    5754.424	  8
    5754.618	  8
    5755.744	  8
    5756.578	  8
    5757.482	  8
    5757.646	  8
    5758.364	  8
    5759.318	  8
    5759.596	  8
    5760.188	  8
    5760.454	  8
    5760.918	  8
    5761.168	  8
    5762.242	  8
    5762.396	  8
    5762.880	  8
    5763.032	 53
    5763.494	  8
    5763.494	 20
    5763.494	 27
    5763.504	 28
    5763.504	 19
    5763.604	 29
    5763.750	  8
    5763.772	  9
    5765.766	  8
    5765.876	  8
    5766.226	  8
    5783.624	 51
    5783.634	 10
    5792.810	  8
    5794.140	  8
    5803.164	  8
    5803.332	  8
    5803.534	  8
    5805.908	  8
    5806.442	  8
    5808.874	  8
    5809.372	  8
    5812.534	  7
    5813.340	  7
    5815.354	  7
    5815.584	  7
    5815.834	  7
    5816.356	  7
    5816.476	  7
    5816.626	  7
    5816.858	  7
    5817.052	  7
    5817.382	  7
    5817.626	  7
    5817.774	  7
    5818.062	  7
    5818.318	  7
    5818.504	  7
    5818.666	  7
    5818.812	  7
    5819.088	  7
    5819.272	  7
    5819.460	  7
    5819.584	  7
    5819.730	  7
    5819.888	  7
    5820.042	  7
    5820.202	  7
    5820.348	  7
    5820.536	  7
    5820.704	  7
    5820.866	  7
    5821.014	  7
    5821.152	  7
    5821.296	  7
    5821.428	  7
    5821.566	  7
    5821.708	  7
    5821.836	  7
    5821.998	  7
    5822.146	  7
    5822.280	  7
    5822.406	  7
    5822.530	  7
    5822.658	  7
    5822.794	  7
    5822.934	  7
    5823.088	  7
    5823.214	  7
    5823.342	  7
    5823.460	  7
    5823.586	  7
    5823.740	  7
    5823.896	  7
    5825.328	  7
    5825.552	  7
    5825.892	  7
    5826.056	  7
    5826.228	  7
    5826.368	  7
    5826.506	  7
    5826.640	  7
    5826.782	  7
    5826.914	  7
    5827.056	  7
    5827.196	  7
    5827.332	  7
    5827.452	  7
    5827.580	  7
    5827.724	  7
    5827.862	  7
    5827.984	  7
    5828.116	  7
    5828.262	  7
    5828.404	  7
    5828.534	  7
    5828.670	  7
    5828.800	  7
    5828.950	  7
    5829.084	  7
    5829.222	  7
    5829.340	  7
    5829.470	  7
    5829.612	  7
    5829.972	  7
    5830.052	  7
    5830.118	  7
    5830.544	  7
    5831.060	  7
    5831.934	  7
    5832.134	  7
    5832.316	  7
    5832.464	  7
    5833.086	  7
    5833.300	  7
    5833.364	  7
    5834.316	  7
    5834.490	  7
    5834.642	  7
    5834.796	  7
    5834.940	  7
    5835.076	  7
    5835.214	  7
    5835.354	  7
    5835.486	  7
    5835.606	  7
    5835.724	  7
    5835.896	  7
    5836.014	  7
    5836.134	  7
    5836.260	  7
    5836.384	  7
    5836.508	  7
    5836.644	  7
    5836.776	  7
    5836.926	  7
    5837.050	  7
    5837.182	  7
    5837.314	  7
    5837.460	  7
    5837.582	  7
    5837.716	  7
    5838.114	  7
    5838.180	  7
    5838.364	  7
    5838.700	  7
    5839.210	  7
    5839.452	  7
    5840.042	  7
    5840.206	  7
    5840.358	  7
    5840.508	  7
    5840.660	  7
    5840.822	  7
    5840.986	  7
    5841.160	  7
    5841.324	  7
    5841.482	  7
    5841.628	  7
    5841.916	  7
    5842.058	  7
    5842.190	  7
    5842.330	  7
    5842.462	  7
    5842.584	  7
    5842.734	  7
    5842.866	  7
    5843.016	  7
    5843.164	  7
    5843.288	  7
    5843.424	  7
    5843.574	  7
    5843.634	 53
    5843.740	  7
    5843.934	  7
    5844.114	  7
    5844.250	  7
    5844.394	  7
    5844.518	  7
    5844.646	  7
    5844.818	  7
    5844.956	  7
    5845.092	  7
    5845.232	  7
    5845.366	  7
    5845.502	  7
    5845.630	  7
    5845.762	  7
    5845.896	  7
    5846.034	  7
    5846.184	  7
    5846.318	  7
    5846.450	  7
    5847.462	  7
    5847.600	  7
    5847.744	  7
    5848.078	  7
    5848.240	  7
    5848.398	  7
    5848.558	  7
    5848.712	  7
    5848.874	  7
    5849.016	  7
    5849.682	  7
    5849.828	  7
    5849.978	  7
    5850.116	  7
    5850.238	  7
    5850.392	  7
    5850.540	  7
    5850.668	  7
    5850.782	  7
    5850.926	  7
    5851.052	  7
    5851.184	  7
    5851.320	  7
    5851.476	  7
    5851.604	  7
    5851.736	  7
    5851.880	  7
    5852.026	  7
    5852.162	  7
    5852.294	  7
    5852.422	  7
    5852.558	  7
    5852.694	  7
    5852.842	  7
    5852.960	  7
    5853.090	  7
    5853.224	  7
    5853.872	  7
    5860.266	  8
    5860.266	 20
    5860.266	 27
    5860.276	 28
    5860.276	 19
    5860.376	 29
    5860.386	 61
