       6.728	  7
       6.840	  7
       6.960	  7
       7.086	  7
       7.216	  7
       7.352	  7
       7.688	  7
       7.784	  7
       7.916	  7
       8.208	  7
       8.328	  7
       8.470	  7
       8.608	  7
       8.740	  7
       8.886	  7
       9.030	  7
       9.170	  7
       9.316	  7
       9.466	  7
       9.636	  7
       9.770	  7
       9.916	  7
      10.058	  7
      10.210	  7
      10.356	  7
      10.504	  7
      10.650	  7
      10.796	  7
      10.948	  7
      11.120	  7
      11.258	  7
      11.402	  7
      11.550	  7
      11.690	  7
      11.846	  7
      11.992	  7
      12.142	  7
      12.312	  7
      12.448	  7
      12.594	  7
      12.746	  7
      12.900	  7
      13.054	  7
      13.190	  7
      13.370	  7
      13.512	  7
      13.658	  7
      13.818	  7
      13.964	  7
      14.112	  7
      14.270	  7
      14.424	  7
      14.564	  7
      14.746	  7
      14.848	  7
      14.998	  7
      15.156	  7
      15.310	  7
      15.460	  7
      15.610	  7
      15.760	  7
      15.940	  7
      16.068	  7
      16.214	  7
      16.360	  7
      16.516	  7
      16.654	  7
      16.808	  7
      16.942	  7
      20.010	 52
      20.020	 18
      33.672	  8
      33.772	  8
      35.644	  8
      52.924	  8
      53.034	  8
      53.158	  8
      53.278	  8
      53.428	  8
      53.632	  8
      54.372	  8
      56.036	  8
      56.162	  8
      56.312	  8
      58.634	  8
      66.304	  8
      66.422	  8
      66.788	  8
      67.428	  8
      67.774	  8
      68.408	  8
      68.852	  8
      73.150	  8
      74.936	  8
      75.660	  8
      75.888	  8
      80.408	  8
      81.308	  8
      81.736	  8
      83.016	  8
      83.326	  8
      83.410	  8
      89.326	  5
      94.166	  7
      94.272	  7
      95.396	  8
      95.450	  8
      95.878	  8
      96.244	  8
      96.738	  8
     110.030	  8
     110.368	  8
     133.160	  8
     133.458	  8
     133.764	  8
     134.298	  8
     134.722	  8
     135.056	  8
     137.666	  8
     138.160	  8
     138.496	  8
     139.162	  8
     140.020	 53
     141.354	  8
     141.354	 20
     141.354	 27
     141.364	 28
     141.364	 19
     141.464	 29
     141.632	  9
     141.672	  8
     142.052	  8
     156.304	  7
     156.408	  7
     156.568	  7
     158.858	  8
     161.484	 51
     161.494	 17
     190.902	  8
     196.946	  8
     197.316	  8
     197.560	  8
     198.132	  8
     201.754	  7
     203.442	  8
     203.838	  8
     204.338	  8
     204.422	  8
     205.366	  8
     205.802	  8
     207.544	  8
     208.652	  8
     208.920	  8
     210.436	  8
     210.754	  8
     213.008	  8
     213.844	  8
     214.080	  8
     214.276	  8
     215.250	  8
     215.646	  8
     216.686	  8
     217.348	  8
     218.084	  8
     218.354	  8
     218.762	  8
     219.410	  8
     219.802	  8
     220.676	  8
     221.242	  8
     221.482	  8
     221.494	 53
     221.898	  8
     221.898	 20
     221.898	 27
     221.908	 28
     221.908	 19
     222.008	 29
     222.176	  9
     222.252	  8
     234.092	  7
     236.490	  7
     239.106	  7
     239.286	  7
     239.852	  7
     239.938	  7
     241.584	  7
     241.786	  7
     242.028	 52
     242.038	 18
     244.758	  7
     244.884	  7
     245.020	  7
     245.154	  7
     245.300	  7
     245.738	  7
     247.968	  7
     248.116	  7
     248.268	  7
     248.398	  7
     248.542	  7
     248.972	  7
     249.118	  7
     249.340	  7
     250.120	  7
     250.224	  7
     250.354	  7
     251.998	  7
     309.020	  8
     342.772	  8
     342.918	  8
     343.390	  8
     343.618	  8
     346.684	  8
     346.920	  8
     347.070	  8
     347.444	  8
     347.782	  8
     352.948	  8
     353.894	  8
     354.620	  8
     354.694	  8
     356.204	  8
     356.272	  8
     357.488	  8
     358.240	  8
     358.490	  8
     358.754	  8
     359.112	  8
     359.570	  8
     359.980	  8
     360.568	  8
     360.764	  8
     362.038	 53
     363.840	  8
     363.840	 20
     363.840	 27
     363.850	 28
     363.850	 19
     363.950	 29
     364.118	  9
     364.196	  8
     383.970	 52
     383.980	 18
     441.772	  8
     441.856	  8
     446.012	  8
     446.420	  8
     446.516	  8
     446.942	  8
     450.940	  8
     451.576	  8
     451.886	  8
     452.494	  8
     452.882	  8
     453.498	  8
     469.614	  8
     469.814	  8
     470.240	  8
     470.610	  8
     471.100	  8
     471.920	  8
     472.264	  8
     472.952	  8
     473.438	  8
     473.880	  8
     476.822	  8
     477.650	  8
     477.666	  8
     478.204	  8
     478.686	  8
     479.422	  8
     479.726	  8
     480.074	  8
     480.622	  8
     481.954	  8
     482.034	  8
     482.258	  8
     482.338	  8
     484.852	  8
     485.026	  8
     485.280	  8
     485.624	  8
     485.836	  8
     485.990	  8
     486.334	  8
     486.812	  8
     487.500	  8
     488.466	  8
     488.672	  8
     489.020	  8
     489.170	  8
     489.486	  8
     489.590	  8
     489.824	  8
     490.290	  8
     491.516	  8
     492.070	  8
     492.530	  8
     493.032	  8
     494.264	  8
     494.590	  8
     494.848	  8
     495.676	  8
     495.828	  8
     496.268	  8
     497.480	  8
     497.800	  8
     498.030	  8
     498.528	  8
     498.874	  8
     499.456	  8
     500.208	  8
     501.100	  8
     501.332	  8
     501.528	  8
     502.138	  8
     502.492	  8
     502.586	  8
     502.696	  8
     502.940	  8
     502.992	  8
     503.644	  8
     503.690	  8
     503.980	 53
     504.242	  8
     504.242	 20
     504.242	 27
     504.252	 28
     504.252	 19
     504.352	 29
     504.520	  9
     504.604	  8
     506.592	  8
     509.594	  8
     524.372	 52
     524.382	 18
     532.778	  7
     532.888	  7
     533.546	  7
     533.620	  7
     533.754	  7
     533.886	  7
     535.152	  7
     535.262	  7
     535.630	  7
     537.168	  7
     537.640	  7
     537.700	  7
     545.368	  8
     545.842	  8
     546.146	  8
     558.780	  8
     559.110	  8
     559.358	  8
     560.212	  8
     560.560	  8
     570.928	  8
     571.400	  8
     571.752	  8
     572.244	  8
     572.500	  8
     572.790	  8
     573.270	  8
     574.022	  8
     575.332	  8
     575.756	  8
     576.198	  8
     576.792	  8
     578.976	  8
     579.232	  8
     579.624	  8
     580.344	  8
     580.944	  8
     581.294	  8
     581.998	  8
     582.960	  8
     583.172	  8
     583.230	  8
     583.372	  8
     583.724	  8
     584.992	  8
     585.284	  8
     588.436	  8
     589.348	  8
     590.074	  8
     591.888	  8
     592.238	  8
     592.976	  8
     593.518	  8
     594.212	  8
     594.938	  8
     595.314	  8
     596.184	  8
     596.456	  8
     596.920	  8
     597.730	  8
     598.070	  8
     598.152	  8
     598.676	  8
     599.534	  8
     599.814	  8
     600.918	  8
     601.304	  8
     601.746	  8
     602.882	  8
     603.300	  8
     604.152	  8
     604.818	  8
     605.434	  8
     606.252	  8
     608.186	  8
     608.318	  8
     609.282	  8
     609.540	  8
     610.596	  8
     611.248	  8
     612.700	  8
     613.156	  8
     613.612	  8
     614.114	  8
     614.366	  8
     614.442	  8
     615.188	  8
     615.358	  8
     615.436	  8
     616.180	  8
     616.662	  8
     618.148	  8
     618.642	  8
     618.986	  8
     620.038	  8
     620.782	  8
     621.278	  8
     621.742	  8
     622.202	  8
     622.526	  8
     622.876	  8
     623.084	  8
     623.308	  8
     623.784	  8
     623.940	  8
     625.148	  8
     625.488	  8
     626.262	  8
     626.816	  8
     627.264	  8
     627.514	  8
     628.434	  8
     628.542	  8
     628.784	  8
     629.038	  8
     629.104	  8
     629.340	  8
     629.572	  8
     629.940	  8
     630.486	  8
     631.434	  8
     631.766	  8
     633.912	  8
     634.288	  8
     634.588	  8
     634.926	  8
     635.284	  8
     635.908	  8
     636.140	  8
     636.720	  8
     636.876	  8
     637.508	  8
     637.550	  8
     637.786	  8
     638.136	  8
     638.940	  8
     639.876	  8
     640.348	  8
     640.750	  8
     641.342	  8
     641.920	  8
     643.052	  8
     643.792	  8
     643.876	  8
     644.204	  8
     644.382	 53
     644.720	  8
     644.720	 20
     644.720	 27
     644.730	 28
     644.730	 19
     644.830	 29
     644.998	  9
     645.092	  8
     646.138	  8
     664.850	 51
     664.860	 17
     686.442	  8
     690.154	  8
     690.212	  8
     690.576	  8
     694.054	  7
     699.694	  7
     699.786	  7
     699.910	  7
     700.080	  7
     700.190	  7
     700.336	  7
     700.496	  7
     700.666	  7
     700.810	  7
     700.944	  7
     701.092	  7
     701.240	  7
     701.408	  7
     701.920	  7
     702.026	  7
     702.180	  7
     702.316	  7
     702.460	  7
     702.610	  7
     702.780	  7
     702.928	  7
     703.054	  7
     703.196	  7
     703.342	  7
     703.490	  7
     703.636	  7
     703.778	  7
     703.934	  7
     704.076	  7
     704.226	  7
     704.404	  7
     704.548	  7
     704.694	  7
     704.856	  7
     705.150	  7
     705.304	  7
     705.496	  7
     706.220	  7
     706.302	  7
     706.666	  7
     706.778	  7
     706.914	  7
     707.052	  7
     707.200	  7
     707.352	  7
     707.496	  7
     707.646	  7
     707.792	  7
     707.972	  7
     708.106	  7
     708.254	  7
     708.402	  7
     708.572	  7
     708.718	  7
     708.872	  7
     709.066	  7
     709.204	  7
     709.366	  7
     709.538	  7
     709.728	  7
     709.954	  7
     711.012	  7
     711.158	  7
     711.286	  7
     711.426	  7
     711.572	  7
     711.720	  7
     711.856	  7
     712.004	  7
     712.154	  7
     712.324	  7
     712.456	  7
     712.584	  7
     712.730	  7
     712.878	  7
     713.028	  7
     713.172	  7
     713.316	  7
     713.454	  7
     713.630	  7
     713.744	  7
     713.908	  7
     714.042	  7
     714.162	  7
     714.318	  7
     714.478	  7
     714.650	  7
     714.848	  7
     715.006	  7
     715.204	  7
     715.390	  7
     715.956	  7
     716.034	  7
     717.652	  7
     717.810	  7
     718.070	  7
     718.222	  7
     718.396	  7
     718.536	  7
     718.668	  7
     718.818	  7
     719.010	  7
     719.174	  7
     719.274	  7
     719.428	  7
     720.860	  8
     721.214	  8
     721.970	  8
     722.448	  8
     722.656	  8
     722.964	  8
     723.018	  8
     723.762	  8
     724.642	  8
     724.860	 53
     724.988	  8
     724.988	 20
     724.988	 27
     724.998	 28
     724.998	 19
     725.098	 29
     725.266	  9
     725.360	  8
     745.118	 52
     745.128	 18
     782.576	  7
     782.658	  7
     782.810	  7
     784.860	  7
     785.676	  7
     785.726	  7
     785.878	  7
     786.026	  7
     786.332	  7
     786.478	  7
     786.626	  7
     786.986	  7
     790.912	  7
     791.046	  7
     791.360	  7
     791.592	  7
     792.068	  7
     792.202	  7
     793.988	  8
     794.172	  8
     794.852	  8
     803.224	  8
     804.272	  8
     805.544	  8
     805.948	  8
     818.628	  8
     818.698	  8
     819.534	  8
     820.038	  8
     821.596	  8
     822.634	  8
     823.408	  8
     824.244	  8
     824.922	  8
     825.252	  8
     825.770	  8
     826.186	  8
     829.106	  8
     830.208	  8
     830.822	  8
     831.298	  8
     831.596	  8
     832.722	  8
     832.980	  8
     833.496	  8
     834.284	  8
     834.532	  8
     835.588	  8
     835.870	  8
     836.850	  8
     837.568	  8
     838.422	  8
     839.666	  8
     842.054	  8
     842.384	  8
     843.366	  8
     843.652	  8
     844.392	  8
     844.898	  8
     845.226	  8
     846.010	  8
     846.174	  8
     846.264	  8
     848.432	  8
     848.910	  8
     849.604	  8
     849.756	  8
     850.156	  8
     850.704	  8
     850.930	  8
     852.288	  8
     853.028	  8
     853.492	  8
     853.970	  8
     854.502	  8
     855.354	  8
     855.746	  8
     856.202	  8
     856.574	  8
     857.206	  8
     858.072	  8
     858.660	  8
     858.870	  8
     859.268	  8
     859.880	  8
     860.160	  8
     860.402	  8
     860.548	  8
     861.516	  8
     862.278	  8
     862.848	  8
     862.910	  8
     864.258	  8
     864.840	  8
     865.128	 53
     866.414	  8
     866.414	 20
     866.414	 27
     866.424	 28
     866.424	 19
     866.524	 29
     866.684	  9
     866.832	  8
     869.410	  8
     886.544	 51
     886.554	 17
     907.598	  8
     908.552	  8
     909.244	  8
     910.416	  8
     910.720	  8
     912.892	  8
     913.072	  8
     913.252	  8
     913.456	  8
     913.936	  8
     914.770	  8
     919.094	  8
     919.970	  8
     920.470	  8
     920.794	  8
     921.512	  8
     921.782	  8
     922.482	  8
     923.210	  8
     923.270	  8
     923.962	  8
     924.890	  8
     925.474	  8
     925.776	  8
     926.424	  8
     926.836	  8
     927.614	  8
     930.278	  8
     930.552	  8
     930.938	  8
     932.122	  8
     932.854	  8
     933.090	  8
     933.462	  8
     933.736	  8
     934.534	  8
     935.196	  8
     935.466	  8
     936.428	  8
     937.078	  8
     937.486	  8
     937.962	  8
     939.058	  8
     939.238	  8
     940.426	  8
     940.490	  8
     941.056	  8
     941.586	  8
     942.236	  8
     942.762	  8
     943.154	  8
     943.450	  8
     944.184	  8
     944.398	  8
     944.792	  8
     945.452	  8
     946.298	  8
     946.516	  8
     946.554	 53
     947.142	  8
     947.142	 20
     947.142	 27
     947.152	 28
     947.152	 19
     947.252	 29
     947.420	  9
     947.532	  8
     967.272	 51
     967.282	 17
     990.974	  8
     991.814	  8
     992.052	  8
     992.984	  8
     993.480	  8
     993.916	  8
     994.326	  8
     995.046	  8
     995.106	  8
     995.594	  8
     999.486	  8
    1000.206	  8
    1000.744	  8
    1001.694	  8
    1004.644	  8
    1005.288	  8
    1005.526	  8
    1006.180	  8
    1006.564	  8
    1007.744	  8
    1008.356	  8
    1008.440	  8
    1008.954	  8
    1009.776	  8
    1010.108	  8
    1010.950	  8
    1011.216	  8
    1011.978	  8
    1013.578	  8
    1013.786	  8
    1014.214	  8
    1014.492	  8
    1015.318	  8
    1015.550	  8
    1015.954	  8
    1016.570	  8
    1016.856	  8
    1017.018	  8
    1017.336	  8
    1017.832	  8
    1018.186	  8
    1018.612	  8
    1019.330	  8
    1020.480	  8
    1020.762	  8
    1020.882	  8
    1021.534	  8
    1022.374	  8
    1022.420	  8
    1023.090	  8
    1023.740	  8
    1024.090	  8
    1024.278	  8
    1024.534	  8
    1024.928	  8
    1025.568	  8
    1026.296	  8
    1026.528	  8
    1027.068	  8
    1027.282	 53
    1027.502	  8
    1027.502	 20
    1027.502	 27
    1027.512	 28
    1027.512	 19
    1027.612	 29
    1027.780	  9
    1027.914	  8
    1047.632	 50
    1047.642	 10
    1065.414	  8
    1065.928	  8
    1066.338	  8
    1066.966	  8
    1068.066	  8
    1068.796	  8
    1069.152	  8
    1070.360	  8
    1070.416	  8
    1070.620	  8
    1070.980	  8
    1071.402	  8
    1071.648	  8
    1072.046	  8
    1072.094	  8
    1073.668	  8
    1073.984	  8
    1074.848	  8
    1075.174	  8
    1075.808	  8
    1076.166	  8
    1077.180	  8
    1077.480	  8
    1077.642	 53
    1077.898	  8
    1077.898	 20
    1077.898	 27
    1077.908	 28
    1077.908	 19
    1078.008	 29
    1078.176	  9
    1078.334	  8
    1080.464	  8
    1098.028	 52
    1098.038	 18
    1183.952	  8
    1184.254	  8
    1184.364	  8
    1184.484	  8
    1184.802	  8
    1184.912	  8
    1185.464	  8
    1186.318	  8
    1186.582	  8
    1187.512	  8
    1188.380	  8
    1189.420	  8
    1189.854	  8
    1189.932	  8
    1191.316	  8
    1191.854	  8
    1192.530	  8
    1193.236	  8
    1193.532	  8
    1196.472	  8
    1197.022	  8
    1197.804	  8
    1198.152	  8
    1198.810	  8
    1199.606	  8
    1200.468	  8
    1201.162	  8
    1201.894	  8
    1202.456	  8
    1202.916	  8
    1203.190	  8
    1203.994	  8
    1204.372	  8
    1204.642	  8
    1207.312	  8
    1207.568	  8
    1207.812	  8
    1208.378	  8
    1208.612	  8
    1208.722	  8
    1208.996	  8
    1209.300	  8
    1209.528	  8
    1209.882	  8
    1210.288	  8
    1211.404	  8
    1211.800	  8
    1211.852	  8
    1212.118	  8
    1212.424	  8
    1212.976	  8
    1213.582	  8
    1213.810	  8
    1214.464	  8
    1215.204	  8
    1215.598	  8
    1216.198	  8
    1216.652	  8
    1217.176	  8
    1217.378	  8
    1217.482	  8
    1217.918	  8
    1218.038	 53
    1218.472	  8
    1218.472	 20
    1218.472	 27
    1218.482	 28
    1218.482	 19
    1218.582	 29
    1218.750	  9
    1218.878	  8
    1238.602	 52
    1238.612	 18
    1256.538	  8
    1256.622	  8
    1256.722	  8
    1256.998	  8
    1257.882	  8
    1264.480	  7
    1264.626	  7
    1265.260	  7
    1265.332	  7
    1265.464	  7
    1265.606	  7
    1266.876	  7
    1266.998	  7
    1267.432	  7
    1267.552	  7
    1280.672	  7
    1280.764	  7
    1280.936	  7
    1281.080	  7
    1281.338	  7
    1281.936	  7
    1282.710	  7
    1284.566	  7
    1284.722	  7
    1284.882	  7
    1285.052	  7
    1285.180	  7
    1285.326	  7
    1287.672	  8
    1288.572	  8
    1288.914	  8
    1289.790	  8
    1290.334	  8
    1290.708	  8
    1292.050	  8
    1292.562	  8
    1292.832	  8
    1293.166	  8
    1302.142	  8
    1302.232	  8
    1302.658	  8
    1302.754	  8
    1303.874	  8
    1304.592	  8
    1304.972	  8
    1305.330	  8
    1306.196	  8
    1306.576	  8
    1307.332	  8
    1307.764	  8
    1308.108	  8
    1308.390	  8
    1308.798	  8
    1309.438	  8
    1310.874	  8
    1311.284	  8
    1312.050	  8
    1312.398	  8
    1313.132	  8
    1314.126	  8
    1314.422	  8
    1315.670	  8
    1316.222	  8
    1316.750	  8
    1316.992	  8
    1317.304	  8
    1317.726	  8
    1320.210	  8
    1320.546	  8
    1321.254	  8
    1321.854	  8
    1322.766	  8
    1323.028	  8
    1324.056	  8
    1325.394	  8
    1325.812	  8
    1326.272	  8
    1326.792	  8
    1327.344	  8
    1327.770	  8
    1329.822	  8
    1330.252	  8
    1330.792	  8
    1331.360	  8
    1331.660	  8
    1332.404	  8
    1333.366	  8
    1334.040	  8
    1334.370	  8
    1334.574	  8
    1335.232	  8
    1335.710	  8
    1336.560	  8
    1337.020	  8
    1337.586	  8
    1338.076	  8
    1338.322	  8
    1338.672	  8
    1338.938	  8
    1339.954	  8
    1341.014	  8
    1342.064	  8
    1342.784	  8
    1343.302	  8
    1344.046	  8
    1344.482	  8
    1344.978	  8
    1345.628	  8
    1345.664	  8
    1346.344	  8
    1346.634	  8
    1347.146	  8
    1348.450	  8
    1348.974	  8
    1349.064	  8
    1349.174	  8
    1349.436	  8
    1350.150	  8
    1350.842	  8
    1351.216	  8
    1351.808	  8
    1351.854	  8
    1352.526	  8
    1353.408	  8
    1354.540	  8
    1354.804	  8
    1354.878	  8
    1355.180	  8
    1355.726	  8
    1355.868	  8
    1356.116	  8
    1356.718	  8
    1357.296	  8
    1358.028	  8
    1358.420	  8
    1358.612	 53
    1358.648	  8
    1358.648	 20
    1358.648	 27
    1358.658	 28
    1358.658	 19
    1358.758	 29
    1358.926	  9
    1359.034	  8
    1362.298	  8
    1363.604	  8
    1378.778	 51
    1378.788	 17
    1391.004	  7
    1391.484	  7
    1391.604	  7
    1391.746	  7
    1391.930	  7
    1392.126	  7
    1392.396	  7
    1392.518	  7
    1392.902	  7
    1393.016	  7
    1397.178	  7
    1397.508	  7
    1397.664	  7
    1397.826	  7
    1403.226	  7
    1404.072	  7
    1407.294	  7
    1407.540	  7
    1411.128	  7
    1411.334	  7
    1412.864	  7
    1413.786	  7
    1418.402	  8
    1418.774	  8
    1419.146	  8
    1419.648	  8
    1419.724	  8
    1420.200	  8
    1420.238	  8
    1420.522	  8
    1421.070	  8
    1421.452	  8
    1421.730	  8
    1421.956	  8
    1422.932	  8
    1423.358	  8
    1424.518	  8
    1425.076	  8
    1425.320	  8
    1425.798	  8
    1426.502	  8
    1427.274	  8
    1427.584	  8
    1427.920	  8
    1428.490	  8
    1428.758	  8
    1429.246	  8
    1429.466	  8
    1430.050	  8
    1430.790	  8
    1431.044	  8
    1431.558	  8
    1432.030	  8
    1432.390	  8
    1433.348	  8
    1434.010	  8
    1434.488	  8
    1434.596	  8
    1434.806	  8
    1434.914	  8
    1435.282	  8
    1436.428	  8
    1436.608	  8
    1436.944	  8
    1437.420	  8
    1437.640	  8
    1438.086	  8
    1438.602	  8
    1438.788	 53
    1439.138	  8
    1439.138	 20
    1439.138	 27
    1439.148	 28
    1439.148	 19
    1439.248	 29
    1439.416	  9
    1439.438	  8
    1459.268	 52
    1459.278	 18
    1504.262	  5
    1517.332	  7
    1517.460	  7
    1517.640	  7
    1519.214	  7
    1521.062	  7
    1522.246	  7
    1526.054	  7
    1526.330	  7
    1526.606	  7
    1529.576	  7
    1529.674	  7
    1529.810	  7
    1529.942	  7
    1530.082	  7
    1530.236	  7
    1530.412	  7
    1530.542	  7
    1530.712	  7
    1530.880	  7
    1532.046	  7
    1536.396	  8
    1537.022	  8
    1537.260	  8
    1538.180	  8
    1538.444	  8
    1538.812	  8
    1539.414	  8
    1539.812	  8
    1540.180	  8
    1541.156	  8
    1543.226	  8
    1543.894	  8
    1544.304	  8
    1544.526	  8
    1545.020	  8
    1545.894	  8
    1550.296	  8
    1550.996	  8
    1551.334	  8
    1552.062	  8
    1552.320	  8
    1553.054	  8
    1553.594	  8
    1554.092	  8
    1554.682	  8
    1554.824	  8
    1557.086	  8
    1557.226	  8
    1557.310	  8
    1558.084	  8
    1558.946	  8
    1559.218	  8
    1559.294	  8
    1559.956	  8
    1561.012	  8
    1561.178	  8
    1561.644	  8
    1561.850	  8
    1562.594	  8
    1564.630	  8
    1564.660	  8
    1565.092	  8
    1565.598	  8
    1565.926	  8
    1566.442	  8
    1566.884	  8
    1567.172	  8
    1567.238	  8
    1568.034	  8
    1568.662	  8
    1569.254	  8
    1569.564	  8
    1570.322	  8
    1570.974	  8
    1571.798	  8
    1573.070	  8
    1573.744	  8
    1574.234	  8
    1574.368	  8
    1574.922	  8
    1575.474	  8
    1576.262	  8
    1576.754	  8
    1576.986	  8
    1577.692	  8
    1578.168	  8
    1578.662	  8
    1579.278	 53
    1580.038	  8
    1580.038	 20
    1580.038	 27
    1580.048	 28
    1580.048	 19
    1580.148	 29
    1580.316	  9
    1580.342	  8
    1600.168	 50
    1600.178	 10
    1608.176	  7
    1608.294	  7
    1608.468	  7
    1608.746	  7
    1609.678	  7
    1611.316	  7
    1613.758	  7
    1614.210	  7
    1614.340	  7
    1618.774	  7
    1618.932	  7
    1619.050	  7
    1619.226	  7
    1619.346	  7
    1619.494	  7
    1619.640	  7
    1619.788	  7
    1619.950	  7
    1620.620	  7
    1623.680	  7
    1623.838	  7
    1624.004	  7
    1624.716	  7
    1625.034	  7
    1625.152	  7
    1625.296	  7
    1625.466	  7
    1625.634	  7
    1625.778	  7
    1625.940	  7
    1626.332	  7
    1626.536	  7
    1626.692	  7
    1626.844	  7
    1626.998	  7
    1627.182	  7
    1627.312	  7
    1627.636	  7
    1629.008	  8
    1629.524	  8
    1630.006	  8
    1630.164	  8
    1630.178	 53
    1630.714	  8
    1630.714	 20
    1630.714	 27
    1630.724	 28
    1630.724	 19
    1630.824	 29
    1630.992	  9
    1631.052	  8
    1632.664	  8
    1650.844	 51
    1650.854	 17
    1662.850	  7
    1662.994	  7
    1663.220	  7
    1667.002	  7
    1669.838	  7
    1670.110	  7
    1674.482	  7
    1675.204	  7
    1675.582	  7
    1678.710	  7
    1679.432	  7
    1679.584	  7
    1679.844	  7
    1683.834	  7
    1684.270	  7
    1687.020	  7
    1688.194	  7
    1696.038	  7
    1696.222	  7
    1696.368	  7
    1696.602	  7
    1696.738	  7
    1696.874	  7
    1697.036	  7
    1697.192	  7
    1697.504	  7
    1697.670	  7
    1697.816	  7
    1697.942	  7
    1703.392	  7
    1703.856	  7
    1704.000	  7
    1705.878	  8
    1706.704	  8
    1706.980	  8
    1707.472	  8
    1707.562	  8
    1707.948	  8
    1708.202	  8
    1708.248	  8
    1708.882	  8
    1709.158	  8
    1709.324	  8
    1709.486	  8
    1709.552	  8
    1709.854	  8
    1710.744	  8
    1710.854	 53
    1710.964	  8
    1710.964	 20
    1710.964	 27
    1710.974	 28
    1710.974	 19
    1711.074	 29
    1711.242	  9
    1711.326	  8
    1713.438	  8
    1731.094	 50
    1731.104	 10
    1750.126	  8
    1750.258	  8
    1752.176	  8
    1752.660	  8
    1753.766	  8
    1754.326	  8
    1755.090	  8
    1755.438	  8
    1756.206	  8
    1756.372	  8
    1756.590	  8
    1756.854	  8
    1757.098	  8
    1757.432	  8
    1758.092	  8
    1758.470	  8
    1759.262	  8
    1759.544	  8
    1760.668	  8
    1760.892	  8
    1761.104	 53
    1761.256	  8
    1761.256	 20
    1761.256	 27
    1761.266	 28
    1761.266	 19
    1761.366	 29
    1761.534	  9
    1761.568	  8
    1781.386	 50
    1781.396	 10
    1797.182	  8
    1798.022	  8
    1799.124	  8
    1801.468	  8
    1801.952	  8
    1802.060	  8
    1803.188	  8
    1803.568	  8
    1804.122	  8
    1804.864	  8
    1805.100	  8
    1805.446	  8
    1805.678	  8
    1806.268	  8
    1806.954	  8
    1807.330	  8
    1807.962	  8
    1808.096	  8
    1808.478	  8
    1808.626	  8
    1808.956	  8
    1809.174	  8
    1809.528	  8
    1810.046	  8
    1810.264	  8
    1810.458	  8
    1810.678	  8
    1811.124	  8
    1811.396	 53
    1811.684	  8
    1811.684	 20
    1811.684	 27
    1811.694	 28
    1811.694	 19
    1811.794	 29
    1811.844	  8
    1811.962	  9
    1812.102	  8
    1814.776	  8
    1831.814	 50
    1831.824	 10
    1841.544	  7
    1841.662	  7
    1842.352	  7
    1842.486	  7
    1842.642	  7
    1843.238	  7
    1843.356	  7
    1843.480	  7
    1845.008	  7
    1847.408	  8
    1850.044	  8
    1850.588	  8
    1851.306	  8
    1851.664	  8
    1851.752	  8
    1852.024	  8
    1852.606	  8
    1853.270	  8
    1853.710	  8
    1854.124	  8
    1854.344	  8
    1854.726	  8
    1855.142	  8
    1856.150	  8
    1857.584	  8
    1858.008	  8
    1858.674	  8
    1858.968	  8
    1859.192	  8
    1859.342	  8
    1859.694	  8
    1860.224	  8
    1860.550	  8
    1861.376	  8
    1861.450	  8
    1861.520	  8
    1861.824	 53
    1862.094	  8
    1862.094	 20
    1862.094	 27
    1862.104	 28
    1862.104	 19
    1862.204	 29
    1862.372	  9
    1864.098	  8
    1882.224	 51
    1882.234	 17
    1912.242	  7
    1912.706	  7
    1912.802	  7
    1912.910	  7
    1913.538	  7
    1918.376	  7
    1918.506	  7
    1919.468	  7
    1921.008	  7
    1922.412	  8
    1922.492	  8
    1923.522	  8
    1924.180	  8
    1924.606	  8
    1925.004	  8
    1925.170	  8
    1925.474	  8
    1926.286	  8
    1927.048	  8
    1927.404	  8
    1927.726	  8
    1928.032	  8
    1928.518	  8
    1929.420	  8
    1929.782	  8
    1930.302	  8
    1930.964	  8
    1931.308	  8
    1932.082	  8
    1932.436	  8
    1932.704	  8
    1933.276	  8
    1933.674	  8
    1933.880	  8
    1934.728	  8
    1935.302	  8
    1935.568	  8
    1936.742	  8
    1937.062	  8
    1937.540	  8
    1938.366	  8
    1938.952	  8
    1939.418	  8
    1939.956	  8
    1940.514	  8
    1940.856	  8
    1941.124	  8
    1941.686	  8
    1942.068	  8
    1942.234	 53
    1942.540	  8
    1942.540	 20
    1942.540	 27
    1942.550	 28
    1942.550	 19
    1942.650	 29
    1942.818	  9
    1942.862	  8
    1962.670	 50
    1962.680	 10
    1988.976	  8
    1989.202	  8
    1989.464	  8
    1989.508	  8
    1990.024	  8
    1990.184	  8
    1990.440	  8
    1991.240	  8
    1991.296	  8
    1991.620	  8
    1991.838	  8
    1992.136	  8
    1992.680	 53
    1993.468	  8
    1993.468	 20
    1993.468	 27
    1993.478	 28
    1993.478	 19
    1993.578	 29
    1993.746	  9
    1993.774	  8
    1995.896	  8
    2013.598	 50
    2013.608	 10
    2017.814	  7
    2017.934	  7
    2018.096	  7
    2018.280	  7
    2018.894	  7
    2019.098	  7
    2019.306	  7
    2019.406	  7
    2019.468	  7
    2019.714	  7
    2019.876	  7
    2020.090	  7
    2020.210	  7
    2020.312	  7
    2021.320	  7
    2025.706	  7
    2030.774	  7
    2035.424	  7
    2035.590	  7
    2036.574	  7
    2037.188	  7
    2040.800	  7
    2042.278	  8
    2042.792	  8
    2043.276	  8
    2043.608	 53
    2043.690	  8
    2043.690	 20
    2043.690	 27
    2043.700	 28
    2043.700	 19
    2043.800	 29
    2043.968	  9
    2043.992	  8
    2063.820	 50
    2063.830	 10
    2089.244	  8
    2090.130	  8
    2090.528	  8
    2091.046	  8
    2091.500	  8
    2092.076	  8
    2092.890	  8
    2093.108	  8
    2093.338	  8
    2093.572	  8
    2093.830	 53
    2094.216	  8
    2094.216	 20
    2094.216	 27
    2094.226	 28
    2094.226	 19
    2094.326	 29
    2094.448	  8
    2094.494	  9
    2097.760	  8
    2114.346	 52
    2114.356	 18
    2209.194	  7
    2209.330	  7
    2209.434	  7
    2209.576	  7
    2211.388	  7
    2212.396	  7
    2212.916	  7
    2213.086	  7
    2227.630	  7
    2228.018	  7
    2228.172	  7
    2228.280	  7
    2228.462	  7
    2228.744	  7
    2228.852	  7
    2229.006	  7
    2229.216	  7
    2229.314	  7
    2229.496	  7
    2229.686	  7
    2229.848	  7
    2230.470	  7
    2234.356	 53
    2234.888	  8
    2234.888	 20
    2234.888	 27
    2234.898	 28
    2234.898	 19
    2234.998	 29
    2235.166	  9
    2235.198	  8
    2255.018	 51
    2255.028	 17
    2272.528	  7
    2272.642	  7
    2272.808	  7
    2272.948	  7
    2273.238	  7
    2273.472	  7
    2275.572	  7
    2275.926	  7
    2279.772	  7
    2283.336	  7
    2285.304	  7
    2288.268	  8
    2289.040	  8
    2289.636	  8
    2289.906	  8
    2290.706	  8
    2291.152	  8
    2291.546	  8
    2292.192	  8
    2292.760	  8
    2293.366	  8
    2293.628	  8
    2293.918	  8
    2294.258	  8
    2295.236	  8
    2295.780	  8
    2296.096	  8
    2297.262	  8
    2297.714	  8
    2298.616	  8
    2298.766	  8
    2298.900	  8
    2299.646	  8
    2299.894	  8
    2300.400	  8
    2300.758	  8
    2301.484	  8
    2301.796	  8
    2302.016	  8
    2302.488	  8
    2302.992	  8
    2303.314	  8
    2303.954	  8
    2304.554	  8
    2305.410	  8
    2305.806	  8
    2306.310	  8
    2308.360	  8
    2308.716	  8
    2309.618	  8
    2310.066	  8
    2310.716	  8
    2310.906	  8
    2311.348	  8
    2311.760	  8
    2311.804	  8
    2313.114	  8
    2313.486	  8
    2313.992	  8
    2314.234	  8
    2315.028	 53
    2315.792	  8
    2315.792	 20
    2315.792	 27
    2315.802	 28
    2315.802	 19
    2315.902	 29
    2316.070	  9
    2316.252	  8
    2335.922	 50
    2335.932	 10
    2348.076	  7
    2348.702	  7
    2348.908	  7
    2350.294	  7
    2360.156	  7
    2360.308	  7
    2360.444	  7
    2360.626	  7
    2360.792	  7
    2360.932	  7
    2361.094	  7
    2361.252	  7
    2361.416	  7
    2361.632	  7
    2365.932	 53
    2366.118	  7
    2366.264	  7
    2366.414	  7
    2366.594	  7
    2366.734	  7
    2367.144	  7
    2368.008	  7
    2371.174	  7
    2371.280	  7
    2371.838	  7
    2371.950	  7
    2372.098	  7
    2373.436	  8
    2373.436	 20
    2373.436	 27
    2373.446	 28
    2373.446	 19
    2373.546	 29
    2373.660	  8
    2373.714	  9
    2373.942	  8
    2393.566	 50
    2393.576	 10
    2402.100	  7
    2415.174	  8
    2415.684	  8
    2416.050	  8
    2416.532	  8
    2416.714	  8
    2417.212	  8
    2417.804	  8
    2418.244	  8
    2418.874	  8
    2419.690	  8
    2419.900	  8
    2420.806	  8
    2421.488	  8
    2422.406	  8
    2422.512	  8
    2422.588	  8
    2423.058	  8
    2423.098	  8
    2423.576	 53
    2423.582	  8
    2423.582	 20
    2423.582	 27
    2423.592	 28
    2423.592	 19
    2423.692	 29
    2423.826	  8
    2423.860	  9
    2427.138	  8
    2443.712	 50
    2443.722	 10
    2451.498	  7
    2451.652	  7
    2451.820	  7
    2451.976	  7
    2452.246	  7
    2452.396	  7
    2452.604	  7
    2453.006	  7
    2453.258	  7
    2453.874	  7
    2454.962	  7
    2457.982	  7
    2463.960	  7
    2464.974	  7
    2465.140	  7
    2465.370	  7
    2465.994	  7
    2466.496	  7
    2466.634	  7
    2466.772	  7
    2470.384	  7
    2470.496	  7
    2473.722	 53
    2474.288	  7
    2476.036	  8
    2476.036	 20
    2476.036	 27
    2476.046	 28
    2476.046	 19
    2476.146	 29
    2476.290	  8
    2476.314	  9
    2496.166	 52
    2496.176	 18
    2528.848	  7
    2529.174	  7
    2530.496	  7
    2531.060	  7
    2537.072	  7
    2537.370	  7
    2538.154	  7
    2543.902	  7
    2544.808	  7
    2546.922	  7
    2550.714	  7
    2554.150	  7
    2554.258	  7
    2554.670	  7
    2554.940	  7
    2557.798	  7
    2560.038	  7
    2560.224	  7
    2561.066	  7
    2561.202	  7
    2561.388	  7
    2561.874	  7
    2561.992	  7
    2562.170	  7
    2562.360	  7
    2563.042	  7
    2563.280	  7
    2563.552	  7
    2563.858	  7
    2564.008	  7
    2564.162	  7
    2564.322	  7
    2564.482	  7
    2564.652	  7
    2564.798	  7
    2564.960	  7
    2566.054	  7
    2569.540	  7
    2569.682	  7
    2571.122	  7
    2572.502	  7
    2572.680	  7
    2578.326	  7
    2578.756	  7
    2579.454	  7
    2582.852	  8
    2583.228	  8
    2583.984	  8
    2584.144	  8
    2584.920	  8
    2585.032	  8
    2586.156	  8
    2586.572	  8
    2590.844	  8
    2591.100	  8
    2591.956	  8
    2592.310	  8
    2597.452	  8
    2598.262	  8
    2599.084	  8
    2599.794	  8
    2616.176	 53
    2623.052	  8
    2623.052	 20
    2623.052	 27
    2623.062	 28
    2623.062	 19
    2623.162	 29
    2623.330	  9
    2623.444	  8
    2643.182	 51
    2643.192	 17
    2658.152	  7
    2658.618	  7
    2659.250	  7
    2659.702	  7
    2662.316	  7
    2663.206	  7
    2671.026	  7
    2671.150	  7
    2671.500	  7
    2671.704	  7
    2675.206	  7
    2675.324	  7
    2678.722	  8
    2679.362	  8
    2680.172	  8
    2681.182	  8
    2681.880	  8
    2682.130	  8
    2682.692	  8
    2683.222	  8
    2684.058	  8
    2684.606	  8
    2685.024	  8
    2685.984	  8
    2687.744	  8
    2688.102	  8
    2688.494	  8
    2689.024	  8
    2690.374	  8
    2690.682	  8
    2690.906	  8
    2691.122	  8
    2691.596	  8
    2692.336	  8
    2692.688	  8
    2693.310	  8
    2693.552	  8
    2694.198	  8
    2694.676	  8
    2695.152	  8
    2696.816	  8
    2697.304	  8
    2697.520	  8
    2698.562	  8
    2699.140	  8
    2699.572	  8
    2700.430	  8
    2700.944	  8
    2701.178	  8
    2701.830	  8
    2702.200	  8
    2702.460	  8
    2703.192	 53
    2704.012	  8
    2704.012	 20
    2704.012	 27
    2704.022	 28
    2704.022	 19
    2704.122	 29
    2704.290	  9
    2704.358	  8
    2705.608	  8
    2724.142	 52
    2724.152	 18
    2777.688	  7
    2777.822	  7
    2777.940	  7
    2778.226	  7
    2778.350	  7
    2779.104	  7
    2779.404	  7
    2781.192	  7
    2785.264	  7
    2792.316	  7
    2793.148	  7
    2793.240	  7
    2793.396	  7
    2794.400	  7
    2802.162	  7
    2803.286	  7
    2803.362	  7
    2808.978	  8
    2812.474	  8
    2824.174	  8
    2824.752	  8
    2828.150	  8
    2828.254	  8
    2828.946	  8
    2830.126	  8
    2830.380	  8
    2831.182	  8
    2832.654	  8
    2837.092	  8
    2837.738	  8
    2838.120	  8
    2838.584	  8
    2839.222	  8
    2839.604	  8
    2839.902	  8
    2840.170	  8
    2840.898	  8
    2841.168	  8
    2841.310	  8
    2841.882	  8
    2842.118	  8
    2842.588	  8
    2843.074	  8
    2844.152	 53
    2844.250	  8
    2844.250	 20
    2844.250	 27
    2844.260	 28
    2844.260	 19
    2844.360	 29
    2844.528	  9
    2844.594	  8
    2844.942	  8
    2846.146	  8
    2864.380	 50
    2864.390	 10
    2878.370	  8
    2883.736	  8
    2884.418	  8
    2884.542	  8
    2885.496	  8
    2887.308	  8
    2887.598	  8
    2887.876	  8
    2888.960	  8
    2889.084	  8
    2889.820	  8
    2890.054	  8
    2890.442	  8
    2890.610	  8
    2890.836	  8
    2891.492	  8
    2891.516	  8
    2891.778	  8
    2892.614	  8
    2892.964	  8
    2893.300	  8
    2894.390	 53
    2894.572	  8
    2894.572	 20
    2894.572	 27
    2894.582	 28
    2894.582	 19
    2894.682	 29
    2894.850	  9
    2895.090	  8
    2897.268	  8
    2914.702	 50
    2914.712	 10
    2918.864	  7
    2919.122	  7
    2929.894	  8
    2931.360	  8
    2931.588	  8
    2932.324	  8
    2933.202	  8
    2933.632	  8
    2933.922	  8
    2935.044	  8
    2935.864	  8
    2936.508	  8
    2936.990	  8
    2937.310	  8
    2937.636	  8
    2938.672	  8
    2939.308	  8
    2939.784	  8
    2940.654	  8
    2940.804	  8
    2941.320	  8
    2941.868	  8
    2942.434	  8
    2942.526	  8
    2942.638	  8
    2943.074	  8
    2943.568	  8
    2944.484	  8
    2944.712	 53
    2944.724	  8
    2944.724	 20
    2944.724	 27
    2944.734	 28
    2944.734	 19
    2944.834	 29
    2945.002	  9
    2945.082	  8
    2948.276	  8
    2964.854	 50
    2964.864	 10
    2974.030	  8
    2981.416	  8
    2983.284	  8
    2985.384	  8
    2985.810	  8
    2987.806	  8
    2988.060	  8
    2988.880	  8
    2990.476	  8
    2991.128	  8
    2991.666	  8
    2992.268	  8
    2992.556	  8
    2993.092	  8
    2993.394	  8
    2993.636	  8
    2994.002	  8
    2994.130	  8
    2994.800	  8
    2994.864	 53
    2995.130	  8
    2995.130	 20
    2995.130	 27
    2995.140	 28
    2995.140	 19
    2995.240	 29
    2995.408	  9
    2995.650	  8
    3000.070	  8
    3015.260	 51
    3015.270	 17
    3040.760	  8
    3041.864	  8
    3043.116	  8
    3046.008	  8
    3046.872	  8
    3047.254	  8
    3048.642	  8
    3049.518	  8
    3050.116	  8
    3050.360	  8
    3050.624	  8
    3051.064	  8
    3051.738	  8
    3052.480	  8
    3053.076	  8
    3054.028	  8
    3054.976	  8
    3055.162	  8
    3055.640	  8
    3056.108	  8
    3056.562	  8
    3057.038	  8
    3057.750	  8
    3058.170	  8
    3059.566	  8
    3059.970	  8
    3061.460	  8
    3061.586	  8
    3062.130	  8
    3062.338	  8
    3062.570	  8
    3063.520	  8
    3063.736	  8
    3064.868	  8
    3065.438	  8
    3065.786	  8
    3066.146	  8
    3066.234	  8
    3067.282	  8
    3068.536	  8
    3069.076	  8
    3069.666	  8
    3070.036	  8
    3070.420	  8
    3070.626	  8
    3070.986	  8
    3071.496	  8
    3072.140	  8
    3072.546	  8
    3072.710	  8
    3072.942	  8
    3073.516	  8
    3074.362	  8
    3074.472	  8
    3074.604	  8
    3074.636	  8
    3074.952	  8
    3075.270	 53
    3075.472	  8
    3075.472	 20
    3075.472	 27
    3075.482	 28
    3075.482	 19
    3075.582	 29
    3075.750	  9
    3075.852	  8
    3076.828	  8
    3095.602	 52
    3095.612	 18
    3145.566	  8
    3145.758	  8
    3145.900	  8
    3146.078	  8
    3146.234	  8
    3146.616	  8
    3147.690	  8
    3148.410	  8
    3162.380	  8
    3162.470	  8
    3162.930	  8
    3163.146	  8
    3163.226	  8
    3165.462	  8
    3166.634	  8
    3167.212	  8
    3167.660	  8
    3167.894	  8
    3169.140	  8
    3172.280	  8
    3173.688	  8
    3176.868	  8
    3177.738	  8
    3178.522	  8
    3181.882	  8
    3182.224	  8
    3182.870	  8
    3183.492	  8
    3184.146	  8
    3185.198	  8
    3185.732	  8
    3186.016	  8
    3186.640	  8
    3187.554	  8
    3188.328	  8
    3189.668	  8
    3190.068	  8
    3190.834	  8
    3192.884	  8
    3193.372	  8
    3193.814	  8
    3194.426	  8
    3194.794	  8
    3195.490	  8
    3195.736	  8
    3196.266	  8
    3197.516	  8
    3198.112	  8
    3199.356	  8
    3199.924	  8
    3200.910	  8
    3201.402	  8
    3202.246	  8
    3202.976	  8
    3203.116	  8
    3203.508	  8
    3204.082	  8
    3204.738	  8
    3205.480	  8
    3209.056	  8
    3209.786	  8
    3210.356	  8
    3210.812	  8
    3211.254	  8
    3211.826	  8
    3212.266	  8
    3212.700	  8
    3212.944	  8
    3213.552	  8
    3214.782	  8
    3214.832	  8
    3215.612	 53
    3215.664	  8
    3215.664	 20
    3215.664	 27
    3215.674	 28
    3215.674	 19
    3215.774	 29
    3215.942	  9
    3216.064	  8
    3235.794	 51
    3235.804	 17
    3259.822	  7
    3260.238	  7
    3260.396	  7
    3260.846	  7
    3261.558	  7
    3261.688	  7
    3261.982	  7
    3262.118	  7
    3262.310	  7
    3262.498	  7
    3263.264	  7
    3263.380	  7
    3264.000	  7
    3266.642	  7
    3267.190	  7
    3270.920	  7
    3275.056	  7
    3276.074	  7
    3279.940	  8
    3280.112	  8
    3280.810	  8
    3281.538	  8
    3282.254	  8
    3282.588	  8
    3283.232	  8
    3283.542	  8
    3284.126	  8
    3284.390	  8
    3284.608	  8
    3285.098	  8
    3285.770	  8
    3286.220	  8
    3286.472	  8
    3287.084	  8
    3287.906	  8
    3288.586	  8
    3288.796	  8
    3289.312	  8
    3290.816	  8
    3291.092	  8
    3291.878	  8
    3292.992	  8
    3293.156	  8
    3293.302	  8
    3293.790	  8
    3294.520	  8
    3294.870	  8
    3295.464	  8
    3295.772	  8
    3295.804	 53
    3296.944	  8
    3296.944	 20
    3296.944	 27
    3296.954	 28
    3296.954	 19
    3297.054	 29
    3297.222	  9
    3297.424	  8
    3317.074	 52
    3317.084	 18
    3399.016	  8
    3400.522	  8
    3401.012	  8
    3409.752	  8
    3410.206	  8
    3410.946	  8
    3411.934	  8
    3412.454	  8
    3414.254	  8
    3417.106	  8
    3417.982	  8
    3418.412	  8
    3419.268	  8
    3419.364	  8
    3423.350	  8
    3424.426	  8
    3424.844	  8
    3425.078	  8
    3425.838	  8
    3426.140	  8
    3427.386	  8
    3428.236	  8
    3428.768	  8
    3430.028	  8
    3430.696	  8
    3431.508	  8
    3432.992	  8
    3433.484	  8
    3433.726	  8
    3433.886	  8
    3434.970	  8
    3435.682	  8
    3435.992	  8
    3436.566	  8
    3436.980	  8
    3437.084	 53
    3437.588	  8
    3437.588	 20
    3437.588	 27
    3437.598	 28
    3437.598	 19
    3437.698	 29
    3437.866	  9
    3438.000	  8
    3439.480	  8
    3457.718	 51
    3457.728	 17
    3474.804	  6
    3475.000	  6
    3483.148	  8
    3486.758	  8
    3491.848	  8
    3492.196	  8
    3492.752	  8
    3493.244	  8
    3493.740	  8
    3494.126	  8
    3495.914	  8
    3496.788	  8
    3499.374	  8
    3500.010	  8
    3500.180	  8
    3501.026	  8
    3501.494	  8
    3502.268	  8
    3503.094	  8
    3503.372	  8
    3503.938	  8
    3504.312	  8
    3505.360	  8
    3505.638	  8
    3506.098	  8
    3506.630	  8
    3506.874	  8
    3507.466	  8
    3508.146	  8
    3509.368	  8
    3509.956	  8
    3510.470	  8
    3510.754	  8
    3511.202	  8
    3511.714	  8
    3513.010	  8
    3513.358	  8
    3513.788	  8
    3513.996	  8
    3514.400	  8
    3515.044	  8
    3515.484	  8
    3516.378	  8
    3517.598	  8
    3517.700	  8
    3517.728	 53
    3517.960	  8
    3517.960	 20
    3517.960	 27
    3517.970	 28
    3517.970	 19
    3518.070	 29
    3518.238	  9
    3518.324	  8
    3538.090	 52
    3538.100	 18
    3599.976	  8
    3600.354	  8
    3600.806	  8
    3600.910	  8
    3601.050	  8
    3601.486	  8
    3607.400	  8
    3609.048	  8
    3609.652	  8
    3609.994	  8
    3611.066	  8
    3612.428	  8
    3616.018	  8
    3616.470	  8
    3617.886	  8
    3618.712	  8
    3619.942	  8
    3620.822	  8
    3624.220	  8
    3624.306	  8
    3624.530	  8
    3625.036	  8
    3626.030	  8
    3627.176	  8
    3627.436	  8
    3628.130	  8
    3629.476	  8
    3630.134	  8
    3630.846	  8
    3631.670	  8
    3632.692	  8
    3633.220	  8
    3633.958	  8
    3634.008	  8
    3634.320	  8
    3635.092	  8
    3635.244	  8
    3635.872	  8
    3636.520	  8
    3636.964	  8
    3637.454	  8
    3638.030	  8
    3638.562	  8
    3639.156	  8
    3639.814	  8
    3640.256	  8
    3640.648	  8
    3640.848	  8
    3641.542	  8
    3642.034	  8
    3642.096	  8
    3642.338	  8
    3643.036	  8
    3643.570	  8
    3644.050	  8
    3645.418	  8
    3645.680	  8
    3646.596	  8
    3646.848	  8
    3647.714	  8
    3647.762	  8
    3648.454	  8
    3649.310	  8
    3649.388	  8
    3649.596	  8
    3649.662	  8
    3650.198	  8
    3650.664	  8
    3650.866	  8
    3651.230	  8
    3652.228	  8
    3652.534	  8
    3653.306	  8
    3653.440	  8
    3653.658	  8
    3653.888	  8
    3654.132	  8
    3654.360	  8
    3654.670	  8
    3655.034	  8
    3655.848	  8
    3656.866	  8
    3657.614	  8
    3658.100	 53
    3658.372	  8
    3658.372	 20
    3658.372	 27
    3658.382	 28
    3658.382	 19
    3658.482	 29
    3658.650	  9
    3658.778	  8
    3678.502	 51
    3678.512	 17
    3698.912	  7
    3699.658	  7
    3700.016	  7
    3700.146	  7
    3700.296	  7
    3700.462	  7
    3700.628	  7
    3700.798	  7
    3702.646	  7
    3703.274	  7
    3705.580	  7
    3706.408	  7
    3712.084	  7
    3722.062	  8
    3722.120	  8
    3728.002	  8
    3731.248	  8
    3738.512	 53
    3739.544	  8
    3739.544	 20
    3739.544	 27
    3739.554	 28
    3739.554	 19
    3739.654	 29
    3739.822	  9
    3739.946	  8
    3741.016	  8
    3759.674	 50
    3759.684	 10
    3770.294	  7
    3770.404	  7
    3770.580	  7
    3770.748	  7
    3771.706	  7
    3771.812	  7
    3777.912	  7
    3784.468	  7
    3787.424	  7
    3787.538	  7
    3787.690	  7
    3787.842	  7
    3787.998	  7
    3788.150	  7
    3788.314	  7
    3788.924	  7
    3789.142	  7
    3789.358	  7
    3789.684	 53
    3789.686	  7
    3790.014	  7
    3790.124	  7
    3790.274	  7
    3790.440	  7
    3790.594	  7
    3790.754	  7
    3790.918	  7
    3791.064	  7
    3791.228	  7
    3791.438	  7
    3791.880	  7
    3792.544	  7
    3796.724	  7
    3796.912	  7
    3797.040	  7
    3797.186	  7
    3797.338	  7
    3797.506	  7
    3797.670	  7
    3797.830	  7
    3798.012	  7
    3798.214	  7
    3798.938	  7
    3801.940	  7
    3803.280	  7
    3808.072	  7
    3808.210	  7
    3808.370	  7
    3808.504	  7
    3808.594	  7
    3809.424	  7
    3812.478	  8
    3812.478	 20
    3812.478	 27
    3812.488	 28
    3812.488	 19
    3812.588	 29
    3812.756	  9
    3832.608	 51
    3832.618	 17
    3854.990	  7
    3855.170	  7
    3855.350	  7
    3855.552	  7
    3858.406	  7
    3861.030	  7
    3866.064	  7
    3874.488	  8
    3875.428	  8
    3876.220	  8
    3877.122	  8
    3877.336	  8
    3877.840	  8
    3878.654	  8
    3879.004	  8
    3879.954	  8
    3880.812	  8
    3881.188	  8
    3881.818	  8
    3882.056	  8
    3882.412	  8
    3883.550	  8
    3884.390	  8
    3885.236	  8
    3885.700	  8
    3886.064	  8
    3886.984	  8
    3889.006	  8
    3889.706	  8
    3889.970	  8
    3890.260	  8
    3890.696	  8
    3891.422	  8
    3892.618	 53
    3892.846	  8
    3892.846	 20
    3892.846	 27
    3892.856	 28
    3892.856	 19
    3892.956	 29
    3893.124	  9
    3893.254	  8
    3895.632	  8
    3912.976	 50
    3912.986	 10
    3934.898	  8
    3937.020	  8
    3937.182	  8
    3937.478	  8
    3938.208	  8
    3938.384	  8
    3938.554	  8
    3940.124	  8
    3940.272	  8
    3940.358	  8
    3940.440	  8
    3942.150	  8
    3942.986	 53
    3943.228	  8
    3943.228	 20
    3943.228	 27
    3943.238	 28
    3943.238	 19
    3943.338	 29
    3943.490	  9
    3943.598	  8
    3963.358	 50
    3963.368	 10
    3972.412	  7
    3972.550	  7
    3972.694	  7
    3972.892	  7
    3973.908	  7
    3974.050	  7
    3974.248	  7
    3974.394	  7
    3974.584	  7
    3974.792	  7
    3975.010	  7
    3975.278	  7
    3975.394	  7
    3975.838	  7
    3976.310	  7
    3976.444	  7
    3976.670	  7
    3976.876	  7
    3977.138	  7
    3977.300	  7
    3977.520	  7
    3978.068	  7
    3982.484	  7
    3982.640	  7
    3982.830	  7
    3983.146	  7
    3983.330	  7
    3983.584	  7
    3983.974	  7
    3984.094	  7
    3984.250	  7
    3984.392	  7
    3984.550	  7
    3984.722	  7
    3985.176	  7
    3985.650	  7
    3986.084	  7
    3989.346	  7
    3991.614	  7
    3993.368	 53
    3994.742	  8
    3994.742	 20
    3994.742	 27
    3994.752	 28
    3994.752	 19
    3994.852	 29
    3995.020	  9
    3995.030	  8
    4014.872	 50
    4014.882	 10
    4029.572	  8
    4029.836	  8
    4030.266	  8
    4030.820	  8
    4031.038	  8
    4031.644	  8
    4032.204	  8
    4032.896	  8
    4033.092	  8
    4034.052	  8
    4034.612	  8
    4034.754	  8
    4034.852	  8
    4035.202	  8
    4035.500	  8
    4036.106	  8
    4036.220	  8
    4036.316	  8
    4036.660	  8
    4037.078	  8
    4037.532	  8
    4037.602	  8
    4038.840	  8
    4039.104	  8
    4039.678	  8
    4039.922	  8
    4041.108	  8
    4041.312	  8
    4041.712	  8
    4042.482	  8
    4042.820	  8
    4043.352	  8
    4043.602	  8
    4044.478	  8
    4044.694	  8
    4044.844	  8
    4044.882	 53
    4045.370	  8
    4045.370	 20
    4045.370	 27
    4045.380	 28
    4045.380	 19
    4045.480	 29
    4045.646	  8
    4045.648	  9
    4046.522	  8
    4049.764	  8
    4065.500	 52
    4065.510	 18
    4141.180	  8
    4141.662	  8
    4142.382	  8
    4143.798	  8
    4144.454	  8
    4145.312	  8
    4145.380	  8
    4145.560	  8
    4146.854	  8
    4146.940	  8
    4147.330	  8
    4147.796	  8
    4148.190	  8
    4151.172	  8
    4151.524	  8
    4152.088	  8
    4152.758	  8
    4153.830	  8
    4154.518	  8
    4155.284	  8
    4155.564	  8
    4156.402	  8
    4157.120	  8
    4158.306	  8
    4158.338	  8
    4160.886	  8
    4161.502	  8
    4162.734	  8
    4163.206	  8
    4163.934	  8
    4164.266	  8
    4164.700	  8
    4165.608	  8
    4165.916	  8
    4168.942	  8
    4169.690	  8
    4170.166	  8
    4170.636	  8
    4171.076	  8
    4171.400	  8
    4172.282	  8
    4172.698	  8
    4173.434	  8
    4173.860	  8
    4174.382	  8
    4174.720	  8
    4175.258	  8
    4176.380	  8
    4177.148	  8
    4177.760	  8
    4178.352	  8
    4178.822	  8
    4179.246	  8
    4180.168	  8
    4181.468	  8
    4182.030	  8
    4182.478	  8
    4183.164	  8
    4183.446	  8
    4183.744	  8
    4184.808	  8
    4185.052	  8
    4185.510	 53
    4185.648	  8
    4185.648	 20
    4185.648	 27
    4185.658	 28
    4185.658	 19
    4185.758	 29
    4185.926	  9
    4186.052	  8
    4205.778	 51
    4205.788	 17
    4237.334	  8
    4238.628	  8
    4239.772	  8
    4240.894	  8
    4241.988	  8
    4242.826	  8
    4244.014	  8
    4244.318	  8
    4244.590	  8
    4245.122	  8
    4246.402	  8
    4247.066	  8
    4247.628	  8
    4248.484	  8
    4249.406	  8
    4250.388	  8
    4250.944	  8
    4251.860	  8
    4252.470	  8
    4253.950	  8
    4254.216	  8
    4255.744	  8
    4255.974	  8
    4256.474	  8
    4256.698	  8
    4257.058	  8
    4258.298	  8
    4258.516	  8
    4258.802	  8
    4259.406	  8
    4259.948	  8
    4261.450	  8
    4261.950	  8
    4262.306	  8
    4262.552	  8
    4263.216	  8
    4263.414	  8
    4263.730	  8
    4264.480	  8
    4265.788	 53
    4266.626	  8
    4266.626	 20
    4266.626	 27
    4266.636	 28
    4266.636	 19
    4266.736	 29
    4266.904	  9
    4267.008	  8
    4286.756	 51
    4286.766	 17
    4326.402	  8
    4327.580	  8
    4328.340	  8
    4329.166	  8
    4329.422	  8
    4330.138	  8
    4330.458	  8
    4331.340	  8
    4332.814	  8
    4333.106	  8
    4334.112	  8
    4335.188	  8
    4335.868	  8
    4336.332	  8
    4336.356	  8
    4336.976	  8
    4337.338	  8
    4338.008	  8
    4338.456	  8
    4339.956	  8
    4341.250	  8
    4342.050	  8
    4342.480	  8
    4343.030	  8
    4343.258	  8
    4344.654	  8
    4345.362	  8
    4345.464	  8
    4346.394	  8
    4346.766	 53
    4347.038	  8
    4347.038	 20
    4347.038	 27
    4347.048	 28
    4347.048	 19
    4347.148	 29
    4347.254	  9
    4347.354	  8
    4367.168	 51
    4367.178	 17
    4373.752	  7
    4373.896	  7
    4374.034	  7
    4374.170	  7
    4374.346	  7
    4374.492	  7
    4374.686	  7
    4375.134	  7
    4375.264	  7
    4375.648	  7
    4380.192	  7
    4390.386	  7
    4390.578	  7
    4390.744	  7
    4390.870	  7
    4391.006	  7
    4391.218	  7
    4391.886	  7
    4392.246	  7
    4393.568	  7
    4400.588	  7
    4400.714	  7
    4401.298	  7
    4401.438	  7
    4401.600	  7
    4401.762	  7
    4401.968	  7
    4402.120	  7
    4402.866	  7
    4405.690	  7
    4405.874	  7
    4413.826	  8
    4414.484	  8
    4414.912	  8
    4415.470	  8
    4415.894	  8
    4416.320	  8
    4416.886	  8
    4417.326	  8
    4417.592	  8
    4417.954	  8
    4418.622	  8
    4418.860	  8
    4419.444	  8
    4420.168	  8
    4420.366	  8
    4420.608	  8
    4420.810	  8
    4421.134	  8
    4421.726	  8
    4422.008	  8
    4422.504	  8
    4423.100	  8
    4423.204	  8
    4423.742	  8
    4424.088	  8
    4424.744	  8
    4425.706	  8
    4426.580	  8
    4427.142	  8
    4427.178	 53
    4427.566	  8
    4427.566	 20
    4427.566	 27
    4427.576	 28
    4427.576	 19
    4427.676	 29
    4427.844	  9
    4427.932	  8
    4429.868	  8
    4447.696	 50
    4447.706	 10
    4453.854	  7
    4454.754	  7
    4455.278	  7
    4455.556	  7
    4458.512	  7
    4462.346	  7
    4462.454	  7
    4462.594	  7
    4464.398	  7
    4464.566	  7
    4464.716	  7
    4464.888	  7
    4465.062	  7
    4465.676	  7
    4466.230	  7
    4471.390	  8
    4471.724	  8
    4472.140	  8
    4472.484	  8
    4472.728	  8
    4472.890	  8
    4473.410	  8
    4473.642	  8
    4474.676	  8
    4475.210	  8
    4475.240	  8
    4476.432	  8
    4476.532	  8
    4476.852	  8
    4476.912	  8
    4477.146	  8
    4477.700	  8
    4477.706	 53
    4478.412	  8
    4478.412	 20
    4478.412	 27
    4478.422	 28
    4478.422	 19
    4478.462	  8
    4478.522	 29
    4478.690	  9
    4478.894	  8
    4482.832	  8
    4498.542	 50
    4498.552	 10
    4510.416	  8
    4512.076	  8
    4512.546	  8
    4513.026	  8
    4513.456	  8
    4514.058	  8
    4514.782	  8
    4514.954	  8
    4515.054	  8
    4515.470	  8
    4515.732	  8
    4517.038	  8
    4517.512	  8
    4517.718	  8
    4518.370	  8
    4519.006	  8
    4519.194	  8
    4519.384	  8
    4519.538	  8
    4519.764	  8
    4520.122	  8
    4520.178	  8
    4521.004	  8
    4521.352	  8
    4521.420	  8
    4521.482	  8
    4521.794	  8
    4522.210	  8
    4523.120	  8
    4523.322	  8
    4523.694	  8
    4524.000	  8
    4524.186	  8
    4524.520	  8
    4525.404	  8
    4525.944	  8
    4526.214	  8
    4526.444	  8
    4526.646	  8
    4526.970	  8
    4527.060	  8
    4527.914	  8
    4528.226	  8
    4528.552	 53
    4528.950	  8
    4528.950	 20
    4528.950	 27
    4528.960	 28
    4528.960	 19
    4529.060	 29
    4529.228	  9
    4529.260	  8
    4549.080	 50
    4549.090	 10
    4552.674	  6
    4560.236	  8
    4561.176	  8
    4564.360	  8
    4565.010	  8
    4566.204	  8
    4567.170	  8
    4568.018	  8
    4568.440	  8
    4569.998	  8
    4570.238	  8
    4570.756	  8
    4571.502	  8
    4572.234	  8
    4572.446	  8
    4572.568	  8
    4572.866	  8
    4572.954	  8
    4573.104	  8
    4573.514	  8
    4574.076	  8
    4574.716	  8
    4575.490	  8
    4575.612	  8
    4575.952	  8
    4576.196	  8
    4576.598	  8
    4576.840	  8
    4576.932	  8
    4577.206	  8
    4577.506	  8
    4577.758	  8
    4577.984	  8
    4578.734	  8
    4579.090	 53
    4579.180	  8
    4579.180	 20
    4579.180	 27
    4579.190	 28
    4579.190	 19
    4579.290	 29
    4579.458	  9
    4579.470	  8
    4580.406	  8
    4599.310	 51
    4599.320	 17
    4630.700	  8
    4633.716	  8
    4633.758	  8
    4634.278	  8
    4634.648	  8
    4635.154	  8
    4635.642	  8
    4635.970	  8
    4637.122	  8
    4637.982	  8
    4638.372	  8
    4638.808	  8
    4639.524	  8
    4639.696	  8
    4640.108	  8
    4641.582	  8
    4642.020	  8
    4642.428	  8
    4642.632	  8
    4642.762	  8
    4643.086	  8
    4643.586	  8
    4643.650	  8
    4643.982	  8
    4645.088	  8
    4645.314	  8
    4645.730	  8
    4646.294	  8
    4647.616	  8
    4648.274	  8
    4648.362	  8
    4648.810	  8
    4649.194	  8
    4650.006	  8
    4650.500	  8
    4651.770	  8
    4652.766	  8
    4653.998	  8
    4654.586	  8
    4654.836	  8
    4655.410	  8
    4655.660	  8
    4656.248	  8
    4656.634	  8
    4657.266	  8
    4657.782	  8
    4659.320	 53
    4659.692	  8
    4659.692	 20
    4659.692	 27
    4659.702	 28
    4659.702	 19
    4659.736	  8
    4659.802	 29
    4659.970	  9
    4660.084	  8
    4679.062	  7
    4679.152	  7
    4679.336	  7
    4679.496	  7
    4679.650	  7
    4679.822	 51
    4679.832	 17
    4688.614	  6
    4691.748	  8
    4703.348	  8
    4708.768	  8
    4708.866	  8
    4709.382	  8
    4710.734	  8
    4711.046	  8
    4711.970	  8
    4712.620	  8
    4713.612	  8
    4714.418	  8
    4715.378	  8
    4715.492	  8
    4717.038	  8
    4717.090	  8
    4717.848	  8
    4718.408	  8
    4718.514	  8
    4719.254	  8
    4719.564	  8
    4720.790	  8
    4721.386	  8
    4721.580	  8
    4721.762	  8
    4722.020	  8
    4722.438	  8
    4723.116	  8
    4723.618	  8
    4723.862	  8
    4724.774	  8
    4725.328	  8
    4726.022	  8
    4726.900	  8
    4727.844	  8
    4728.096	  8
    4728.608	  8
    4729.192	  8
    4729.742	  8
    4730.394	  8
    4730.896	  8
    4731.328	  8
    4731.658	  8
    4732.224	  8
    4733.012	  8
    4733.546	  8
    4734.810	  8
    4735.232	  8
    4735.534	  8
    4735.950	  8
    4736.284	  8
    4736.992	  8
    4737.554	  8
    4738.534	  8
    4738.992	  8
    4739.832	 53
    4740.130	  8
    4740.130	 20
    4740.130	 27
    4740.140	 28
    4740.140	 19
    4740.240	 29
    4740.408	  9
    4740.490	  8
    4741.732	  8
    4760.260	 50
    4760.270	 10
    4766.052	  7
    4766.200	  7
    4766.358	  7
    4766.590	  7
    4766.806	  7
    4767.006	  7
    4767.462	  7
    4773.802	  7
    4773.958	  7
    4775.070	  7
    4775.796	  7
    4775.916	  7
    4776.192	  7
    4776.822	  7
    4781.250	  7
    4782.352	  7
    4784.394	  7
    4790.270	 53
    4791.040	  8
    4791.040	 20
    4791.040	 27
    4791.050	 28
    4791.050	 19
    4791.150	 29
    4791.318	  9
    4811.170	 51
    4811.180	 17
    4823.746	  7
    4824.144	  7
    4824.824	  7
    4825.810	  7
    4825.998	  7
    4826.184	  7
    4826.430	  7
    4827.988	  7
    4831.142	  7
    4832.990	  7
    4833.166	  7
    4833.294	  7
    4833.370	  7
    4834.290	  7
    4842.420	  7
    4848.038	  8
    4849.014	  8
    4849.480	  8
    4849.958	  8
    4850.146	  8
    4850.738	  8
    4851.278	  8
    4851.762	  8
    4851.982	  8
    4852.530	  8
    4853.118	  8
    4854.800	  8
    4855.124	  8
    4855.524	  8
    4856.520	  8
    4856.812	  8
    4857.814	  8
    4858.112	  8
    4858.644	  8
    4859.146	  8
    4859.830	  8
    4860.662	  8
    4861.258	  8
    4862.072	  8
    4863.204	  8
    4863.562	  8
    4863.608	  8
    4863.852	  8
    4863.916	  8
    4864.520	  8
    4865.256	  8
    4865.680	  8
    4867.248	  8
    4867.880	  8
    4868.416	  8
    4870.454	  8
    4870.732	  8
    4871.166	  8
    4871.180	 53
    4872.080	  8
    4872.080	 20
    4872.080	 27
    4872.090	 28
    4872.090	 19
    4872.190	 29
    4872.358	  9
    4872.462	  8
    4874.748	  8
    4876.116	  8
    4892.210	 51
    4892.220	 17
    4940.530	  8
    4946.588	  8
    4946.724	  8
    4947.148	  8
    4947.710	  8
    4948.846	  8
    4949.666	  8
    4950.580	  8
    4951.296	  8
    4952.220	 53
    4952.636	  8
    4952.636	 20
    4952.636	 27
    4952.646	 28
    4952.646	 19
    4952.746	 29
    4952.914	  9
    4953.106	  8
    4972.766	 51
    4972.776	 17
    4985.258	  7
    4985.666	  7
    4985.790	  7
    4985.934	  7
    4986.118	  7
    4986.240	  7
    4986.406	  7
    4988.410	  7
    4988.782	  7
    4999.408	  8
    5011.372	  8
    5012.062	  8
    5012.986	  8
    5013.526	  8
    5014.494	  8
    5014.792	  8
    5015.850	  8
    5016.104	  8
    5016.746	  8
    5018.298	  8
    5018.482	  8
    5019.208	  8
    5019.514	  8
    5020.086	  8
    5021.652	  8
    5023.208	  8
    5023.254	  8
    5023.602	  8
    5023.842	  8
    5024.366	  8
    5025.242	  8
    5025.682	  8
    5026.240	  8
    5026.746	  8
    5027.094	  8
    5028.280	  8
    5028.820	  8
    5029.094	  8
    5029.996	  8
    5030.916	  8
    5031.426	  8
    5031.932	  8
    5032.506	  8
    5032.776	 53
    5033.142	  8
    5033.142	 20
    5033.142	 27
    5033.152	 28
    5033.152	 19
    5033.252	 29
    5033.420	  9
    5033.558	  8
    5034.382	  8
    5053.272	 52
    5053.282	 18
    5127.328	  8
    5128.108	  8
    5128.514	  8
    5129.102	  8
    5129.818	  8
    5130.656	  8
    5132.816	  8
    5136.234	  8
    5137.218	  8
    5147.156	  8
    5147.762	  8
    5148.300	  8
    5149.980	  8
    5151.662	  8
    5152.588	  8
    5152.628	  8
    5154.178	  8
    5155.868	  8
    5156.828	  8
    5156.906	  8
    5158.290	  8
    5159.474	  8
    5160.554	  8
    5161.346	  8
    5161.846	  8
    5162.254	  8
    5164.086	  8
    5164.598	  8
    5165.522	  8
    5165.868	  8
    5166.832	  8
    5167.210	  8
    5168.026	  8
    5168.242	  8
    5168.910	  8
    5169.214	  8
    5169.872	  8
    5170.436	  8
    5170.688	  8
    5171.820	  8
    5172.312	  8
    5173.030	  8
    5173.282	 53
    5173.456	  8
    5173.456	 20
    5173.456	 27
    5173.466	 28
    5173.466	 19
    5173.566	 29
    5173.576	 61
