      17.488	  8
      20.010	 50
      20.020	 10
      22.880	  6
      26.334	  5
      27.364	  8
      34.000	  8
      34.932	  8
      37.810	  7
      38.048	  7
      38.290	  7
      38.592	  7
      39.150	  7
      39.246	  7
      39.374	  7
      39.678	  7
      39.820	  7
      40.052	  7
      40.310	  7
      40.518	  7
      40.846	  7
      41.156	  7
      41.986	  8
      42.038	  8
      42.964	  8
      50.020	 53
      50.512	  8
      50.512	 20
      50.512	 27
      50.522	 28
      50.522	 19
      50.622	 29
      50.790	  9
      50.896	  8
      52.410	  8
      53.100	  8
      53.674	  8
      53.728	  8
      70.642	 50
      70.646	  7
      70.652	 10
      70.774	  7
      70.890	  7
      86.376	  8
      86.440	  8
      87.008	  8
      99.604	  8
      99.910	  8
     100.652	 53
     100.776	  8
     100.776	 20
     100.776	 27
     100.786	 28
     100.786	 19
     100.886	 29
     101.054	  9
     101.188	  8
     102.008	  8
     102.836	  8
     102.942	  8
     103.142	  8
     119.736	  7
     120.302	  7
     120.432	  7
     120.592	  7
     120.906	 52
     120.916	 18
     143.278	  8
     143.652	  8
     144.022	  8
     144.242	  8
     151.110	  8
     152.438	  8
     152.760	  8
     156.982	  8
     157.038	  8
     157.720	  8
     158.428	  8
     158.998	  8
     170.578	  8
     171.228	  8
     173.440	  7
     173.672	  7
     173.802	  7
     174.108	  7
     174.980	  7
     175.490	  7
     175.742	  7
     178.162	  7
     179.584	  7
     179.682	  7
     179.954	  7
     180.098	  7
     180.980	  7
     183.378	  8
     184.350	  8
     184.756	  8
     192.872	  8
     193.780	  8
     199.908	  8
     201.274	  8
     201.692	  8
     201.990	  8
     210.672	  7
     215.084	  8
     215.404	  8
     215.490	  8
     215.710	  8
     216.580	  8
     230.958	  8
     233.462	  8
     233.592	  8
     234.496	  8
     240.916	 53
     242.106	  8
     242.106	 20
     242.106	 27
     242.116	 28
     242.116	 19
     242.216	 29
     242.384	  9
     242.614	  8
     247.254	  8
     247.958	  8
     262.236	 51
     262.246	 17
     284.884	  7
     285.148	  7
     285.290	  7
     285.444	  7
     285.984	  7
     291.914	  8
     292.172	  8
     292.762	  8
     294.710	  8
     294.824	  8
     295.838	  8
     296.560	  8
     302.578	  8
     303.770	  8
     304.244	  8
     304.712	  8
     305.274	  8
     306.100	  8
     306.974	  8
     307.292	  8
     310.066	  8
     310.250	  8
     310.668	  8
     311.394	  8
     311.614	  8
     313.656	  8
     313.830	  8
     313.932	  8
     315.504	  8
     316.938	  8
     319.548	  8
     320.352	  8
     320.586	  8
     321.244	  8
     321.462	  8
     321.716	  8
     322.108	  8
     322.246	 53
     323.368	  8
     323.368	 20
     323.368	 27
     323.378	 28
     323.378	 19
     323.478	 29
     323.646	  9
     323.840	  8
     326.308	  8
     343.384	  8
     343.498	 51
     343.508	 17
     343.556	  8
     343.814	  8
     355.070	  8
     355.148	  8
     355.944	  8
     360.720	  7
     362.008	  5
     362.086	  5
     362.238	  5
     366.692	  7
     367.404	  7
     367.790	  7
     368.602	  7
     369.436	  7
     369.792	  7
     369.952	  7
     370.058	  7
     370.350	  7
     370.804	  7
     370.912	  7
     372.914	  8
     373.130	  8
     373.718	  8
     375.294	  8
     375.518	  8
     376.238	  8
     376.624	  8
     376.990	  8
     377.688	  8
     378.772	  8
     378.870	  8
     379.258	  8
     380.114	  8
     380.178	  8
     380.770	  8
     381.012	  8
     383.546	  8
     383.920	  8
     384.298	  8
     384.834	  8
     385.398	  8
     386.078	  8
     386.790	  8
     387.494	  8
     388.152	  8
     388.670	  8
     388.990	  8
     389.836	  8
     389.992	  8
     390.716	  8
     392.128	  8
     392.490	  8
     394.124	  8
     395.094	  8
     395.288	  8
     397.554	  8
     398.820	  8
     399.126	  8
     400.268	  8
     400.656	  8
     400.810	  8
     401.016	  8
     401.318	  8
     401.666	  8
     402.356	  8
     402.710	  8
     403.184	  8
     403.508	 53
     403.850	  8
     403.850	 20
     403.850	 27
     403.860	 28
     403.860	 19
     403.960	 29
     404.074	  8
     404.128	  9
     423.980	 52
     423.990	 18
     432.110	  8
     432.582	  8
     432.810	  8
     432.904	  8
     433.886	  8
     443.246	  7
     443.498	  7
     443.640	  7
     443.776	  7
     444.664	  7
     445.554	  7
     446.748	  8
     446.948	  8
     447.504	  8
     451.154	  7
     451.374	  7
     451.516	  7
     451.642	  7
     451.810	  7
     451.946	  7
     452.112	  7
     452.286	  7
     452.440	  7
     452.606	  7
     452.932	  7
     455.046	  8
     455.354	  8
     455.466	  8
     456.204	  8
     456.316	  8
     456.810	  8
     457.054	  8
     457.162	  8
     457.290	  8
     457.696	  8
     462.438	  5
     471.792	  7
     472.240	  7
     472.568	  7
     472.742	  7
     472.904	  7
     473.070	  7
     473.266	  7
     473.430	  7
     473.626	  7
     473.828	  7
     473.986	  7
     474.180	  7
     474.354	  7
     474.592	  7
     474.752	  7
     474.938	  7
     475.126	  7
     475.300	  7
     475.486	  7
     475.658	  7
     475.844	  7
     476.004	  7
     476.216	  7
     476.398	  7
     477.576	  7
     478.020	  7
     478.664	  7
     478.840	  7
     478.960	  7
     479.332	  7
     479.640	  7
     479.782	  7
     479.918	  7
     480.286	  7
     481.884	  8
     483.078	  8
     483.394	  8
     483.810	  8
     484.802	  8
     485.370	  8
     485.616	  8
     485.816	  8
     486.480	  8
     487.218	  8
     490.006	  8
     490.162	  8
     490.754	  8
     491.810	  8
     492.732	  8
     493.298	  8
     495.990	  8
     496.824	  8
     499.864	  8
     499.930	  8
     500.544	  8
     501.194	  8
     501.420	  8
     501.654	  8
     502.296	  8
     502.798	  8
     503.556	  8
     503.628	  8
     504.576	  8
     505.514	  8
     506.354	  8
     506.706	  8
     508.938	  8
     509.794	  8
     509.906	  8
     510.048	  8
     510.974	  8
     511.420	  8
     511.924	  8
     513.616	  8
     513.894	  8
     514.364	  8
     514.460	  8
     514.882	  8
     514.950	  8
     515.314	  8
     515.354	  8
     515.742	  8
     516.328	  8
     516.834	  8
     516.904	  8
     518.232	  8
     519.198	  8
     519.708	  8
     519.756	  8
     519.924	  8
     520.182	  8
     520.938	  8
     521.168	  8
     521.416	  8
     522.926	  8
     523.406	  8
     523.898	  8
     524.190	  8
     524.576	  8
     526.384	  8
     526.922	  8
     527.524	  8
     527.834	  8
     529.678	  8
     530.096	  8
     530.408	  8
     531.082	  8
     532.108	  8
     532.374	  8
     533.212	  8
     533.978	  8
     534.272	  8
     536.206	  8
     536.988	  8
     537.096	  8
     537.264	  8
     537.810	  8
     538.584	  8
     541.714	  8
     542.142	  8
     543.318	  8
     543.738	  8
     543.990	 53
     544.496	  8
     544.496	 20
     544.496	 27
     544.506	 28
     544.506	 19
     544.606	 29
     544.774	  9
     544.864	  8
     547.420	  8
     564.626	 51
     564.636	 17
     588.200	  8
     593.254	  8
     594.812	  8
     597.492	  8
     598.246	  8
     603.428	  7
     603.534	  7
     603.704	  7
     603.994	  7
     604.112	  7
     604.240	  7
     605.990	  7
     619.972	  7
     621.512	  8
     622.032	  8
     622.396	  8
     622.664	  8
     622.742	  8
     623.494	  8
     623.734	  8
     624.274	  8
     624.636	 53
     625.958	  8
     625.958	 20
     625.958	 27
     625.968	 28
     625.968	 19
     626.068	 29
     626.236	  9
     626.406	  8
     628.316	  8
     646.088	 52
     646.098	 18
     699.136	  8
     699.306	  8
     700.020	  8
     700.522	  8
     701.808	  8
     708.330	  7
     708.458	  7
     709.306	  7
     710.788	  8
     712.314	  8
     713.034	  8
     714.150	  8
     714.526	  8
     715.092	  8
     715.628	  8
     715.862	  8
     716.606	  8
     731.794	  8
     731.996	  8
     732.530	  8
     732.574	  8
     733.276	  8
     733.786	  8
     734.270	  8
     737.814	  8
     738.696	  8
     739.462	  8
     739.908	  8
     741.034	  8
     742.120	  8
     742.914	  8
     743.246	  8
     743.750	  8
     744.960	  8
     746.354	  8
     747.116	  8
     748.292	  8
     748.524	  8
     749.124	  8
     751.844	  8
     752.656	  8
     753.452	  8
     755.174	  8
     755.670	  8
     756.324	  8
     757.784	  8
     758.318	  8
     758.384	  8
     759.146	  8
     760.080	  8
     760.902	  8
     760.966	  8
     761.498	  8
     762.894	  8
     763.746	  8
     764.624	  8
     765.394	  8
     765.964	  8
     766.098	 53
     766.862	  8
     766.862	 20
     766.862	 27
     766.872	 28
     766.872	 19
     766.972	 29
     767.140	  9
     767.254	  8
     768.626	  8
     786.992	 52
     787.002	 18
     794.656	  8
     794.816	  8
     795.390	  8
     795.474	  8
     811.582	  8
     822.130	  8
     822.422	  8
     824.916	  8
     825.088	  8
     825.870	  8
     826.434	  8
     826.656	  8
     831.780	  8
     831.956	  8
     833.122	  8
     833.708	  8
     834.036	  8
     834.330	  8
     835.572	  8
     835.610	  8
     835.840	  8
     836.648	  8
     840.104	  8
     840.958	  8
     841.194	  8
     841.798	  8
     842.892	  8
     844.266	  8
     846.084	  8
     846.230	  8
     846.344	  8
     846.558	  8
     847.362	  8
     848.288	  8
     850.194	  8
     850.788	  8
     851.044	  8
     851.108	  8
     851.940	  8
     852.000	  8
     852.892	  8
     855.332	  8
     856.292	  8
     857.290	  8
     857.732	  8
     860.440	  8
     862.200	  8
     862.764	  8
     863.376	  8
     864.996	  8
     865.864	  8
     866.142	  8
     866.642	  8
     867.268	  8
     868.638	  8
     869.472	  8
     870.226	  8
     870.456	  8
     870.884	  8
     871.886	  8
     872.126	  8
     873.642	  8
     873.906	  8
     874.474	  8
     875.198	  8
     876.564	  8
     876.788	  8
     877.006	  8
     877.280	  8
     877.354	  8
     878.260	  8
     878.942	  8
     880.222	  8
     880.260	  8
     880.828	  8
     881.188	  8
     882.290	  8
     882.374	  8
     882.898	  8
     883.212	  8
     884.096	  8
     884.816	  8
     885.150	  8
     885.442	  8
     885.834	  8
     886.200	  8
     886.794	  8
     887.290	  8
     888.030	  8
     888.080	  8
     888.956	  8
     889.438	  8
     889.684	  8
     890.022	  8
     890.376	  8
     890.920	  8
     891.274	  8
     891.804	  8
     891.972	  8
     893.184	  8
     893.652	  8
     894.620	  8
     895.690	  8
     896.418	  8
     896.770	  8
     896.822	  8
     897.136	  8
     897.590	  8
     897.936	  8
     898.640	  8
     898.708	  8
     899.284	  8
     900.072	  8
     900.424	  8
     900.680	  8
     903.382	  8
     903.756	  8
     903.970	  8
     904.658	  8
     905.564	  8
     906.350	  8
     907.002	 53
     907.566	  8
     907.566	 20
     907.566	 27
     907.576	 28
     907.576	 19
     907.676	 29
     907.846	  9
     908.018	  8
     927.696	 50
     927.706	 10
     933.752	  7
     933.862	  7
     934.000	  7
     934.144	  7
     934.296	  7
     934.698	  7
     934.824	  7
     934.966	  7
     935.110	  7
     935.260	  7
     935.412	  7
     935.566	  7
     935.720	  7
     936.040	  7
     936.188	  7
     936.338	  7
     936.500	  7
     936.664	  7
     936.844	  7
     936.988	  7
     937.154	  7
     937.358	  7
     937.618	  7
     938.224	  7
     938.320	  7
     938.448	  7
     938.594	  7
     938.734	  7
     938.888	  7
     939.032	  7
     939.206	  7
     939.332	  7
     939.474	  7
     939.614	  7
     939.766	  7
     939.918	  7
     940.114	  7
     940.244	  7
     940.384	  7
     940.536	  7
     940.680	  7
     940.832	  7
     940.992	  7
     941.156	  7
     941.392	  7
     941.516	  7
     941.680	  7
     941.908	  7
     942.204	  7
     942.376	  7
     943.206	  7
     943.332	  7
     943.456	  7
     943.596	  7
     943.740	  7
     943.892	  7
     944.042	  7
     944.186	  7
     944.338	  7
     944.516	  7
     944.654	  7
     944.800	  7
     944.950	  7
     945.100	  7
     945.240	  7
     945.366	  7
     945.522	  7
     945.696	  7
     945.836	  7
     945.988	  7
     946.182	  7
     946.342	  7
     946.574	  7
     947.152	  7
     947.316	  7
     947.524	  7
     948.468	  7
     948.576	  7
     948.718	  7
     948.860	  7
     949.008	  7
     949.158	  7
     949.300	  7
     949.452	  7
     949.626	  7
     949.754	  7
     949.898	  7
     950.046	  7
     950.200	  7
     950.346	  7
     950.500	  7
     950.660	  7
     950.858	  7
     950.990	  7
     951.142	  7
     951.308	  7
     951.448	  7
     951.588	  7
     951.812	  7
     951.916	  7
     952.418	  7
     952.548	  7
     952.710	  7
     952.840	  7
     952.990	  7
     953.140	  7
     953.292	  7
     953.680	  7
     953.824	  7
     953.976	  7
     954.962	  7
     957.706	 53
     959.484	  7
     959.634	  7
     961.106	  8
     961.106	 20
     961.106	 27
     961.116	 28
     961.116	 19
     961.216	 29
     961.364	  8
     961.384	  9
     981.236	 52
     981.246	 18
    1013.186	  8
    1013.296	  8
    1013.560	  8
    1014.238	  8
    1014.540	  8
    1016.072	  8
    1031.392	  8
    1032.070	  8
    1032.500	  8
    1033.280	  8
    1033.574	  8
    1033.984	  8
    1037.024	  7
    1038.792	  7
    1038.902	  7
    1039.038	  7
    1039.310	  7
    1039.478	  7
    1039.632	  7
    1039.792	  7
    1040.758	  7
    1040.860	  7
    1041.020	  7
    1041.370	  7
    1041.484	  7
    1041.612	  7
    1041.844	  7
    1046.194	  8
    1046.236	  8
    1047.746	  8
    1048.086	  8
    1048.456	  8
    1048.812	  8
    1049.646	  8
    1054.768	  8
    1054.892	  8
    1055.372	  8
    1056.244	  8
    1056.750	  8
    1057.240	  8
    1058.684	  8
    1059.118	  8
    1059.218	  8
    1064.828	  7
    1064.948	  7
    1065.086	  7
    1065.214	  7
    1065.366	  7
    1065.584	  7
    1066.540	  8
    1067.096	  8
    1067.524	  8
    1068.566	  8
    1069.012	  8
    1069.516	  8
    1069.972	  8
    1070.246	  8
    1070.304	  8
    1070.862	  8
    1071.504	  8
    1071.784	  8
    1072.514	  8
    1073.650	  8
    1074.060	  8
    1075.152	  8
    1075.722	  8
    1076.878	  8
    1077.066	  8
    1077.494	  8
    1077.636	  8
    1077.866	  8
    1080.532	  8
    1080.580	  8
    1081.302	  8
    1081.686	  8
    1082.152	  8
    1084.756	  8
    1085.416	  8
    1087.184	  8
    1088.010	  8
    1088.836	  8
    1089.078	  8
    1089.708	  8
    1090.224	  8
    1092.038	  8
    1093.008	  8
    1093.718	  8
    1094.094	  8
    1095.444	  8
    1097.768	  8
    1098.240	  8
    1099.770	  8
    1099.894	  8
    1100.282	  8
    1100.686	  8
    1101.246	 53
    1101.680	  8
    1101.680	 20
    1101.680	 27
    1101.690	 28
    1101.690	 19
    1101.790	 29
    1101.960	  9
    1102.132	  8
    1103.756	  8
    1106.460	  8
    1121.810	 51
    1121.820	 17
    1143.442	  8
    1147.180	  7
    1147.284	  7
    1147.418	  7
    1147.584	  7
    1148.182	  7
    1148.310	  7
    1151.248	  7
    1169.302	  7
    1176.924	  7
    1180.210	  7
    1180.680	  7
    1180.790	  7
    1180.942	  7
    1181.080	  7
    1181.262	  7
    1181.400	  7
    1181.556	  7
    1181.690	  7
    1181.820	 53
    1181.844	  7
    1182.104	  7
    1182.244	  7
    1183.764	  8
    1183.764	 20
    1183.764	 27
    1183.774	 28
    1183.774	 19
    1183.874	 29
    1184.044	  9
    1184.156	  8
    1203.894	 51
    1203.904	 17
    1217.026	  7
    1217.138	  7
    1217.900	  7
    1218.034	  7
    1218.552	  7
    1220.582	  7
    1220.710	  7
    1223.514	  7
    1226.290	  7
    1233.668	  7
    1233.814	  7
    1233.956	  7
    1234.238	  7
    1234.344	  7
    1234.478	  7
    1234.638	  7
    1234.790	  7
    1235.186	  7
    1235.320	  7
    1235.460	  7
    1235.610	  7
    1235.790	  7
    1235.926	  7
    1236.196	  7
    1236.330	  7
    1236.476	  7
    1236.738	  7
    1237.082	  7
    1237.204	  7
    1237.350	  7
    1237.492	  7
    1237.668	  7
    1237.810	  7
    1238.000	  7
    1238.330	  7
    1238.442	  7
    1238.578	  7
    1238.722	  7
    1238.868	  7
    1239.020	  7
    1239.162	  7
    1239.314	  7
    1239.480	  7
    1241.440	  8
    1242.350	  8
    1242.608	  8
    1242.772	  8
    1243.300	  8
    1243.510	  8
    1244.284	  8
    1245.508	  8
    1245.874	  8
    1247.254	  8
    1247.878	  8
    1248.146	  8
    1248.264	  8
    1249.578	  8
    1249.782	  8
    1250.464	  8
    1251.254	  8
    1252.050	  8
    1252.604	  8
    1254.590	  8
    1254.946	  8
    1255.728	  8
    1256.226	  8
    1256.288	  8
    1257.304	  8
    1257.612	  8
    1258.216	  8
    1258.488	  8
    1259.380	  8
    1259.540	  8
    1259.750	  8
    1259.984	  8
    1260.278	  8
    1260.844	  8
    1261.108	  8
    1261.468	  8
    1261.888	  8
    1261.994	  8
    1262.490	  8
    1262.700	  8
    1263.102	  8
    1263.154	  8
    1263.408	  8
    1263.904	 53
    1264.074	  8
    1264.074	 20
    1264.074	 27
    1264.084	 28
    1264.084	 19
    1264.184	 29
    1264.346	  9
    1264.480	  8
    1266.850	  8
    1284.204	 52
    1284.214	 18
    1365.920	  8
    1366.002	  8
    1367.074	  8
    1367.608	  8
    1368.576	  8
    1369.502	  8
    1369.876	  8
    1375.806	  8
    1387.302	  8
    1387.532	  8
    1387.604	  8
    1388.462	  8
    1388.906	  8
    1389.744	  8
    1389.820	  8
    1404.214	 53
    1406.582	  8
    1406.582	 20
    1406.582	 27
    1406.592	 28
    1406.592	 19
    1406.692	 29
    1406.862	  9
    1407.010	  8
    1410.982	  8
    1426.712	 52
    1426.722	 18
    1431.610	  8
    1431.798	  8
    1432.972	  8
    1456.454	  8
    1456.566	  8
    1457.490	  8
    1458.132	  8
    1458.556	  8
    1466.194	  8
    1467.184	  8
    1467.742	  8
    1468.700	  8
    1472.932	  8
    1473.672	  8
    1474.516	  8
    1485.298	  8
    1486.182	  8
    1486.584	  8
    1503.084	  8
    1503.994	  8
    1504.336	  8
    1505.684	  8
    1505.918	  8
    1506.576	  8
    1511.120	  8
    1511.534	  8
    1512.164	  8
    1514.992	  8
    1515.718	  8
    1516.494	  8
    1516.920	  8
    1517.178	  8
    1525.746	  8
    1526.886	  8
    1527.244	  8
    1527.580	  8
    1527.970	  8
    1528.918	  8
    1529.578	  8
    1529.836	  8
    1530.238	  8
    1530.862	  8
    1531.296	  8
    1531.684	  8
    1533.008	  8
    1533.346	  8
    1533.750	  8
    1534.654	  8
    1535.190	  8
    1535.874	  8
    1536.130	  8
    1536.762	  8
    1537.692	  8
    1538.300	  8
    1539.872	  8
    1540.016	  8
    1540.080	  8
    1541.378	  8
    1541.906	  8
    1542.404	  8
    1543.130	  8
    1544.044	  8
    1545.470	  8
    1546.394	  8
    1546.648	  8
    1546.722	 53
    1546.926	  8
    1546.926	 20
    1546.926	 27
    1546.936	 28
    1546.936	 19
    1547.034	  8
    1547.036	 29
    1547.206	  9
    1547.378	  8
    1549.790	  8
    1567.056	 51
    1567.066	 17
    1584.372	  8
    1584.584	  8
    1585.128	  8
    1585.540	  8
    1586.000	  8
    1586.168	  8
    1587.212	  8
    1587.368	  8
    1587.754	  8
    1588.910	  8
    1589.380	  8
    1589.960	  8
    1590.492	  8
    1591.298	  8
    1591.516	  8
    1594.386	  8
    1594.822	  8
    1595.680	  8
    1596.158	  8
    1596.546	  8
    1597.488	  8
    1597.726	  8
    1598.404	  8
    1599.422	  8
    1599.700	  8
    1600.118	  8
    1603.170	  8
    1603.470	  8
    1604.178	  8
    1604.648	  8
    1604.900	  8
    1606.090	  8
    1606.508	  8
    1606.910	  8
    1607.762	  8
    1608.206	  8
    1608.396	  8
    1609.096	  8
    1609.678	  8
    1610.132	  8
    1610.966	  8
    1612.012	  8
    1612.280	  8
    1612.612	  8
    1612.778	  8
    1613.096	  8
    1613.876	  8
    1614.298	  8
    1615.616	  8
    1615.706	  8
    1616.296	  8
    1616.662	  8
    1617.008	  8
    1617.444	  8
    1617.812	  8
    1617.958	  8
    1618.284	  8
    1618.700	  8
    1619.494	  8
    1619.944	  8
    1620.266	  8
    1620.698	  8
    1621.532	  8
    1622.038	  8
    1623.528	  8
    1623.902	  8
    1624.154	  8
    1624.408	  8
    1624.772	  8
    1625.372	  8
    1626.120	  8
    1626.442	  8
    1627.024	  8
    1627.066	 53
    1627.474	  8
    1627.474	 20
    1627.474	 27
    1627.484	 28
    1627.484	 19
    1627.584	 29
    1627.754	  9
    1627.972	  8
    1643.860	  7
    1643.984	  7
    1644.102	  7
    1644.284	  7
    1645.366	  7
    1645.472	  7
    1646.262	  7
    1646.462	  7
    1647.604	 51
    1647.614	 17
    1656.884	  7
    1657.084	  7
    1659.018	  7
    1659.184	  7
    1659.320	  7
    1659.490	  7
    1659.672	  7
    1659.806	  7
    1659.998	  7
    1660.098	  7
    1660.250	  7
    1660.402	  7
    1660.546	  7
    1660.716	  7
    1660.870	  7
    1662.806	  8
    1663.344	  8
    1664.314	  8
    1665.254	  8
    1673.720	  7
    1675.380	  7
    1675.638	  7
    1675.782	  7
    1677.934	  8
    1678.022	  8
    1678.556	  8
    1679.612	  8
    1680.108	  8
    1680.250	  8
    1681.310	  8
    1682.014	  8
    1682.276	  8
    1682.652	  8
    1682.764	  8
    1683.126	  8
    1683.376	  8
    1686.070	  8
    1688.170	  8
    1688.466	  8
    1689.170	  8
    1689.956	  8
    1691.126	  8
    1692.642	  8
    1692.940	  8
    1694.382	  8
    1694.840	  8
    1694.986	  8
    1695.438	  8
    1696.088	  8
    1696.426	  8
    1697.112	  8
    1697.946	  8
    1698.710	  8
    1698.902	  8
    1699.380	  8
    1699.662	  8
    1701.026	  8
    1701.486	  8
    1701.804	  8
    1702.506	  8
    1703.150	  8
    1704.694	  8
    1705.068	  8
    1705.864	  8
    1706.458	  8
    1706.844	  8
    1707.614	 53
    1707.814	  8
    1707.814	 20
    1707.814	 27
    1707.824	 28
    1707.824	 19
    1707.878	  8
    1707.924	 29
    1708.094	  9
    1708.234	  8
    1709.556	  8
    1710.446	  8
    1713.580	  8
    1727.944	 50
    1727.954	 10
    1732.466	  8
    1736.840	  7
    1737.196	  7
    1737.500	  7
    1737.990	  7
    1738.220	  7
    1740.662	  7
    1740.820	  7
    1740.966	  7
    1741.122	  7
    1741.278	  7
    1741.528	  7
    1741.628	  7
    1741.792	  7
    1741.954	  7
    1742.120	  7
    1742.312	  7
    1742.450	  7
    1742.604	  7
    1742.762	  7
    1742.924	  7
    1743.096	  7
    1743.276	  7
    1743.460	  7
    1743.704	  7
    1744.108	  7
    1749.362	  7
    1749.558	  7
    1749.718	  7
    1749.856	  7
    1750.018	  7
    1750.180	  7
    1750.322	  7
    1750.464	  7
    1750.650	  7
    1750.786	  7
    1750.934	  7
    1751.092	  7
    1751.252	  7
    1751.390	  7
    1751.550	  7
    1751.698	  7
    1751.854	  7
    1752.148	  7
    1752.270	  7
    1752.426	  7
    1752.608	  7
    1752.864	  7
    1755.462	  7
    1755.776	  7
    1755.928	  7
    1756.026	  7
    1756.174	  7
    1756.348	  7
    1756.502	  7
    1756.642	  7
    1756.796	  7
    1756.956	  7
    1757.146	  7
    1757.954	 53
    1758.508	  8
    1758.508	 20
    1758.508	 27
    1758.518	 28
    1758.518	 19
    1758.618	 29
    1758.788	  9
    1758.810	  8
    1761.576	  8
    1778.638	 51
    1778.648	 17
    1797.316	  8
    1819.080	  8
    1819.302	  8
    1824.338	  8
    1824.444	  8
    1825.936	  8
    1825.990	  8
    1836.318	  8
    1837.542	  8
    1838.648	 53
    1841.902	  8
    1841.902	 20
    1841.902	 27
    1841.912	 28
    1841.912	 19
    1842.012	 29
    1842.182	  9
    1842.304	  8
    1842.794	  8
    1862.032	 51
    1862.042	 17
    1887.260	  8
    1887.872	  8
    1888.316	  8
    1888.892	  8
    1889.574	  8
    1891.556	  8
    1895.550	  8
    1895.754	  8
    1895.906	  8
    1900.938	  8
    1901.462	  8
    1901.922	  8
    1914.336	  8
    1914.414	  8
    1914.530	  8
    1915.836	  8
    1917.590	  8
    1917.664	  8
    1917.836	  8
    1918.246	  8
    1918.972	  8
    1919.400	  8
    1919.744	  8
    1920.194	  8
    1920.898	  8
    1921.738	  8
    1921.974	  8
    1922.042	 53
    1922.700	  8
    1922.700	 20
    1922.700	 27
    1922.710	 28
    1922.710	 19
    1922.810	 29
    1922.980	  9
    1923.146	  8
    1927.442	  8
    1942.830	 52
    1942.840	 18
    1950.398	  8
    1950.864	  8
    1972.952	  8
    1973.692	  8
    1974.820	  8
    1974.920	  8
    1975.308	  8
    1976.630	  8
    1988.542	  8
    1989.486	  8
    1990.078	  8
    1990.834	  8
    1991.940	  8
    1992.186	  8
    1992.752	  8
    1993.324	  8
    1994.532	  8
    1997.182	  8
    1998.446	  8
    1998.778	  8
    1999.346	  8
    2000.318	  8
    2001.214	  8
    2001.626	  8
    2002.564	  8
    2002.724	  8
    2002.816	  8
    2004.740	  8
    2006.028	  8
    2006.784	  8
    2008.420	  8
    2008.758	  8
    2009.276	  8
    2009.578	  8
    2009.662	  8
    2011.026	  8
    2011.678	  8
    2012.540	  8
    2013.502	  8
    2015.002	  8
    2016.038	  8
    2016.464	  8
    2018.080	  8
    2018.320	  8
    2019.246	  8
    2019.468	  8
    2019.838	  8
    2019.904	  8
    2020.338	  8
    2020.536	  8
    2021.272	  8
    2021.748	  8
    2022.000	  8
    2022.710	  8
    2024.638	  8
    2025.126	  8
    2025.524	  8
    2025.874	  8
    2026.468	  8
    2026.694	  8
    2026.982	  8
    2027.626	  8
    2028.340	  8
    2029.398	  8
    2030.434	  8
    2030.554	  8
    2031.302	  8
    2031.496	  8
    2031.632	  8
    2031.852	  8
    2032.260	  8
    2032.752	  8
    2033.184	  8
    2033.686	  8
    2034.072	  8
    2034.434	  8
    2035.326	  8
    2036.068	  8
    2037.010	  8
    2037.312	  8
    2038.508	  8
    2039.186	  8
    2040.720	  8
    2040.924	  8
    2041.028	  8
    2041.874	  8
    2043.170	  8
    2043.856	  8
    2044.518	  8
    2045.100	  8
    2045.836	  8
    2046.096	  8
    2046.368	  8
    2046.476	  8
    2047.188	  8
    2047.352	  8
    2047.822	  8
    2048.256	  8
    2048.358	  8
    2049.480	  8
    2049.966	  8
    2051.524	  8
    2052.068	  8
    2053.034	  8
    2054.054	  8
    2055.018	  8
    2055.828	  8
    2055.904	  8
    2056.192	  8
    2056.864	  8
    2057.528	  8
    2057.766	  8
    2058.580	  8
    2060.178	  8
    2060.956	  8
    2061.928	  8
    2062.304	  8
    2062.840	 53
    2062.848	  8
    2062.848	 20
    2062.848	 27
    2062.858	 28
    2062.858	 19
    2062.958	 29
    2063.128	  9
    2063.250	  8
    2068.146	  8
    2081.892	  7
    2082.176	  7
    2082.326	  7
    2082.978	 51
    2082.988	 17
    2085.224	  7
    2085.294	  7
    2085.434	  7
    2086.104	  7
    2086.626	  7
    2086.758	  7
    2086.878	  7
    2087.002	  7
    2087.130	  7
    2087.266	  7
    2087.398	  7
    2087.538	  7
    2087.710	  7
    2087.846	  7
    2087.988	  7
    2088.132	  7
    2088.278	  7
    2088.418	  7
    2088.576	  7
    2088.982	  7
    2089.098	  7
    2089.236	  7
    2089.388	  7
    2089.530	  7
    2089.682	  7
    2089.868	  7
    2090.004	  7
    2090.142	  7
    2090.300	  7
    2090.448	  7
    2090.634	  7
    2090.754	  7
    2090.916	  7
    2091.074	  7
    2091.298	  7
    2091.562	  7
    2091.710	  7
    2091.868	  7
    2092.010	  7
    2092.158	  7
    2092.334	  7
    2092.734	  7
    2092.900	  7
    2093.066	  7
    2093.210	  7
    2093.974	  7
    2094.122	  7
    2094.264	  7
    2094.382	  7
    2094.530	  7
    2094.676	  7
    2094.818	  7
    2094.970	  7
    2095.116	  7
    2095.264	  7
    2095.470	  7
    2095.584	  7
    2095.730	  7
    2095.892	  7
    2096.048	  7
    2096.210	  7
    2096.370	  7
    2096.542	  7
    2096.692	  7
    2096.860	  7
    2096.986	  7
    2097.174	  7
    2097.322	  7
    2097.460	  7
    2097.620	  7
    2097.972	  7
    2100.758	  7
    2100.994	  7
    2101.286	  7
    2101.406	  7
    2101.524	  7
    2101.642	  7
    2101.788	  7
    2102.178	  7
    2102.334	  7
    2102.468	  7
    2102.640	  7
    2102.784	  7
    2102.930	  7
    2103.082	  7
    2103.230	  7
    2103.378	  7
    2103.540	  7
    2103.826	  7
    2109.722	  7
    2109.882	  7
    2110.208	  7
    2110.336	  7
    2110.484	  7
    2110.640	  7
    2110.838	  7
    2111.012	  7
    2111.152	  7
    2111.268	  7
    2119.696	  7
    2119.836	  7
    2119.976	  7
    2120.128	  7
    2120.586	  7
    2120.722	  7
    2120.860	  7
    2121.044	  7
    2121.192	  7
    2123.028	  8
    2123.220	  8
    2123.750	  8
    2124.338	  8
    2126.282	  8
    2131.434	  8
    2134.864	  8
    2135.384	  8
    2136.020	  8
    2136.290	  8
    2136.340	  8
    2138.528	  8
    2139.394	  8
    2140.164	  8
    2140.774	  8
    2142.024	  8
    2142.056	  8
    2142.798	  8
    2142.988	 53
    2143.412	  8
    2143.412	 20
    2143.412	 27
    2143.422	 28
    2143.422	 19
    2143.522	 29
    2143.692	  9
    2143.894	  8
    2147.636	  8
    2163.542	 52
    2163.552	 18
    2174.740	  7
    2175.024	  7
    2216.382	  8
    2216.500	  8
    2217.004	  8
    2217.096	  8
    2218.562	  8
    2219.168	  8
    2219.914	  8
    2220.888	  8
    2222.286	  8
    2222.682	  8
    2223.228	  8
    2223.604	  8
    2226.496	  8
    2227.204	  8
    2227.582	  8
    2228.362	  8
    2230.356	  8
    2231.502	  8
    2232.900	  8
    2233.424	  8
    2234.020	  8
    2236.880	  8
    2237.488	  8
    2238.012	  8
    2238.594	  8
    2238.658	  8
    2239.204	  8
    2239.772	  8
    2241.326	  8
    2243.446	  8
    2244.192	  8
    2247.048	  8
    2247.328	  8
    2248.352	  8
    2249.594	  8
    2249.930	  8
    2250.592	  8
    2251.278	  8
    2251.494	  8
    2251.878	  8
    2252.438	  8
    2254.300	  8
    2255.218	  8
    2256.314	  8
    2257.002	  8
    2258.638	  8
    2259.506	  8
    2260.550	  8
    2261.604	  8
    2262.018	  8
    2262.290	  8
    2262.568	  8
    2262.834	  8
    2263.244	  8
    2263.678	  8
    2264.050	  8
    2265.312	  8
    2265.582	  8
    2266.674	  8
    2266.904	  8
    2268.156	  8
    2268.900	  8
    2269.714	  8
    2270.316	  8
    2270.562	  8
    2270.666	  8
    2271.226	  8
    2272.422	  8
    2273.070	  8
    2273.386	  8
    2273.422	  8
    2274.094	  8
    2274.522	  8
    2276.454	  8
    2276.528	  8
    2277.770	  8
    2278.278	  8
    2278.398	  8
    2278.890	  8
    2279.270	  8
    2279.984	  8
    2280.646	  8
    2281.210	  8
    2281.884	  8
    2283.552	 53
    2283.598	  8
    2283.598	 20
    2283.598	 27
    2283.608	 28
    2283.608	 19
    2283.708	 29
    2283.878	  9
    2284.032	  8
    2285.744	  8
    2285.988	  8
    2286.754	  8
    2303.728	 51
    2303.738	 17
    2321.440	  8
    2325.860	  8
    2331.814	  8
    2332.024	  8
    2332.116	  8
    2332.250	  8
    2332.406	  8
    2333.018	  8
    2335.840	  8
    2337.816	  8
    2338.110	  8
    2344.842	  7
    2344.966	  7
    2345.632	  7
    2345.794	  7
    2355.664	  7
    2355.778	  7
    2355.948	  7
    2356.106	  7
    2356.264	  7
    2356.418	  7
    2356.602	  7
    2356.738	  7
    2356.890	  7
    2357.040	  7
    2357.196	  7
    2357.364	  7
    2357.526	  7
    2357.688	  7
    2357.862	  7
    2358.030	  7
    2358.332	  7
    2362.104	  8
    2362.268	  8
    2363.738	 53
    2364.826	  8
    2364.826	 20
    2364.826	 27
    2364.836	 28
    2364.836	 19
    2364.936	 29
    2365.106	  9
    2365.232	  8
    2367.902	  8
    2384.956	 52
    2384.966	 18
    2413.116	  8
    2413.282	  8
    2413.908	  8
    2415.086	  8
    2416.148	  8
    2416.622	  8
    2417.578	  8
    2418.340	  8
    2418.860	  8
    2422.618	  8
    2422.774	  8
    2423.714	  8
    2424.210	  8
    2425.544	  8
    2426.610	  8
    2427.192	  8
    2427.818	  8
    2428.632	  8
    2429.560	  8
    2430.618	  8
    2431.120	  8
    2435.218	  8
    2436.246	  8
    2436.640	  8
    2437.288	  8
    2437.802	  8
    2437.988	  8
    2438.378	  8
    2439.272	  8
    2439.530	  8
    2440.454	  8
    2441.386	  8
    2441.662	  8
    2442.276	  8
    2443.518	  8
    2443.558	  8
    2444.138	  8
    2444.914	  8
    2444.974	  8
    2445.520	  8
    2445.582	  8
    2446.814	  8
    2447.330	  8
    2448.210	  8
    2449.164	  8
    2449.714	  8
    2451.038	  8
    2451.202	  8
    2451.320	  8
    2451.994	  8
    2452.652	  8
    2453.154	  8
    2453.740	  8
    2454.206	  8
    2454.666	  8
    2455.132	  8
    2455.896	  8
    2456.444	  8
    2456.900	  8
    2457.158	  8
    2457.464	  8
    2457.610	  8
    2458.124	  8
    2458.522	  8
    2458.690	  8
    2459.278	  8
    2459.890	  8
    2460.292	  8
    2460.636	  8
    2461.560	  8
    2462.200	  8
    2462.280	  8
    2462.424	  8
    2463.664	  8
    2463.974	  8
    2465.178	  8
    2465.414	  8
    2465.944	  8
    2466.838	  8
    2467.404	  8
    2468.036	  8
    2468.594	  8
    2471.434	  8
    2471.602	  8
    2472.064	  8
    2472.488	  8
    2473.798	  8
    2474.372	  8
    2475.060	  8
    2475.560	  8
    2476.804	  8
    2477.238	  8
    2478.368	  8
    2479.004	  8
    2479.904	  8
    2481.458	  8
    2481.884	  8
    2482.352	  8
    2482.620	  8
    2483.102	  8
    2486.398	  8
    2487.434	  8
    2487.918	  8
    2488.472	  8
    2488.790	  8
    2489.692	  8
    2490.910	  8
    2491.518	  8
    2493.014	  8
    2493.600	  8
    2494.140	  8
    2494.386	  8
    2494.596	  8
    2494.714	  8
    2496.108	  8
    2496.310	  8
    2497.246	  8
    2498.408	  8
    2498.936	  8
    2498.994	  8
    2504.966	 53
    2510.928	  8
    2510.928	 20
    2510.928	 27
    2510.938	 28
    2510.938	 19
    2511.038	 29
    2511.208	  9
    2511.318	  8
    2513.390	  8
    2531.058	 50
    2531.068	 10
    2536.164	  7
    2536.450	  7
    2536.596	  7
    2537.032	  7
    2537.150	  7
    2537.306	  7
    2537.832	  7
    2537.972	  7
    2539.018	  7
    2540.742	  7
    2540.914	  7
    2541.642	  7
    2541.778	  7
    2541.938	  7
    2542.074	  7
    2542.234	  7
    2542.396	  7
    2542.556	  7
    2542.776	  7
    2542.908	  7
    2543.104	  7
    2543.260	  7
    2543.422	  7
    2543.574	  7
    2543.736	  7
    2543.892	  7
    2544.052	  7
    2544.210	  7
    2544.446	  7
    2544.562	  7
    2544.722	  7
    2544.886	  7
    2545.052	  7
    2545.210	  7
    2545.366	  7
    2545.534	  7
    2545.704	  7
    2545.898	  7
    2546.112	  7
    2546.506	  7
    2561.068	 53
    2565.030	  7
    2565.162	  7
    2565.302	  7
    2565.480	  7
    2565.630	  7
    2565.902	  7
    2567.316	  8
    2567.316	 20
    2567.316	 27
    2567.326	 28
    2567.326	 19
    2567.426	 29
    2567.594	  8
    2567.596	  9
    2569.426	  8
    2569.836	  8
    2587.446	 52
    2587.456	 18
    2626.890	  8
    2633.974	  8
    2645.376	  8
    2645.816	  8
    2645.992	  8
    2647.034	  8
    2647.984	  8
    2658.244	  8
    2659.874	  8
    2662.312	  8
    2670.518	  8
    2670.846	  8
    2671.376	  8
    2672.088	  8
    2672.438	  8
    2682.272	  8
    2682.506	  8
    2683.354	  8
    2683.896	  8
    2684.540	  8
    2691.576	  8
    2692.490	  8
    2692.640	  8
    2693.132	  8
    2694.654	  8
    2694.928	  8
    2696.126	  8
    2696.586	  8
    2697.134	  8
    2698.462	  8
    2699.052	  8
    2700.148	  8
    2700.762	  8
    2700.844	  8
    2702.884	  8
    2703.164	  8
    2703.260	  8
    2703.786	  8
    2704.194	  8
    2704.986	  8
    2705.090	  8
    2707.456	 53
    2708.838	  8
    2708.838	 20
    2708.838	 27
    2708.848	 28
    2708.848	 19
    2708.948	 29
    2709.118	  9
    2709.328	  8
    2710.464	  8
    2711.944	  8
    2728.968	 51
    2728.978	 17
    2759.568	  8
    2762.724	  8
    2763.100	  8
    2764.394	  8
    2768.766	  8
    2769.940	  8
    2770.046	  8
    2771.194	  8
    2771.828	  8
    2773.334	  8
    2773.774	  8
    2776.742	  8
    2777.470	  8
    2778.190	  8
    2779.876	  8
    2780.924	  8
    2782.412	  8
    2782.860	  8
    2785.084	  8
    2785.620	  8
    2785.902	  8
    2786.078	  8
    2786.482	  8
    2786.980	  8
    2787.816	  8
    2788.930	  8
    2788.978	 53
    2789.414	  8
    2789.414	 20
    2789.414	 27
    2789.424	 28
    2789.424	 19
    2789.524	 29
    2789.694	  9
    2789.882	  8
    2792.144	  8
    2809.544	 51
    2809.554	 17
    2828.974	  8
    2834.298	  7
    2834.526	  7
    2834.692	  7
    2834.834	  7
    2837.516	  7
    2837.628	  7
    2838.116	  7
    2867.464	  7
    2867.620	  7
    2867.764	  7
    2867.910	  7
    2868.080	  7
    2868.242	  7
    2868.404	  7
    2868.824	  7
    2868.986	  7
    2869.118	  7
    2869.274	  7
    2869.424	  7
    2869.554	 53
    2869.576	  7
    2869.738	  7
    2870.184	  7
    2872.434	  8
    2872.434	 20
    2872.434	 27
    2872.444	 28
    2872.444	 19
    2872.486	  8
    2872.544	 29
    2872.714	  9
    2872.790	  8
    2875.494	  8
    2875.528	  8
    2892.564	 51
    2892.574	 17
    2917.030	  8
    2932.018	  8
    2933.570	  8
    2934.082	  8
    2934.502	  8
    2934.732	  8
    2935.364	  8
    2935.594	  8
    2936.430	  8
    2936.682	  8
    2937.632	  8
    2938.156	  8
    2938.224	  8
    2938.666	  8
    2939.094	  8
    2939.658	  8
    2940.336	  8
    2940.398	  8
    2941.514	  8
    2942.312	  8
    2942.806	  8
    2943.962	  8
    2944.648	  8
    2945.498	  8
    2947.282	  8
    2947.838	  8
    2948.528	  8
    2949.404	  8
    2951.008	  8
    2951.626	  8
    2951.922	  8
    2952.574	 53
    2953.730	  8
    2953.730	 20
    2953.730	 27
    2953.740	 28
    2953.740	 19
    2953.840	 29
    2954.010	  9
    2954.140	  8
    2957.904	  8
    2973.860	 51
    2973.870	 17
    2996.470	  7
    2997.162	  7
    2997.328	  7
    2997.480	  7
    2997.656	  7
    3003.134	  8
    3004.734	  8
    3005.302	  8
    3006.426	  8
    3006.570	  8
    3007.292	  8
    3008.048	  8
    3008.154	  8
    3009.416	  8
    3010.276	  8
    3010.718	  8
    3012.586	  8
    3014.028	  8
    3016.826	  8
    3017.418	  8
    3017.592	  8
    3018.102	  8
    3018.532	  8
    3021.166	  8
    3021.864	  8
    3022.190	  8
    3022.926	  8
    3023.678	  8
    3023.832	  8
    3024.194	  8
    3025.200	  8
    3025.906	  8
    3026.298	  8
    3028.132	  8
    3028.864	  8
    3029.336	  8
    3029.524	  8
    3030.238	  8
    3030.694	  8
    3031.734	  8
    3032.920	  8
    3033.094	  8
    3033.730	  8
    3033.870	 53
    3035.048	  8
    3035.048	 20
    3035.048	 27
    3035.058	 28
    3035.058	 19
    3035.158	 29
    3035.328	  9
    3035.546	  8
    3037.136	  8
    3038.554	  8
    3055.178	 50
    3055.188	 10
    3068.072	  8
    3068.146	  8
    3070.048	  8
    3070.242	  8
    3070.510	  8
    3070.614	  8
    3071.020	  8
    3071.752	  8
    3073.730	  8
    3074.202	  8
    3074.704	  8
    3075.206	  8
    3076.384	  8
    3076.602	  8
    3078.600	  8
    3079.458	  8
    3080.512	  8
    3080.704	  8
    3081.666	  8
    3082.112	  8
    3082.958	  8
    3083.250	  8
    3083.542	  8
    3083.946	  8
    3084.172	  8
    3084.404	  8
    3084.902	  8
    3085.188	 53
    3085.548	  8
    3085.548	 20
    3085.548	 27
    3085.558	 28
    3085.558	 19
    3085.598	  8
    3085.658	 29
    3085.828	  9
    3085.914	  8
    3089.490	  8
    3105.678	 50
    3105.688	 10
    3114.470	  8
    3116.400	  8
    3117.060	  8
    3123.050	  8
    3123.368	  8
    3126.318	  8
    3127.340	  8
    3128.348	  8
    3129.380	  8
    3129.694	  8
    3129.778	  8
    3130.304	  8
    3130.928	  8
    3131.364	  8
    3131.844	  8
    3133.320	  8
    3134.018	  8
    3134.286	  8
    3134.612	  8
    3135.688	 53
    3137.200	  8
    3137.200	 20
    3137.200	 27
    3137.210	 28
    3137.210	 19
    3137.310	 29
    3137.480	  9
    3137.598	  8
    3138.904	  8
    3140.144	  8
    3157.330	 51
    3157.340	 17
    3177.940	  8
    3180.724	  8
    3186.044	  8
    3186.670	  8
    3216.084	  8
    3217.340	 53
    3217.402	  8
    3217.402	 20
    3217.402	 27
    3217.412	 28
    3217.412	 19
    3217.512	 29
    3217.682	  9
    3217.878	  8
    3237.532	 51
    3237.542	 17
    3259.390	  8
    3259.484	  8
    3259.612	  8
    3261.142	  8
    3262.432	  8
    3262.986	  8
    3264.352	  8
    3268.406	  8
    3269.052	  8
    3269.676	  8
    3270.148	  8
    3270.788	  8
    3271.248	  8
    3271.854	  8
    3272.338	  8
    3273.200	  8
    3274.342	  8
    3274.606	  8
    3275.616	  8
    3276.272	  8
    3276.384	  8
    3277.072	  8
    3277.592	  8
    3277.924	  8
    3278.836	  8
    3279.346	  8
    3279.576	  8
    3279.932	  8
    3282.644	  8
    3283.478	  8
    3284.678	  8
    3285.192	  8
    3285.514	  8
    3285.900	  8
    3285.970	  8
    3286.522	  8
    3286.796	  8
    3287.350	  8
    3287.974	  8
    3288.622	  8
    3289.434	  8
    3290.644	  8
    3291.232	  8
    3291.908	  8
    3292.450	  8
    3293.710	  8
    3294.064	  8
    3294.232	  8
    3294.572	  8
    3295.614	  8
    3295.920	  8
    3296.454	  8
    3296.602	  8
    3297.542	 53
    3298.098	  8
    3298.098	 20
    3298.098	 27
    3298.108	 28
    3298.108	 19
    3298.208	 29
    3298.378	  9
    3298.528	  8
    3300.290	  8
    3300.936	  8
    3318.228	 52
    3318.238	 18
    3375.446	  8
    3375.682	  8
    3390.352	  7
    3390.466	  7
    3390.562	  7
    3390.700	  7
    3391.178	  7
    3394.962	  8
    3396.416	  8
    3397.192	  8
    3408.860	  8
    3408.926	  8
    3409.216	  8
    3409.764	  8
    3410.994	  8
    3413.424	  8
    3414.090	  8
    3414.946	  8
    3418.416	  8
    3418.500	  8
    3419.064	  8
    3419.150	  8
    3419.742	  8
    3430.774	  8
    3432.014	  8
    3432.652	  8
    3433.212	  8
    3433.746	  8
    3434.442	  8
    3435.302	  8
    3435.806	  8
    3438.238	 53
    3440.046	  8
    3440.046	 20
    3440.046	 27
    3440.056	 28
    3440.056	 19
    3440.156	 29
    3440.326	  9
    3440.502	  8
    3444.604	  8
    3444.908	  8
    3460.176	 51
    3460.186	 17
    3477.004	  8
    3487.104	  8
    3490.834	  8
    3491.966	  8
    3492.502	  8
    3493.180	  8
    3495.524	  8
    3495.560	  8
    3496.234	  8
    3496.838	  8
    3497.240	  8
    3498.010	  8
    3498.696	  8
    3499.252	  8
    3499.884	  8
    3500.522	  8
    3502.140	  8
    3502.852	  8
    3503.926	  8
    3504.168	  8
    3505.254	  8
    3506.222	  8
    3506.744	  8
    3508.340	  8
    3509.920	  8
    3510.202	  8
    3510.478	  8
    3510.536	  8
    3512.386	  8
    3512.652	  8
    3513.156	  8
    3514.712	  8
    3514.914	  8
    3515.264	  8
    3515.682	  8
    3517.850	  8
    3518.772	  8
    3518.906	  8
    3519.126	  8
    3519.876	  8
    3520.158	  8
    3520.186	 53
    3520.242	  8
    3520.242	 20
    3520.242	 27
    3520.252	 28
    3520.252	 19
    3520.352	 29
    3520.522	  9
    3520.664	  8
    3523.100	  8
    3540.372	 52
    3540.382	 18
    3551.408	  7
    3551.564	  7
    3551.686	  7
    3551.820	  7
    3551.996	  7
    3552.150	  7
    3552.310	  7
    3552.508	  7
    3577.268	  8
    3579.396	  8
    3580.278	  8
    3583.692	  8
    3584.426	  8
    3585.920	  8
    3586.748	  8
    3587.776	  8
    3588.194	  8
    3588.712	  8
    3588.866	  8
    3601.602	  8
    3601.842	  8
    3601.950	  8
    3602.452	  8
    3603.374	  8
    3603.686	  8
    3604.524	  8
    3605.328	  8
    3605.906	  8
    3605.940	  8
    3606.998	  8
    3608.206	  8
    3608.660	  8
    3608.688	  8
    3609.878	  8
    3610.208	  8
    3610.584	  8
    3611.392	  8
    3613.734	  8
    3614.496	  8
    3615.084	  8
    3615.610	  8
    3616.628	  8
    3616.992	  8
    3618.016	  8
    3618.844	  8
    3619.186	  8
    3621.786	  8
    3622.048	  8
    3622.712	  8
    3623.452	  8
    3624.018	  8
    3624.342	  8
    3624.772	  8
    3625.272	  8
    3625.790	  8
    3626.214	  8
    3626.352	  8
    3626.568	  8
    3626.782	  8
    3632.666	  8
    3633.170	  8
    3633.600	  8
    3634.114	  8
    3635.170	  8
    3635.848	  8
    3636.510	  8
    3637.098	  8
    3637.720	  8
    3638.874	  8
    3639.270	  8
    3639.944	  8
    3640.544	  8
    3641.030	  8
    3641.778	  8
    3642.274	  8
    3642.406	  8
    3643.726	  8
    3643.928	  8
    3644.044	  8
    3644.288	  8
    3644.530	  8
    3645.044	  8
    3645.842	  8
    3646.252	  8
    3646.578	  8
    3649.398	  7
    3649.512	  7
    3649.630	  7
    3649.756	  7
    3649.936	  7
    3650.094	  7
    3650.278	  7
    3651.432	  8
    3651.636	  8
    3651.902	  8
    3651.970	  8
    3652.872	  8
    3653.884	  8
    3654.412	  8
    3654.666	  8
    3655.248	  8
    3655.514	  8
    3656.608	  8
    3657.472	  8
    3658.190	  8
    3658.566	  8
    3659.858	  8
    3659.888	  8
    3660.246	  8
    3660.382	 53
    3661.608	  8
    3661.608	 20
    3661.608	 27
    3661.618	 28
    3661.618	 19
    3661.718	 29
    3661.888	  9
    3661.964	  8
    3664.452	  8
    3681.738	 50
    3681.748	 10
    3688.230	  7
    3688.540	  7
    3688.706	  7
    3688.814	  7
    3688.962	  7
    3689.496	  7
    3689.656	  7
    3690.214	  7
    3690.358	  7
    3690.440	  7
    3711.748	 53
    3724.892	  7
    3725.192	  7
    3725.324	  7
    3725.486	  7
    3725.630	  7
    3725.778	  7
    3725.944	  7
    3726.294	  7
    3726.398	  7
    3726.542	  7
    3726.692	  7
    3726.844	  7
    3726.980	  7
    3727.126	  7
    3727.272	  7
    3727.424	  7
    3727.602	  7
    3727.738	  7
    3727.888	  7
    3728.040	  7
    3728.196	  7
    3728.540	  7
    3728.634	  7
    3728.780	  7
    3728.966	  7
    3729.124	  7
    3729.284	  7
    3730.396	  7
    3730.530	  7
    3730.680	  7
    3732.798	  8
    3732.798	 20
    3732.798	 27
    3732.808	 28
    3732.808	 19
    3732.858	  8
    3732.908	 29
    3733.078	  9
    3733.128	  8
    3734.278	  8
    3752.928	 52
    3752.938	 18
    3795.224	  8
    3795.362	  8
    3795.444	  8
    3796.654	  8
    3797.668	  8
    3798.370	  8
    3799.378	  8
    3800.678	  8
    3801.578	  8
    3807.734	  8
    3808.002	  8
    3808.986	  8
    3809.018	  8
    3809.790	  8
    3810.490	  8
    3810.744	  8
    3811.176	  8
    3812.326	  8
    3812.774	  8
    3818.104	  8
    3818.370	  8
    3819.148	  8
    3819.958	  8
    3821.850	  8
    3822.130	  8
    3822.638	  8
    3824.172	  8
    3824.968	  8
    3828.278	  8
    3829.348	  8
    3830.064	  8
    3830.356	  8
    3830.528	  8
    3831.130	  8
    3831.772	  8
    3832.224	  8
    3833.302	  8
    3833.762	  8
    3834.462	  8
    3835.396	  8
    3835.832	  8
    3836.122	  8
    3836.666	  8
    3837.634	  8
    3837.692	  8
    3837.950	  8
    3839.012	  8
    3839.270	  8
    3840.156	  8
    3840.734	  8
    3841.134	  8
    3841.520	  8
    3841.976	  8
    3842.236	  8
    3842.600	  8
    3843.396	  8
    3844.200	  8
    3844.444	  8
    3844.948	  8
    3846.164	  8
    3847.778	  8
    3848.592	  8
    3849.334	  8
    3849.902	  8
    3850.554	  8
    3850.796	  8
    3851.360	  8
    3851.750	  8
    3852.398	  8
    3854.636	  8
    3855.064	  8
    3856.092	  8
    3856.500	  8
    3856.528	  8
    3857.238	  8
    3857.542	  8
    3860.744	  8
    3861.556	  8
    3861.920	  8
    3862.480	  8
    3863.392	  8
    3864.168	  8
    3864.574	  8
    3865.420	  8
    3866.146	  8
    3866.580	  8
    3866.832	  8
    3867.130	  8
    3867.864	  8
    3869.398	  8
    3869.654	  8
    3870.242	  8
    3870.952	  8
    3871.432	  8
    3872.038	  8
    3872.938	 53
    3873.002	  8
    3873.002	 20
    3873.002	 27
    3873.012	 28
    3873.012	 19
    3873.112	 29
    3873.282	  9
    3873.466	  8
    3878.564	  8
    3893.132	 52
    3893.142	 18
    3928.088	  7
    3928.252	  7
    3928.424	  7
    3928.570	  7
    3928.704	  7
    3928.880	  7
    3929.052	  7
    3929.216	  7
    3929.624	  7
    3930.018	  7
    3930.476	  7
    3956.450	  7
    3956.574	  7
    3956.718	  7
    3956.856	  7
    3957.292	  7
    3957.414	  7
    3958.782	  7
    3958.936	  7
    3959.456	  7
    3959.654	  7
    3959.784	  7
    3965.168	  8
    3965.276	  8
    3966.956	  8
    3967.490	  8
    3969.014	  8
    3973.944	  8
    3975.540	  8
    3975.632	  8
    3976.516	  8
    3977.594	  8
    3978.042	  8
    3979.038	  8
    3997.976	  8
    3998.130	  8
    3999.124	  8
    3999.596	  8
    3999.824	  8
    4000.660	  8
    4001.088	  8
    4001.350	  8
    4002.430	  8
    4003.348	  8
    4003.414	  8
    4004.396	  8
    4008.164	  8
    4008.380	  8
    4009.320	  8
    4009.668	  8
    4010.498	  8
    4012.528	  8
    4013.142	 53
    4013.398	  8
    4013.398	 20
    4013.398	 27
    4013.408	 28
    4013.408	 19
    4013.508	 29
    4013.678	  9
    4013.912	  8
    4019.716	  8
    4019.904	  8
    4033.528	 51
    4033.538	 17
    4077.620	  8
    4078.178	  8
    4093.538	 53
    4095.828	  8
    4095.828	 20
    4095.828	 27
    4095.838	 28
    4095.838	 19
    4095.938	 29
    4096.108	  9
    4096.218	  8
    4115.958	 50
    4115.968	 10
    4123.830	  8
    4127.820	  8
    4129.216	  8
    4129.398	  8
    4129.666	  8
    4129.920	  8
    4130.380	  8
    4130.536	  8
    4130.788	  8
    4131.058	  8
    4131.128	  8
    4134.984	  8
    4135.432	  8
    4136.004	  8
    4136.358	  8
    4136.472	  8
    4137.212	  8
    4137.616	  8
    4137.778	  8
    4139.384	  8
    4139.818	  8
    4140.148	  8
    4140.478	  8
    4141.244	  8
    4141.584	  8
    4141.618	  8
    4141.982	  8
    4142.516	  8
    4142.916	  8
    4143.944	  8
    4144.640	  8
    4145.054	  8
    4145.464	  8
    4145.682	  8
    4145.968	 53
    4146.452	  8
    4146.452	 20
    4146.452	 27
    4146.462	 28
    4146.462	 19
    4146.562	 29
    4146.732	  9
    4146.826	  8
    4148.132	  8
    4149.562	  8
    4166.582	 50
    4166.592	 10
    4170.220	  7
    4172.980	  8
    4175.062	  8
    4175.468	  8
    4177.402	  8
    4178.114	  8
    4180.402	  8
    4181.664	  8
    4181.818	  8
    4181.894	  8
    4182.230	  8
    4182.626	  8
    4182.994	  8
    4183.236	  8
    4183.472	  8
    4183.730	  8
    4184.268	  8
    4185.192	  8
    4185.452	  8
    4185.850	  8
    4186.968	  8
    4187.002	  8
    4187.372	  8
    4187.832	  8
    4188.842	  8
    4189.180	  8
    4189.240	  8
    4189.930	  8
    4191.088	  8
    4191.538	  8
    4192.000	  8
    4192.414	  8
    4193.138	  8
    4193.866	  8
    4193.938	  8
    4194.570	  8
    4194.676	  8
    4195.478	  8
    4195.940	  8
    4196.592	 53
    4197.706	  8
    4197.706	 20
    4197.706	 27
    4197.716	 28
    4197.716	 19
    4197.816	 29
    4197.986	  9
    4197.992	  8
    4200.066	  8
    4217.836	 52
    4217.846	 18
    4300.072	  8
    4300.628	  8
    4300.668	  8
    4301.464	  8
    4302.168	  8
    4302.586	  8
    4303.556	  8
    4304.870	  8
    4305.184	  8
    4305.276	  8
    4306.218	  8
    4306.834	  8
    4308.478	  8
    4309.044	  8
    4309.114	  8
    4314.300	  8
    4314.700	  8
    4315.380	  8
    4316.228	  8
    4316.972	  8
    4317.708	  8
    4319.294	  8
    4320.034	  8
    4320.942	  8
    4321.364	  8
    4321.984	  8
    4323.238	  8
    4324.374	  8
    4324.966	  8
    4325.386	  8
    4326.168	  8
    4327.620	  8
    4327.710	  8
    4328.196	  8
    4329.072	  8
    4329.448	  8
    4331.382	  8
    4332.086	  8
    4332.352	  8
    4333.114	  8
    4333.842	  8
    4335.006	  8
    4335.508	  8
    4336.080	  8
    4336.136	  8
    4336.526	  8
    4336.578	  8
    4337.846	 53
    4338.918	  8
    4338.918	 20
    4338.918	 27
    4338.928	 28
    4338.928	 19
    4339.028	 29
    4339.198	  9
    4339.368	  8
    4344.960	  8
    4359.048	 51
    4359.058	 17
    4390.632	  8
    4393.178	  8
    4394.188	  8
    4395.386	  8
    4395.498	  8
    4398.804	  8
    4400.208	  8
    4400.766	  8
    4401.666	  8
    4403.832	  8
    4404.730	  8
    4405.354	  8
    4405.788	  8
    4406.248	  8
    4406.904	  8
    4407.908	  8
    4408.430	  8
    4409.954	  8
    4410.692	  8
    4413.774	  8
    4414.558	  8
    4414.956	  8
    4415.690	  8
    4416.730	  8
    4417.670	  8
    4418.076	  8
    4418.644	  8
    4419.058	 53
    4419.616	  8
    4419.616	 20
    4419.616	 27
    4419.626	 28
    4419.626	 19
    4419.726	 29
    4419.896	  9
    4420.074	  8
    4421.290	  8
    4422.966	  8
    4439.746	 51
    4439.756	 17
    4466.472	  8
    4466.566	  8
    4467.968	  8
    4468.266	  8
    4469.752	  8
    4470.238	  8
    4471.986	  8
    4475.938	  8
    4476.598	  8
    4476.828	  8
    4477.306	  8
    4478.316	  8
    4478.956	  8
    4479.586	  8
    4479.976	  8
    4480.576	  8
    4481.400	  8
    4481.980	  8
    4482.492	  8
    4482.658	  8
    4482.994	  8
    4483.752	  8
    4485.848	  8
    4486.560	  8
    4487.442	  8
    4487.940	  8
    4488.750	  8
    4489.402	  8
    4490.144	  8
    4490.252	  8
    4490.412	  8
    4490.468	  8
    4491.442	  8
    4491.870	  8
    4492.176	  8
    4493.678	  8
    4494.522	  8
    4494.968	  8
    4498.202	  8
    4499.074	  8
    4499.756	 53
    4500.094	  8
    4500.094	 20
    4500.094	 27
    4500.104	 28
    4500.104	 19
    4500.204	 29
    4500.374	  9
    4500.522	  8
    4504.862	  8
    4520.224	 50
    4520.234	 10
    4526.406	  7
    4526.884	  7
    4527.010	  7
    4527.270	  7
    4527.418	  7
    4527.562	  7
    4527.720	  7
    4527.892	  7
    4528.048	  7
    4528.228	  7
    4528.410	  7
    4541.832	  8
    4545.904	  8
    4547.908	  8
    4548.442	  8
    4548.612	  8
    4549.778	  8
    4549.796	  8
    4549.984	  8
    4550.234	 53
    4550.288	  8
    4550.288	 20
    4550.288	 27
    4550.298	 28
    4550.298	 19
    4550.398	 29
    4550.568	  9
    4550.632	  8
    4555.664	  8
    4556.062	  8
    4570.418	 51
    4570.428	 17
    4586.904	  8
    4588.524	  8
    4588.802	  8
    4589.186	  8
    4594.336	  8
    4594.822	  8
    4595.076	  8
    4595.916	  8
    4600.184	  8
    4604.760	  7
    4604.876	  7
    4605.000	  7
    4605.576	  7
    4605.716	  7
    4606.084	  7
    4630.428	 53
    4631.776	  7
    4631.916	  7
    4632.074	  7
    4632.358	  7
    4636.582	  7
    4636.700	  7
    4636.834	  7
    4636.992	  7
    4638.610	  8
    4638.610	 20
    4638.610	 27
    4638.620	 28
    4638.620	 19
    4638.720	 29
    4638.890	  9
    4639.004	  8
    4658.740	 51
    4658.750	 17
    4672.276	  8
    4672.410	  8
    4674.730	  8
    4696.268	  8
    4696.480	  8
    4696.856	  8
    4697.664	  8
    4698.220	  8
    4698.442	  8
    4698.930	  8
    4699.018	  8
    4699.588	  8
    4700.586	  8
    4701.014	  8
    4703.774	  8
    4704.042	  8
    4705.462	  8
    4706.594	  8
    4707.392	  8
    4710.360	  8
    4710.734	  8
    4711.240	  8
    4711.996	  8
    4713.194	  8
    4713.770	  8
    4714.422	  8
    4714.558	  8
    4714.786	  8
    4715.822	  8
    4716.496	  8
    4716.558	  8
    4716.906	  8
    4717.408	  8
    4718.750	 53
    4719.242	  8
    4719.242	 20
    4719.242	 27
    4719.252	 28
    4719.252	 19
    4719.352	 29
    4719.522	  9
    4719.676	  8
    4723.374	  8
    4739.372	 51
    4739.382	 17
    4767.920	  8
    4770.014	  8
    4775.996	  8
    4776.508	  8
    4777.348	  8
    4777.774	  8
    4779.276	  8
    4780.544	  8
    4781.398	  8
    4782.108	  8
    4782.354	  8
    4783.274	  8
    4783.476	  8
    4784.268	  8
    4784.880	  8
    4786.134	  8
    4786.526	  8
    4787.198	  8
    4787.622	  8
    4787.938	  8
    4788.038	  8
    4788.886	  8
    4789.400	  8
    4792.590	  8
    4793.516	  8
    4794.200	  8
    4794.836	  8
    4795.084	  8
    4795.202	  8
    4796.398	  8
    4796.736	  8
    4797.344	  8
    4798.336	  8
    4798.868	  8
    4799.120	  8
    4799.290	  8
    4799.382	 53
    4799.746	  8
    4799.746	 20
    4799.746	 27
    4799.756	 28
    4799.756	 19
    4799.856	 29
    4800.026	  9
    4800.342	  8
    4802.532	  8
    4819.876	 52
    4819.886	 18
    4895.990	  7
    4896.236	  7
    4896.536	  7
    4898.558	  8
    4898.914	  8
    4899.012	  8
    4899.566	  8
    4900.060	  8
    4901.354	  8
    4901.842	  8
    4903.568	  8
    4904.606	  8
    4905.462	  8
    4906.060	  8
    4906.110	  8
    4906.756	  8
    4906.880	  8
    4907.406	  8
    4907.874	  8
    4908.340	  8
    4911.150	  8
    4911.744	  8
    4912.320	  8
    4913.114	  8
    4913.568	  8
    4913.694	  8
    4914.220	  8
    4914.594	  8
    4915.106	  8
    4915.370	  8
    4915.516	  8
    4915.812	  8
    4915.952	  8
    4917.054	  8
    4919.072	  8
    4919.468	  8
    4920.312	  8
    4920.454	  8
    4920.820	  8
    4921.612	  8
    4921.934	  8
    4923.020	  8
    4923.512	  8
    4923.748	  8
    4924.406	  8
    4927.682	  8
    4928.296	  8
    4928.718	  8
    4929.386	  8
    4929.582	  8
    4929.698	  8
    4930.802	  8
    4931.334	  8
    4931.560	  8
    4932.388	  8
    4933.240	  8
    4933.756	  8
    4934.708	  8
    4935.204	  8
    4935.220	  8
    4936.006	  8
    4936.270	  8
    4936.906	  8
    4937.440	  8
    4937.830	  8
    4938.204	  8
    4938.740	  8
    4939.448	  8
    4939.886	 53
    4940.250	  8
    4940.250	 20
    4940.250	 27
    4940.260	 28
    4940.260	 19
    4940.360	 29
    4940.530	  9
    4940.650	  8
    4945.492	  8
    4960.380	 51
    4960.390	 17
    4985.216	  8
    4996.042	  8
    4996.368	  8
    4997.032	  8
    4997.586	  8
    4999.626	  8
    5001.260	  8
    5001.700	  8
    5003.248	  8
    5003.576	  8
    5004.122	  8
    5004.690	  8
    5005.454	  8
    5006.206	  8
    5006.936	  8
    5007.460	  8
    5007.700	  8
    5009.156	  8
    5009.824	  8
    5011.026	  8
    5011.326	  8
    5011.788	  8
    5012.634	  8
    5012.742	  8
    5013.130	  8
    5013.718	  8
    5014.456	  8
    5015.144	  8
    5015.720	  8
    5016.696	  8
    5017.212	  8
    5018.498	  8
    5019.054	  8
    5020.390	 53
    5020.402	  8
    5020.402	 20
    5020.402	 27
    5020.412	 28
    5020.412	 19
    5020.512	 29
    5020.682	  9
    5020.822	  8
    5022.262	  8
    5024.518	  8
    5024.758	  8
    5040.532	 51
    5040.542	 17
    5075.062	  8
    5075.744	  8
    5076.270	  8
    5076.734	  8
    5077.188	  8
    5077.810	  8
    5078.514	  8
    5079.848	  8
    5080.856	  8
    5081.310	  8
    5081.716	  8
    5083.612	  8
    5084.334	  8
    5086.270	  8
    5086.562	  8
    5088.154	  8
    5090.292	  8
    5090.788	  8
    5091.378	  8
    5091.710	  8
    5092.082	  8
    5092.364	  8
    5093.210	  8
    5094.326	  8
    5096.890	  8
    5097.382	  8
    5098.084	  8
    5098.974	  8
    5099.470	  8
    5100.074	  8
    5100.542	 53
    5100.788	  8
    5100.788	 20
    5100.788	 27
    5100.798	 28
    5100.798	 19
    5100.898	 29
    5101.068	  9
    5101.216	  8
    5103.348	  8
    5120.918	 50
    5120.928	 10
    5144.192	  8
    5148.180	  8
    5150.928	 53
    5154.554	  8
    5154.554	 20
    5154.554	 27
    5154.564	 28
    5154.564	 19
    5154.608	  8
    5154.664	 29
    5154.834	  9
    5154.922	  8
    5157.860	  8
    5174.684	 51
    5174.694	 17
    5214.268	  8
    5215.142	  8
    5215.208	  8
    5216.196	  8
    5217.056	  8
    5218.956	  8
    5220.052	  8
    5220.832	  8
    5221.982	  8
    5222.882	  8
    5223.334	  8
    5224.574	  8
    5226.108	  8
    5226.178	  8
    5226.922	  8
    5227.648	  8
    5228.842	  8
    5229.118	  8
    5229.862	  8
    5231.364	  8
    5231.990	  8
    5233.350	  8
    5233.960	  8
    5234.552	  8
    5234.694	 53
    5234.816	  8
    5234.816	 20
    5234.816	 27
    5234.826	 28
    5234.826	 19
    5234.926	 29
    5235.096	  9
    5235.222	  8
    5238.074	  8
    5254.946	 50
    5254.956	 10
    5267.886	  7
    5268.076	  7
    5268.188	  7
    5268.350	  7
    5268.722	  7
    5268.862	  7
    5269.038	  7
    5269.462	  7
    5281.192	  7
    5284.956	 53
    5292.934	  7
    5293.068	  7
    5293.204	  7
    5293.774	  7
    5293.898	  7
    5294.048	  7
    5298.508	  8
    5298.508	 20
    5298.508	 27
    5298.518	 28
    5298.518	 19
    5298.618	 29
    5298.788	  9
    5298.806	  8
    5298.832	  8
    5318.638	 50
    5318.648	 10
    5335.746	  8
    5339.640	  8
    5343.190	  8
    5343.526	  8
    5344.872	  8
    5345.564	  8
    5347.328	  8
    5347.764	  8
    5348.136	  8
    5348.648	 53
    5349.022	  8
    5349.022	 20
    5349.022	 27
    5349.032	 28
    5349.032	 19
    5349.132	 29
    5349.302	  9
    5349.404	  8
    5349.680	  8
    5349.780	  8
    5349.962	  8
    5353.104	  8
    5353.570	  8
    5353.724	  8
    5369.152	 50
    5369.162	 10
    5383.070	  8
    5383.378	  8
    5384.174	  8
    5389.096	  8
    5389.224	  8
    5389.968	  8
    5390.230	  8
    5393.960	  8
    5394.038	  8
    5394.310	  8
    5395.012	  8
    5397.974	  8
    5398.834	  8
    5399.104	  8
    5399.162	 53
    5399.338	  8
    5399.338	 20
    5399.338	 27
    5399.348	 28
    5399.348	 19
    5399.448	 29
    5399.618	  9
    5399.794	  8
    5401.706	  8
    5419.468	 50
    5419.478	 10
    5440.004	  8
    5441.488	  8
    5442.528	  8
    5442.808	  8
    5443.556	  8
    5444.656	  8
    5445.026	  8
    5445.104	  8
    5445.718	  8
    5445.864	  8
    5446.174	  8
    5446.330	  8
    5446.596	  8
    5448.278	  8
    5448.526	  8
    5448.776	  8
    5449.026	  8
    5449.478	 53
    5450.004	  8
    5450.004	 20
    5450.004	 27
    5450.014	 28
    5450.014	 19
    5450.114	 29
    5450.124	 61
