      20.010	 52
      20.020	 17
      30.326	  7
      30.486	  7
      30.682	  7
      30.834	  7
      31.032	  7
      31.214	  7
      31.426	  7
      31.620	  7
      31.842	  7
      32.042	  7
      32.244	  7
      32.672	  7
      38.350	  5
      43.810	  8
      43.908	  8
      44.622	  8
      56.700	  8
      75.684	  8
      75.772	  8
      75.982	  8
      79.434	  8
      79.518	  8
      82.270	  7
      82.406	  7
      82.560	  7
      82.720	  7
      82.908	  7
      83.162	  7
      83.374	  7
      83.486	  7
      84.216	  7
      84.332	  7
      84.452	  7
      84.584	  7
      84.714	  7
      84.880	  7
      85.426	  7
      85.526	  7
      88.344	  8
      88.530	  8
      89.434	  8
      89.852	  8
      92.066	  8
     107.468	  8
     107.554	  8
     107.624	  8
     122.380	  8
     122.776	  8
     123.144	  8
     123.342	  8
     140.020	 53
     140.408	  8
     140.408	 20
     140.408	 27
     140.418	 28
     140.418	 19
     140.518	 29
     140.688	  9
     140.720	  8
     160.538	 50
     160.548	 10
     178.202	  8
     190.548	 53
     195.426	  8
     195.426	 20
     195.426	 27
     195.436	 28
     195.436	 19
     195.536	 29
     195.684	  8
     195.706	  9
     215.556	 52
     215.566	 17
     236.044	  8
     240.470	  8
     240.636	  8
     257.382	  8
     257.566	  8
     257.926	  8
     266.342	  8
     266.750	  8
     273.378	  8
     273.556	  8
     273.840	  8
     273.864	  8
     278.358	  8
     278.604	  8
     279.216	  8
     279.768	  8
     280.448	  8
     280.482	  8
     280.874	  8
     281.214	  8
     285.632	  8
     288.872	  7
     288.976	  7
     289.118	  7
     289.254	  7
     289.596	  7
     289.978	  7
     290.192	  7
     290.372	  7
     293.592	  7
     293.790	  7
     294.306	  7
     294.474	  7
     294.690	  7
     294.828	  7
     295.200	  7
     296.720	  8
     296.836	  8
     297.726	  8
     297.948	  8
     298.334	  8
     301.140	  8
     303.546	  8
     303.698	  8
     304.090	  8
     309.664	  8
     309.712	  8
     310.144	  8
     312.884	  8
     313.846	  8
     314.270	  8
     316.570	  8
     316.678	  8
     316.938	  8
     319.216	  8
     320.392	  8
     320.720	  8
     321.388	  8
     321.432	  8
     321.902	  8
     322.886	  8
     325.332	  8
     326.332	  8
     326.620	  8
     327.382	  8
     327.488	  8
     327.584	  8
     328.738	  8
     329.782	  8
     330.018	  8
     330.246	  8
     330.662	  8
     331.210	  8
     332.750	  8
     333.282	  8
     333.478	  8
     333.854	  8
     334.396	  8
     335.202	  8
     335.566	 53
     338.022	  8
     338.022	 20
     338.022	 27
     338.032	 28
     338.032	 19
     338.132	 29
     338.302	  9
     338.322	  8
     358.152	 50
     358.162	 10
     370.964	  8
     371.494	  8
     373.666	  7
     373.766	  7
     373.900	  7
     374.042	  7
     374.316	  7
     374.452	  7
     374.582	  7
     374.718	  7
     374.846	  7
     374.974	  7
     375.252	  7
     375.840	  7
     375.982	  7
     381.158	  7
     381.454	  7
     381.602	  7
     381.906	  7
     382.518	  7
     382.664	  7
     386.792	  7
     388.162	 53
     388.342	  8
     388.342	 20
     388.342	 27
     388.352	 28
     388.352	 19
     388.452	 29
     388.622	  9
     388.624	  8
     390.174	  8
     390.510	  8
     408.472	 51
     408.482	 18
     451.858	  8
     452.710	  8
     453.668	  8
     453.962	  8
     454.428	  8
     454.920	  8
     455.284	  8
     455.976	  8
     456.622	  8
     457.204	  8
     457.706	  8
     457.976	  8
     459.580	  8
     460.102	  8
     461.446	  8
     462.138	  8
     462.818	  8
     464.100	  8
     464.394	  8
     464.576	  8
     464.772	  8
     464.996	  8
     465.242	  8
     465.942	  8
     466.056	  8
     466.124	  8
     466.302	  8
     467.402	  8
     467.618	  8
     468.056	  8
     468.300	  8
     468.448	  8
     468.482	 53
     468.846	  8
     468.846	 20
     468.846	 27
     468.856	 28
     468.856	 19
     468.956	 29
     469.126	  9
     471.156	  8
     471.236	  8
     488.976	 50
     488.986	 10
     506.042	  8
     506.376	  8
     506.728	  8
     508.750	  8
     509.094	  8
     509.626	  8
     510.506	  8
     514.558	  8
     514.644	  8
     514.976	  8
     515.314	  8
     516.050	  8
     516.362	  8
     516.556	  8
     516.810	  8
     517.492	  8
     517.874	  8
     518.962	  8
     518.986	 53
     519.444	  8
     519.444	 20
     519.444	 27
     519.454	 28
     519.454	 19
     519.554	 29
     519.724	  9
     539.574	 50
     539.584	 10
     553.060	  8
     553.392	  8
     553.624	  8
     558.690	  8
     558.774	  8
     559.938	  8
     560.388	  8
     560.900	  8
     561.520	  8
     562.880	  8
     563.026	  8
     563.310	  8
     563.932	  8
     564.336	  8
     564.908	  8
     565.658	  8
     565.990	  8
     566.452	  8
     566.758	  8
     566.838	  8
     567.148	  8
     567.478	  8
     567.912	  8
     568.180	  8
     568.540	  8
     568.668	  8
     569.100	  8
     569.392	  8
     569.584	 53
     569.952	  8
     569.952	 20
     569.952	 27
     569.962	 28
     569.962	 19
     570.062	 29
     570.232	  9
     590.082	 50
     590.092	 10
     612.194	  8
     613.276	  8
     614.254	  8
     615.342	  8
     619.086	  8
     619.512	  8
     620.092	 53
     620.462	  8
     620.462	 20
     620.462	 27
     620.472	 28
     620.472	 19
     620.572	 29
     620.728	  8
     620.742	  9
     640.592	 50
     640.602	 10
     650.710	  8
     651.040	  8
     651.200	  8
     655.182	  8
     656.858	  8
     657.118	  8
     657.572	  8
     658.606	  8
     659.062	  8
     659.598	  8
     661.328	  8
     661.924	  8
     662.926	  8
     663.042	  8
     663.256	  8
     663.574	  8
     663.924	  8
     664.450	  8
     665.208	  8
     665.308	  8
     665.604	  8
     666.052	  8
     666.644	  8
     666.968	  8
     667.314	  8
     667.382	  8
     667.958	  8
     668.020	  8
     668.736	  8
     668.940	  8
     669.408	  8
     670.336	  8
     670.602	 53
     670.948	  8
     670.948	 20
     670.948	 27
     670.958	 28
     670.958	 19
     671.036	  8
     671.058	 29
     671.228	  9
     672.566	  8
     691.078	 51
     691.088	 18
     702.290	  8
     702.382	  8
     702.778	  8
     712.050	  7
     712.380	  7
     712.584	  7
     712.746	  7
     712.974	  7
     713.120	  7
     713.528	  7
     713.728	  7
     713.908	  7
     714.402	  7
     714.518	  7
     714.654	  7
     714.786	  7
     715.078	  7
     715.330	  7
     716.282	  7
     720.464	  7
     723.246	  7
     727.416	  7
     727.566	  7
     728.936	  7
     729.082	  7
     729.222	  7
     732.002	  7
     732.878	  7
     736.402	  8
     736.628	  8
     737.512	  8
     737.872	  8
     738.092	  8
     738.524	  8
     739.020	  8
     739.184	  8
     739.318	  8
     739.582	  8
     740.290	  8
     741.040	  8
     741.388	  8
     742.350	  8
     742.782	  8
     743.024	  8
     743.100	  8
     743.578	  8
     743.948	  8
     744.186	  8
     744.448	  8
     744.658	  8
     744.962	  8
     745.144	  8
     745.234	  8
     745.568	  8
     745.866	  8
     747.190	  8
     748.140	  8
     749.084	  8
     749.208	  8
     749.342	  8
     749.516	  8
     750.376	  8
     750.550	  8
     750.842	  8
     751.088	 53
     751.258	  8
     751.258	 20
     751.258	 27
     751.268	 28
     751.268	 19
     751.368	 29
     751.538	  9
     753.250	  8
     771.388	 52
     771.398	 17
     889.232	  8
     889.564	  8
     890.218	  8
     890.576	  8
     890.816	  8
     890.954	  8
     891.394	  8
     891.398	 53
     891.832	  8
     891.832	 20
     891.832	 27
     891.842	 28
     891.842	 19
     891.942	 29
     892.104	  9
     893.346	  8
     911.962	 51
     911.972	 18
     920.184	  7
     921.274	  7
     921.750	  7
     921.912	  7
     922.256	  7
     922.500	  7
     922.636	  7
     922.834	  7
     923.038	  7
     923.244	  7
     923.454	  7
     923.638	  7
     923.858	  7
     924.038	  7
     924.210	  7
     924.422	  7
     924.608	  7
     938.186	  8
     938.380	  8
     938.834	  8
     939.356	  8
     942.128	  8
     944.608	  8
     944.876	  8
     945.376	  8
     945.894	  8
     946.176	  8
     946.628	  8
     948.626	  8
     949.826	  8
     950.064	  8
     950.366	  8
     950.878	  8
     951.380	  8
     951.804	  8
     952.112	  8
     952.236	  8
     952.970	  8
     953.574	  8
     953.878	  8
     955.098	  8
     955.284	  8
     955.862	  8
     956.208	  8
     956.896	  8
     957.218	  8
     957.668	  8
     957.912	  8
     958.276	  8
     958.492	  8
     958.994	  8
     959.550	  8
     960.650	  8
     960.764	  8
     961.098	  8
     961.230	  8
     962.454	  8
     962.842	  8
     963.642	  8
     963.946	  8
     964.736	  8
     965.528	  8
     965.904	  8
     966.788	  8
     967.300	  8
     967.394	  8
     967.696	  8
     967.838	  8
     968.196	  8
     968.552	  8
     968.934	  8
     969.170	  8
     969.258	  8
     969.580	  8
     969.976	  8
     970.218	  8
     971.012	  8
     971.972	 53
     971.980	  8
     971.980	 20
     971.980	 27
     971.990	 28
     971.990	 19
     972.090	 29
     972.260	  9
     972.310	  8
     992.110	 50
     992.120	 10
    1006.342	  8
    1006.454	  8
    1006.836	  8
    1007.048	  8
    1010.776	  8
    1010.826	  8
    1011.026	  8
    1011.514	  8
    1011.906	  8
    1013.614	  8
    1013.760	  8
    1015.090	  8
    1015.544	  8
    1016.186	  8
    1017.150	  8
    1017.546	  8
    1017.804	  8
    1018.076	  8
    1018.474	  8
    1019.306	  8
    1019.390	  8
    1020.556	  8
    1020.846	  8
    1021.762	  8
    1022.120	 53
    1022.524	  8
    1022.524	 20
    1022.524	 27
    1022.534	 28
    1022.534	 19
    1022.634	 29
    1022.676	  8
    1022.778	  8
    1022.804	  9
    1042.654	 51
    1042.664	 18
    1061.458	  7
    1061.570	  7
    1061.712	  7
    1061.980	  7
    1062.282	  7
    1062.736	  7
    1062.886	  7
    1063.024	  7
    1063.468	  7
    1063.610	  7
    1063.764	  7
    1063.900	  7
    1064.064	  7
    1064.188	  7
    1064.466	  7
    1064.616	  7
    1064.790	  7
    1064.944	  7
    1065.086	  7
    1065.234	  7
    1065.386	  7
    1066.442	  7
    1066.572	  7
    1066.720	  7
    1067.314	  7
    1067.466	  7
    1067.626	  7
    1067.760	  7
    1068.826	  7
    1069.004	  7
    1069.156	  7
    1069.328	  7
    1069.502	  7
    1069.658	  7
    1069.808	  7
    1070.002	  7
    1070.598	  7
    1073.022	  7
    1073.778	  7
    1073.922	  7
    1074.074	  7
    1074.224	  7
    1077.608	  7
    1077.744	  7
    1077.886	  7
    1078.772	  7
    1078.914	  7
    1079.064	  7
    1079.218	  7
    1080.420	  7
    1081.156	  7
    1082.408	  8
    1082.986	  8
    1083.694	  8
    1083.998	  8
    1084.246	  8
    1084.674	  8
    1084.838	  8
    1085.484	  8
    1086.176	  8
    1086.570	  8
    1088.074	  8
    1088.468	  8
    1089.336	  8
    1089.808	  8
    1090.142	  8
    1090.582	  8
    1091.762	  8
    1092.096	  8
    1092.354	  8
    1093.136	  8
    1093.658	  8
    1094.432	  8
    1094.966	  8
    1095.484	  8
    1095.558	  8
    1095.834	  8
    1096.150	  8
    1097.272	  8
    1097.548	  8
    1097.720	  8
    1098.690	  8
    1099.250	  8
    1100.014	  8
    1100.524	  8
    1100.796	  8
    1101.300	  8
    1101.956	  8
    1102.664	 53
    1102.698	  8
    1102.698	 20
    1102.698	 27
    1102.708	 28
    1102.708	 19
    1102.808	 29
    1102.978	  9
    1122.828	 51
    1122.838	 18
    1152.856	  7
    1152.990	  7
    1153.204	  7
    1153.340	  7
    1153.526	  7
    1153.764	  7
    1153.928	  7
    1154.160	  7
    1154.346	  7
    1154.546	  7
    1154.904	  7
    1155.130	  7
    1155.342	  7
    1163.292	  8
    1163.348	  8
    1164.288	  8
    1165.310	  8
    1171.078	  8
    1171.642	  8
    1175.326	  8
    1175.470	  8
    1175.872	  8
    1177.332	  8
    1179.824	  8
    1181.358	  8
    1181.428	  8
    1182.838	 53
    1182.930	  8
    1182.930	 20
    1182.930	 27
    1182.940	 28
    1182.940	 19
    1183.040	 29
    1183.210	  9
    1183.246	  8
    1203.060	 51
    1203.070	 18
    1214.076	  7
    1214.260	  7
    1214.362	  7
    1214.566	  7
    1214.982	  7
    1216.740	  8
    1216.822	  8
    1217.562	  8
    1221.604	  8
    1222.236	  8
    1222.484	  8
    1222.850	  8
    1224.420	  8
    1228.156	  8
    1230.072	  8
    1230.458	  8
    1230.622	  8
    1231.070	  8
    1231.390	  8
    1231.656	  8
    1233.718	  8
    1234.064	  8
    1234.954	  8
    1235.490	  8
    1236.080	  8
    1236.534	  8
    1237.570	  8
    1238.144	  8
    1238.466	  8
    1238.598	  8
    1239.024	  8
    1239.502	  8
    1239.918	  8
    1240.102	  8
    1240.382	  8
    1241.770	  8
    1242.156	  8
    1242.990	  8
    1243.632	  8
    1244.222	  8
    1244.338	  8
    1244.544	  8
    1244.906	  8
    1245.220	  8
    1245.964	  8
    1246.956	  8
    1247.294	  8
    1247.390	  8
    1247.660	  8
    1247.886	  8
    1249.630	  8
    1250.140	  8
    1250.602	  8
    1251.238	  8
    1251.390	  8
    1252.986	  8
    1253.812	  8
    1254.298	  8
    1254.694	  8
    1255.002	  8
    1255.478	  8
    1255.672	  8
    1256.194	  8
    1256.520	  8
    1257.430	  8
    1258.098	  8
    1258.764	  8
    1259.588	  8
    1259.946	  8
    1260.186	  8
    1260.474	  8
    1260.934	  8
    1261.906	  8
    1263.070	 53
    1263.960	  8
    1263.960	 20
    1263.960	 27
    1263.970	 28
    1263.970	 19
    1264.070	 29
    1264.240	  9
    1264.300	  8
    1284.090	 51
    1284.100	 18
    1323.708	  8
    1325.336	  8
    1325.438	  8
    1325.792	  8
    1326.204	  8
    1329.314	  8
    1329.446	  8
    1329.906	  8
    1330.330	  8
    1332.478	  8
    1332.980	  8
    1333.350	  8
    1333.440	  8
    1333.586	  8
    1333.712	  8
    1334.300	  8
    1334.826	  8
    1335.734	  8
    1335.828	  8
    1336.402	  8
    1336.846	  8
    1337.140	  8
    1337.332	  8
    1337.736	  8
    1338.340	  8
    1338.642	  8
    1338.922	  8
    1339.302	  8
    1339.544	  8
    1340.130	  8
    1340.552	  8
    1340.848	  8
    1341.260	  8
    1341.540	  8
    1341.972	  8
    1342.118	  8
    1342.588	  8
    1342.694	  8
    1342.954	  8
    1342.996	  8
    1343.688	  8
    1344.100	 53
    1344.196	  8
    1344.196	 20
    1344.196	 27
    1344.206	 28
    1344.206	 19
    1344.306	 29
    1344.468	  9
    1364.326	 50
    1364.336	 10
    1382.224	  8
    1382.466	  8
    1382.608	  8
    1382.820	  8
    1386.248	  8
    1386.332	  8
    1386.900	  8
    1387.424	  8
    1387.838	  8
    1388.186	  8
    1388.690	  8
    1388.976	  8
    1389.622	  8
    1389.934	  8
    1390.202	  8
    1390.948	  8
    1391.256	  8
    1391.556	  8
    1391.638	  8
    1392.622	  8
    1392.958	  8
    1393.288	  8
    1393.746	  8
    1393.872	  8
    1394.240	  8
    1394.336	 53
    1394.860	  8
    1394.860	 20
    1394.860	 27
    1394.870	 28
    1394.870	 19
    1394.970	 29
    1395.140	  9
    1414.990	 51
    1415.000	 18
    1445.358	  8
    1445.532	  8
    1460.172	  8
    1460.266	  8
    1460.374	  8
    1460.712	  8
    1461.064	  8
    1461.310	  8
    1463.008	  8
    1463.818	  8
    1464.488	  8
    1466.544	  8
    1466.670	  8
    1466.958	  8
    1469.374	  8
    1469.636	  8
    1470.712	  8
    1470.780	  8
    1470.922	  8
    1471.156	  8
    1471.850	  8
    1472.132	  8
    1472.644	  8
    1472.724	  8
    1472.914	  8
    1473.494	  8
    1473.978	  8
    1474.626	  8
    1475.000	 53
    1475.516	  8
    1475.516	 20
    1475.516	 27
    1475.526	 28
    1475.526	 19
    1475.626	 29
    1475.796	  9
    1495.646	 50
    1495.656	 10
    1517.916	  8
    1518.126	  8
    1523.434	  8
    1523.910	  8
    1524.276	  8
    1524.630	  8
    1525.430	  8
    1525.656	 53
    1525.754	  8
    1525.754	 20
    1525.754	 27
    1525.764	 28
    1525.764	 19
    1525.864	 29
    1526.034	  9
    1526.932	  8
    1545.884	 50
    1545.894	 10
    1566.672	  8
    1567.154	  8
    1568.104	  8
    1569.208	  8
    1570.022	  8
    1570.138	  8
    1572.050	  8
    1572.200	  8
    1573.228	  8
    1573.654	  8
    1574.800	  8
    1575.602	  8
    1575.894	 53
    1577.186	  8
    1577.186	 20
    1577.186	 27
    1577.196	 28
    1577.196	 19
    1577.296	 29
    1577.466	  9
    1577.574	  8
    1578.958	  8
    1579.320	  8
    1579.448	  8
    1597.316	 52
    1597.326	 17
    1650.134	  8
    1650.578	  8
    1670.196	  7
    1670.326	  7
    1678.408	  8
    1678.516	  8
    1678.602	  8
    1678.988	  8
    1687.642	  8
    1697.972	  8
    1698.040	  8
    1713.308	  8
    1713.362	  8
    1713.716	  8
    1714.734	  8
    1715.132	  8
    1715.626	  8
    1716.136	  8
    1716.642	  8
    1717.326	 53
    1718.392	  8
    1718.392	 20
    1718.392	 27
    1718.402	 28
    1718.402	 19
    1718.502	 29
    1718.672	  9
    1738.522	 50
    1738.532	 10
    1756.118	  8
    1756.324	  8
    1757.424	  8
    1759.376	  8
    1759.676	  8
    1760.344	  8
    1762.276	  8
    1762.576	  8
    1763.596	  8
    1763.946	  8
    1765.136	  8
    1765.272	  8
    1765.856	  8
    1766.614	  8
    1767.082	  8
    1767.670	  8
    1767.972	  8
    1768.350	  8
    1768.532	 53
    1768.712	  8
    1768.712	 20
    1768.712	 27
    1768.722	 28
    1768.722	 19
    1768.822	 29
    1768.992	  9
    1788.842	 50
    1788.852	 10
    1805.700	  8
    1806.352	  8
    1810.302	  8
    1811.342	  8
    1811.712	  8
    1812.286	  8
    1813.582	  8
    1813.690	  8
    1813.828	  8
    1815.948	  8
    1816.362	  8
    1817.064	  8
    1817.372	  8
    1817.642	  8
    1818.852	 53
    1819.000	  8
    1819.000	 20
    1819.000	 27
    1819.010	 28
    1819.010	 19
    1819.110	 29
    1819.280	  9
    1821.612	  8
    1839.130	 51
    1839.140	 18
    1869.224	  7
    1869.346	  7
    1869.506	  7
    1870.944	  7
    1871.114	  7
    1871.310	  7
    1871.478	  7
    1871.688	  7
    1871.886	  7
    1896.516	  8
    1897.118	  8
    1899.140	 53
    1899.320	  8
    1899.320	 20
    1899.320	 27
    1899.330	 28
    1899.330	 19
    1899.430	 29
    1899.600	  9
    1899.664	  8
    1919.450	 52
    1919.460	 17
    1981.422	  8
    1981.522	  8
    1981.768	  8
    1982.102	  8
    1982.374	  8
    1983.632	  8
    1983.706	  8
    1984.034	  8
    1985.038	  8
    1985.726	  8
    1988.944	  8
    1989.342	  8
    1989.452	  8
    1989.584	  8
    1990.032	  8
    1990.530	  8
    1990.730	  8
    1991.314	  8
    1991.714	  8
    1992.832	  8
    1993.114	  8
    1993.770	  8
    1994.104	  8
    1995.100	  8
    1995.380	  8
    1995.860	  8
    1997.874	  8
    1998.082	  8
    1998.770	  8
    1999.216	  8
    2000.170	  8
    2001.314	  8
    2001.646	  8
    2002.134	  8
    2003.780	  8
    2004.170	  8
    2004.444	  8
    2005.010	  8
    2006.450	  8
    2006.594	  8
    2006.762	  8
    2007.078	  8
    2007.364	  8
    2007.602	  8
    2007.688	  8
    2009.354	  8
    2010.164	  8
    2010.462	  8
    2011.098	  8
    2011.478	  8
    2011.920	  8
    2013.684	  8
    2014.070	  8
    2015.450	  8
    2015.568	  8
    2015.854	  8
    2016.082	  8
    2017.196	  8
    2018.218	  8
    2019.142	  8
    2019.460	  8
    2020.338	  8
    2020.738	  8
    2021.046	  8
    2021.934	  8
    2022.550	  8
    2023.046	  8
    2024.348	  8
    2024.688	  8
    2024.796	  8
    2025.134	  8
    2025.352	  8
    2025.430	  8
    2025.936	  8
    2026.300	  8
    2026.552	  8
    2027.134	  8
    2028.860	  8
    2029.066	  8
    2029.442	  8
    2029.752	  8
    2030.238	  8
    2031.398	  8
    2031.740	  8
    2032.224	  8
    2032.474	  8
    2032.754	  8
    2032.922	  8
    2034.772	  8
    2035.134	  8
    2035.308	  8
    2035.866	  8
    2036.496	  8
    2036.876	  8
    2037.262	  8
    2037.468	  8
    2037.534	  8
    2037.878	  8
    2038.022	  8
    2039.460	 53
    2039.544	  8
    2039.544	 20
    2039.544	 27
    2039.554	 28
    2039.554	 19
    2039.654	 29
    2039.824	  9
    2039.852	  8
    2041.996	  8
    2059.674	 51
    2059.684	 18
    2073.150	  7
    2073.348	  7
    2073.480	  7
    2073.654	  7
    2073.802	  7
    2073.954	  7
    2074.092	  7
    2074.292	  7
    2074.430	  7
    2075.180	  7
    2076.030	  7
    2076.186	  7
    2076.344	  7
    2076.474	  7
    2080.900	  7
    2081.396	  7
    2081.534	  7
    2083.110	  7
    2083.256	  7
    2083.580	  7
    2083.756	  7
    2083.900	  7
    2084.358	  7
    2085.638	  7
    2085.796	  7
    2085.948	  7
    2086.098	  7
    2086.264	  7
    2086.408	  7
    2086.570	  7
    2086.722	  7
    2087.184	  7
    2087.342	  7
    2087.506	  7
    2087.792	  7
    2087.948	  7
    2088.090	  7
    2089.666	  7
    2089.824	  7
    2089.978	  7
    2090.160	  7
    2090.304	  7
    2090.468	  7
    2091.104	  7
    2091.244	  7
    2092.194	  7
    2093.164	  7
    2093.466	  7
    2093.614	  7
    2093.760	  7
    2093.904	  7
    2094.064	  7
    2094.238	  7
    2095.660	  7
    2095.832	  7
    2095.966	  7
    2096.122	  7
    2097.082	  7
    2097.260	  7
    2097.398	  7
    2098.042	  7
    2099.226	  7
    2099.378	  7
    2099.538	  7
    2100.804	  7
    2100.954	  7
    2101.394	  7
    2101.514	  7
    2102.302	  7
    2102.464	  7
    2102.614	  7
    2103.076	  7
    2103.240	  7
    2103.400	  7
    2104.170	  7
    2104.322	  7
    2104.478	  7
    2104.634	  7
    2104.780	  7
    2106.106	  7
    2106.222	  7
    2106.950	  7
    2107.554	  7
    2107.770	  7
    2107.974	  7
    2108.862	  7
    2109.304	  7
    2109.620	  7
    2109.754	  7
    2111.260	  8
    2111.738	  8
    2112.050	  8
    2112.190	  8
    2112.770	  8
    2113.962	  8
    2114.750	  8
    2115.934	  8
    2116.210	  8
    2116.450	  8
    2116.710	  8
    2117.512	  8
    2117.812	  8
    2118.254	  8
    2118.806	  8
    2119.630	  8
    2119.684	 53
    2119.934	  8
    2119.934	 20
    2119.934	 27
    2119.944	 28
    2119.944	 19
    2120.044	 29
    2120.214	  9
    2120.236	  8
    2140.064	 52
    2140.074	 17
    2169.222	  8
    2169.276	  8
    2169.412	  8
    2169.944	  8
    2236.032	  8
    2236.294	  8
    2236.668	  8
    2237.016	  8
    2237.202	  8
    2237.320	  8
    2237.654	  8
    2238.114	  8
    2238.322	  8
    2238.384	  8
    2238.752	  8
    2239.292	  8
    2239.672	  8
    2240.766	  8
    2241.114	  8
    2241.438	  8
    2242.672	  8
    2243.286	  8
    2243.518	  8
    2243.808	  8
    2244.382	  8
    2245.022	  8
    2245.328	  8
    2245.796	  8
    2246.630	  8
    2246.910	  8
    2247.416	  8
    2247.904	  8
    2247.988	  8
    2249.366	  8
    2249.514	  8
    2250.618	  8
    2250.884	  8
    2251.418	  8
    2251.876	  8
    2252.106	  8
    2252.216	  8
    2253.034	  8
    2253.616	  8
    2254.394	  8
    2254.898	  8
    2255.384	  8
    2256.284	  8
    2256.578	  8
    2256.904	  8
    2256.974	  8
    2257.140	  8
    2258.478	  8
    2259.502	  8
    2259.682	  8
    2259.940	  8
    2260.074	 53
    2260.590	  8
    2260.590	 20
    2260.590	 27
    2260.600	 28
    2260.600	 19
    2260.700	 29
    2260.742	  8
    2260.870	  9
    2280.720	 50
    2280.730	 10
    2299.620	  8
    2300.550	  8
    2300.742	  8
    2300.864	  8
    2304.660	  8
    2305.116	  8
    2305.730	  8
    2306.594	  8
    2307.076	  8
    2307.414	  8
    2308.302	  8
    2308.486	  8
    2309.604	  8
    2309.986	  8
    2310.224	  8
    2310.620	  8
    2310.730	 53
    2311.136	  8
    2311.136	 20
    2311.136	 27
    2311.146	 28
    2311.146	 19
    2311.246	 29
    2311.416	  9
    2331.266	 52
    2331.276	 17
    2379.562	  7
    2382.640	  8
    2385.590	  8
    2385.724	  8
    2386.112	  8
    2386.648	  8
    2393.540	  8
    2410.970	  8
    2411.278	  8
    2411.638	  8
    2412.002	  8
    2412.286	  8
    2412.936	  8
    2413.074	  8
    2413.418	  8
    2413.726	  8
    2414.484	  8
    2415.160	  8
    2415.588	  8
    2416.646	  8
    2416.924	  8
    2417.510	  8
    2419.616	  8
    2419.852	  8
    2420.204	  8
    2420.440	  8
    2420.784	  8
    2421.962	  8
    2422.624	  8
    2423.002	  8
    2423.206	  8
    2423.850	  8
    2424.362	  8
    2424.808	  8
    2425.620	  8
    2427.610	  8
    2427.758	  8
    2428.564	  8
    2428.964	  8
    2430.100	  8
    2430.568	  8
    2431.274	  8
    2431.596	  8
    2432.128	  8
    2433.386	  8
    2433.516	  8
    2433.954	  8
    2434.512	  8
    2434.788	  8
    2435.226	  8
    2435.528	  8
    2435.806	  8
    2436.072	  8
    2437.188	  8
    2437.354	  8
    2437.528	  8
    2437.810	  8
    2437.896	  8
    2438.110	  8
    2438.234	  8
    2438.330	  8
    2439.652	  8
    2439.766	  8
    2439.868	  8
    2440.692	  8
    2441.086	  8
    2441.302	  8
    2441.714	  8
    2441.800	  8
    2442.144	  8
    2443.532	  8
    2444.772	  8
    2445.224	  8
    2445.394	  8
    2445.934	  8
    2446.246	  8
    2447.170	  8
    2447.458	  8
    2448.892	  8
    2449.342	  8
    2449.654	  8
    2449.762	  8
    2450.102	  8
    2450.356	  8
    2450.614	  8
    2451.088	  8
    2451.276	 53
    2451.738	  8
    2451.738	 20
    2451.738	 27
    2451.748	 28
    2451.748	 19
    2451.848	 29
    2452.018	  9
    2452.052	  8
    2454.378	  8
    2471.868	 51
    2471.878	 18
    2480.498	  7
    2480.888	  7
    2480.982	  7
    2481.178	  7
    2481.338	  7
    2481.574	  7
    2481.978	  7
    2482.142	  7
    2482.380	  7
    2482.576	  7
    2482.748	  7
    2482.914	  7
    2483.056	  7
    2483.482	  7
    2483.686	  7
    2484.142	  7
    2484.270	  7
    2484.470	  7
    2484.610	  7
    2485.430	  7
    2507.268	  8
    2507.306	  8
    2508.154	  8
    2508.784	  8
    2510.260	  8
    2510.780	  8
    2512.680	  8
    2513.182	  8
    2514.156	  8
    2514.884	  8
    2515.024	  8
    2515.262	  8
    2515.610	  8
    2516.854	  8
    2517.606	  8
    2517.912	  8
    2518.128	  8
    2518.252	  8
    2519.096	  8
    2519.362	  8
    2520.012	  8
    2520.898	  8
    2521.798	  8
    2522.078	  8
    2522.368	  8
    2522.972	  8
    2524.206	  8
    2525.730	  8
    2526.934	  8
    2526.984	  8
    2527.748	  8
    2528.444	  8
    2528.526	  8
    2529.036	  8
    2530.494	  8
    2530.762	  8
    2531.806	  8
    2531.878	 53
    2532.306	  8
    2532.306	 20
    2532.306	 27
    2532.316	 28
    2532.316	 19
    2532.416	 29
    2532.444	  8
    2532.522	  8
    2532.586	  9
    2535.166	  8
    2535.252	  8
    2552.436	 52
    2552.446	 17
    2598.796	  8
    2599.224	  8
    2607.468	  8
    2607.896	  8
    2608.298	  8
    2609.954	  8
    2610.580	  8
    2614.756	  8
    2615.152	  8
    2615.762	  8
    2616.064	  8
    2616.534	  8
    2617.892	  8
    2618.268	  8
    2618.556	  8
    2618.990	  8
    2622.950	  8
    2623.188	  8
    2623.560	  8
    2624.028	  8
    2624.196	  8
    2624.566	  8
    2624.938	  8
    2625.334	  8
    2626.400	  8
    2626.738	  8
    2627.400	  8
    2627.828	  8
    2628.106	  8
    2628.364	  8
    2628.460	  8
    2628.642	  8
    2628.750	  8
    2629.514	  8
    2629.870	  8
    2630.326	  8
    2630.374	  8
    2630.724	  8
    2631.036	  8
    2632.226	  8
    2632.488	  8
    2632.548	  8
    2632.736	  8
    2633.642	  8
    2634.016	  8
    2634.202	  8
    2634.538	  8
    2635.130	  8
    2635.948	  8
    2636.164	  8
    2636.430	  8
    2637.260	  8
    2637.834	  8
    2638.416	  8
    2638.748	  8
    2639.072	  8
    2639.280	  8
    2640.880	  8
    2641.784	  8
    2641.990	  8
    2642.646	  8
    2642.890	  8
    2643.150	  8
    2644.636	  8
    2645.256	  8
    2645.306	  8
    2645.646	  8
    2645.706	  8
    2646.866	  8
    2647.498	  8
    2647.752	  8
    2648.506	  8
    2648.850	  8
    2649.142	  8
    2650.402	  8
    2650.876	  8
    2651.938	  8
    2652.794	  8
    2653.816	  8
    2654.480	  8
    2655.176	  8
    2655.466	  8
    2655.844	  8
    2656.234	  8
    2656.312	  8
    2657.284	  8
    2657.356	  8
    2657.616	  8
    2659.914	  8
    2660.212	  8
    2660.550	  8
    2661.070	  8
    2661.154	  8
    2661.426	  8
    2661.910	  8
    2662.262	  8
    2662.722	  8
    2663.642	  8
    2664.040	  8
    2664.872	  8
    2665.072	  8
    2665.858	  8
    2666.222	  8
    2666.458	  8
    2666.752	  8
    2667.028	  8
    2668.332	  8
    2668.534	  8
    2668.838	  8
    2669.026	  8
    2669.792	  8
    2670.026	  8
    2670.412	  8
    2671.100	  8
    2671.306	  8
    2671.770	  8
    2672.256	  8
    2672.446	 53
    2672.562	  8
    2672.562	 20
    2672.562	 27
    2672.572	 28
    2672.572	 19
    2672.672	 29
    2672.842	  9
    2692.692	 51
    2692.702	 18
    2725.998	  8
    2729.502	  8
    2729.618	  8
    2730.050	  8
    2730.364	  8
    2731.042	  8
    2733.416	  8
    2736.962	  8
    2737.104	  8
    2737.310	  8
    2737.500	  8
    2737.586	  8
    2737.832	  8
    2739.482	  8
    2740.678	  8
    2744.028	  8
    2745.208	  8
    2745.476	  8
    2746.366	  8
    2746.876	  8
    2748.372	  8
    2748.610	  8
    2749.130	  8
    2749.250	  8
    2750.242	  8
    2750.486	  8
    2751.318	  8
    2751.628	  8
    2751.876	  8
    2752.130	  8
    2752.444	  8
    2752.702	 53
    2753.208	  8
    2753.208	 20
    2753.208	 27
    2753.218	 28
    2753.218	 19
    2753.318	 29
    2753.488	  9
    2753.572	  8
    2773.338	 51
    2773.348	 18
    2789.534	  8
    2790.072	  8
    2803.506	  8
    2804.608	  8
    2805.060	  8
    2806.066	  8
    2806.392	  8
    2806.814	  8
    2807.138	  8
    2807.960	  8
    2808.562	  8
    2809.776	  8
    2810.452	  8
    2811.292	  8
    2811.650	  8
    2812.250	  8
    2813.342	  8
    2814.562	  8
    2815.478	  8
    2815.880	  8
    2816.102	  8
    2816.336	  8
    2817.320	  8
    2818.526	  8
    2818.894	  8
    2819.094	  8
    2819.292	  8
    2819.356	  8
    2819.608	  8
    2819.848	  8
    2820.070	  8
    2820.564	  8
    2820.836	  8
    2820.968	  8
    2821.842	  8
    2821.928	  8
    2822.530	  8
    2822.836	  8
    2822.934	  8
    2823.130	  8
    2823.428	  8
    2823.934	  8
    2824.254	  8
    2824.552	  8
    2824.784	  8
    2825.630	  8
    2826.482	  8
    2826.996	  8
    2827.224	  8
    2828.192	  8
    2828.516	  8
    2828.724	  8
    2828.782	  8
    2829.114	  8
    2829.624	  8
    2829.934	  8
    2830.332	  8
    2831.726	  8
    2831.952	  8
    2832.416	  8
    2833.348	 53
    2834.832	  8
    2834.832	 20
    2834.832	 27
    2834.842	 28
    2834.842	 19
    2834.942	 29
    2835.080	  8
    2835.112	  9
    2854.962	 52
    2854.972	 17
    2920.630	  8
    2921.000	  8
    2922.014	  8
    2922.852	  8
    2924.450	  8
    2925.022	  8
    2925.942	  8
    2935.474	  8
    2936.594	  8
    2937.558	  8
    2937.928	  8
    2939.534	  8
    2940.124	  8
    2940.406	  8
    2942.152	  8
    2942.768	  8
    2943.380	  8
    2944.012	  8
    2948.630	  8
    2948.976	  8
    2949.972	  8
    2950.284	  8
    2951.026	  8
    2951.492	  8
    2952.024	  8
    2953.688	  8
    2954.920	  8
    2955.578	  8
    2957.198	  8
    2961.684	  8
    2962.422	  8
    2967.800	  8
    2968.380	  8
    2968.490	  8
    2968.922	  8
    2974.972	 53
    2975.830	  8
    2975.830	 20
    2975.830	 27
    2975.840	 28
    2975.840	 19
    2975.940	 29
    2976.110	  9
    2978.290	  8
    2995.960	 50
    2995.970	 10
    3015.734	  8
    3016.310	  8
    3017.038	  8
    3017.334	  8
    3019.468	  8
    3020.264	  8
    3020.932	  8
    3021.256	  8
    3021.586	  8
    3022.002	  8
    3022.276	  8
    3022.752	  8
    3023.286	  8
    3023.712	  8
    3024.010	  8
    3025.026	  8
    3025.344	  8
    3025.970	 53
    3026.216	  8
    3026.216	 20
    3026.216	 27
    3026.226	 28
    3026.226	 19
    3026.326	 29
    3026.420	  8
    3026.496	  9
    3046.346	 51
    3046.356	 18
    3088.712	  8
    3089.154	  8
    3089.446	  8
    3089.838	  8
    3090.166	  8
    3090.476	  8
    3090.838	  8
    3091.734	  8
    3092.068	  8
    3094.878	  8
    3095.144	  8
    3095.852	  8
    3096.232	  8
    3096.576	  8
    3096.866	  8
    3098.684	  8
    3098.748	  8
    3099.052	  8
    3100.408	  8
    3100.580	  8
    3100.658	  8
    3101.970	  8
    3102.076	  8
    3102.276	  8
    3102.384	  8
    3103.852	  8
    3104.492	  8
    3105.162	  8
    3105.222	  8
    3105.734	  8
    3105.818	  8
    3105.946	  8
    3106.154	  8
    3106.356	 53
    3106.746	  8
    3106.746	 20
    3106.746	 27
    3106.756	 28
    3106.756	 19
    3106.856	 29
    3107.026	  9
    3109.480	  8
    3126.876	 50
    3126.886	 10
    3148.250	  8
    3149.140	  8
    3149.624	  8
    3152.232	  8
    3152.798	  8
    3153.002	  8
    3153.798	  8
    3154.404	  8
    3154.638	  8
    3155.116	  8
    3155.996	  8
    3156.592	  8
    3156.886	 53
    3157.552	  8
    3157.552	 20
    3157.552	 27
    3157.562	 28
    3157.562	 19
    3157.662	 29
    3157.718	  8
    3157.832	  9
    3177.682	 51
    3177.692	 18
    3213.684	  8
    3214.648	  8
    3215.972	  8
    3216.344	  8
    3216.666	  8
    3221.066	  8
    3222.142	  8
    3222.472	  8
    3222.714	  8
    3224.032	  8
    3224.174	  8
    3225.146	  8
    3226.040	  8
    3226.336	  8
    3226.774	  8
    3227.370	  8
    3227.818	  8
    3228.120	  8
    3228.324	  8
    3228.790	  8
    3229.220	  8
    3229.522	  8
    3230.048	  8
    3230.600	  8
    3232.476	  8
    3233.456	  8
    3234.004	  8
    3234.158	  8
    3234.304	  8
    3234.506	  8
    3234.820	  8
    3235.832	  8
    3236.168	  8
    3236.248	  8
    3237.578	  8
    3237.692	 53
    3237.784	  8
    3237.784	 20
    3237.784	 27
    3237.794	 28
    3237.794	 19
    3237.894	 29
    3238.064	  9
    3240.562	  8
    3257.914	 52
    3257.924	 17
    3283.756	  7
    3283.860	  7
    3284.176	  7
    3284.356	  7
    3284.518	  7
    3284.700	  7
    3284.866	  7
    3285.076	  7
    3285.272	  7
    3285.458	  7
    3285.802	  7
    3286.006	  7
    3286.148	  7
    3286.494	  7
    3286.714	  7
    3286.844	  7
    3323.656	  8
    3373.920	  8
    3374.376	  8
    3374.612	  8
    3375.000	  8
    3376.062	  8
    3376.360	  8
    3376.994	  8
    3377.924	 53
    3377.956	  8
    3377.956	 20
    3377.956	 27
    3377.966	 28
    3377.966	 19
    3378.066	 29
    3378.236	  9
    3380.024	  8
    3380.522	  8
    3398.086	 50
    3398.096	 10
    3421.364	  8
    3422.924	  8
    3423.942	  8
    3424.202	  8
    3424.558	  8
    3425.482	  8
    3426.156	  8
    3427.030	  8
    3427.772	  8
    3428.096	 53
    3428.208	  8
    3428.208	 20
    3428.208	 27
    3428.218	 28
    3428.218	 19
    3428.318	 29
    3428.488	  9
    3431.752	  8
    3448.338	 50
    3448.348	 10
    3467.610	  8
    3468.148	  8
    3468.418	  8
    3468.846	  8
    3470.580	  8
    3471.908	  8
    3472.076	  8
    3472.902	  8
    3473.674	  8
    3474.476	  8
    3475.614	  8
    3476.512	  8
    3476.818	  8
    3477.248	  8
    3477.590	  8
    3477.914	  8
    3478.348	 53
    3478.386	  8
    3478.386	 20
    3478.386	 27
    3478.396	 28
    3478.396	 19
    3478.496	 29
    3478.666	  9
    3480.180	  8
    3480.534	  8
    3480.658	  8
    3480.962	  8
    3498.516	 51
    3498.526	 18
    3512.754	  8
    3523.012	  7
    3523.716	  7
    3523.922	  7
    3524.080	  7
    3549.214	  8
    3549.562	  8
    3549.624	  8
    3549.980	  8
    3550.522	  8
    3550.894	  8
    3551.314	  8
    3551.838	  8
    3552.076	  8
    3552.260	  8
    3552.352	  8
    3553.608	  8
    3553.836	  8
    3554.232	  8
    3555.570	  8
    3555.970	  8
    3556.326	  8
    3556.512	  8
    3556.692	  8
    3557.354	  8
    3557.628	  8
    3557.988	  8
    3558.526	 53
    3559.696	  8
    3559.696	 20
    3559.696	 27
    3559.706	 28
    3559.706	 19
    3559.806	 29
    3559.976	  9
    3561.688	  8
    3579.826	 52
    3579.836	 17
    3633.494	  8
    3634.872	  8
    3635.112	  8
    3635.802	  8
    3636.778	  8
    3637.082	  8
    3639.036	  8
    3639.266	  8
    3639.716	  8
    3640.022	  8
    3640.392	  8
    3640.420	  8
    3641.542	  8
    3641.970	  8
    3642.370	  8
    3650.140	  8
    3650.380	  8
    3650.648	  8
    3651.280	  8
    3651.818	  8
    3652.182	  8
    3652.450	  8
    3653.554	  8
    3654.190	  8
    3654.802	  8
    3655.326	  8
    3655.542	  8
    3655.846	  8
    3655.900	  8
    3655.920	  8
    3657.252	  8
    3657.428	  8
    3659.324	  8
    3659.784	  8
    3661.084	  8
    3662.054	  8
    3663.374	  8
    3663.642	  8
    3664.306	  8
    3664.856	  8
    3665.286	  8
    3665.912	  8
    3666.386	  8
    3667.100	  8
    3667.612	  8
    3667.862	  8
    3669.502	  8
    3671.404	  8
    3671.988	  8
    3672.196	  8
    3672.620	  8
    3672.798	  8
    3673.318	  8
    3674.820	  8
    3675.048	  8
    3675.488	  8
    3675.652	  8
    3676.462	  8
    3676.712	  8
    3677.044	  8
    3678.620	  8
    3678.884	  8
    3680.630	  8
    3681.078	  8
    3681.256	  8
    3681.660	  8
    3681.708	  8
    3682.266	  8
    3682.460	  8
    3682.530	  8
    3683.476	  8
    3683.712	  8
    3684.056	  8
    3684.556	  8
    3685.214	  8
    3686.668	  8
    3687.282	  8
    3687.362	  8
    3687.604	  8
    3688.310	  8
    3688.916	  8
    3689.200	  8
    3689.310	  8
    3690.070	  8
    3690.594	  8
    3692.024	  8
    3692.130	  8
    3692.664	  8
    3692.944	  8
    3696.332	  8
    3696.726	  8
    3696.988	  8
    3697.748	  8
    3698.204	  8
    3698.648	  8
    3699.762	  8
    3699.836	 53
    3700.198	  8
    3700.198	 20
    3700.198	 27
    3700.208	 28
    3700.208	 19
    3700.308	 29
    3700.416	  8
    3700.478	  9
    3701.976	  8
    3702.594	  8
    3703.092	  8
    3720.328	 51
    3720.338	 18
    3735.290	  7
    3735.428	  7
    3735.576	  7
    3735.740	  7
    3736.028	  7
    3736.474	  7
    3736.622	  7
    3747.238	  7
    3747.744	  7
    3748.998	  7
    3749.152	  7
    3749.748	  7
    3750.870	  7
    3753.864	  7
    3754.164	  7
    3754.468	  7
    3754.624	  7
    3754.774	  7
    3754.938	  7
    3756.332	  7
    3756.518	  7
    3756.652	  7
    3757.148	  7
    3757.322	  7
    3757.480	  7
    3757.802	  7
    3758.428	  7
    3760.290	  7
    3760.440	  7
    3761.718	  7
    3763.728	  7
    3763.874	  7
    3764.192	  7
    3764.348	  7
    3764.496	  7
    3764.674	  7
    3764.966	  7
    3765.292	  7
    3766.064	  7
    3766.708	  7
    3767.194	  7
    3767.362	  7
    3767.500	  7
    3768.276	  7
    3768.432	  7
    3769.832	  7
    3770.002	  7
    3770.978	  7
    3771.184	  7
    3771.330	  7
    3773.336	  7
    3773.486	  7
    3773.640	  7
    3773.956	  7
    3774.144	  7
    3774.276	  7
    3777.208	  7
    3777.402	  7
    3777.526	  7
    3778.634	  7
    3780.206	  8
    3780.338	 53
    3780.696	  8
    3780.696	 20
    3780.696	 27
    3780.706	 28
    3780.706	 19
    3780.806	 29
    3780.976	  9
    3782.590	  8
    3800.826	 50
    3800.836	 10
    3816.938	  8
    3817.350	  8
    3817.748	  8
    3818.688	  8
    3818.888	  8
    3820.236	  8
    3820.920	  8
    3821.214	  8
    3822.102	  8
    3823.562	  8
    3823.966	  8
    3824.544	  8
    3825.080	  8
    3825.322	  8
    3825.666	  8
    3826.082	  8
    3826.396	  8
    3826.764	  8
    3827.260	  8
    3827.664	  8
    3827.812	  8
    3828.340	  8
    3828.514	  8
    3828.650	  8
    3829.980	  8
    3830.314	  8
    3830.836	 53
    3830.930	  8
    3830.930	 20
    3830.930	 27
    3830.940	 28
    3830.940	 19
    3831.040	 29
    3831.210	  9
    3832.876	  8
    3851.060	 50
    3851.070	 10
    3873.214	  8
    3876.450	  8
    3876.922	  8
    3877.662	  8
    3877.970	  8
    3878.388	  8
    3878.686	  8
    3879.066	  8
    3879.788	  8
    3880.250	  8
    3881.070	 53
    3881.122	  8
    3881.122	 20
    3881.122	 27
    3881.132	 28
    3881.132	 19
    3881.148	  8
    3881.232	 29
    3881.402	  9
    3883.326	  8
    3883.444	  8
    3901.252	 51
    3901.262	 18
    3925.492	  8
    3925.820	  8
    3926.032	  8
    3926.416	  8
    3927.072	  8
    3927.798	  8
    3928.028	  8
    3928.364	  8
    3928.470	  8
    3928.670	  8
    3929.012	  8
    3929.300	  8
    3929.458	  8
    3932.022	  8
    3932.908	  8
    3933.384	  8
    3934.186	  8
    3934.510	  8
    3935.106	  8
    3935.548	  8
    3936.878	  8
    3937.570	  8
    3938.676	  8
    3940.092	  8
    3940.336	  8
    3940.756	  8
    3940.884	  8
    3941.466	  8
    3941.974	  8
    3942.436	  8
    3943.616	  8
    3943.942	  8
    3944.160	  8
    3945.946	  8
    3946.248	  8
    3947.508	  8
    3947.732	  8
    3948.262	  8
    3948.662	  8
    3949.154	  8
    3949.294	  8
    3949.812	  8
    3949.958	  8
    3950.210	  8
    3950.264	  8
    3951.480	  8
    3952.180	  8
    3952.336	  8
    3952.642	  8
    3952.934	  8
    3953.318	  8
    3953.726	  8
    3954.526	  8
    3955.430	  8
    3955.832	  8
    3956.180	  8
    3956.890	  8
    3957.748	  8
    3958.098	  8
    3958.212	  8
    3958.396	  8
    3958.916	  8
    3959.938	  8
    3960.260	  8
    3960.674	  8
    3961.146	  8
    3961.262	 53
    3961.902	  8
    3961.902	 20
    3961.902	 27
    3961.912	 28
    3961.912	 19
    3962.012	 29
    3962.182	  9
    3963.672	  8
    3963.840	  8
    3982.032	 52
    3982.042	 17
    4042.674	  7
    4081.766	  8
    4081.982	  8
    4082.508	  8
    4082.788	  8
    4083.252	  8
    4083.560	  8
    4084.122	  8
    4084.802	  8
    4085.184	  8
    4085.484	  8
    4085.768	  8
    4087.214	  8
    4087.466	  8
    4087.554	  8
    4087.672	  8
    4089.128	  8
    4089.720	  8
    4089.776	  8
    4091.430	  8
    4091.706	  8
    4092.452	  8
    4102.042	 53
    4103.838	  8
    4103.838	 20
    4103.838	 27
    4103.848	 28
    4103.848	 19
    4103.948	 29
    4104.116	  8
    4104.118	  9
    4106.112	  8
    4106.262	  8
    4123.968	 51
    4123.978	 18
    4134.088	  8
    4140.042	  7
    4160.228	  8
    4160.468	  8
    4160.798	  8
    4161.214	  8
    4162.092	  8
    4162.328	  8
    4163.904	  8
    4164.186	  8
    4164.224	  8
    4165.214	  8
    4165.844	  8
    4166.176	  8
    4166.740	  8
    4167.136	  8
    4167.424	  8
    4168.698	  8
    4169.030	  8
    4169.480	  8
    4169.992	  8
    4170.960	  8
    4171.726	  8
    4172.038	  8
    4172.454	  8
    4172.908	  8
    4173.198	  8
    4174.226	  8
    4175.034	  8
    4175.904	  8
    4176.344	  8
    4176.690	  8
    4177.576	  8
    4178.306	  8
    4179.102	  8
    4180.454	  8
    4180.780	  8
    4181.092	  8
    4181.644	  8
    4182.540	  8
    4182.732	  8
    4182.922	  8
    4183.128	  8
    4183.506	  8
    4183.978	 53
    4184.710	  8
    4184.710	 20
    4184.710	 27
    4184.720	 28
    4184.720	 19
    4184.812	  8
    4184.820	 29
    4184.990	  9
    4204.840	 50
    4204.850	 10
    4225.484	  8
    4225.788	  8
    4230.500	  8
    4230.642	  8
    4231.476	  8
    4232.374	  8
    4232.704	  8
    4233.238	  8
    4233.708	  8
    4234.744	  8
    4234.850	 53
    4235.108	  8
    4235.108	 20
    4235.108	 27
    4235.118	 28
    4235.118	 19
    4235.218	 29
    4235.388	  9
    4255.238	 50
    4255.248	 10
    4284.576	  8
    4284.902	  8
    4285.248	 53
    4285.370	  8
    4285.370	 20
    4285.370	 27
    4285.380	 28
    4285.380	 19
    4285.480	 29
    4285.636	  8
    4285.650	  9
    4287.228	  8
    4305.500	 50
    4305.510	 10
    4325.700	  8
    4327.122	  8
    4327.810	  8
    4328.232	  8
    4328.802	  8
    4328.936	  8
    4329.302	  8
    4329.790	  8
    4331.132	  8
    4331.750	  8
    4332.116	  8
    4332.444	  8
    4332.802	  8
    4333.392	  8
    4333.924	  8
    4333.978	  8
    4334.314	  8
    4334.826	  8
    4335.096	  8
    4335.510	 53
    4335.926	  8
    4335.926	 20
    4335.926	 27
    4335.936	 28
    4335.936	 19
    4336.036	 29
    4336.206	  9
    4338.282	  8
    4356.056	 50
    4356.066	 10
    4376.080	  8
    4378.044	  8
    4378.568	  8
    4378.716	  8
    4379.114	  8
    4380.440	  8
    4380.592	  8
    4380.774	  8
    4381.208	  8
    4381.352	  8
    4382.092	  8
    4383.682	  8
    4384.164	  8
    4385.254	  8
    4385.676	  8
    4386.066	 53
    4386.362	  8
    4386.362	 20
    4386.362	 27
    4386.372	 28
    4386.372	 19
    4386.472	 29
    4386.642	  9
    4406.492	 52
    4406.502	 17
    4489.510	  8
    4489.544	  8
    4490.668	  8
    4491.316	  8
    4492.038	  8
    4492.514	  8
    4494.366	  8
    4495.374	  8
    4496.406	  8
    4503.126	  8
    4504.042	  8
    4507.068	  8
    4507.316	  8
    4508.278	  8
    4514.080	  8
    4514.254	  8
    4514.834	  8
    4515.420	  8
    4515.872	  8
    4516.892	  8
    4517.914	  8
    4519.718	  8
    4520.682	  8
    4521.678	  8
    4522.194	  8
    4522.838	  8
    4525.180	  8
    4525.702	  8
    4526.280	  8
    4526.502	 53
    4526.976	  8
    4526.976	 20
    4526.976	 27
    4526.986	 28
    4526.986	 19
    4527.086	 29
    4527.256	  9
    4547.106	 51
    4547.116	 18
    4570.184	  7
    4570.734	  7
    4570.898	  7
    4571.094	  7
    4571.274	  7
    4571.482	  7
    4571.682	  7
    4571.864	  7
    4572.020	  7
    4604.882	  8
    4605.124	  8
    4605.506	  8
    4606.306	  8
    4606.818	  8
    4607.116	 53
    4607.182	  8
    4607.182	 20
    4607.182	 27
    4607.192	 28
    4607.192	 19
    4607.292	 29
    4607.462	  9
    4627.312	 52
    4627.322	 17
    4684.822	  8
    4685.544	  8
    4686.010	  8
    4692.502	  8
    4692.916	  8
    4693.108	  8
    4694.448	  8
    4694.978	  8
    4695.344	  8
    4696.958	  8
    4697.250	  8
    4697.874	  8
    4698.364	  8
    4700.504	  8
    4700.992	  8
    4701.676	  8
    4701.998	  8
    4702.468	  8
    4702.988	  8
    4703.104	  8
    4704.458	  8
    4705.024	  8
    4707.708	  8
    4707.832	  8
    4708.456	  8
    4708.790	  8
    4709.140	  8
    4709.810	  8
    4710.282	  8
    4710.772	  8
    4711.110	  8
    4711.448	  8
    4712.362	  8
    4712.732	  8
    4713.292	  8
    4714.496	  8
    4714.910	  8
    4716.804	  8
    4716.888	  8
    4718.914	  8
    4719.218	  8
    4720.158	  8
    4720.244	  8
    4720.480	  8
    4720.594	  8
    4722.536	  8
    4722.702	  8
    4722.808	  8
    4723.210	  8
    4723.622	  8
    4723.938	  8
    4724.358	  8
    4725.564	  8
    4727.170	  8
    4727.590	  8
    4729.146	  8
    4729.806	  8
    4730.420	  8
    4731.002	  8
    4731.390	  8
    4731.582	  8
    4731.890	  8
    4732.222	  8
    4732.262	  8
    4733.798	  8
    4734.024	  8
    4734.224	  8
    4735.744	  8
    4736.602	  8
    4737.066	  8
    4737.136	  8
    4737.460	  8
    4738.674	  8
    4739.022	  8
    4740.644	  8
    4740.704	  8
    4741.034	  8
    4741.338	  8
    4741.686	  8
    4742.046	  8
    4743.612	  8
    4743.684	  8
    4744.084	  8
    4744.340	  8
    4744.920	  8
    4745.612	  8
    4746.104	  8
    4746.466	  8
    4747.322	 53
    4747.582	  8
    4747.582	 20
    4747.582	 27
    4747.592	 28
    4747.592	 19
    4747.692	 29
    4747.862	  9
    4750.240	  8
    4767.712	 50
    4767.722	 10
    4789.464	  8
    4792.676	  8
    4792.858	  8
    4793.234	  8
    4793.648	  8
    4793.804	  8
    4795.134	  8
    4796.026	  8
    4796.760	  8
    4796.952	  8
    4797.722	 53
    4797.966	  8
    4797.966	 20
    4797.966	 27
    4797.976	 28
    4797.976	 19
    4798.076	 29
    4798.246	  9
    4818.096	 50
    4818.106	 10
    4836.152	  8
    4836.434	  8
    4837.814	  8
    4839.610	  8
    4840.186	  8
    4841.228	  8
    4841.852	  8
    4842.264	  8
    4843.786	  8
    4844.442	  8
    4844.760	  8
    4845.416	  8
    4845.908	  8
    4846.452	  8
    4847.176	  8
    4847.938	  8
    4848.106	 53
    4848.310	  8
    4848.310	 20
    4848.310	 27
    4848.320	 28
    4848.320	 19
    4848.420	 29
    4848.590	  9
    4851.100	  8
    4851.380	  8
    4851.662	  8
    4868.440	 50
    4868.450	 10
    4887.992	  8
    4888.534	  8
    4889.292	  8
    4890.266	  8
    4890.686	  8
    4892.160	  8
    4892.714	  8
    4893.138	  8
    4893.300	  8
    4893.518	  8
    4893.872	  8
    4894.526	  8
    4894.592	  8
    4896.152	  8
    4896.740	  8
    4897.174	  8
    4897.436	  8
    4897.926	  8
    4898.450	 53
    4898.818	  8
    4898.818	 20
    4898.818	 27
    4898.828	 28
    4898.828	 19
    4898.928	 29
    4898.938	 61
