    4268.066	  7
    4268.188	  7
    4268.252	  7
    4268.366	  7
    4268.486	  7
    4268.616	  7
    4268.752	  7
    4268.888	  7
    4269.030	  7
    4269.160	  7
    4269.292	  7
    4269.428	  7
    4269.562	  7
    4269.692	  7
    4269.842	  7
    4269.972	  7
    4270.106	  7
    4270.236	  7
    4270.376	  7
    4270.514	  7
    4270.650	  7
    4270.804	  7
    4270.940	  7
    4271.076	  7
    4271.208	  7
    4271.346	  7
    4271.490	  7
    4271.630	  7
    4271.772	  7
    4271.924	  7
    4272.068	  7
    4272.204	  7
    4272.348	  7
    4272.494	  7
    4272.638	  7
    4272.798	  7
    4272.938	  7
    4273.080	  7
    4273.220	  7
    4273.362	  7
    4273.508	  7
    4273.666	  7
    4273.804	  7
    4273.944	  7
    4274.084	  7
    4274.254	  7
    4274.388	  7
    4274.554	  7
    4274.690	  7
    4274.828	  7
    4274.974	  7
    4275.118	  7
    4275.258	  7
    4275.424	  7
    4275.552	  7
    4275.694	  7
    4275.830	  7
    4275.978	  7
    4276.144	  7
    4276.270	  7
    4276.404	  7
    4276.558	  7
    4276.692	  7
    4276.838	  7
    4276.980	  7
    4277.120	  7
    4277.272	  7
    4277.410	  7
    4277.554	  7
    4277.690	  7
    4277.840	  7
    4278.004	  7
    4278.392	  7
    4278.524	  7
    4278.652	  7
    4278.788	  7
    4278.918	  7
    4279.062	  7
    4279.212	  7
    4279.374	  7
    4279.504	  7
    4279.644	  7
    4279.788	  7
    4279.932	  7
    4280.076	  7
    4280.238	  7
    4280.368	  7
    4280.508	  7
    4280.656	  7
    4280.792	  7
    4280.928	  7
    4281.074	  7
    4281.232	  7
    4281.366	  7
    4281.512	  7
    4281.642	  7
    4281.792	  7
    4281.940	  7
    4282.088	  7
    4282.234	  7
    4282.408	  7
    4282.548	  7
    4282.688	  7
    4282.832	  7
    4282.974	  7
    4283.124	  7
    4283.274	  7
    4283.424	  7
    4283.584	  7
    4283.700	  7
    4283.840	  7
    4284.008	  7
    4284.152	  7
    4284.338	  7
    4285.174	  7
    4285.416	  7
    4285.546	  7
    4285.628	  7
    4285.866	  7
    4286.042	  7
    4286.214	  7
    4286.408	  7
    4286.586	  7
    4286.746	  7
    4286.900	  7
    4287.074	  7
    4287.196	  7
    4287.266	  7
    4287.348	  7
    4287.520	  7
    4287.734	  7
    4288.162	  7
    4288.290	  7
    4288.434	  7
    4288.562	  7
    4288.690	  7
    4288.824	  7
    4288.972	  7
    4289.112	  7
    4289.250	  7
    4289.390	  7
    4289.526	  7
    4289.678	  7
    4289.820	  7
    4289.966	  7
    4290.110	  7
    4290.252	  7
    4290.408	  7
    4290.552	  7
    4290.700	  7
    4290.832	  7
    4290.964	  7
    4291.094	  7
    4291.320	  7
    4291.484	  7
    4291.608	  7
    4291.840	  7
    4292.022	  7
    4292.340	  7
    4292.922	  7
    4293.178	  7
    4293.424	  7
    4293.580	  7
    4293.874	  7
    4294.084	  7
    4294.322	  7
    4294.452	  7
    4294.686	  7
    4294.944	  7
    4295.358	  7
    4295.766	  7
    4295.938	  7
    4296.712	  7
    4299.104	  7
    4299.298	  7
    4299.498	  7
    4299.656	  7
    4299.838	  7
    4300.098	  7
    4300.254	  7
    4300.448	  7
    4300.904	  7
    4300.978	  7
    4308.148	  5
    4310.386	  8
    4310.386	 20
    4310.386	 27
    4310.396	 28
    4310.396	 19
    4310.496	 29
    4310.688	  9
    4313.100	  8
    4314.492	  8
    4328.198	  7
    4328.410	  7
    4328.536	  7
    4328.812	  7
    4329.080	  7
    4329.544	  7
    4329.864	  7
    4330.070	  7
    4330.228	  7
    4330.430	  7
    4330.516	 50
    4330.526	 17
    4330.580	  7
    4330.846	  7
    4331.116	  7
    4331.466	  7
    4331.686	  7
    4332.122	  7
    4332.700	  7
    4332.766	  7
    4333.148	  7
    4333.716	  7
    4333.928	  7
    4334.520	  7
    4334.832	  7
    4335.120	  7
    4335.204	  7
    4335.654	  7
    4335.834	  7
    4335.976	  7
    4336.246	  7
    4336.376	  7
    4336.978	  7
    4337.156	  7
    4337.344	  7
    4337.578	  7
    4337.836	  7
    4338.012	  7
    4338.996	  7
    4339.324	  7
    4339.910	  7
    4340.316	  7
    4340.438	  7
    4340.548	  7
    4340.686	  7
    4340.824	  7
    4340.954	  7
    4341.090	  7
    4341.236	  7
    4341.410	  7
    4341.764	  7
    4341.846	  7
    4342.352	  7
    4342.716	  7
    4342.980	  7
    4343.114	  7
    4343.240	  7
    4343.276	  7
    4344.186	  7
    4344.372	  7
    4344.538	  7
    4344.780	  7
    4344.884	  7
    4345.022	  7
    4345.160	  7
    4345.304	  7
    4345.450	  7
    4345.572	  7
    4345.704	  7
    4345.838	  7
    4345.972	  7
    4346.108	  7
    4346.250	  7
    4346.384	  7
    4346.518	  7
    4346.654	  7
    4346.792	  7
    4346.930	  7
    4347.062	  7
    4347.218	  7
    4347.350	  7
    4347.482	  7
    4347.624	  7
    4347.776	  7
    4347.914	  7
    4348.054	  7
    4348.212	  7
    4348.352	  7
    4348.494	  7
    4348.638	  7
    4348.782	  7
    4348.924	  7
    4349.070	  7
    4349.404	  7
    4349.526	  7
    4349.672	  7
    4349.786	  7
    4349.924	  7
    4350.062	  7
    4350.202	  7
    4350.342	  7
    4350.488	  7
    4350.652	  7
    4350.776	  7
    4350.914	  7
    4351.040	  7
    4351.188	  7
    4351.318	  7
    4351.458	  7
    4351.592	  7
    4351.756	  7
    4351.896	  7
    4352.034	  7
    4352.174	  7
    4352.318	  7
    4352.464	  7
    4352.616	  7
    4352.758	  7
    4352.904	  7
    4352.966	  7
    4353.222	  7
    4353.546	  7
    4354.214	  7
    4354.740	  7
    4354.926	  7
    4355.090	  7
    4355.244	  7
    4355.716	  7
    4355.832	  7
    4355.928	  7
    4356.036	  7
    4356.168	  7
    4356.384	  7
    4356.630	  7
    4356.826	  7
    4357.002	  7
    4357.220	  7
    4357.338	  7
    4357.440	  7
    4357.564	  7
    4357.706	  7
    4357.832	  7
    4358.084	  7
    4358.282	  7
    4358.328	  7
    4358.472	  7
    4358.526	  7
    4358.726	  7
    4359.020	  7
    4359.216	  7
    4359.718	  7
    4359.774	  7
    4360.526	 53
    4360.576	  7
    4360.834	  7
    4361.062	  7
    4361.246	  7
    4361.398	  7
    4361.578	  7
    4361.736	  7
    4361.878	  7
    4362.132	  7
    4362.452	  7
    4362.618	  7
    4362.796	  7
    4362.982	  7
    4363.154	  7
    4363.326	  7
    4363.530	  7
    4363.984	  7
    4364.156	  7
    4364.324	  7
    4364.416	  7
    4364.512	  7
    4364.654	  7
    4364.784	  7
    4367.796	  7
    4368.246	  7
    4368.824	  7
    4368.880	  7
    4369.132	  7
    4369.366	  7
    4369.638	  7
    4369.852	  7
    4370.076	  7
    4370.202	  7
    4370.390	  7
    4370.664	  7
    4371.396	  7
    4372.012	  7
    4372.146	  7
    4372.170	  7
    4372.726	  7
    4373.002	  7
    4373.288	  7
    4373.388	  7
    4374.366	  7
    4374.708	  7
    4374.822	  7
    4375.190	  7
    4375.414	  7
    4376.804	  7
    4377.254	  7
    4377.642	  7
    4377.972	  7
    4378.238	  7
    4379.758	  7
    4380.882	  7
    4381.334	  7
    4381.534	  7
    4381.858	  7
    4381.954	  7
    4382.250	  7
    4382.380	  7
    4382.514	  7
    4382.648	  7
    4382.780	  7
    4382.920	  7
    4383.054	  7
    4383.186	  7
    4383.340	  7
    4383.464	  7
    4383.598	  7
    4383.728	  7
    4383.864	  7
    4384.000	  7
    4384.144	  7
    4384.278	  7
    4384.410	  7
    4384.548	  7
    4384.696	  7
    4384.830	  7
    4384.970	  7
    4385.114	  7
    4385.252	  7
    4385.390	  7
    4385.536	  7
    4385.596	  7
    4386.398	  7
    4386.726	  7
    4386.976	  7
    4387.216	  7
    4387.392	  7
    4387.714	  7
    4387.950	  7
    4388.180	  7
    4388.414	  7
    4388.656	  7
    4389.022	  7
    4389.364	  7
    4389.638	  7
    4389.828	  7
    4390.492	  7
    4391.154	  7
    4391.368	  7
    4391.600	  7
    4392.972	  7
    4393.372	  7
    4393.556	  7
    4393.754	  7
    4393.898	  7
    4394.088	  7
    4394.234	  7
    4394.400	  7
    4394.570	  7
    4394.728	  7
    4394.916	  7
    4395.154	  7
    4395.292	  7
    4395.472	  7
    4395.592	  7
    4395.762	  7
    4397.022	  7
    4397.354	  7
    4397.876	  7
    4398.148	  7
    4398.352	  7
    4401.292	  8
    4401.292	 20
    4401.292	 27
    4401.302	 28
    4401.302	 19
    4401.402	 29
    4401.594	  9
    4404.344	  8
    4405.518	  8
    4408.990	  8
    4420.792	  7
    4420.878	  7
    4421.142	  7
    4421.244	  7
    4421.422	 50
    4421.432	 17
    4421.570	  7
    4421.876	  7
    4422.198	  7
    4422.496	  7
    4422.618	  7
    4423.434	  7
    4423.640	  7
    4423.804	  7
    4423.938	  7
    4424.066	  7
    4424.250	  7
    4424.442	  7
    4424.592	  7
    4424.822	  7
    4424.980	  7
    4425.142	  7
    4425.296	  7
    4425.428	  7
    4425.936	  7
    4426.058	  7
    4426.294	  7
    4426.674	  7
    4426.954	  7
    4427.010	  7
    4427.214	  7
    4427.366	  7
    4427.508	  7
    4427.552	  7
    4427.692	  7
    4427.816	  7
    4428.360	  7
    4428.514	  7
    4430.400	  7
    4433.620	  7
    4433.826	  7
    4433.886	  7
    4433.946	  7
    4434.112	  7
    4434.280	  7
    4434.632	  7
    4435.282	  7
    4435.540	  7
    4435.692	  7
    4435.864	  7
    4436.036	  7
    4436.202	  7
    4436.332	  7
    4436.756	  7
    4437.026	  7
    4437.208	  7
    4437.414	  7
    4437.520	  7
    4437.578	  7
    4437.752	  7
    4438.154	  7
    4438.548	  7
    4438.798	  7
    4439.170	  7
    4439.304	  7
    4439.966	  7
    4440.344	  7
    4440.600	  7
    4440.728	  7
    4441.286	  7
    4442.336	  7
    4442.542	  7
    4442.750	  7
    4442.964	  7
    4443.112	  7
    4443.292	  7
    4445.054	  8
    4447.334	  8
    4447.726	  8
    4451.432	 53
    4453.486	  8
    4453.486	 20
    4453.486	 27
    4453.496	 28
    4453.496	 19
    4453.596	 29
    4453.666	  8
    4453.788	  9
    4455.144	  8
    4456.500	  8
    4460.484	  7
    4460.686	  7
    4460.918	  7
    4461.236	  7
    4461.390	  7
    4461.570	  7
    4461.736	  7
    4461.876	  7
    4462.044	  7
    4462.168	  7
    4462.204	  7
    4462.700	  7
    4462.950	  7
    4463.148	  7
    4463.340	  7
    4463.496	  7
    4463.668	  7
    4463.748	  7
    4464.072	  7
    4464.282	  7
    4464.486	  7
    4464.930	  7
    4465.206	  7
    4465.302	  7
    4465.394	  7
    4465.548	  7
    4465.698	  7
    4465.828	  7
    4465.968	  7
    4466.130	  7
    4466.272	  7
    4466.490	  7
    4466.670	  7
    4466.956	  7
    4467.144	  7
    4467.358	  7
    4467.726	  7
    4468.270	  7
    4468.336	  7
    4468.414	  7
    4470.814	  7
    4471.272	  7
    4471.322	  7
    4471.604	  7
    4472.986	  7
    4473.180	  7
    4473.376	  7
    4473.594	  7
    4473.616	 50
    4473.626	 17
    4473.774	  7
    4473.994	  7
    4474.116	  7
    4474.232	  7
    4474.432	  7
    4475.364	  7
    4475.916	  7
    4476.062	  7
    4476.202	  7
    4476.340	  7
    4476.468	  7
    4478.766	  8
    4484.744	  8
    4484.902	  8
    4503.626	 53
    4517.222	  8
    4517.222	 20
    4517.222	 27
    4517.232	 28
    4517.232	 19
    4517.332	 29
    4517.524	  9
    4519.070	  8
    4528.082	  8
    4536.856	  8
    4536.938	  8
    4537.352	 50
    4537.362	 17
    4547.742	  8
    4554.230	  8
    4555.238	  8
    4565.020	  8
    4567.362	 53
    4628.062	  8
    4628.062	 20
    4628.062	 27
    4628.072	 28
    4628.072	 19
    4628.172	 29
    4628.364	  9
    4631.040	  8
    4632.098	  8
    4632.232	  8
    4637.510	  8
    4637.666	  8
    4644.760	  7
    4645.678	  7
    4646.060	  7
    4646.214	  7
    4646.514	  7
    4646.720	  7
    4646.892	  7
    4647.034	  7
    4647.098	  7
    4647.230	  7
    4647.428	  7
    4647.624	  7
    4647.806	  7
    4648.072	  7
    4648.192	 52
    4648.202	 10
    4648.370	  7
    4648.640	  7
    4649.156	  7
    4649.460	  7
    4649.534	  7
    4649.650	  7
    4649.778	  7
    4649.930	  7
    4650.006	  7
    4650.114	  7
    4650.396	  7
    4650.514	  7
    4650.754	  7
    4650.996	  7
    4651.210	  7
    4651.388	  7
    4651.548	  7
    4651.782	  7
    4651.908	  7
    4653.216	  7
    4653.326	  7
    4653.514	  7
    4654.366	  7
    4654.722	  7
    4654.870	  7
    4657.472	  8
    4663.534	  8
    4675.930	  8
    4677.442	  8
    4681.612	  8
    4681.738	  8
    4693.622	  8
    4693.716	  8
    4704.204	  8
    4704.354	  8
    4719.230	  8
    4721.650	  8
    4722.264	  8
    4722.428	  8
    4722.970	  8
    4737.140	  8
    4740.900	  8
    4747.018	  8
    4747.140	  8
    4762.250	  8
    4762.432	  8
    4768.202	 53
    4770.144	  7
    4770.316	  7
    4770.498	  7
    4770.846	  7
    4771.026	  7
    4771.414	  7
    4771.652	  7
    4771.836	  7
    4771.982	  7
    4772.142	  7
    4772.304	  7
    4772.452	  7
    4772.628	  7
    4772.810	  7
    4772.976	  7
    4773.130	  7
    4773.320	  7
    4773.424	  7
    4773.806	  7
    4773.980	  7
    4774.130	  7
    4774.262	  7
    4774.442	  7
    4774.612	  7
    4774.806	  7
    4775.024	  7
    4775.336	  7
    4775.580	  7
    4775.960	  7
    4788.138	  7
    4788.250	  7
    4788.378	  7
    4788.516	  7
    4788.650	  7
    4788.786	  7
    4788.936	  7
    4789.070	  7
    4789.244	  7
    4789.350	  7
    4789.496	  7
    4789.636	  7
    4789.786	  7
    4789.932	  7
    4790.078	  7
    4790.238	  7
    4790.382	  7
    4790.534	  7
    4790.688	  7
    4790.832	  7
    4791.006	  7
    4791.132	  7
    4791.284	  7
    4791.420	  7
    4791.572	  7
    4791.722	  7
    4791.896	  7
    4792.032	  7
    4792.176	  7
    4792.326	  7
    4792.474	  7
    4792.622	  7
    4792.776	  7
    4792.924	  7
    4793.098	  7
    4793.244	  7
    4793.388	  7
    4793.540	  7
    4793.694	  7
    4793.836	  7
    4793.980	  7
    4794.156	  7
    4794.298	  7
    4794.438	  7
    4794.586	  7
    4794.740	  7
    4794.876	  7
    4795.024	  7
    4795.192	  7
    4795.328	  7
    4795.462	  7
    4795.598	  7
    4795.724	  7
    4795.856	  7
    4796.138	  7
    4796.430	  7
    4796.950	  7
    4797.228	  7
    4798.078	  7
    4798.530	  7
    4798.736	  7
    4798.920	  7
    4799.066	  7
    4799.250	  7
    4799.540	  7
    4799.696	  7
    4799.830	  7
    4800.536	  7
    4800.756	  7
    4801.124	  7
    4801.288	  7
    4801.538	  7
    4801.714	  7
    4801.998	  7
    4803.002	  7
    4803.342	  7
    4803.590	  7
    4804.016	  7
    4804.198	  7
    4804.374	  7
    4806.952	  8
    4806.952	 20
    4806.952	 27
    4806.962	 28
    4806.962	 19
    4806.990	  8
    4807.062	 29
    4807.254	  9
    4809.710	  8
    4827.082	 50
    4827.092	 17
    4857.092	 53
    4950.704	  8
    4950.704	 20
    4950.704	 27
    4950.714	 28
    4950.714	 19
    4950.814	 29
    4950.822	  8
    4951.006	  9
    4953.252	  8
    4953.936	  8
    4954.150	  8
    4970.834	 51
    4970.844	 18
    4980.246	  8
    5028.418	  8
    5030.844	 53
    5042.458	  8
    5042.458	 20
    5042.458	 27
    5042.468	 28
    5042.468	 19
    5042.568	 29
    5042.760	  9
    5051.538	  8
    5054.344	  8
    5059.216	  8
    5062.588	 50
    5062.598	 17
    5088.462	  8
    5088.578	  8
    5092.598	 53
    5094.354	  8
    5094.354	 20
    5094.354	 27
    5094.364	 28
    5094.364	 19
    5094.464	 29
    5094.656	  9
    5100.552	  8
    5101.288	  8
    5103.814	  8
    5108.028	  8
    5108.854	  8
    5114.484	 50
    5114.494	 17
    5134.536	  8
    5136.622	  8
    5144.494	 53
    5150.734	  8
    5150.734	 20
    5150.734	 27
    5150.744	 28
    5150.744	 19
    5150.844	 29
    5151.036	  9
    5153.178	  8
    5154.696	  8
    5155.188	  8
    5160.308	  8
    5170.864	 50
    5170.874	 17
    5179.716	  7
    5180.170	  7
    5180.414	  7
    5180.640	  7
    5180.850	  7
    5181.072	  7
    5181.272	  7
    5181.486	  7
    5182.190	  7
    5182.466	  7
    5182.692	  7
    5182.916	  7
    5183.094	  7
    5183.314	  7
    5183.466	  7
    5183.634	  7
    5183.796	  7
    5184.002	  7
    5184.322	  7
    5184.778	  7
    5186.578	  7
    5186.830	  7
    5187.114	  7
    5187.272	  7
    5187.400	  7
    5187.624	  7
    5187.840	  7
    5188.252	  7
    5188.440	  7
    5188.668	  7
    5188.862	  7
    5189.102	  7
    5189.488	  7
    5189.650	  7
    5189.848	  7
    5190.050	  7
    5190.278	  7
    5190.498	  7
    5190.688	  7
    5191.148	  7
    5191.336	  7
    5191.514	  7
    5191.726	  7
    5191.930	  7
    5192.144	  7
    5192.742	  7
    5193.060	  7
    5193.250	  7
    5196.248	  8
    5200.874	 53
    5201.072	  7
    5201.376	  7
    5201.786	  7
    5201.974	  7
    5202.146	  7
    5202.464	  7
    5203.280	  7
    5203.464	  7
    5203.876	  7
    5204.234	  7
    5204.434	  7
    5204.574	  7
    5204.708	  7
    5204.870	  7
    5205.570	  7
    5206.756	  7
    5207.474	  7
    5207.702	  7
    5207.912	  7
    5208.094	  7
    5208.278	  7
    5208.438	  7
    5208.648	  7
    5209.016	  7
    5209.446	  7
    5209.852	  7
    5210.306	  7
    5210.418	  7
    5211.386	  7
    5211.752	  7
    5211.964	  7
    5212.132	  7
    5212.534	  7
    5212.698	  7
    5212.948	  7
    5213.412	  7
    5213.744	  7
    5213.858	  7
    5214.778	  7
    5214.908	  7
    5215.032	  7
    5215.162	  7
    5215.312	  7
    5215.438	  7
    5215.562	  7
    5215.692	  7
    5215.834	  7
    5215.968	  7
    5216.126	  7
    5216.256	  7
    5216.382	  7
    5216.514	  7
    5216.652	  7
    5216.792	  7
    5216.962	  7
    5217.076	  7
    5217.204	  7
    5217.346	  7
    5217.482	  7
    5217.628	  7
    5217.794	  7
    5217.924	  7
    5218.056	  7
    5218.198	  7
    5218.334	  7
    5218.470	  7
    5218.616	  7
    5218.774	  7
    5218.904	  7
    5219.040	  7
    5219.172	  7
    5219.318	  7
    5219.456	  7
    5219.622	  7
    5219.758	  7
    5219.896	  7
    5220.038	  7
    5220.182	  7
    5220.326	  7
    5220.488	  7
    5220.620	  7
    5220.758	  7
    5220.898	  7
    5221.050	  7
    5221.186	  7
    5221.320	  7
    5221.472	  7
    5221.648	  7
    5221.688	  7
    5221.934	  7
    5222.440	  7
    5222.852	  7
    5223.060	  7
    5223.242	  7
    5223.430	  7
    5223.612	  7
    5223.794	  7
    5223.954	  7
    5224.122	  7
    5224.710	  7
    5224.878	  7
    5225.134	  7
    5225.422	  7
    5225.560	  7
    5225.640	  7
    5225.848	  7
    5226.054	  7
    5226.234	  7
    5226.320	  7
    5226.402	  7
    5226.554	  7
    5226.696	  7
    5226.848	  7
    5227.026	  7
    5227.168	  7
    5227.502	  7
    5228.110	  7
    5228.142	  7
    5228.488	  7
    5229.346	  7
    5229.736	  7
    5229.796	  7
    5229.958	  7
    5230.782	  7
    5231.114	  7
    5231.290	  7
    5231.544	  7
    5232.028	  7
    5232.642	  7
    5232.838	  7
    5233.846	  7
    5234.030	  7
    5234.346	  7
    5234.582	  7
    5234.800	  7
    5235.370	  7
    5235.646	  7
    5235.758	  7
    5235.890	  7
    5236.026	  7
    5236.174	  7
    5236.314	  7
    5236.772	  7
    5236.888	  7
    5239.302	  8
    5239.302	 20
    5239.302	 27
    5239.312	 28
    5239.312	 19
    5239.412	 29
    5239.604	  9
    5243.970	  8
    5245.436	  8
    5245.822	  8
    5247.984	  8
    5248.344	  8
    5259.432	 50
    5259.442	 17
    5274.158	  8
    5289.442	 53
    5289.830	  8
    5289.830	 20
    5289.830	 27
    5289.840	 28
    5289.840	 19
    5289.940	 29
    5290.132	  9
    5291.210	  8
    5291.446	  8
    5293.430	  8
    5294.008	  8
    5295.966	  8
    5300.932	  7
    5301.430	  7
    5301.750	  7
    5301.950	  7
    5302.122	  7
    5302.272	  7
    5302.448	  7
    5302.606	  7
    5302.790	  7
    5302.880	  7
    5303.122	  7
    5303.322	  7
    5303.504	  7
    5303.644	  7
    5303.900	  7
    5304.254	  7
    5304.356	  7
    5304.478	  7
    5304.640	  7
    5304.730	  7
    5304.914	  7
    5305.452	  7
    5305.868	  7
    5306.320	  7
    5306.534	  7
    5306.690	  7
    5307.636	  7
    5308.504	  7
    5308.984	  7
    5309.214	  7
    5309.380	  7
    5309.550	  7
    5309.762	  7
    5309.960	 50
    5309.970	 17
    5310.262	  7
    5310.462	  7
    5310.874	  7
    5310.986	  7
    5311.406	  7
    5311.830	  7
    5311.892	  7
    5312.170	  7
    5312.364	  7
    5312.548	  7
    5312.728	  7
    5312.870	  7
    5313.202	  7
    5313.644	  7
    5313.974	  7
    5314.932	  7
    5315.324	  7
    5315.408	  7
    5316.498	  7
    5316.922	  7
    5317.174	  7
    5317.422	  7
    5317.732	  7
    5318.214	  7
    5318.580	  7
    5318.760	  7
    5318.812	  7
    5319.788	  7
    5320.864	  7
    5323.134	  8
    5324.284	  8
    5327.392	  8
    5330.060	  8
    5339.944	  8
    5339.970	 53
    5345.068	  8
    5345.068	 20
    5345.068	 27
    5345.078	 28
    5345.078	 19
    5345.178	 29
    5345.370	  9
    5349.608	  8
    5359.274	  8
    5365.198	 51
    5365.208	 18
    5375.542	  8
    5382.690	  8
    5403.252	  8
    5406.292	  8
    5406.576	  8
    5422.012	  8
    5425.208	 53
    5469.198	  8
    5469.198	 20
    5469.198	 27
    5469.208	 28
    5469.208	 19
    5469.308	 29
    5469.500	  9
    5470.624	  8
    5473.394	  8
    5473.910	  8
    5476.202	  8
    5476.840	  8
    5485.794	  8
    5487.566	  8
    5489.328	 51
    5489.338	 18
    5495.922	  8
    5504.878	  8
    5506.050	  8
    5516.320	  8
    5527.724	  8
    5549.338	 53
    5606.366	  8
    5606.366	 20
    5606.366	 27
    5606.376	 28
    5606.376	 19
    5606.476	 29
    5606.668	  9
    5608.028	  8
    5610.154	  8
    5615.348	  8
    5622.764	  7
    5622.864	  7
    5622.974	  7
    5623.222	  7
    5623.358	  7
    5623.468	  7
    5623.686	  7
    5623.940	  7
    5624.056	  7
    5624.190	  7
    5624.296	  7
    5624.448	  7
    5624.566	  7
    5624.836	  7
    5625.010	  7
    5625.180	  7
    5625.354	  7
    5625.538	  7
    5626.496	 51
    5626.506	 18
    5626.548	  7
    5627.188	  7
    5627.300	  7
    5627.502	  7
    5627.618	  7
    5628.478	  7
    5628.688	  7
    5628.824	  7
    5629.016	  7
    5629.998	  7
    5630.240	  7
    5630.470	  7
    5630.714	  7
    5631.224	  7
    5631.440	  7
    5631.654	  7
    5631.864	  7
    5632.054	  7
    5632.226	  7
    5632.372	  7
    5632.538	  7
    5632.702	  7
    5633.392	  7
    5633.472	  7
    5634.150	  7
    5634.334	  7
    5634.536	  7
    5634.704	  7
    5638.386	  7
    5640.412	  8
    5640.552	  8
    5647.154	  8
    5653.556	  7
    5654.590	  7
    5654.636	  7
    5654.946	  7
    5655.406	  7
    5655.538	  7
    5656.014	  7
    5656.258	  7
    5656.444	  7
    5656.618	  7
    5656.808	  7
    5656.970	  7
    5657.142	  7
    5657.308	  7
    5657.480	  7
    5657.998	  7
    5658.164	  7
    5658.342	  7
    5658.496	  7
    5658.822	  7
    5659.038	  7
    5659.198	  7
    5659.326	  7
    5659.452	  7
    5659.558	  7
    5659.828	  7
    5660.300	  7
    5660.570	  7
    5661.466	  7
    5661.738	  7
    5661.952	  7
    5663.550	  7
    5663.752	  7
    5663.910	  7
    5663.958	  7
    5664.142	  7
    5664.410	  7
    5665.028	  7
    5665.210	  7
    5665.674	  7
    5665.836	  7
    5666.286	  7
    5666.650	  7
    5666.850	  7
    5666.888	  7
    5667.168	  7
    5667.208	  7
    5667.542	  7
    5670.088	  7
    5671.196	  7
    5671.774	  7
    5672.810	  7
    5673.098	  7
    5674.128	  7
    5675.874	  8
    5676.888	  8
    5684.328	  7
    5684.526	  7
    5684.716	  7
    5684.882	  7
    5685.076	  7
    5685.238	  7
    5685.572	  7
    5685.728	  7
    5685.898	  7
    5686.078	  7
    5686.252	  7
    5686.314	  7
    5686.506	 53
    5686.704	  7
    5687.000	  7
    5687.436	  7
    5687.606	  7
    5687.770	  7
    5687.926	  7
    5688.084	  7
    5688.228	  7
    5688.396	  7
    5688.560	  7
    5688.776	  7
    5689.216	  7
    5689.962	  7
    5690.646	  7
    5691.828	  7
    5691.978	  7
    5692.168	  7
    5692.318	  7
    5692.472	  7
    5693.218	  7
    5694.510	  7
    5694.888	  7
    5695.506	  7
    5695.972	  7
    5696.250	  7
    5696.670	  7
    5696.972	  7
    5697.280	  7
    5697.448	  7
    5697.640	  7
    5697.802	  7
    5697.992	  7
    5698.136	  7
    5698.290	  7
    5698.438	  7
    5699.186	  7
    5699.612	  7
    5699.812	  7
    5699.988	  7
    5700.158	  7
    5700.310	  7
    5700.560	  7
    5700.966	  7
    5701.406	  7
    5701.894	  7
    5702.376	  7
    5717.766	  7
    5718.004	  7
    5718.312	  7
    5718.666	  7
    5718.894	  7
    5719.108	  7
    5719.334	  7
    5719.570	  7
    5719.746	  7
    5719.906	  7
    5720.072	  7
    5720.222	  7
    5720.608	  7
    5720.886	  7
    5721.268	  7
    5721.394	  7
    5721.446	  7
    5721.696	  7
    5722.072	  7
    5722.328	  7
    5722.448	  7
    5722.590	  7
    5724.292	  7
    5724.430	  7
    5724.570	  7
    5724.706	  7
    5724.876	  7
    5724.996	  7
    5725.146	  7
    5725.282	  7
    5725.410	  7
    5725.560	  7
    5725.702	  7
    5725.838	  7
    5726.010	  7
    5726.136	  7
    5726.286	  7
    5726.440	  7
    5726.582	  7
    5726.732	  7
    5726.900	  7
    5727.030	  7
    5727.166	  7
    5727.318	  7
    5727.466	  7
    5727.606	  7
    5727.756	  7
    5727.902	  7
    5728.062	  7
    5728.184	  7
    5728.324	  7
    5728.470	  7
    5728.616	  7
    5728.764	  7
    5728.902	  7
    5729.066	  7
    5729.198	  7
    5729.348	  7
    5729.488	  7
    5729.636	  7
    5729.764	  7
    5729.848	  7
    5730.358	  7
    5730.640	  7
    5730.898	  7
    5731.100	  7
    5731.424	  7
    5731.642	  7
    5731.794	  7
    5732.008	  7
    5732.206	  7
    5733.368	  7
    5733.582	  7
    5733.790	  7
    5733.978	  7
    5734.194	  7
    5734.564	  7
    5734.722	  7
    5735.200	  7
    5735.820	  7
    5736.018	  7
    5736.234	  7
    5736.412	  7
    5736.564	  7
    5736.702	  7
    5737.720	  7
    5737.892	  7
    5747.944	  8
    5747.944	 20
    5747.944	 27
    5747.954	 28
    5747.954	 19
    5748.046	  8
    5748.054	 29
    5748.246	  9
    5751.752	  8
    5752.758	  8
    5753.272	  8
    5763.572	  8
    5768.074	 51
    5768.084	 18
    5769.126	  8
    5777.470	  8
    5781.630	  7
    5781.828	  7
    5782.156	  7
    5782.544	  7
    5782.894	  7
    5783.132	  7
    5783.412	  7
    5783.598	  7
    5783.800	  7
    5783.982	  7
    5784.142	  7
    5784.298	  7
    5784.322	  7
    5785.922	  8
    5798.670	  7
    5798.756	  7
    5798.950	  7
    5799.122	  7
    5799.286	  7
    5799.460	  7
    5799.632	  7
    5799.808	  7
    5799.960	  7
    5800.112	  7
    5800.402	  7
    5800.908	  7
    5801.096	  7
    5801.350	  7
    5801.696	  7
    5802.016	  7
    5802.480	  7
    5802.746	  7
    5803.060	  7
    5803.310	  7
    5803.450	  7
    5803.596	  7
    5804.216	  7
    5804.460	  7
    5804.556	  7
    5804.700	  7
    5804.844	  7
    5804.976	  7
    5805.148	  7
    5806.792	  7
    5807.226	  7
    5807.458	  7
    5807.650	  7
    5807.856	  7
    5808.032	  7
    5808.202	  7
    5808.360	  7
    5808.520	  7
    5808.664	  7
    5808.802	  7
    5808.936	  7
    5809.548	  7
    5809.866	  7
    5810.290	  7
    5810.468	  7
    5810.590	  7
    5810.640	  7
    5811.088	  7
    5811.316	  7
    5812.056	  7
    5812.152	  7
    5812.438	  7
    5812.626	  7
    5812.708	  7
    5812.860	  7
    5812.930	  7
    5813.100	  7
    5813.230	  7
    5813.496	  7
    5813.632	  7
    5813.766	  7
    5813.900	  7
    5814.034	  7
    5814.168	  7
    5814.452	  7
    5814.580	  7
    5814.706	  7
    5814.842	  7
    5814.974	  7
    5815.108	  7
    5815.240	  7
    5815.398	  7
    5815.522	  7
    5815.660	  7
    5815.792	  7
    5815.928	  7
    5816.066	  7
    5816.224	  7
    5816.366	  7
    5816.494	  7
    5816.622	  7
    5816.756	  7
    5816.900	  7
    5817.050	  7
    5817.188	  7
    5817.326	  7
    5817.466	  7
    5817.628	  7
    5817.766	  7
    5817.906	  7
    5818.044	  7
    5818.184	  7
    5818.342	  7
    5818.482	  7
    5818.622	  7
    5818.760	  7
    5818.926	  7
    5819.074	  7
    5819.214	  7
    5819.352	  7
    5819.498	  7
    5819.642	  7
    5819.786	  7
    5819.934	  7
    5820.094	  7
    5820.258	  7
    5820.374	  7
    5820.510	  7
    5820.754	  7
    5821.082	  7
    5822.062	  7
    5822.442	  7
    5823.014	  7
    5823.124	  7
    5828.084	 53
    5828.750	  7
    5829.434	  7
    5829.780	  7
    5830.832	  7
    5831.252	  7
    5831.456	  7
    5831.654	  7
    5831.790	  7
    5833.332	  8
    5833.332	 20
    5833.332	 27
    5833.342	 28
    5833.342	 19
    5833.442	 29
    5833.634	  9
    5834.394	  8
    5844.948	  8
    5853.462	 51
    5853.472	 18
    5860.174	  8
    5864.724	  8
    5867.368	  8
    5867.788	  8
    5867.836	  8
    5868.598	  8
    5892.400	  8
    5899.786	  8
    5913.472	 53
    5915.376	  8
    5915.376	 20
    5915.376	 27
    5915.386	 28
    5915.386	 19
    5915.486	 29
    5915.678	  9
    5916.484	  8
    5917.444	  8
    5922.694	  8
    5935.506	 51
    5935.516	 18
    5939.062	  8
    5958.088	  8
    5970.884	  8
    5982.944	  8
    5995.516	 53
    5996.530	  8
    5996.530	 20
    5996.530	 27
    5996.540	 28
    5996.540	 19
    5996.640	 29
    5996.832	  9
    6010.494	  8
    6011.402	  8
    6016.660	 50
    6016.670	 17
    6021.620	  8
    6027.842	  8
    6041.066	  8
    6046.670	 53
    6050.790	  7
    6050.876	  7
    6051.108	  7
    6051.332	  7
    6051.518	  7
    6052.028	  7
    6052.810	  7
    6052.994	  7
    6053.164	  7
    6053.326	  7
    6053.512	  7
    6053.674	  7
    6053.828	  7
    6053.986	  7
    6055.880	  8
    6055.880	 20
    6055.880	 27
    6055.890	 28
    6055.890	 19
    6055.990	 29
    6056.182	  9
    6060.578	  8
    6060.924	  8
    6062.632	  8
    6064.104	  8
    6065.382	  8
    6070.348	  8
    6070.534	  8
    6070.994	  8
    6076.010	 50
    6076.020	 17
    6082.178	  8
    6085.996	  7
    6086.916	  7
    6087.210	  7
    6087.330	  7
    6087.592	  7
    6087.794	  7
    6088.102	  7
    6088.290	  7
    6088.460	  7
    6088.618	  7
    6088.766	  7
    6088.924	  7
    6089.092	  7
    6089.260	  7
    6089.404	  7
    6089.734	  7
    6089.886	  7
    6090.008	  7
    6090.138	  7
    6090.566	  7
    6090.702	  7
    6090.834	  7
    6090.964	  7
    6091.100	  7
    6091.236	  7
    6091.368	  7
    6091.502	  7
    6091.638	  7
    6091.774	  7
    6091.916	  7
    6092.052	  7
    6092.184	  7
    6092.320	  7
    6092.454	  7
    6092.618	  7
    6092.746	  7
    6092.870	  7
    6093.010	  7
    6093.154	  7
    6093.294	  7
    6093.456	  7
    6093.582	  7
    6093.712	  7
    6093.848	  7
    6093.988	  7
    6094.138	  7
    6094.280	  7
    6094.422	  7
    6094.568	  7
    6094.728	  7
    6094.852	  7
    6094.990	  7
    6095.128	  7
    6095.268	  7
    6095.408	  7
    6095.544	  7
    6095.686	  7
    6095.832	  7
    6095.992	  7
    6096.128	  7
    6096.266	  7
    6096.402	  7
    6096.550	  7
    6096.686	  7
    6096.822	  7
    6096.990	  7
    6097.128	  7
    6097.262	  7
    6097.404	  7
    6097.546	  7
    6097.692	  7
    6097.832	  7
    6097.974	  7
    6098.132	  7
    6098.264	  7
    6098.402	  7
    6098.540	  7
    6098.676	  7
    6098.818	  7
    6098.960	  7
    6099.104	  7
    6099.272	  7
    6099.406	  7
    6099.540	  7
    6099.672	  7
    6099.804	  7
    6099.950	  7
    6100.096	  7
    6100.242	  7
    6100.410	  7
    6100.548	  7
    6100.692	  7
    6100.824	  7
    6100.972	  7
    6101.112	  7
    6101.252	  7
    6101.392	  7
    6101.528	  7
    6101.688	  7
    6101.830	  7
    6101.974	  7
    6102.122	  7
    6102.274	  7
    6102.420	  7
    6102.588	  7
    6102.726	  7
    6102.868	  7
    6103.018	  7
    6103.158	  7
    6103.308	  7
    6103.480	  7
    6103.618	  7
    6103.762	  7
    6103.916	  7
    6104.050	  7
    6104.188	  7
    6104.494	  7
    6104.930	  7
    6105.186	  7
    6105.328	  7
    6105.416	  7
    6105.862	  7
    6106.020	 53
    6106.072	  7
    6106.274	  7
    6106.444	  7
    6106.620	  7
    6106.958	  7
    6107.134	  7
    6107.426	  7
    6107.714	  7
    6109.254	  7
    6109.420	  7
    6109.596	  7
    6109.768	  7
    6109.922	  7
    6110.062	  7
    6110.114	  7
    6110.412	  7
    6110.732	  7
    6111.586	  7
    6117.104	  8
    6117.104	 20
    6117.104	 27
    6117.114	 28
    6117.114	 19
    6117.214	 29
    6117.406	  9
    6124.266	  8
    6125.402	  8
    6132.308	  8
    6132.408	  8
    6136.154	  8
    6137.234	 52
    6137.244	 10
    6145.488	  8
    6152.528	  8
    6187.912	  8
    6188.662	  8
    6191.654	  8
    6200.128	  8
    6205.356	  7
    6205.656	  7
    6205.908	  7
    6205.992	  7
    6206.256	  7
    6206.366	  7
    6206.776	  7
    6207.284	  7
    6207.430	  7
    6207.998	  7
    6208.182	  7
    6208.396	  7
    6208.624	  7
    6208.856	  7
    6209.032	  7
    6209.440	  7
    6209.660	  7
    6209.862	  7
    6210.040	  7
    6212.182	  7
    6212.440	  7
    6212.736	  7
    6212.876	  7
    6213.040	  7
    6213.244	  7
    6213.366	  7
    6213.562	  7
    6213.734	  7
    6213.940	  7
    6214.134	  7
    6214.334	  7
    6214.498	  7
    6214.690	  7
    6214.854	  7
    6215.064	  7
    6215.272	  7
    6215.478	  7
    6215.654	  7
    6215.862	  7
    6216.104	  7
    6216.288	  7
    6218.830	  7
    6219.030	  7
    6219.238	  7
    6219.500	  7
    6219.742	  7
    6219.906	  7
    6220.408	  7
    6221.312	  7
    6221.536	  7
    6222.174	  7
    6222.354	  7
    6222.534	  7
    6222.716	  7
    6224.016	  7
    6224.200	  7
    6224.410	  7
    6224.616	  7
    6224.866	  7
    6225.238	  7
    6225.430	  7
    6225.622	  7
    6225.800	  7
    6226.020	  7
    6226.404	  7
    6226.578	  7
    6226.772	  7
    6226.942	  7
    6227.150	  7
    6228.008	  7
    6228.932	  7
    6229.096	  7
    6229.476	  7
    6229.668	  7
    6230.142	  7
    6230.448	  7
    6231.110	  7
    6231.730	  7
    6231.830	  7
    6232.664	  7
    6232.888	  7
    6233.336	  7
    6233.520	  7
    6233.774	  7
    6237.902	  8
    6238.028	  8
    6245.926	  8
    6246.300	  8
    6249.668	  7
    6250.086	  7
    6250.632	  7
    6250.894	  7
    6251.116	  7
    6251.332	  7
    6251.368	  7
    6251.436	  7
    6251.550	  7
    6251.662	  7
    6251.812	  7
    6251.966	  7
    6252.104	  7
    6252.256	  7
    6252.408	  7
    6252.508	  7
    6252.706	  7
    6252.882	  7
    6253.274	  7
    6254.500	  7
    6254.716	  7
    6254.890	  7
    6255.068	  7
    6255.232	  7
    6255.386	  7
    6255.536	  7
    6255.670	  7
    6256.814	  7
    6256.914	  7
    6257.244	 53
    6258.130	  7
    6258.414	  7
    6258.648	  7
    6258.816	  7
    6258.968	  7
    6261.024	  8
    6261.024	 20
    6261.024	 27
    6261.034	 28
    6261.034	 19
    6261.134	 29
    6261.326	  9
    6266.830	  8
    6281.154	 51
    6281.164	 18
    6285.662	  8
    6290.436	  8
    6314.400	  8
    6324.742	  8
    6341.164	 53
    6351.370	  8
    6351.370	 20
    6351.370	 27
    6351.380	 28
    6351.380	 19
    6351.440	  8
    6351.480	 29
    6351.608	  9
    6357.638	  8
    6369.490	  8
    6371.500	 50
    6371.510	 17
    6389.696	  8
    6391.278	  8
    6396.904	  8
    6401.510	 53
    6403.228	  8
    6403.228	 20
    6403.228	 27
    6403.238	 28
    6403.238	 19
    6403.338	 29
    6403.530	  9
    6411.922	  8
    6414.390	  8
    6415.910	  8
    6423.358	 50
    6423.368	 17
    6429.834	  8
    6429.882	  8
    6431.220	  8
    6442.706	  8
    6442.878	  8
    6453.368	 53
    6491.722	  8
    6491.722	 20
    6491.722	 27
    6491.732	 28
    6491.732	 19
    6491.832	 29
    6492.024	  9
    6501.036	  8
    6508.184	  8
    6511.852	 51
    6511.862	 18
    6518.244	  8
    6519.480	  8
    6523.652	  8
    6525.850	  8
    6531.118	  8
    6539.144	  7
    6539.268	  7
    6539.398	  7
    6539.730	  7
    6540.066	  7
    6540.290	  7
    6540.640	  7
    6540.866	  7
    6541.250	  7
    6541.696	  7
    6543.224	  7
    6543.404	  7
    6543.670	  7
    6547.300	  8
    6550.120	  8
    6570.158	  8
    6571.862	 53
    6577.478	  8
    6577.478	 20
    6577.478	 27
    6577.488	 28
    6577.488	 19
    6577.588	 29
    6577.780	  9
    6579.308	  8
    6587.094	  8
    6588.858	  8
    6589.214	  8
    6591.768	  8
    6597.608	 50
    6597.618	 17
    6597.914	  8
    6610.894	  8
    6611.452	  8
    6618.312	  8
    6618.694	  8
    6619.482	  8
    6627.618	 53
    6667.326	  8
    6667.326	 20
    6667.326	 27
    6667.336	 28
    6667.336	 19
    6667.436	 29
    6667.478	  8
    6667.586	  8
    6667.628	  9
    6667.910	  8
    6680.192	  8
    6681.358	  8
    6687.456	 52
    6687.466	 10
    6694.048	  8
    6697.356	  8
    6698.042	  8
    6702.492	  8
    6709.242	  8
    6709.862	  8
    6710.604	  8
    6712.924	  8
    6720.526	  8
    6738.956	  8
    6740.394	  8
    6745.008	  8
    6750.152	  8
    6750.276	  8
    6751.464	  8
    6765.172	  8
    6770.966	  8
    6777.788	  8
    6782.280	  8
    6791.168	  8
    6807.466	 53
    6830.214	  8
    6830.214	 20
    6830.214	 27
    6830.224	 28
    6830.224	 19
    6830.324	 29
    6830.334	 61
    4268.066	  7
    4268.188	  7
    4268.252	  7
    4268.366	  7
    4268.486	  7
    4268.616	  7
    4268.752	  7
    4268.888	  7
    4269.030	  7
    4269.160	  7
    4269.292	  7
    4269.428	  7
    4269.562	  7
    4269.692	  7
    4269.842	  7
    4269.972	  7
    4270.106	  7
    4270.236	  7
    4270.376	  7
    4270.514	  7
    4270.650	  7
    4270.804	  7
    4270.940	  7
    4271.076	  7
    4271.208	  7
    4271.346	  7
    4271.490	  7
    4271.630	  7
    4271.772	  7
    4271.924	  7
    4272.068	  7
    4272.204	  7
    4272.348	  7
    4272.494	  7
    4272.638	  7
    4272.798	  7
    4272.938	  7
    4273.080	  7
    4273.220	  7
    4273.362	  7
    4273.508	  7
    4273.666	  7
    4273.804	  7
    4273.944	  7
    4274.084	  7
    4274.254	  7
    4274.388	  7
    4274.554	  7
    4274.690	  7
    4274.828	  7
    4274.974	  7
    4275.118	  7
    4275.258	  7
    4275.424	  7
    4275.552	  7
    4275.694	  7
    4275.830	  7
    4275.978	  7
    4276.144	  7
    4276.270	  7
    4276.404	  7
    4276.558	  7
    4276.692	  7
    4276.838	  7
    4276.980	  7
    4277.120	  7
    4277.272	  7
    4277.410	  7
    4277.554	  7
    4277.690	  7
    4277.840	  7
    4278.004	  7
    4278.392	  7
    4278.524	  7
    4278.652	  7
    4278.788	  7
    4278.918	  7
    4279.062	  7
    4279.212	  7
    4279.374	  7
    4279.504	  7
    4279.644	  7
    4279.788	  7
    4279.932	  7
    4280.076	  7
    4280.238	  7
    4280.368	  7
    4280.508	  7
    4280.656	  7
    4280.792	  7
    4280.928	  7
    4281.074	  7
    4281.232	  7
    4281.366	  7
    4281.512	  7
    4281.642	  7
    4281.792	  7
    4281.940	  7
    4282.088	  7
    4282.234	  7
    4282.408	  7
    4282.548	  7
    4282.688	  7
    4282.832	  7
    4282.974	  7
    4283.124	  7
    4283.274	  7
    4283.424	  7
    4283.584	  7
    4283.700	  7
    4283.840	  7
    4284.008	  7
    4284.152	  7
    4284.338	  7
    4285.174	  7
    4285.416	  7
    4285.546	  7
    4285.628	  7
    4285.866	  7
    4286.042	  7
    4286.214	  7
    4286.408	  7
    4286.586	  7
    4286.746	  7
    4286.900	  7
    4287.074	  7
    4287.196	  7
    4287.266	  7
    4287.348	  7
    4287.520	  7
    4287.734	  7
    4288.162	  7
    4288.290	  7
    4288.434	  7
    4288.562	  7
    4288.690	  7
    4288.824	  7
    4288.972	  7
    4289.112	  7
    4289.250	  7
    4289.390	  7
    4289.526	  7
    4289.678	  7
    4289.820	  7
    4289.966	  7
    4290.110	  7
    4290.252	  7
    4290.408	  7
    4290.552	  7
    4290.700	  7
    4290.832	  7
    4290.964	  7
    4291.094	  7
    4291.320	  7
    4291.484	  7
    4291.608	  7
    4291.840	  7
    4292.022	  7
    4292.340	  7
    4292.922	  7
    4293.178	  7
    4293.424	  7
    4293.580	  7
    4293.874	  7
    4294.084	  7
    4294.322	  7
    4294.452	  7
    4294.686	  7
    4294.944	  7
    4295.358	  7
    4295.766	  7
    4295.938	  7
    4296.712	  7
    4299.104	  7
    4299.298	  7
    4299.498	  7
    4299.656	  7
    4299.838	  7
    4300.098	  7
    4300.254	  7
    4300.448	  7
    4300.904	  7
    4300.978	  7
    4308.148	  5
    4310.386	  8
    4310.386	 20
    4310.386	 27
    4310.396	 28
    4310.396	 19
    4310.496	 29
    4310.688	  9
    4313.100	  8
    4314.492	  8
    4328.198	  7
    4328.410	  7
    4328.536	  7
    4328.812	  7
    4329.080	  7
    4329.544	  7
    4329.864	  7
    4330.070	  7
    4330.228	  7
    4330.430	  7
    4330.516	 50
    4330.526	 17
    4330.580	  7
    4330.846	  7
    4331.116	  7
    4331.466	  7
    4331.686	  7
    4332.122	  7
    4332.700	  7
    4332.766	  7
    4333.148	  7
    4333.716	  7
    4333.928	  7
    4334.520	  7
    4334.832	  7
    4335.120	  7
    4335.204	  7
    4335.654	  7
    4335.834	  7
    4335.976	  7
    4336.246	  7
    4336.376	  7
    4336.978	  7
    4337.156	  7
    4337.344	  7
    4337.578	  7
    4337.836	  7
    4338.012	  7
    4338.996	  7
    4339.324	  7
    4339.910	  7
    4340.316	  7
    4340.438	  7
    4340.548	  7
    4340.686	  7
    4340.824	  7
    4340.954	  7
    4341.090	  7
    4341.236	  7
    4341.410	  7
    4341.764	  7
    4341.846	  7
    4342.352	  7
    4342.716	  7
    4342.980	  7
    4343.114	  7
    4343.240	  7
    4343.276	  7
    4344.186	  7
    4344.372	  7
    4344.538	  7
    4344.780	  7
    4344.884	  7
    4345.022	  7
    4345.160	  7
    4345.304	  7
    4345.450	  7
    4345.572	  7
    4345.704	  7
    4345.838	  7
    4345.972	  7
    4346.108	  7
    4346.250	  7
    4346.384	  7
    4346.518	  7
    4346.654	  7
    4346.792	  7
    4346.930	  7
    4347.062	  7
    4347.218	  7
    4347.350	  7
    4347.482	  7
    4347.624	  7
    4347.776	  7
    4347.914	  7
    4348.054	  7
    4348.212	  7
    4348.352	  7
    4348.494	  7
    4348.638	  7
    4348.782	  7
    4348.924	  7
    4349.070	  7
    4349.404	  7
    4349.526	  7
    4349.672	  7
    4349.786	  7
    4349.924	  7
    4350.062	  7
    4350.202	  7
    4350.342	  7
    4350.488	  7
    4350.652	  7
    4350.776	  7
    4350.914	  7
    4351.040	  7
    4351.188	  7
    4351.318	  7
    4351.458	  7
    4351.592	  7
    4351.756	  7
    4351.896	  7
    4352.034	  7
    4352.174	  7
    4352.318	  7
    4352.464	  7
    4352.616	  7
    4352.758	  7
    4352.904	  7
    4352.966	  7
    4353.222	  7
    4353.546	  7
    4354.214	  7
    4354.740	  7
    4354.926	  7
    4355.090	  7
    4355.244	  7
    4355.716	  7
    4355.832	  7
    4355.928	  7
    4356.036	  7
    4356.168	  7
    4356.384	  7
    4356.630	  7
    4356.826	  7
    4357.002	  7
    4357.220	  7
    4357.338	  7
    4357.440	  7
    4357.564	  7
    4357.706	  7
    4357.832	  7
    4358.084	  7
    4358.282	  7
    4358.328	  7
    4358.472	  7
    4358.526	  7
    4358.726	  7
    4359.020	  7
    4359.216	  7
    4359.718	  7
    4359.774	  7
    4360.526	 53
    4360.576	  7
    4360.834	  7
    4361.062	  7
    4361.246	  7
    4361.398	  7
    4361.578	  7
    4361.736	  7
    4361.878	  7
    4362.132	  7
    4362.452	  7
    4362.618	  7
    4362.796	  7
    4362.982	  7
    4363.154	  7
    4363.326	  7
    4363.530	  7
    4363.984	  7
    4364.156	  7
    4364.324	  7
    4364.416	  7
    4364.512	  7
    4364.654	  7
    4364.784	  7
    4367.796	  7
    4368.246	  7
    4368.824	  7
    4368.880	  7
    4369.132	  7
    4369.366	  7
    4369.638	  7
    4369.852	  7
    4370.076	  7
    4370.202	  7
    4370.390	  7
    4370.664	  7
    4371.396	  7
    4372.012	  7
    4372.146	  7
    4372.170	  7
    4372.726	  7
    4373.002	  7
    4373.288	  7
    4373.388	  7
    4374.366	  7
    4374.708	  7
    4374.822	  7
    4375.190	  7
    4375.414	  7
    4376.804	  7
    4377.254	  7
    4377.642	  7
    4377.972	  7
    4378.238	  7
    4379.758	  7
    4380.882	  7
    4381.334	  7
    4381.534	  7
    4381.858	  7
    4381.954	  7
    4382.250	  7
    4382.380	  7
    4382.514	  7
    4382.648	  7
    4382.780	  7
    4382.920	  7
    4383.054	  7
    4383.186	  7
    4383.340	  7
    4383.464	  7
    4383.598	  7
    4383.728	  7
    4383.864	  7
    4384.000	  7
    4384.144	  7
    4384.278	  7
    4384.410	  7
    4384.548	  7
    4384.696	  7
    4384.830	  7
    4384.970	  7
    4385.114	  7
    4385.252	  7
    4385.390	  7
    4385.536	  7
    4385.596	  7
    4386.398	  7
    4386.726	  7
    4386.976	  7
    4387.216	  7
    4387.392	  7
    4387.714	  7
    4387.950	  7
    4388.180	  7
    4388.414	  7
    4388.656	  7
    4389.022	  7
    4389.364	  7
    4389.638	  7
    4389.828	  7
    4390.492	  7
    4391.154	  7
    4391.368	  7
    4391.600	  7
    4392.972	  7
    4393.372	  7
    4393.556	  7
    4393.754	  7
    4393.898	  7
    4394.088	  7
    4394.234	  7
    4394.400	  7
    4394.570	  7
    4394.728	  7
    4394.916	  7
    4395.154	  7
    4395.292	  7
    4395.472	  7
    4395.592	  7
    4395.762	  7
    4397.022	  7
    4397.354	  7
    4397.876	  7
    4398.148	  7
    4398.352	  7
    4401.292	  8
    4401.292	 20
    4401.292	 27
    4401.302	 28
    4401.302	 19
    4401.402	 29
    4401.594	  9
    4404.344	  8
    4405.518	  8
    4408.990	  8
    4420.792	  7
    4420.878	  7
    4421.142	  7
    4421.244	  7
    4421.422	 50
    4421.432	 17
    4421.570	  7
    4421.876	  7
    4422.198	  7
    4422.496	  7
    4422.618	  7
    4423.434	  7
    4423.640	  7
    4423.804	  7
    4423.938	  7
    4424.066	  7
    4424.250	  7
    4424.442	  7
    4424.592	  7
    4424.822	  7
    4424.980	  7
    4425.142	  7
    4425.296	  7
    4425.428	  7
    4425.936	  7
    4426.058	  7
    4426.294	  7
    4426.674	  7
    4426.954	  7
    4427.010	  7
    4427.214	  7
    4427.366	  7
    4427.508	  7
    4427.552	  7
    4427.692	  7
    4427.816	  7
    4428.360	  7
    4428.514	  7
    4430.400	  7
    4433.620	  7
    4433.826	  7
    4433.886	  7
    4433.946	  7
    4434.112	  7
    4434.280	  7
    4434.632	  7
    4435.282	  7
    4435.540	  7
    4435.692	  7
    4435.864	  7
    4436.036	  7
    4436.202	  7
    4436.332	  7
    4436.756	  7
    4437.026	  7
    4437.208	  7
    4437.414	  7
    4437.520	  7
    4437.578	  7
    4437.752	  7
    4438.154	  7
    4438.548	  7
    4438.798	  7
    4439.170	  7
    4439.304	  7
    4439.966	  7
    4440.344	  7
    4440.600	  7
    4440.728	  7
    4441.286	  7
    4442.336	  7
    4442.542	  7
    4442.750	  7
    4442.964	  7
    4443.112	  7
    4443.292	  7
    4445.054	  8
    4447.334	  8
    4447.726	  8
    4451.432	 53
    4453.486	  8
    4453.486	 20
    4453.486	 27
    4453.496	 28
    4453.496	 19
    4453.596	 29
    4453.666	  8
    4453.788	  9
    4455.144	  8
    4456.500	  8
    4460.484	  7
    4460.686	  7
    4460.918	  7
    4461.236	  7
    4461.390	  7
    4461.570	  7
    4461.736	  7
    4461.876	  7
    4462.044	  7
    4462.168	  7
    4462.204	  7
    4462.700	  7
    4462.950	  7
    4463.148	  7
    4463.340	  7
    4463.496	  7
    4463.668	  7
    4463.748	  7
    4464.072	  7
    4464.282	  7
    4464.486	  7
    4464.930	  7
    4465.206	  7
    4465.302	  7
    4465.394	  7
    4465.548	  7
    4465.698	  7
    4465.828	  7
    4465.968	  7
    4466.130	  7
    4466.272	  7
    4466.490	  7
    4466.670	  7
    4466.956	  7
    4467.144	  7
    4467.358	  7
    4467.726	  7
    4468.270	  7
    4468.336	  7
    4468.414	  7
    4470.814	  7
    4471.272	  7
    4471.322	  7
    4471.604	  7
    4472.986	  7
    4473.180	  7
    4473.376	  7
    4473.594	  7
    4473.616	 50
    4473.626	 17
    4473.774	  7
    4473.994	  7
    4474.116	  7
    4474.232	  7
    4474.432	  7
    4475.364	  7
    4475.916	  7
    4476.062	  7
    4476.202	  7
    4476.340	  7
    4476.468	  7
    4478.766	  8
    4484.744	  8
    4484.902	  8
    4503.626	 53
    4517.222	  8
    4517.222	 20
    4517.222	 27
    4517.232	 28
    4517.232	 19
    4517.332	 29
    4517.524	  9
    4519.070	  8
    4528.082	  8
    4536.856	  8
    4536.938	  8
    4537.352	 50
    4537.362	 17
    4547.742	  8
    4554.230	  8
    4555.238	  8
    4565.020	  8
    4567.362	 53
    4628.062	  8
    4628.062	 20
    4628.062	 27
    4628.072	 28
    4628.072	 19
    4628.172	 29
    4628.364	  9
    4631.040	  8
    4632.098	  8
    4632.232	  8
    4637.510	  8
    4637.666	  8
    4644.760	  7
    4645.678	  7
    4646.060	  7
    4646.214	  7
    4646.514	  7
    4646.720	  7
    4646.892	  7
    4647.034	  7
    4647.098	  7
    4647.230	  7
    4647.428	  7
    4647.624	  7
    4647.806	  7
    4648.072	  7
    4648.192	 52
    4648.202	 10
    4648.370	  7
    4648.640	  7
    4649.156	  7
    4649.460	  7
    4649.534	  7
    4649.650	  7
    4649.778	  7
    4649.930	  7
    4650.006	  7
    4650.114	  7
    4650.396	  7
    4650.514	  7
    4650.754	  7
    4650.996	  7
    4651.210	  7
    4651.388	  7
    4651.548	  7
    4651.782	  7
    4651.908	  7
    4653.216	  7
    4653.326	  7
    4653.514	  7
    4654.366	  7
    4654.722	  7
    4654.870	  7
    4657.472	  8
    4663.534	  8
    4675.930	  8
    4677.442	  8
    4681.612	  8
    4681.738	  8
    4693.622	  8
    4693.716	  8
    4704.204	  8
    4704.354	  8
    4719.230	  8
    4721.650	  8
    4722.264	  8
    4722.428	  8
    4722.970	  8
    4737.140	  8
    4740.900	  8
    4747.018	  8
    4747.140	  8
    4762.250	  8
    4762.432	  8
    4768.202	 53
    4770.144	  7
    4770.316	  7
    4770.498	  7
    4770.846	  7
    4771.026	  7
    4771.414	  7
    4771.652	  7
    4771.836	  7
    4771.982	  7
    4772.142	  7
    4772.304	  7
    4772.452	  7
    4772.628	  7
    4772.810	  7
    4772.976	  7
    4773.130	  7
    4773.320	  7
    4773.424	  7
    4773.806	  7
    4773.980	  7
    4774.130	  7
    4774.262	  7
    4774.442	  7
    4774.612	  7
    4774.806	  7
    4775.024	  7
    4775.336	  7
    4775.580	  7
    4775.960	  7
    4788.138	  7
    4788.250	  7
    4788.378	  7
    4788.516	  7
    4788.650	  7
    4788.786	  7
    4788.936	  7
    4789.070	  7
    4789.244	  7
    4789.350	  7
    4789.496	  7
    4789.636	  7
    4789.786	  7
    4789.932	  7
    4790.078	  7
    4790.238	  7
    4790.382	  7
    4790.534	  7
    4790.688	  7
    4790.832	  7
    4791.006	  7
    4791.132	  7
    4791.284	  7
    4791.420	  7
    4791.572	  7
    4791.722	  7
    4791.896	  7
    4792.032	  7
    4792.176	  7
    4792.326	  7
    4792.474	  7
    4792.622	  7
    4792.776	  7
    4792.924	  7
    4793.098	  7
    4793.244	  7
    4793.388	  7
    4793.540	  7
    4793.694	  7
    4793.836	  7
    4793.980	  7
    4794.156	  7
    4794.298	  7
    4794.438	  7
    4794.586	  7
    4794.740	  7
    4794.876	  7
    4795.024	  7
    4795.192	  7
    4795.328	  7
    4795.462	  7
    4795.598	  7
    4795.724	  7
    4795.856	  7
    4796.138	  7
    4796.430	  7
    4796.950	  7
    4797.228	  7
    4798.078	  7
    4798.530	  7
    4798.736	  7
    4798.920	  7
    4799.066	  7
    4799.250	  7
    4799.540	  7
    4799.696	  7
    4799.830	  7
    4800.536	  7
    4800.756	  7
    4801.124	  7
    4801.288	  7
    4801.538	  7
    4801.714	  7
    4801.998	  7
    4803.002	  7
    4803.342	  7
    4803.590	  7
    4804.016	  7
    4804.198	  7
    4804.374	  7
    4806.952	  8
    4806.952	 20
    4806.952	 27
    4806.962	 28
    4806.962	 19
    4806.990	  8
    4807.062	 29
    4807.254	  9
    4809.710	  8
    4827.082	 50
    4827.092	 17
    4857.092	 53
    4950.704	  8
    4950.704	 20
    4950.704	 27
    4950.714	 28
    4950.714	 19
    4950.814	 29
    4950.822	  8
    4951.006	  9
    4953.252	  8
    4953.936	  8
    4954.150	  8
    4970.834	 51
    4970.844	 18
    4980.246	  8
    5028.418	  8
    5030.844	 53
    5042.458	  8
    5042.458	 20
    5042.458	 27
    5042.468	 28
    5042.468	 19
    5042.568	 29
    5042.760	  9
    5051.538	  8
    5054.344	  8
    5059.216	  8
    5062.588	 50
    5062.598	 17
    5088.462	  8
    5088.578	  8
    5092.598	 53
    5094.354	  8
    5094.354	 20
    5094.354	 27
    5094.364	 28
    5094.364	 19
    5094.464	 29
    5094.656	  9
    5100.552	  8
    5101.288	  8
    5103.814	  8
    5108.028	  8
    5108.854	  8
    5114.484	 50
    5114.494	 17
    5134.536	  8
    5136.622	  8
    5144.494	 53
    5150.734	  8
    5150.734	 20
    5150.734	 27
    5150.744	 28
    5150.744	 19
    5150.844	 29
    5151.036	  9
    5153.178	  8
    5154.696	  8
    5155.188	  8
    5160.308	  8
    5170.864	 50
    5170.874	 17
    5179.716	  7
    5180.170	  7
    5180.414	  7
    5180.640	  7
    5180.850	  7
    5181.072	  7
    5181.272	  7
    5181.486	  7
    5182.190	  7
    5182.466	  7
    5182.692	  7
    5182.916	  7
    5183.094	  7
    5183.314	  7
    5183.466	  7
    5183.634	  7
    5183.796	  7
    5184.002	  7
    5184.322	  7
    5184.778	  7
    5186.578	  7
    5186.830	  7
    5187.114	  7
    5187.272	  7
    5187.400	  7
    5187.624	  7
    5187.840	  7
    5188.252	  7
    5188.440	  7
    5188.668	  7
    5188.862	  7
    5189.102	  7
    5189.488	  7
    5189.650	  7
    5189.848	  7
    5190.050	  7
    5190.278	  7
    5190.498	  7
    5190.688	  7
    5191.148	  7
    5191.336	  7
    5191.514	  7
    5191.726	  7
    5191.930	  7
    5192.144	  7
    5192.742	  7
    5193.060	  7
    5193.250	  7
    5196.248	  8
    5200.874	 53
    5201.072	  7
    5201.376	  7
    5201.786	  7
    5201.974	  7
    5202.146	  7
    5202.464	  7
    5203.280	  7
    5203.464	  7
    5203.876	  7
    5204.234	  7
    5204.434	  7
    5204.574	  7
    5204.708	  7
    5204.870	  7
    5205.570	  7
    5206.756	  7
    5207.474	  7
    5207.702	  7
    5207.912	  7
    5208.094	  7
    5208.278	  7
    5208.438	  7
    5208.648	  7
    5209.016	  7
    5209.446	  7
    5209.852	  7
    5210.306	  7
    5210.418	  7
    5211.386	  7
    5211.752	  7
    5211.964	  7
    5212.132	  7
    5212.534	  7
    5212.698	  7
    5212.948	  7
    5213.412	  7
    5213.744	  7
    5213.858	  7
    5214.778	  7
    5214.908	  7
    5215.032	  7
    5215.162	  7
    5215.312	  7
    5215.438	  7
    5215.562	  7
    5215.692	  7
    5215.834	  7
    5215.968	  7
    5216.126	  7
    5216.256	  7
    5216.382	  7
    5216.514	  7
    5216.652	  7
    5216.792	  7
    5216.962	  7
    5217.076	  7
    5217.204	  7
    5217.346	  7
    5217.482	  7
    5217.628	  7
    5217.794	  7
    5217.924	  7
    5218.056	  7
    5218.198	  7
    5218.334	  7
    5218.470	  7
    5218.616	  7
    5218.774	  7
    5218.904	  7
    5219.040	  7
    5219.172	  7
    5219.318	  7
    5219.456	  7
    5219.622	  7
    5219.758	  7
    5219.896	  7
    5220.038	  7
    5220.182	  7
    5220.326	  7
    5220.488	  7
    5220.620	  7
    5220.758	  7
    5220.898	  7
    5221.050	  7
    5221.186	  7
    5221.320	  7
    5221.472	  7
    5221.648	  7
    5221.688	  7
    5221.934	  7
    5222.440	  7
    5222.852	  7
    5223.060	  7
    5223.242	  7
    5223.430	  7
    5223.612	  7
    5223.794	  7
    5223.954	  7
    5224.122	  7
    5224.710	  7
    5224.878	  7
    5225.134	  7
    5225.422	  7
    5225.560	  7
    5225.640	  7
    5225.848	  7
    5226.054	  7
    5226.234	  7
    5226.320	  7
    5226.402	  7
    5226.554	  7
    5226.696	  7
    5226.848	  7
    5227.026	  7
    5227.168	  7
    5227.502	  7
    5228.110	  7
    5228.142	  7
    5228.488	  7
    5229.346	  7
    5229.736	  7
    5229.796	  7
    5229.958	  7
    5230.782	  7
    5231.114	  7
    5231.290	  7
    5231.544	  7
    5232.028	  7
    5232.642	  7
    5232.838	  7
    5233.846	  7
    5234.030	  7
    5234.346	  7
    5234.582	  7
    5234.800	  7
    5235.370	  7
    5235.646	  7
    5235.758	  7
    5235.890	  7
    5236.026	  7
    5236.174	  7
    5236.314	  7
    5236.772	  7
    5236.888	  7
    5239.302	  8
    5239.302	 20
    5239.302	 27
    5239.312	 28
    5239.312	 19
    5239.412	 29
    5239.604	  9
    5243.970	  8
    5245.436	  8
    5245.822	  8
    5247.984	  8
    5248.344	  8
    5259.432	 50
    5259.442	 17
    5274.158	  8
    5289.442	 53
    5289.830	  8
    5289.830	 20
    5289.830	 27
    5289.840	 28
    5289.840	 19
    5289.940	 29
    5290.132	  9
    5291.210	  8
    5291.446	  8
    5293.430	  8
    5294.008	  8
    5295.966	  8
    5300.932	  7
    5301.430	  7
    5301.750	  7
    5301.950	  7
    5302.122	  7
    5302.272	  7
    5302.448	  7
    5302.606	  7
    5302.790	  7
    5302.880	  7
    5303.122	  7
    5303.322	  7
    5303.504	  7
    5303.644	  7
    5303.900	  7
    5304.254	  7
    5304.356	  7
    5304.478	  7
    5304.640	  7
    5304.730	  7
    5304.914	  7
    5305.452	  7
    5305.868	  7
    5306.320	  7
    5306.534	  7
    5306.690	  7
    5307.636	  7
    5308.504	  7
    5308.984	  7
    5309.214	  7
    5309.380	  7
    5309.550	  7
    5309.762	  7
    5309.960	 50
    5309.970	 17
    5310.262	  7
    5310.462	  7
    5310.874	  7
    5310.986	  7
    5311.406	  7
    5311.830	  7
    5311.892	  7
    5312.170	  7
    5312.364	  7
    5312.548	  7
    5312.728	  7
    5312.870	  7
    5313.202	  7
    5313.644	  7
    5313.974	  7
    5314.932	  7
    5315.324	  7
    5315.408	  7
    5316.498	  7
    5316.922	  7
    5317.174	  7
    5317.422	  7
    5317.732	  7
    5318.214	  7
    5318.580	  7
    5318.760	  7
    5318.812	  7
    5319.788	  7
    5320.864	  7
    5323.134	  8
    5324.284	  8
    5327.392	  8
    5330.060	  8
    5339.944	  8
    5339.970	 53
    5345.068	  8
    5345.068	 20
    5345.068	 27
    5345.078	 28
    5345.078	 19
    5345.178	 29
    5345.370	  9
    5349.608	  8
    5359.274	  8
    5365.198	 51
    5365.208	 18
    5375.542	  8
    5382.690	  8
    5403.252	  8
    5406.292	  8
    5406.576	  8
    5422.012	  8
    5425.208	 53
    5469.198	  8
    5469.198	 20
    5469.198	 27
    5469.208	 28
    5469.208	 19
    5469.308	 29
    5469.500	  9
    5470.624	  8
    5473.394	  8
    5473.910	  8
    5476.202	  8
    5476.840	  8
    5485.794	  8
    5487.566	  8
    5489.328	 51
    5489.338	 18
    5495.922	  8
    5504.878	  8
    5506.050	  8
    5516.320	  8
    5527.724	  8
    5549.338	 53
    5606.366	  8
    5606.366	 20
    5606.366	 27
    5606.376	 28
    5606.376	 19
    5606.476	 29
    5606.668	  9
    5608.028	  8
    5610.154	  8
    5615.348	  8
    5622.764	  7
    5622.864	  7
    5622.974	  7
    5623.222	  7
    5623.358	  7
    5623.468	  7
    5623.686	  7
    5623.940	  7
    5624.056	  7
    5624.190	  7
    5624.296	  7
    5624.448	  7
    5624.566	  7
    5624.836	  7
    5625.010	  7
    5625.180	  7
    5625.354	  7
    5625.538	  7
    5626.496	 51
    5626.506	 18
    5626.548	  7
    5627.188	  7
    5627.300	  7
    5627.502	  7
    5627.618	  7
    5628.478	  7
    5628.688	  7
    5628.824	  7
    5629.016	  7
    5629.998	  7
    5630.240	  7
    5630.470	  7
    5630.714	  7
    5631.224	  7
    5631.440	  7
    5631.654	  7
    5631.864	  7
    5632.054	  7
    5632.226	  7
    5632.372	  7
    5632.538	  7
    5632.702	  7
    5633.392	  7
    5633.472	  7
    5634.150	  7
    5634.334	  7
    5634.536	  7
    5634.704	  7
    5638.386	  7
    5640.412	  8
    5640.552	  8
    5647.154	  8
    5653.556	  7
    5654.590	  7
    5654.636	  7
    5654.946	  7
    5655.406	  7
    5655.538	  7
    5656.014	  7
    5656.258	  7
    5656.444	  7
    5656.618	  7
    5656.808	  7
    5656.970	  7
    5657.142	  7
    5657.308	  7
    5657.480	  7
    5657.998	  7
    5658.164	  7
    5658.342	  7
    5658.496	  7
    5658.822	  7
    5659.038	  7
    5659.198	  7
    5659.326	  7
    5659.452	  7
    5659.558	  7
    5659.828	  7
    5660.300	  7
    5660.570	  7
    5661.466	  7
    5661.738	  7
    5661.952	  7
    5663.550	  7
    5663.752	  7
    5663.910	  7
    5663.958	  7
    5664.142	  7
    5664.410	  7
    5665.028	  7
    5665.210	  7
    5665.674	  7
    5665.836	  7
    5666.286	  7
    5666.650	  7
    5666.850	  7
    5666.888	  7
    5667.168	  7
    5667.208	  7
    5667.542	  7
    5670.088	  7
    5671.196	  7
    5671.774	  7
    5672.810	  7
    5673.098	  7
    5674.128	  7
    5675.874	  8
    5676.888	  8
    5684.328	  7
    5684.526	  7
    5684.716	  7
    5684.882	  7
    5685.076	  7
    5685.238	  7
    5685.572	  7
    5685.728	  7
    5685.898	  7
    5686.078	  7
    5686.252	  7
    5686.314	  7
    5686.506	 53
    5686.704	  7
    5687.000	  7
    5687.436	  7
    5687.606	  7
    5687.770	  7
    5687.926	  7
    5688.084	  7
    5688.228	  7
    5688.396	  7
    5688.560	  7
    5688.776	  7
    5689.216	  7
    5689.962	  7
    5690.646	  7
    5691.828	  7
    5691.978	  7
    5692.168	  7
    5692.318	  7
    5692.472	  7
    5693.218	  7
    5694.510	  7
    5694.888	  7
    5695.506	  7
    5695.972	  7
    5696.250	  7
    5696.670	  7
    5696.972	  7
    5697.280	  7
    5697.448	  7
    5697.640	  7
    5697.802	  7
    5697.992	  7
    5698.136	  7
    5698.290	  7
    5698.438	  7
    5699.186	  7
    5699.612	  7
    5699.812	  7
    5699.988	  7
    5700.158	  7
    5700.310	  7
    5700.560	  7
    5700.966	  7
    5701.406	  7
    5701.894	  7
    5702.376	  7
    5717.766	  7
    5718.004	  7
    5718.312	  7
    5718.666	  7
    5718.894	  7
    5719.108	  7
    5719.334	  7
    5719.570	  7
    5719.746	  7
    5719.906	  7
    5720.072	  7
    5720.222	  7
    5720.608	  7
    5720.886	  7
    5721.268	  7
    5721.394	  7
    5721.446	  7
    5721.696	  7
    5722.072	  7
    5722.328	  7
    5722.448	  7
    5722.590	  7
    5724.292	  7
    5724.430	  7
    5724.570	  7
    5724.706	  7
    5724.876	  7
    5724.996	  7
    5725.146	  7
    5725.282	  7
    5725.410	  7
    5725.560	  7
    5725.702	  7
    5725.838	  7
    5726.010	  7
    5726.136	  7
    5726.286	  7
    5726.440	  7
    5726.582	  7
    5726.732	  7
    5726.900	  7
    5727.030	  7
    5727.166	  7
    5727.318	  7
    5727.466	  7
    5727.606	  7
    5727.756	  7
    5727.902	  7
    5728.062	  7
    5728.184	  7
    5728.324	  7
    5728.470	  7
    5728.616	  7
    5728.764	  7
    5728.902	  7
    5729.066	  7
    5729.198	  7
    5729.348	  7
    5729.488	  7
    5729.636	  7
    5729.764	  7
    5729.848	  7
    5730.358	  7
    5730.640	  7
    5730.898	  7
    5731.100	  7
    5731.424	  7
    5731.642	  7
    5731.794	  7
    5732.008	  7
    5732.206	  7
    5733.368	  7
    5733.582	  7
    5733.790	  7
    5733.978	  7
    5734.194	  7
    5734.564	  7
    5734.722	  7
    5735.200	  7
    5735.820	  7
    5736.018	  7
    5736.234	  7
    5736.412	  7
    5736.564	  7
    5736.702	  7
    5737.720	  7
    5737.892	  7
    5747.944	  8
    5747.944	 20
    5747.944	 27
    5747.954	 28
    5747.954	 19
    5748.046	  8
    5748.054	 29
    5748.246	  9
    5751.752	  8
    5752.758	  8
    5753.272	  8
    5763.572	  8
    5768.074	 51
    5768.084	 18
    5769.126	  8
    5777.470	  8
    5781.630	  7
    5781.828	  7
    5782.156	  7
    5782.544	  7
    5782.894	  7
    5783.132	  7
    5783.412	  7
    5783.598	  7
    5783.800	  7
    5783.982	  7
    5784.142	  7
    5784.298	  7
    5784.322	  7
    5785.922	  8
    5798.670	  7
    5798.756	  7
    5798.950	  7
    5799.122	  7
    5799.286	  7
    5799.460	  7
    5799.632	  7
    5799.808	  7
    5799.960	  7
    5800.112	  7
    5800.402	  7
    5800.908	  7
    5801.096	  7
    5801.350	  7
    5801.696	  7
    5802.016	  7
    5802.480	  7
    5802.746	  7
    5803.060	  7
    5803.310	  7
    5803.450	  7
    5803.596	  7
    5804.216	  7
    5804.460	  7
    5804.556	  7
    5804.700	  7
    5804.844	  7
    5804.976	  7
    5805.148	  7
    5806.792	  7
    5807.226	  7
    5807.458	  7
    5807.650	  7
    5807.856	  7
    5808.032	  7
    5808.202	  7
    5808.360	  7
    5808.520	  7
    5808.664	  7
    5808.802	  7
    5808.936	  7
    5809.548	  7
    5809.866	  7
    5810.290	  7
    5810.468	  7
    5810.590	  7
    5810.640	  7
    5811.088	  7
    5811.316	  7
    5812.056	  7
    5812.152	  7
    5812.438	  7
    5812.626	  7
    5812.708	  7
    5812.860	  7
    5812.930	  7
    5813.100	  7
    5813.230	  7
    5813.496	  7
    5813.632	  7
    5813.766	  7
    5813.900	  7
    5814.034	  7
    5814.168	  7
    5814.452	  7
    5814.580	  7
    5814.706	  7
    5814.842	  7
    5814.974	  7
    5815.108	  7
    5815.240	  7
    5815.398	  7
    5815.522	  7
    5815.660	  7
    5815.792	  7
    5815.928	  7
    5816.066	  7
    5816.224	  7
    5816.366	  7
    5816.494	  7
    5816.622	  7
    5816.756	  7
    5816.900	  7
    5817.050	  7
    5817.188	  7
    5817.326	  7
    5817.466	  7
    5817.628	  7
    5817.766	  7
    5817.906	  7
    5818.044	  7
    5818.184	  7
    5818.342	  7
    5818.482	  7
    5818.622	  7
    5818.760	  7
    5818.926	  7
    5819.074	  7
    5819.214	  7
    5819.352	  7
    5819.498	  7
    5819.642	  7
    5819.786	  7
    5819.934	  7
    5820.094	  7
    5820.258	  7
    5820.374	  7
    5820.510	  7
    5820.754	  7
    5821.082	  7
    5822.062	  7
    5822.442	  7
    5823.014	  7
    5823.124	  7
    5828.084	 53
    5828.750	  7
    5829.434	  7
    5829.780	  7
    5830.832	  7
    5831.252	  7
    5831.456	  7
    5831.654	  7
    5831.790	  7
    5833.332	  8
    5833.332	 20
    5833.332	 27
    5833.342	 28
    5833.342	 19
    5833.442	 29
    5833.634	  9
    5834.394	  8
    5844.948	  8
    5853.462	 51
    5853.472	 18
    5860.174	  8
    5864.724	  8
    5867.368	  8
    5867.788	  8
    5867.836	  8
    5868.598	  8
    5892.400	  8
    5899.786	  8
    5913.472	 53
    5915.376	  8
    5915.376	 20
    5915.376	 27
    5915.386	 28
    5915.386	 19
    5915.486	 29
    5915.678	  9
    5916.484	  8
    5917.444	  8
    5922.694	  8
    5935.506	 51
    5935.516	 18
    5939.062	  8
    5958.088	  8
    5970.884	  8
    5982.944	  8
    5995.516	 53
    5996.530	  8
    5996.530	 20
    5996.530	 27
    5996.540	 28
    5996.540	 19
    5996.640	 29
    5996.832	  9
    6010.494	  8
    6011.402	  8
    6016.660	 50
    6016.670	 17
    6021.620	  8
    6027.842	  8
    6041.066	  8
    6046.670	 53
    6050.790	  7
    6050.876	  7
    6051.108	  7
    6051.332	  7
    6051.518	  7
    6052.028	  7
    6052.810	  7
    6052.994	  7
    6053.164	  7
    6053.326	  7
    6053.512	  7
    6053.674	  7
    6053.828	  7
    6053.986	  7
    6055.880	  8
    6055.880	 20
    6055.880	 27
    6055.890	 28
    6055.890	 19
    6055.990	 29
    6056.182	  9
    6060.578	  8
    6060.924	  8
    6062.632	  8
    6064.104	  8
    6065.382	  8
    6070.348	  8
    6070.534	  8
    6070.994	  8
    6076.010	 50
    6076.020	 17
    6082.178	  8
    6085.996	  7
    6086.916	  7
    6087.210	  7
    6087.330	  7
    6087.592	  7
    6087.794	  7
    6088.102	  7
    6088.290	  7
    6088.460	  7
    6088.618	  7
    6088.766	  7
    6088.924	  7
    6089.092	  7
    6089.260	  7
    6089.404	  7
    6089.734	  7
    6089.886	  7
    6090.008	  7
    6090.138	  7
    6090.566	  7
    6090.702	  7
    6090.834	  7
    6090.964	  7
    6091.100	  7
    6091.236	  7
    6091.368	  7
    6091.502	  7
    6091.638	  7
    6091.774	  7
    6091.916	  7
    6092.052	  7
    6092.184	  7
    6092.320	  7
    6092.454	  7
    6092.618	  7
    6092.746	  7
    6092.870	  7
    6093.010	  7
    6093.154	  7
    6093.294	  7
    6093.456	  7
    6093.582	  7
    6093.712	  7
    6093.848	  7
    6093.988	  7
    6094.138	  7
    6094.280	  7
    6094.422	  7
    6094.568	  7
    6094.728	  7
    6094.852	  7
    6094.990	  7
    6095.128	  7
    6095.268	  7
    6095.408	  7
    6095.544	  7
    6095.686	  7
    6095.832	  7
    6095.992	  7
    6096.128	  7
    6096.266	  7
    6096.402	  7
    6096.550	  7
    6096.686	  7
    6096.822	  7
    6096.990	  7
    6097.128	  7
    6097.262	  7
    6097.404	  7
    6097.546	  7
    6097.692	  7
    6097.832	  7
    6097.974	  7
    6098.132	  7
    6098.264	  7
    6098.402	  7
    6098.540	  7
    6098.676	  7
    6098.818	  7
    6098.960	  7
    6099.104	  7
    6099.272	  7
    6099.406	  7
    6099.540	  7
    6099.672	  7
    6099.804	  7
    6099.950	  7
    6100.096	  7
    6100.242	  7
    6100.410	  7
    6100.548	  7
    6100.692	  7
    6100.824	  7
    6100.972	  7
    6101.112	  7
    6101.252	  7
    6101.392	  7
    6101.528	  7
    6101.688	  7
    6101.830	  7
    6101.974	  7
    6102.122	  7
    6102.274	  7
    6102.420	  7
    6102.588	  7
    6102.726	  7
    6102.868	  7
    6103.018	  7
    6103.158	  7
    6103.308	  7
    6103.480	  7
    6103.618	  7
    6103.762	  7
    6103.916	  7
    6104.050	  7
    6104.188	  7
    6104.494	  7
    6104.930	  7
    6105.186	  7
    6105.328	  7
    6105.416	  7
    6105.862	  7
    6106.020	 53
    6106.072	  7
    6106.274	  7
    6106.444	  7
    6106.620	  7
    6106.958	  7
    6107.134	  7
    6107.426	  7
    6107.714	  7
    6109.254	  7
    6109.420	  7
    6109.596	  7
    6109.768	  7
    6109.922	  7
    6110.062	  7
    6110.114	  7
    6110.412	  7
    6110.732	  7
    6111.586	  7
    6117.104	  8
    6117.104	 20
    6117.104	 27
    6117.114	 28
    6117.114	 19
    6117.214	 29
    6117.406	  9
    6124.266	  8
    6125.402	  8
    6132.308	  8
    6132.408	  8
    6136.154	  8
    6137.234	 52
    6137.244	 10
    6145.488	  8
    6152.528	  8
    6187.912	  8
    6188.662	  8
    6191.654	  8
    6200.128	  8
    6205.356	  7
    6205.656	  7
    6205.908	  7
    6205.992	  7
    6206.256	  7
    6206.366	  7
    6206.776	  7
    6207.284	  7
    6207.430	  7
    6207.998	  7
    6208.182	  7
    6208.396	  7
    6208.624	  7
    6208.856	  7
    6209.032	  7
    6209.440	  7
    6209.660	  7
    6209.862	  7
    6210.040	  7
    6212.182	  7
    6212.440	  7
    6212.736	  7
    6212.876	  7
    6213.040	  7
    6213.244	  7
    6213.366	  7
    6213.562	  7
    6213.734	  7
    6213.940	  7
    6214.134	  7
    6214.334	  7
    6214.498	  7
    6214.690	  7
    6214.854	  7
    6215.064	  7
    6215.272	  7
    6215.478	  7
    6215.654	  7
    6215.862	  7
    6216.104	  7
    6216.288	  7
    6218.830	  7
    6219.030	  7
    6219.238	  7
    6219.500	  7
    6219.742	  7
    6219.906	  7
    6220.408	  7
    6221.312	  7
    6221.536	  7
    6222.174	  7
    6222.354	  7
    6222.534	  7
    6222.716	  7
    6224.016	  7
    6224.200	  7
    6224.410	  7
    6224.616	  7
    6224.866	  7
    6225.238	  7
    6225.430	  7
    6225.622	  7
    6225.800	  7
    6226.020	  7
    6226.404	  7
    6226.578	  7
    6226.772	  7
    6226.942	  7
    6227.150	  7
    6228.008	  7
    6228.932	  7
    6229.096	  7
    6229.476	  7
    6229.668	  7
    6230.142	  7
    6230.448	  7
    6231.110	  7
    6231.730	  7
    6231.830	  7
    6232.664	  7
    6232.888	  7
    6233.336	  7
    6233.520	  7
    6233.774	  7
    6237.902	  8
    6238.028	  8
    6245.926	  8
    6246.300	  8
    6249.668	  7
    6250.086	  7
    6250.632	  7
    6250.894	  7
    6251.116	  7
    6251.332	  7
    6251.368	  7
    6251.436	  7
    6251.550	  7
    6251.662	  7
    6251.812	  7
    6251.966	  7
    6252.104	  7
    6252.256	  7
    6252.408	  7
    6252.508	  7
    6252.706	  7
    6252.882	  7
    6253.274	  7
    6254.500	  7
    6254.716	  7
    6254.890	  7
    6255.068	  7
    6255.232	  7
    6255.386	  7
    6255.536	  7
    6255.670	  7
    6256.814	  7
    6256.914	  7
    6257.244	 53
    6258.130	  7
    6258.414	  7
    6258.648	  7
    6258.816	  7
    6258.968	  7
    6261.024	  8
    6261.024	 20
    6261.024	 27
    6261.034	 28
    6261.034	 19
    6261.134	 29
    6261.326	  9
    6266.830	  8
    6281.154	 51
    6281.164	 18
    6285.662	  8
    6290.436	  8
    6314.400	  8
    6324.742	  8
    6341.164	 53
    6351.370	  8
    6351.370	 20
    6351.370	 27
    6351.380	 28
    6351.380	 19
    6351.440	  8
    6351.480	 29
    6351.608	  9
    6357.638	  8
    6369.490	  8
    6371.500	 50
    6371.510	 17
    6389.696	  8
    6391.278	  8
    6396.904	  8
    6401.510	 53
    6403.228	  8
    6403.228	 20
    6403.228	 27
    6403.238	 28
    6403.238	 19
    6403.338	 29
    6403.530	  9
    6411.922	  8
    6414.390	  8
    6415.910	  8
    6423.358	 50
    6423.368	 17
    6429.834	  8
    6429.882	  8
    6431.220	  8
    6442.706	  8
    6442.878	  8
    6453.368	 53
    6491.722	  8
    6491.722	 20
    6491.722	 27
    6491.732	 28
    6491.732	 19
    6491.832	 29
    6492.024	  9
    6501.036	  8
    6508.184	  8
    6511.852	 51
    6511.862	 18
    6518.244	  8
    6519.480	  8
    6523.652	  8
    6525.850	  8
    6531.118	  8
    6539.144	  7
    6539.268	  7
    6539.398	  7
    6539.730	  7
    6540.066	  7
    6540.290	  7
    6540.640	  7
    6540.866	  7
    6541.250	  7
    6541.696	  7
    6543.224	  7
    6543.404	  7
    6543.670	  7
    6547.300	  8
    6550.120	  8
    6570.158	  8
    6571.862	 53
    6577.478	  8
    6577.478	 20
    6577.478	 27
    6577.488	 28
    6577.488	 19
    6577.588	 29
    6577.780	  9
    6579.308	  8
    6587.094	  8
    6588.858	  8
    6589.214	  8
    6591.768	  8
    6597.608	 50
    6597.618	 17
    6597.914	  8
    6610.894	  8
    6611.452	  8
    6618.312	  8
    6618.694	  8
    6619.482	  8
    6627.618	 53
    6667.326	  8
    6667.326	 20
    6667.326	 27
    6667.336	 28
    6667.336	 19
    6667.436	 29
    6667.478	  8
    6667.586	  8
    6667.628	  9
    6667.910	  8
    6680.192	  8
    6681.358	  8
    6687.456	 52
    6687.466	 10
    6694.048	  8
    6697.356	  8
    6698.042	  8
    6702.492	  8
    6709.242	  8
    6709.862	  8
    6710.604	  8
    6712.924	  8
    6720.526	  8
    6738.956	  8
    6740.394	  8
    6745.008	  8
    6750.152	  8
    6750.276	  8
    6751.464	  8
    6765.172	  8
    6770.966	  8
    6777.788	  8
    6782.280	  8
    6791.168	  8
    6807.466	 53
    6830.214	  8
    6830.214	 20
    6830.214	 27
    6830.224	 28
    6830.224	 19
    6830.324	 29
    6830.334	 61
