       1.404	  7
       1.758	  7
       2.370	  7
       2.584	  7
       2.896	  7
       3.002	  7
       3.538	  7
       8.812	  6
      13.606	  7
      14.128	  7
      14.480	  7
      14.886	  7
      15.100	  7
      15.320	  7
      15.674	  7
      15.872	  7
      16.140	  7
      16.282	  7
      16.862	  7
      17.252	  7
      17.440	  7
      17.684	  7
      17.862	  7
      18.050	  7
      18.304	  7
      18.708	  7
      18.844	  7
      19.084	  7
      19.220	  7
      19.612	  7
      20.010	 52
      20.020	 10
      26.292	  8
      26.608	  8
      28.218	  8
      42.824	  8
      43.230	  8
      70.706	  8
      70.770	  8
      91.728	  8
      91.934	  8
      92.976	  8
      93.774	  8
      94.158	  8
      94.606	  8
      95.940	  8
      96.122	  8
      97.018	  8
      97.452	  8
      97.576	  8
     122.412	  7
     122.456	  7
     122.762	  7
     127.714	  8
     128.374	  8
     132.462	  8
     134.580	  8
     134.810	  8
     135.440	  8
     136.204	  8
     136.264	  8
     136.910	  8
     140.020	 53
     163.626	  6
     166.264	  6
     167.976	  7
     168.506	  7
     168.660	  7
     168.822	  7
     169.172	  7
     169.668	  7
     170.110	  7
     170.402	  7
     170.818	  7
     170.992	  7
     171.172	  7
     173.172	  8
     173.172	 20
     173.172	 27
     173.182	 28
     173.182	 19
     173.282	 29
     173.446	  9
     173.670	  8
     193.302	 52
     193.312	 10
     211.256	  7
     213.232	  8
     213.558	  8
     215.130	  8
     221.554	  8
     221.720	  8
     222.000	  8
     240.198	  8
     240.488	  8
     240.724	  8
     241.022	  8
     241.222	  8
     241.550	  8
     244.780	  8
     244.852	  8
     245.356	  8
     245.540	  8
     246.210	  8
     246.596	  8
     247.432	  8
     247.964	  8
     248.598	  8
     250.164	  8
     250.316	  8
     250.522	  8
     250.890	  8
     250.980	  8
     252.126	  8
     252.866	  8
     253.326	  8
     254.498	  8
     255.338	  8
     255.544	  8
     256.712	  8
     257.032	  8
     257.866	  8
     258.416	  8
     258.624	  8
     259.084	  8
     259.208	  8
     259.358	  8
     260.178	  8
     260.454	  8
     260.674	  8
     264.014	  8
     264.990	  8
     265.818	  8
     267.778	  8
     268.170	  8
     268.272	  8
     268.906	  8
     269.322	  8
     269.700	  8
     269.832	  8
     270.880	  8
     270.976	  8
     271.198	  8
     271.714	  8
     272.722	  8
     272.856	  8
     273.090	  8
     273.682	  8
     273.974	  8
     274.200	  8
     276.618	  8
     277.332	  8
     280.040	  8
     280.548	  8
     281.126	  8
     281.248	  8
     281.726	  8
     282.572	  8
     283.084	  8
     286.642	  8
     287.048	  8
     289.694	  8
     289.880	  8
     291.066	  8
     291.822	  8
     292.554	  8
     292.716	  8
     292.996	  8
     296.380	  8
     297.346	  8
     304.654	  8
     304.844	  8
     305.234	  8
     305.594	  8
     305.808	  8
     307.246	  8
     307.396	  8
     312.470	  8
     312.836	  8
     313.312	 53
     321.752	  8
     321.752	 20
     321.752	 27
     321.762	 28
     321.762	 19
     321.862	 29
     322.026	  9
     322.472	  8
     339.302	  8
     341.882	 51
     341.892	 18
     353.936	  7
     353.976	  7
     354.294	  7
     354.798	  7
     354.936	  7
     355.222	  7
     355.372	  7
     355.522	  7
     355.654	  7
     355.784	  7
     356.194	  7
     356.346	  7
     360.242	  7
     360.364	  7
     360.556	  7
     360.704	  7
     360.864	  7
     361.054	  7
     361.212	  7
     361.408	  7
     363.754	  7
     363.916	  7
     364.124	  7
     364.318	  7
     364.554	  7
     368.792	  8
     370.426	  8
     371.178	  8
     371.352	  8
     371.432	  8
     376.956	  8
     377.544	  8
     377.634	  8
     377.844	  8
     377.912	  8
     378.548	  8
     380.144	  8
     382.386	  8
     382.622	  8
     382.916	  8
     383.246	  8
     384.690	  8
     385.038	  8
     385.338	  8
     385.628	  8
     385.724	  8
     386.404	  8
     387.190	  8
     387.326	  8
     389.214	  8
     390.248	  8
     390.426	  8
     390.688	  8
     391.846	  8
     392.530	  8
     393.146	  8
     395.052	  8
     395.414	  8
     396.416	  8
     396.532	  8
     397.868	  8
     398.408	  8
     399.356	  8
     400.706	  8
     401.188	  8
     401.256	  8
     401.892	 53
     402.400	  8
     402.400	 20
     402.400	 27
     402.410	 28
     402.410	 19
     402.510	 29
     402.674	  9
     402.814	  8
     421.022	  5
     422.530	 51
     422.540	 18
     426.686	  7
     426.796	  7
     426.848	  7
     427.168	  7
     427.554	  7
     427.674	  7
     427.986	  7
     428.112	  7
     428.246	  7
     428.384	  7
     428.522	  7
     428.658	  7
     428.788	  7
     428.924	  7
     429.066	  7
     429.624	  7
     429.752	  7
     429.902	  7
     430.148	  7
     430.284	  7
     430.430	  7
     430.610	  7
     430.754	  7
     430.908	  7
     431.046	  7
     431.196	  7
     431.338	  7
     431.482	  7
     431.634	  7
     432.372	  7
     432.522	  7
     432.684	  7
     433.134	  7
     433.266	  7
     433.410	  7
     433.566	  7
     433.706	  7
     433.858	  7
     434.004	  7
     434.152	  7
     434.288	  7
     434.440	  7
     434.600	  7
     434.740	  7
     434.884	  7
     435.044	  7
     435.202	  7
     435.350	  7
     435.506	  7
     435.686	  7
     435.848	  7
     436.002	  7
     436.168	  7
     436.324	  7
     436.492	  7
     436.648	  7
     436.798	  7
     436.946	  7
     437.096	  7
     437.534	  7
     439.106	  7
     448.726	  8
     449.192	  8
     454.350	  8
     454.538	  8
     455.636	  8
     456.350	  8
     456.490	  8
     456.964	  8
     457.254	  8
     457.466	  8
     457.794	  8
     461.648	  8
     463.432	  8
     464.546	  8
     465.450	  8
     465.962	  8
     466.130	  8
     466.904	  8
     467.272	  8
     467.948	  8
     468.304	  8
     469.404	  8
     469.618	  8
     470.440	  8
     470.694	  8
     471.334	  8
     471.428	  8
     471.512	  8
     472.258	  8
     472.930	  8
     473.920	  8
     474.228	  8
     474.548	  8
     479.154	  8
     479.926	  8
     480.292	  8
     481.250	  8
     481.572	  8
     481.756	  8
     482.540	 53
     482.962	  8
     482.962	 20
     482.962	 27
     482.972	 28
     482.972	 19
     483.072	 29
     483.216	  8
     483.236	  9
     485.072	  8
     485.310	  8
     488.158	  8
     488.338	  8
     501.234	  8
     503.092	 50
     503.102	 17
     516.200	  8
     516.598	  8
     516.694	  8
     517.244	  8
     533.102	 53
     540.936	  8
     540.936	 20
     540.936	 27
     540.946	 28
     540.946	 19
     541.046	 29
     541.210	  9
     541.328	  8
     542.986	  8
     547.918	  6
     548.020	  6
     561.066	 51
     561.076	 18
     567.720	  8
     567.960	  8
     593.090	  8
     593.262	  8
     593.774	  8
     593.860	  8
     597.082	  8
     597.464	  8
     598.104	  8
     598.856	  8
     598.928	  8
     599.272	  8
     600.766	  8
     601.392	  8
     601.536	  8
     602.158	  8
     602.332	  8
     602.746	  8
     603.766	  8
     605.040	  8
     605.750	  8
     605.960	  8
     607.120	  8
     609.162	  8
     609.484	  8
     610.366	  8
     610.604	  8
     613.044	  8
     613.428	  8
     613.724	  8
     614.342	  8
     615.422	  8
     617.158	  8
     617.442	  8
     617.620	  8
     618.044	  8
     618.648	  8
     619.486	  8
     619.766	  8
     620.132	  8
     621.076	 53
     622.234	  8
     622.234	 20
     622.234	 27
     622.244	 28
     622.244	 19
     622.344	 29
     622.508	  9
     622.550	  8
     627.922	  8
     642.364	 52
     642.374	 10
     651.048	  8
     651.226	  8
     654.220	  8
     682.316	  8
     682.784	  8
     684.590	  8
     706.458	  8
     707.252	  8
     708.386	  8
     710.560	  8
     711.168	  8
     712.008	  8
     713.752	  8
     715.892	  8
     720.222	  8
     720.792	  8
     727.692	  8
     728.008	  8
     729.100	  8
     729.672	  8
     730.724	  8
     738.808	  8
     739.670	  8
     744.998	  8
     745.344	  8
     752.180	  8
     753.084	  8
     753.696	  8
     754.408	  8
     755.170	  8
     755.638	  8
     756.654	  8
     756.834	  8
     756.994	  8
     762.374	 53
     763.610	  8
     763.610	 20
     763.610	 27
     763.620	 28
     763.620	 19
     763.720	 29
     763.884	  9
     763.972	  8
     764.966	  8
     779.464	  5
     783.740	 51
     783.750	 18
     785.914	  7
     786.050	  7
     786.302	  7
     786.714	  7
     787.104	  7
     796.520	  8
     796.926	  8
     798.388	  8
     798.868	  8
     800.782	  8
     801.208	  8
     802.046	  8
     805.526	  8
     805.828	  8
     806.866	  8
     808.234	  8
     808.658	  8
     810.726	  8
     811.022	  8
     811.522	  8
     812.006	  8
     812.556	  8
     813.904	  8
     814.854	  8
     816.596	  8
     817.012	  8
     817.168	  8
     817.280	  8
     817.494	  8
     818.530	  8
     818.962	  8
     819.556	  8
     819.716	  8
     820.842	  8
     821.990	  8
     822.192	  8
     823.760	  8
     824.890	  8
     827.700	  8
     828.064	  8
     828.924	  8
     829.724	  8
     830.914	  8
     830.958	  8
     832.700	  8
     832.776	  8
     833.112	  8
     833.478	  8
     834.304	  8
     834.922	  8
     836.386	  8
     836.860	  8
     838.832	  8
     839.290	  8
     841.240	  8
     841.926	  8
     842.932	  8
     843.750	 53
     843.798	  8
     843.798	 20
     843.798	 27
     843.808	 28
     843.808	 19
     843.908	 29
     844.072	  9
     844.104	  8
     845.302	  8
     853.944	  7
     854.052	  7
     854.178	  7
     854.448	  7
     854.958	  7
     855.072	  7
     855.220	  7
     855.368	  7
     855.512	  7
     855.690	  7
     855.840	  7
     855.986	  7
     856.170	  7
     856.362	  7
     856.498	  7
     856.654	  7
     856.790	  7
     856.930	  7
     856.988	  7
     857.120	  7
     857.654	  7
     857.796	  7
     857.940	  7
     858.104	  7
     858.238	  7
     858.400	  7
     858.546	  7
     858.688	  7
     858.832	  7
     858.978	  7
     860.556	  7
     860.914	  7
     861.044	  7
     861.254	  7
     861.438	  7
     861.658	  7
     861.868	  7
     862.070	  7
     862.280	  7
     863.434	  7
     863.636	  7
     863.770	  7
     863.920	  7
     863.928	 50
     863.938	 17
     864.086	  7
     864.266	  7
     864.448	  7
     864.610	  7
     864.766	  7
     864.938	  7
     865.116	  7
     865.282	  7
     865.466	  7
     865.636	  7
     865.792	  7
     866.130	  7
     866.262	  7
     866.424	  7
     866.590	  7
     866.902	  7
     867.048	  7
     867.242	  7
     867.414	  7
     867.586	  7
     867.808	  7
     867.938	  7
     868.104	  7
     868.290	  7
     868.432	  7
     868.590	  7
     868.760	  7
     868.910	  7
     869.464	  7
     869.854	  7
     870.010	  7
     870.176	  7
     870.334	  7
     870.478	  7
     870.652	  7
     870.794	  7
     870.930	  7
     871.070	  7
     872.296	  7
     872.440	  7
     872.776	  7
     874.594	  7
     874.888	  7
     875.442	  7
     875.574	  7
     875.884	  7
     876.028	  7
     876.274	  7
     876.436	  7
     876.600	  7
     876.778	  7
     876.986	  7
     877.142	  7
     877.302	  7
     877.466	  7
     877.620	  7
     877.916	  7
     878.056	  7
     878.206	  7
     878.334	  7
     878.486	  7
     878.640	  7
     888.268	  8
     893.938	 53
     901.316	  8
     901.316	 20
     901.316	 27
     901.326	 28
     901.326	 19
     901.426	 29
     901.590	  9
     901.704	  8
     921.446	 51
     921.456	 18
     924.460	  7
     924.792	  7
     925.328	  7
     925.696	  7
     926.278	  7
     926.702	  7
     926.862	  7
     927.080	  7
     927.222	  7
     927.450	  7
     927.596	  7
     927.810	  7
     928.006	  7
     928.232	  7
     928.614	  7
     930.434	  7
     930.552	  7
     930.700	  7
     930.840	  7
     930.988	  7
     931.140	  7
     931.266	  7
     931.430	  7
     931.576	  7
     931.728	  7
     931.916	  7
     932.040	  7
     932.192	  7
     932.352	  7
     932.504	  7
     932.640	  7
     932.802	  7
     932.958	  7
     933.250	  7
     933.374	  7
     933.556	  7
     933.716	  7
     933.898	  7
     934.080	  7
     934.230	  7
     934.420	  7
     934.632	  7
     934.776	  7
     934.944	  7
     935.102	  7
     935.270	  7
     935.434	  7
     935.582	  7
     935.734	  7
     935.884	  7
     936.048	  7
     936.204	  7
     936.374	  7
     936.554	  7
     936.712	  7
     936.848	  7
     936.988	  7
     937.120	  7
     937.280	  7
     937.856	  7
     937.902	  7
     938.116	  7
     938.278	  7
     938.434	  7
     938.606	  7
     938.756	  7
     938.944	  7
     939.094	  7
     939.238	  7
     939.382	  7
     939.576	  7
     939.720	  7
     939.850	  7
     940.022	  7
     940.184	  7
     940.320	  7
     940.456	  7
     940.614	  7
     940.762	  7
     940.912	  7
     941.072	  7
     941.208	  7
     941.356	  7
     941.524	  7
     941.680	  7
     941.818	  7
     941.978	  7
     942.130	  7
     942.270	  7
     942.434	  7
     942.752	  7
     942.888	  7
     943.064	  7
     943.240	  7
     943.374	  7
     943.522	  7
     943.686	  7
     944.144	  7
     944.242	  7
     944.526	  7
     944.678	  7
     944.840	  7
     945.092	  7
     945.248	  7
     945.396	  7
     945.570	  7
     945.714	  7
     945.868	  7
     946.018	  7
     946.178	  7
     946.326	  7
     946.484	  7
     946.640	  7
     946.774	  7
     946.910	  7
     947.068	  7
     947.216	  7
     953.438	  8
     961.334	  8
     961.436	  8
     961.604	  8
     962.064	  8
     968.246	  8
     968.526	  8
     968.826	  8
     968.936	  8
     969.660	  8
     970.330	  8
     970.600	  8
     981.456	 53
     986.538	  8
     986.538	 20
     986.538	 27
     986.548	 28
     986.548	 19
     986.648	 29
     986.812	  8
    1006.668	 52
    1006.678	 10
    1024.528	  8
    1024.842	  8
    1029.492	  8
    1029.736	  8
    1032.234	  8
    1032.886	  8
    1033.174	  8
    1036.786	  8
    1037.026	  8
    1037.304	  8
    1037.676	  8
    1051.716	  8
    1051.824	  8
    1052.464	  8
    1053.298	  8
    1053.690	  8
    1055.034	  8
    1060.748	  8
    1061.058	  8
    1067.558	  8
    1068.256	  8
    1068.566	  8
    1069.068	  8
    1070.534	  8
    1070.572	  8
    1075.172	  8
    1075.402	  8
    1075.678	  8
    1076.448	  8
    1076.650	  8
    1077.180	  8
    1077.672	  8
    1078.336	  8
    1078.724	  8
    1079.954	  8
    1080.244	  8
    1080.518	  8
    1081.180	  8
    1096.014	  8
    1097.490	  8
    1098.366	  8
    1098.592	  8
    1099.996	  8
    1108.518	  8
    1109.280	  8
    1109.882	  8
    1109.938	  8
    1111.244	  8
    1115.428	  8
    1115.516	  8
    1115.854	  8
    1116.220	  8
    1116.490	  8
    1117.124	  8
    1117.396	  8
    1120.932	  8
    1121.718	  8
    1126.160	  8
    1126.678	 53
    1127.224	  8
    1127.224	 20
    1127.224	 27
    1127.234	 28
    1127.234	 19
    1127.334	 29
    1127.498	  9
    1127.684	  8
    1147.354	 50
    1147.364	 17
    1156.810	  8
    1157.262	  8
    1158.178	  8
    1158.624	  8
    1158.838	  8
    1159.760	  8
    1160.254	  8
    1160.838	  8
    1161.102	  8
    1163.066	  8
    1163.938	  8
    1164.574	  8
    1165.208	  8
    1165.882	  8
    1165.994	  8
    1167.578	  8
    1168.340	  8
    1168.640	  8
    1169.208	  8
    1169.650	  8
    1170.158	  8
    1171.864	  8
    1172.884	  8
    1173.190	  8
    1173.534	  8
    1174.188	  8
    1175.672	  8
    1175.978	  8
    1176.092	  8
    1176.214	  8
    1177.096	  8
    1177.364	 53
    1178.528	  8
    1178.528	 20
    1178.528	 27
    1178.538	 28
    1178.538	 19
    1178.638	 29
    1178.802	  9
    1179.262	  8
    1198.658	 51
    1198.668	 18
    1217.736	  8
    1218.116	  8
    1218.792	  8
    1219.234	  8
    1220.446	  8
    1220.644	  8
    1221.398	  8
    1221.954	  8
    1222.394	  8
    1223.644	  8
    1224.330	  8
    1225.158	  8
    1225.748	  8
    1226.118	  8
    1227.844	  8
    1228.180	  8
    1229.608	  8
    1230.040	  8
    1230.672	  8
    1231.114	  8
    1231.518	  8
    1231.742	  8
    1234.900	  8
    1235.208	  8
    1238.302	  8
    1238.876	  8
    1239.644	  8
    1240.804	  8
    1241.968	  8
    1242.304	  8
    1243.504	  8
    1244.722	  8
    1244.830	  8
    1250.002	  8
    1250.552	  8
    1252.124	  8
    1252.682	  8
    1254.134	  8
    1254.782	  8
    1255.782	  8
    1256.324	  8
    1256.430	  8
    1257.436	  8
    1258.100	  8
    1258.668	 53
    1261.208	  8
    1261.208	 20
    1261.208	 27
    1261.218	 28
    1261.218	 19
    1261.318	 29
    1261.360	  8
    1261.482	  9
    1272.596	  7
    1273.054	  7
    1273.286	  7
    1273.466	  7
    1273.942	  7
    1274.336	  7
    1275.156	  7
    1275.326	  7
    1275.572	  7
    1275.972	  7
    1276.234	  7
    1276.364	  7
    1276.584	  7
    1276.870	  7
    1277.200	  7
    1277.426	  7
    1277.576	  7
    1277.816	  7
    1278.014	  7
    1278.208	  7
    1278.448	  7
    1278.856	  7
    1280.366	  7
    1280.488	  7
    1280.608	  7
    1280.744	  7
    1280.890	  7
    1281.338	 52
    1281.348	 10
    1281.440	  7
    1281.564	  7
    1281.634	  7
    1281.758	  7
    1281.890	  7
    1282.032	  7
    1282.178	  7
    1282.314	  7
    1282.460	  7
    1282.600	  7
    1282.992	  7
    1283.136	  7
    1283.284	  7
    1283.460	  7
    1283.590	  7
    1283.724	  7
    1283.872	  7
    1284.008	  7
    1284.152	  7
    1284.296	  7
    1284.436	  7
    1284.566	  7
    1284.700	  7
    1284.826	  7
    1284.970	  7
    1285.106	  7
    1285.252	  7
    1285.398	  7
    1285.550	  7
    1285.692	  7
    1285.834	  7
    1285.980	  7
    1286.136	  7
    1286.278	  7
    1286.428	  7
    1286.568	  7
    1286.712	  7
    1286.864	  7
    1287.016	  7
    1287.146	  7
    1287.532	  7
    1287.670	  7
    1287.820	  7
    1287.968	  7
    1288.128	  7
    1288.280	  7
    1288.430	  7
    1288.584	  7
    1288.726	  7
    1288.880	  7
    1289.024	  7
    1289.176	  7
    1289.328	  7
    1289.476	  7
    1289.618	  7
    1289.762	  7
    1289.896	  7
    1290.050	  7
    1290.202	  7
    1290.384	  7
    1290.516	  7
    1290.668	  7
    1290.832	  7
    1290.978	  7
    1291.118	  7
    1291.282	  7
    1291.454	  7
    1291.884	  7
    1292.018	  7
    1292.176	  7
    1292.326	  7
    1292.476	  7
    1292.628	  7
    1292.780	  7
    1292.916	  7
    1293.056	  7
    1293.204	  7
    1293.346	  7
    1293.506	  7
    1293.774	  7
    1293.906	  7
    1294.056	  7
    1294.204	  7
    1294.354	  7
    1294.508	  7
    1294.652	  7
    1294.800	  7
    1294.954	  7
    1295.110	  7
    1295.250	  7
    1295.558	  7
    1295.710	  7
    1295.876	  7
    1296.060	  7
    1296.194	  7
    1296.342	  7
    1296.488	  7
    1296.632	  7
    1296.790	  7
    1296.942	  7
    1297.078	  7
    1297.512	  7
    1297.636	  7
    1297.782	  7
    1297.954	  7
    1298.102	  7
    1298.248	  7
    1298.378	  7
    1298.536	  7
    1298.694	  7
    1298.836	  7
    1298.982	  7
    1299.134	  7
    1299.294	  7
    1299.426	  7
    1299.574	  7
    1299.714	  7
    1299.868	  7
    1300.020	  7
    1300.176	  7
    1300.328	  7
    1300.478	  7
    1300.636	  7
    1300.792	  7
    1300.936	  7
    1301.086	  7
    1301.478	  7
    1305.670	  8
    1306.156	  8
    1317.654	  8
    1318.008	  8
    1327.360	  8
    1327.698	  8
    1328.254	  8
    1343.344	  8
    1343.542	  8
    1344.572	  8
    1345.088	  8
    1359.402	  8
    1359.966	  8
    1361.794	  8
    1362.064	  8
    1362.188	  8
    1362.442	  8
    1362.866	  8
    1363.894	  8
    1364.184	  8
    1364.578	  8
    1366.142	  8
    1366.942	  8
    1370.160	  8
    1370.292	  8
    1370.534	  8
    1371.012	  8
    1371.770	  8
    1372.088	  8
    1372.194	  8
    1375.012	  8
    1375.540	  8
    1376.828	  8
    1378.220	  8
    1378.436	  8
    1379.638	  8
    1380.198	  8
    1380.922	  8
    1383.990	  8
    1384.344	  8
    1385.178	  8
    1385.332	  8
    1386.496	  8
    1392.430	  8
    1392.632	  8
    1393.188	  8
    1393.328	  8
    1395.228	  8
    1395.756	  8
    1396.210	  8
    1396.444	  8
    1396.814	  8
    1397.658	  8
    1401.348	 53
    1405.422	  8
    1405.422	 20
    1405.422	 27
    1405.432	 28
    1405.432	 19
    1405.480	  8
    1405.532	 29
    1405.696	  9
    1405.754	  8
    1425.552	 51
    1425.562	 18
    1459.996	  8
    1460.378	  8
    1461.198	  8
    1464.016	  8
    1464.132	  8
    1465.518	  8
    1467.090	  8
    1468.034	  8
    1468.268	  8
    1470.020	  8
    1470.300	  8
    1470.682	  8
    1471.390	  8
    1472.434	  8
    1473.702	  8
    1473.874	  8
    1474.542	  8
    1474.750	  8
    1475.448	  8
    1475.600	  8
    1478.304	  8
    1478.462	  8
    1479.178	  8
    1480.096	  8
    1480.804	  8
    1480.884	  8
    1481.986	  8
    1483.120	  8
    1484.600	  8
    1485.034	  8
    1485.562	 53
    1485.632	  8
    1485.632	 20
    1485.632	 27
    1485.642	 28
    1485.642	 19
    1485.742	 29
    1485.906	  9
    1486.062	  8
    1487.520	  8
    1505.762	 50
    1505.772	 17
    1518.642	  8
    1519.538	  8
    1519.922	  8
    1520.792	  8
    1521.212	  8
    1521.438	  8
    1522.026	  8
    1522.694	  8
    1525.302	  8
    1525.856	  8
    1527.290	  8
    1528.220	  8
    1529.158	  8
    1530.254	  8
    1530.744	  8
    1531.118	  8
    1531.616	  8
    1533.326	  8
    1534.226	  8
    1534.750	  8
    1535.050	  8
    1535.772	 53
    1536.290	  8
    1536.290	 20
    1536.290	 27
    1536.300	 28
    1536.300	 19
    1536.400	 29
    1536.564	  9
    1556.420	 51
    1556.430	 18
    1564.532	  8
    1564.722	  8
    1565.024	  8
    1578.026	  8
    1579.074	  8
    1579.356	  8
    1579.946	  8
    1580.478	  8
    1590.402	  7
    1590.832	  7
    1593.704	  8
    1594.092	  8
    1594.972	  8
    1595.622	  8
    1595.954	  8
    1596.384	  8
    1596.572	  8
    1597.158	  8
    1598.060	  8
    1598.860	  8
    1599.674	  8
    1599.776	  8
    1600.606	  8
    1600.814	  8
    1601.188	  8
    1601.976	  8
    1602.042	  8
    1602.640	  8
    1603.038	  8
    1604.504	  8
    1607.124	  8
    1607.402	  8
    1607.890	  8
    1608.170	  8
    1608.738	  8
    1609.234	  8
    1611.940	  8
    1612.568	  8
    1612.706	  8
    1613.000	  8
    1613.220	  8
    1613.452	  8
    1613.792	  8
    1614.062	  8
    1614.248	  8
    1614.914	  8
    1615.030	  8
    1615.304	  8
    1616.430	 53
    1618.658	  8
    1618.658	 20
    1618.658	 27
    1618.668	 28
    1618.668	 19
    1618.736	  8
    1618.768	 29
    1618.932	  9
    1619.408	  8
    1635.370	  7
    1636.430	  7
    1637.334	  7
    1637.452	  7
    1637.582	  7
    1637.714	  7
    1637.896	  7
    1638.058	  7
    1638.264	  7
    1638.402	  7
    1638.788	 51
    1638.798	 18
    1639.446	  7
    1640.088	  7
    1640.260	  7
    1641.590	  7
    1642.074	  7
    1642.284	  7
    1642.410	  7
    1642.540	  7
    1642.692	  7
    1642.814	  7
    1642.954	  7
    1643.100	  7
    1643.238	  7
    1643.386	  7
    1643.534	  7
    1643.684	  7
    1643.830	  7
    1643.976	  7
    1644.124	  7
    1644.288	  7
    1644.438	  7
    1644.572	  7
    1644.720	  7
    1644.874	  7
    1645.032	  7
    1645.176	  7
    1645.316	  7
    1645.458	  7
    1645.594	  7
    1645.744	  7
    1645.878	  7
    1646.034	  7
    1646.170	  7
    1646.312	  7
    1646.478	  7
    1646.614	  7
    1646.748	  7
    1646.914	  7
    1647.056	  7
    1647.190	  7
    1647.344	  7
    1647.486	  7
    1647.616	  7
    1647.770	  7
    1647.910	  7
    1648.064	  7
    1648.198	  7
    1648.342	  7
    1648.492	  7
    1648.636	  7
    1648.788	  7
    1648.934	  7
    1649.088	  7
    1649.236	  7
    1649.394	  7
    1649.550	  7
    1649.716	  7
    1649.868	  7
    1650.014	  7
    1650.164	  7
    1650.316	  7
    1650.464	  7
    1650.602	  7
    1650.764	  7
    1650.924	  7
    1651.072	  7
    1651.224	  7
    1651.374	  7
    1651.514	  7
    1651.646	  7
    1654.900	  8
    1655.220	  8
    1655.626	  8
    1671.920	  8
    1673.062	  8
    1673.208	  8
    1674.386	  8
    1675.320	  8
    1675.610	  8
    1675.966	  8
    1698.798	 53
    1702.352	  8
    1702.352	 20
    1702.352	 27
    1702.362	 28
    1702.362	 19
    1702.462	 29
    1702.602	  8
    1702.626	  9
    1720.588	  8
    1720.810	  8
    1722.482	 50
    1722.492	 17
    1732.794	  8
    1733.460	  8
    1733.978	  8
    1734.838	  8
    1735.342	  8
    1735.904	  8
    1741.060	  8
    1741.536	  8
    1741.610	  8
    1741.934	  8
    1743.214	  8
    1743.782	  8
    1743.826	  8
    1744.150	  8
    1745.858	  8
    1747.108	  8
    1748.612	  8
    1749.288	  8
    1751.550	  8
    1751.938	  8
    1752.102	  8
    1752.326	  8
    1752.492	 53
    1753.484	  8
    1753.484	 20
    1753.484	 27
    1753.494	 28
    1753.494	 19
    1753.594	 29
    1753.758	  9
    1756.502	  8
    1756.916	  8
    1757.588	  8
    1773.614	 50
    1773.624	 17
    1781.404	  8
    1781.508	  8
    1781.906	  8
    1790.580	  8
    1790.960	  8
    1791.476	  8
    1791.570	  8
    1792.710	  8
    1793.080	  8
    1793.168	  8
    1793.780	  8
    1794.596	  8
    1795.622	  8
    1798.406	  8
    1798.828	  8
    1800.398	  8
    1800.748	  8
    1801.316	  8
    1801.990	  8
    1802.750	  8
    1803.442	  8
    1803.624	 53
    1804.400	  8
    1804.400	 20
    1804.400	 27
    1804.410	 28
    1804.410	 19
    1804.510	 29
    1804.674	  9
    1804.836	  8
    1824.530	 50
    1824.540	 17
    1834.404	  8
    1835.374	  8
    1841.648	  8
    1841.810	  8
    1842.970	  8
    1845.068	  8
    1846.342	  8
    1848.162	  8
    1848.482	  8
    1851.394	  8
    1851.988	  8
    1853.278	  8
    1853.802	  8
    1854.540	 53
    1855.244	  8
    1855.244	 20
    1855.244	 27
    1855.254	 28
    1855.254	 19
    1855.354	 29
    1855.462	  8
    1855.518	  9
    1855.972	  8
    1875.374	 51
    1875.384	 18
    1888.622	  7
    1888.744	  7
    1911.902	  8
    1913.484	  8
    1920.452	  8
    1920.796	  8
    1922.078	  8
    1922.688	  8
    1923.606	  8
    1924.000	  8
    1924.934	  8
    1925.244	  8
    1926.124	  8
    1928.696	  8
    1928.890	  8
    1929.314	  8
    1929.838	  8
    1930.300	  8
    1931.994	  8
    1932.930	  8
    1933.304	  8
    1933.510	  8
    1935.384	 53
    1935.742	  8
    1935.742	 20
    1935.742	 27
    1935.752	 28
    1935.752	 19
    1935.852	 29
    1936.016	  9
    1936.198	  8
    1936.490	  8
    1938.064	  8
    1941.344	  8
    1943.626	  8
    1944.054	  8
    1945.576	  8
    1947.232	  8
    1948.626	  8
    1950.216	  8
    1950.408	  8
    1950.940	  8
    1952.360	  8
    1952.498	  8
    1952.714	  8
    1955.872	 50
    1955.882	 17
    1958.750	  8
    1959.062	  8
    1960.006	  8
    1960.166	  8
    1960.330	  8
    1960.410	  8
    1962.342	  8
    1963.410	  8
    1967.186	  8
    1967.480	  8
    1968.264	  8
    1970.386	  8
    1973.028	  8
    1973.800	  8
    1974.320	  8
    1975.796	  8
    1976.102	  8
    1976.144	  8
    1976.718	  8
    1977.572	  8
    1977.768	  8
    1978.176	  8
    1978.474	  8
    1981.570	  8
    1981.700	  8
    1981.798	  8
    1982.338	  8
    1982.840	  8
    1983.136	  8
    1983.364	  8
    1983.606	  8
    1985.130	  8
    1985.882	 53
    1986.606	  8
    1986.606	 20
    1986.606	 27
    1986.616	 28
    1986.616	 19
    1986.716	 29
    1986.880	  9
    2006.736	 52
    2006.746	 10
    2021.462	  5
    2030.472	  7
    2030.628	  7
    2031.386	  7
    2031.556	  7
    2031.926	  7
    2032.078	  7
    2032.706	  7
    2032.838	  7
    2033.252	  7
    2033.406	  7
    2034.790	  7
    2034.976	  7
    2035.090	  7
    2035.292	  7
    2035.514	  7
    2035.696	  7
    2035.976	  7
    2036.138	  7
    2036.396	  7
    2036.546	  7
    2036.776	  7
    2036.986	  7
    2037.200	  7
    2037.430	  7
    2037.664	  7
    2037.908	  7
    2038.094	  7
    2038.288	  7
    2038.504	  7
    2038.718	  7
    2038.934	  7
    2039.148	  7
    2039.340	  7
    2039.538	  7
    2039.746	  7
    2039.956	  7
    2040.156	  7
    2040.384	  7
    2040.552	  7
    2040.752	  7
    2040.952	  7
    2041.152	  7
    2041.382	  7
    2045.238	  8
    2053.618	  8
    2054.336	  8
    2057.864	  8
    2059.124	  8
    2067.034	  8
    2073.668	  8
    2081.630	  8
    2082.012	  8
    2083.482	  8
    2084.706	  8
    2089.202	  8
    2094.226	  8
    2094.600	  8
    2096.100	  8
    2096.618	  8
    2101.366	  8
    2101.680	  8
    2105.606	  8
    2106.192	  8
    2107.504	  8
    2108.130	  8
    2108.544	  8
    2108.964	  8
    2109.316	  8
    2109.720	  8
    2109.908	  8
    2111.234	  8
    2111.316	  8
    2113.652	  8
    2117.772	  8
    2118.076	  8
    2119.150	  8
    2120.434	  8
    2122.446	  8
    2125.326	  8
    2125.860	  8
    2126.304	  8
    2126.746	 53
    2127.704	  8
    2127.704	 20
    2127.704	 27
    2127.714	 28
    2127.714	 19
    2127.814	 29
    2127.978	  9
    2128.092	  8
    2147.834	 52
    2147.844	 10
    2168.080	  8
    2168.754	  8
    2183.090	  8
    2194.752	  8
    2196.276	  8
    2196.756	  8
    2199.670	  8
    2209.148	  8
    2209.452	  8
    2211.742	  8
    2212.002	  8
    2212.104	  8
    2213.404	  8
    2219.398	  8
    2219.878	  8
    2220.534	  8
    2226.616	  8
    2227.750	  8
    2228.120	  8
    2228.696	  8
    2229.012	  8
    2236.616	  8
    2241.882	  8
    2242.404	  8
    2242.790	  8
    2245.074	  8
    2246.604	  8
    2259.244	  8
    2260.052	  8
    2260.602	  8
    2261.108	  8
    2261.596	  8
    2261.986	  8
    2264.962	  8
    2265.614	  8
    2266.596	  8
    2267.844	 53
    2268.402	  8
    2268.402	 20
    2268.402	 27
    2268.412	 28
    2268.412	 19
    2268.512	 29
    2268.676	  9
    2268.906	  8
    2288.532	 52
    2288.542	 10
    2305.076	  8
    2309.342	  7
    2309.714	  7
    2310.046	  7
    2310.216	  7
    2310.378	  7
    2310.566	  7
    2310.764	  7
    2310.956	  7
    2311.144	  7
    2311.586	  7
    2313.936	  7
    2315.234	  7
    2316.058	  7
    2316.256	  7
    2316.470	  7
    2316.876	  7
    2318.328	  7
    2318.510	  7
    2320.032	  7
    2320.242	  7
    2320.668	  7
    2321.086	  7
    2321.714	  7
    2321.918	  7
    2322.072	  7
    2322.298	  7
    2322.956	  7
    2323.386	  7
    2327.588	  7
    2329.780	  7
    2330.308	  7
    2330.432	  7
    2330.562	  7
    2330.696	  7
    2330.846	  7
    2330.998	  7
    2331.134	  7
    2331.824	  7
    2332.130	  7
    2332.258	  7
    2332.444	  7
    2332.534	  7
    2334.186	  7
    2334.314	  7
    2334.456	  7
    2334.616	  7
    2334.762	  7
    2334.924	  7
    2335.068	  7
    2335.206	  7
    2335.374	  7
    2353.378	  6
    2357.742	  8
    2370.896	  8
    2390.380	  8
    2390.924	  8
    2391.042	  8
    2391.792	  8
    2393.792	  8
    2393.958	  8
    2394.274	  8
    2396.746	  8
    2397.956	  8
    2399.464	  8
    2400.536	  8
    2402.054	  8
    2402.276	  8
    2403.212	  8
    2404.552	  8
    2405.198	  8
    2407.134	  8
    2407.468	  8
    2408.012	  8
    2408.542	 53
    2411.516	  8
    2411.516	 20
    2411.516	 27
    2411.526	 28
    2411.526	 19
    2411.626	 29
    2411.790	  9
    2412.448	  8
    2412.608	  8
    2431.646	 50
    2431.656	 17
    2432.520	  8
    2453.876	  8
    2454.152	  8
    2455.242	  8
    2455.392	  8
    2455.492	  8
    2455.854	  8
    2456.758	  8
    2456.848	  8
    2457.878	  8
    2460.326	  8
    2461.656	 53
    2461.880	  8
    2461.880	 20
    2461.880	 27
    2461.890	 28
    2461.890	 19
    2461.990	 29
    2462.154	  9
    2462.612	  8
    2472.764	  8
    2473.610	  8
    2474.400	  8
    2476.092	  8
    2476.922	  8
    2478.322	  8
    2478.538	  8
    2480.756	  8
    2481.312	  8
    2482.010	 50
    2482.020	 17
    2482.376	  8
    2484.966	  8
    2485.200	  8
    2486.506	  8
    2487.782	  8
    2488.304	  8
    2491.888	  8
    2492.366	  8
    2493.508	  8
    2493.868	  8
    2495.146	  8
    2495.280	  8
    2496.104	  8
    2496.226	  8
    2496.780	  8
    2499.196	  8
    2500.108	  8
    2503.078	  8
    2503.386	  8
    2504.932	  8
    2505.600	  8
    2505.968	  8
    2506.816	  8
    2507.166	  8
    2508.582	  8
    2509.004	  8
    2510.356	  8
    2510.484	  8
    2511.090	  8
    2511.626	  8
    2512.020	 53
    2512.972	  8
    2512.972	 20
    2512.972	 27
    2512.982	 28
    2512.982	 19
    2513.082	 29
    2513.246	  9
    2513.480	  8
    2533.102	 50
    2533.112	 17
    2541.940	  8
    2542.364	  8
    2542.702	  8
    2543.024	  8
    2544.014	  8
    2544.526	  8
    2545.262	  8
    2546.758	  8
    2546.952	  8
    2547.496	  8
    2547.970	  8
    2548.492	  8
    2550.778	  8
    2552.700	  8
    2553.472	  8
    2553.840	  8
    2556.058	  8
    2556.826	  8
    2557.236	  8
    2557.496	  8
    2559.086	  8
    2559.718	  8
    2562.686	  8
    2563.112	 53
    2563.952	  8
    2563.952	 20
    2563.952	 27
    2563.962	 28
    2563.962	 19
    2564.062	 29
    2564.226	  9
    2564.376	  8
    2584.082	 50
    2584.092	 17
    2614.092	 53
    2616.556	  8
    2616.556	 20
    2616.556	 27
    2616.566	 28
    2616.566	 19
    2616.666	 29
    2616.830	  9
    2616.946	  8
    2636.686	 50
    2636.696	 17
    2648.904	  8
    2649.216	  8
    2649.288	  8
    2655.598	  8
    2656.826	  8
    2658.242	  8
    2658.376	  8
    2658.834	  8
    2660.348	  8
    2660.684	  8
    2661.308	  8
    2663.016	  8
    2663.446	  8
    2664.508	  8
    2665.134	  8
    2666.480	  8
    2666.696	 53
    2669.206	  8
    2669.206	 20
    2669.206	 27
    2669.216	 28
    2669.216	 19
    2669.316	 29
    2669.480	  9
    2669.528	  8
    2671.846	  8
    2689.336	 51
    2689.346	 18
    2701.630	  8
    2702.366	  8
    2702.642	  8
    2703.014	  8
    2707.330	  8
    2707.510	  8
    2708.152	  8
    2709.032	  8
    2710.064	  8
    2710.148	  8
    2713.038	  8
    2714.774	  8
    2715.476	  8
    2716.286	  8
    2717.308	  8
    2718.518	  8
    2718.938	  8
    2719.332	  8
    2719.402	  8
    2721.456	  8
    2721.714	  8
    2724.276	  8
    2726.138	  8
    2726.472	  8
    2728.798	  8
    2730.880	  8
    2731.328	  8
    2732.252	  8
    2732.900	  8
    2734.088	  8
    2734.274	  8
    2734.528	  8
    2735.096	  8
    2735.262	  8
    2736.404	  8
    2736.720	  8
    2737.242	  8
    2737.826	  8
    2737.924	  8
    2739.058	  8
    2740.442	  8
    2741.222	  8
    2741.660	  8
    2743.016	  8
    2744.038	  8
    2744.800	  8
    2747.294	  8
    2749.124	  8
    2749.346	 53
    2750.004	  8
    2750.004	 20
    2750.004	 27
    2750.014	 28
    2750.014	 19
    2750.114	 29
    2750.278	  9
    2750.450	  8
    2759.364	  8
    2770.134	 51
    2770.144	 18
    2788.780	  8
    2794.072	  8
    2794.714	  8
    2803.926	  8
    2804.172	  8
    2806.702	  8
    2808.104	  8
    2813.016	  8
    2813.262	  8
    2815.074	  8
    2818.150	  8
    2818.476	  8
    2818.586	  8
    2821.352	  8
    2822.074	  8
    2822.736	  8
    2822.830	  8
    2823.420	  8
    2823.484	  8
    2823.742	  8
    2823.774	  8
    2826.248	  8
    2826.834	  8
    2826.872	  8
    2827.858	  8
    2830.144	 53
    2831.142	  8
    2831.142	 20
    2831.142	 27
    2831.152	 28
    2831.152	 19
    2831.252	 29
    2831.408	  9
    2831.538	  8
    2851.272	 52
    2851.282	 10
    2866.742	  8
    2872.238	  8
    2893.758	  8
    2895.220	  8
    2895.976	  8
    2904.138	  8
    2906.626	  8
    2907.670	  8
    2912.970	  7
    2913.094	  7
    2913.408	  7
    2913.552	  7
    2913.964	  7
    2914.322	  7
    2914.498	  7
    2914.712	  7
    2918.158	  8
    2918.626	  8
    2919.946	  8
    2920.770	  8
    2922.504	  8
    2922.588	  8
    2923.302	  8
    2925.016	  8
    2925.412	  8
    2925.896	  8
    2929.490	  8
    2929.840	  8
    2930.278	  8
    2931.494	  8
    2935.570	  8
    2935.818	  8
    2936.904	  8
    2937.158	  8
    2940.684	  8
    2941.196	  8
    2941.480	  8
    2942.124	  8
    2942.486	  8
    2949.958	  8
    2950.402	  8
    2951.486	  8
    2953.258	  8
    2954.968	  8
    2955.544	  8
    2957.250	  8
    2961.668	  8
    2961.990	  8
    2962.530	  8
    2963.442	  8
    2964.084	  8
    2964.322	  8
    2966.378	  8
    2966.712	  8
    2967.078	  8
    2967.428	  8
    2969.974	  8
    2970.274	  8
    2970.924	  8
    2971.282	 53
    2971.972	  8
    2971.972	 20
    2971.972	 27
    2971.982	 28
    2971.982	 19
    2972.082	 29
    2972.246	  9
    2972.488	  8
    2985.560	  8
    2986.450	  8
    2987.240	  8
    2988.628	  8
    2989.506	  8
    2989.826	  8
    2991.136	  8
    2991.510	  8
    2991.606	  8
    2992.102	 51
    2992.112	 18
    2992.122	  8
    2992.432	  8
    2993.074	  8
    2997.604	  8
    2998.266	  8
    2999.454	  8
    2999.994	  8
    3001.042	  8
    3001.320	  8
    3002.012	  8
    3002.780	  8
    3008.560	  8
    3010.306	  8
    3011.384	  8
    3011.568	  8
    3012.096	  8
    3024.020	  8
    3024.270	  8
    3025.396	  8
    3026.920	  8
    3027.446	  8
    3027.618	  8
    3028.148	  8
    3030.406	  8
    3034.340	  8
    3034.896	  8
    3035.784	  8
    3037.546	  8
    3037.984	  8
    3040.058	  8
    3040.310	  8
    3040.732	  8
    3042.680	  8
    3042.752	  8
    3043.398	  8
    3043.610	  8
    3044.062	  8
    3044.668	  8
    3045.442	  8
    3046.178	  8
    3046.574	  8
    3047.090	  8
    3047.738	  8
    3048.246	  8
    3049.306	  8
    3049.524	  8
    3049.630	  8
    3049.900	  8
    3050.764	  8
    3052.112	 53
    3053.162	  8
    3053.162	 20
    3053.162	 27
    3053.172	 28
    3053.172	 19
    3053.272	 29
    3053.436	  9
    3053.570	  8
    3055.010	  8
    3073.292	 51
    3073.302	 18
    3096.294	  8
    3133.302	 53
    3136.434	  8
    3136.434	 20
    3136.434	 27
    3136.444	 28
    3136.444	 19
    3136.544	 29
    3136.708	  9
    3136.888	  8
    3156.564	 51
    3156.574	 18
    3198.008	  8
    3199.772	  8
    3200.546	  8
    3201.234	  8
    3209.344	  8
    3209.582	  8
    3210.748	  8
    3210.912	  8
    3211.586	  8
    3212.002	  8
    3212.894	  8
    3213.316	  8
    3215.414	  8
    3215.810	  8
    3215.948	  8
    3216.574	 53
    3218.206	  8
    3218.206	 20
    3218.206	 27
    3218.216	 28
    3218.216	 19
    3218.316	 29
    3218.480	  9
    3218.558	  8
    3219.700	  8
    3238.336	 50
    3238.346	 17
    3249.866	  8
    3250.610	  8
    3250.928	  8
    3253.320	  8
    3253.622	  8
    3254.222	  8
    3255.256	  8
    3255.592	  8
    3256.140	  8
    3256.714	  8
    3257.628	  8
    3258.648	  8
    3259.016	  8
    3260.272	  8
    3260.644	  8
    3261.250	  8
    3263.660	  8
    3264.050	  8
    3264.168	  8
    3266.490	  8
    3266.664	  8
    3267.188	  8
    3268.340	  8
    3268.346	 53
    3269.224	  8
    3269.224	 20
    3269.224	 27
    3269.234	 28
    3269.234	 19
    3269.334	 29
    3269.498	  9
    3269.576	  8
    3289.354	 51
    3289.364	 18
    3298.092	  7
    3298.222	  7
    3298.924	  7
    3299.092	  7
    3299.244	  7
    3299.422	  7
    3299.604	  7
    3300.028	  7
    3300.180	  7
    3300.394	  7
    3300.600	  7
    3300.784	  7
    3300.996	  7
    3301.238	  7
    3301.476	  7
    3301.686	  7
    3301.928	  7
    3302.148	  7
    3302.362	  7
    3302.606	  7
    3302.776	  7
    3302.970	  7
    3303.346	  7
    3303.524	  7
    3303.754	  7
    3303.900	  7
    3304.106	  7
    3304.342	  7
    3304.556	  7
    3304.786	  7
    3305.012	  7
    3305.250	  7
    3305.416	  7
    3305.586	  7
    3305.764	  7
    3305.962	  7
    3306.188	  7
    3306.362	  7
    3306.584	  7
    3306.752	  7
    3306.912	  7
    3307.326	  7
    3308.854	  7
    3310.422	  7
    3310.554	  7
    3310.674	  7
    3310.810	  7
    3310.988	  7
    3311.132	  7
    3311.266	  7
    3311.558	  7
    3311.686	  7
    3311.834	  7
    3311.980	  7
    3312.130	  7
    3312.276	  7
    3312.428	  7
    3312.578	  7
    3312.710	  7
    3312.860	  7
    3313.002	  7
    3313.302	  7
    3313.452	  7
    3313.604	  7
    3313.746	  7
    3313.896	  7
    3314.038	  7
    3314.180	  7
    3314.324	  7
    3314.474	  7
    3314.628	  7
    3314.768	  7
    3314.958	  7
    3315.212	  7
    3315.610	  7
    3315.758	  7
    3315.898	  7
    3316.038	  7
    3316.180	  7
    3316.316	  7
    3316.450	  7
    3316.592	  7
    3316.740	  7
    3316.882	  7
    3317.022	  7
    3317.158	  7
    3317.304	  7
    3317.454	  7
    3317.600	  7
    3317.750	  7
    3317.924	  7
    3318.218	  7
    3318.360	  7
    3318.532	  7
    3318.682	  7
    3318.832	  7
    3319.302	  7
    3319.458	  7
    3319.634	  7
    3319.786	  7
    3319.942	  7
    3320.250	  7
    3320.396	  7
    3320.554	  7
    3320.718	  7
    3320.868	  7
    3321.028	  7
    3321.176	  7
    3321.334	  7
    3321.488	  7
    3321.634	  7
    3321.794	  7
    3321.944	  7
    3322.114	  7
    3322.266	  7
    3322.566	  7
    3322.716	  7
    3322.876	  7
    3323.030	  7
    3323.184	  7
    3323.330	  7
    3323.482	  7
    3323.618	  7
    3323.766	  7
    3323.908	  7
    3324.074	  7
    3324.220	  7
    3324.380	  7
    3324.526	  7
    3324.674	  7
    3324.828	  7
    3324.980	  7
    3325.132	  7
    3325.286	  7
    3325.434	  7
    3325.578	  7
    3325.728	  7
    3325.878	  7
    3326.502	  7
    3326.938	  7
    3327.316	  7
    3327.556	  7
    3327.712	  7
    3327.856	  7
    3328.172	  7
    3328.324	  7
    3328.470	  7
    3328.626	  7
    3329.412	  7
    3333.482	  8
    3335.630	  8
    3335.748	  8
    3335.934	  8
    3336.028	  8
    3340.114	  8
    3340.492	  8
    3341.194	  8
    3341.596	  8
    3341.690	  8
    3341.870	  8
    3342.356	  8
    3342.858	  8
    3343.110	  8
    3343.526	  8
    3346.138	  8
    3346.804	  8
    3347.326	  8
    3348.204	  8
    3348.354	  8
    3349.364	 53
    3350.292	  8
    3350.292	 20
    3350.292	 27
    3350.302	 28
    3350.302	 19
    3350.388	  8
    3350.402	 29
    3350.566	  9
    3350.802	  8
    3370.422	 50
    3370.432	 17
    3379.588	  8
    3379.962	  8
    3381.942	  8
    3383.446	  8
    3384.302	  8
    3384.600	  8
    3386.556	  8
    3387.338	  8
    3388.580	  8
    3389.716	  8
    3390.170	  8
    3390.420	  8
    3390.498	  8
    3390.610	  8
    3391.710	  8
    3392.302	  8
    3392.690	  8
    3392.756	  8
    3393.330	  8
    3393.552	  8
    3395.090	  8
    3396.216	  8
    3396.396	  8
    3398.624	  8
    3399.000	  8
    3399.178	  8
    3400.394	  8
    3400.432	 53
    3400.594	  8
    3400.594	 20
    3400.594	 27
    3400.604	 28
    3400.604	 19
    3400.704	 29
    3400.868	  9
    3401.046	  8
    3402.306	  8
    3406.524	  8
    3407.390	  8
    3407.766	  8
    3408.366	  8
    3410.634	  8
    3412.420	  8
    3412.596	  8
    3413.388	  8
    3414.498	  8
    3416.202	  8
    3416.336	  8
    3416.768	  8
    3417.286	  8
    3418.398	  8
    3420.724	 50
    3420.734	 17
    3421.966	  8
    3422.252	  8
    3423.060	  8
    3424.544	  8
    3424.606	  8
    3424.854	  8
    3427.942	  8
    3428.074	  8
    3428.442	  8
    3428.748	  8
    3429.034	  8
    3430.432	  8
    3431.064	  8
    3431.358	  8
    3431.600	  8
    3431.878	  8
    3433.646	  8
    3434.412	  8
    3434.602	  8
    3434.662	  8
    3434.870	  8
    3436.252	  8
    3436.912	  8
    3438.432	  8
    3438.754	  8
    3440.530	  8
    3440.678	  8
    3440.904	  8
    3441.412	  8
    3442.534	  8
    3443.124	  8
    3443.468	  8
    3444.052	  8
    3444.254	  8
    3444.620	  8
    3446.838	  8
    3449.840	  8
    3450.048	  8
    3450.472	  8
    3450.734	 53
    3451.132	  8
    3451.132	 20
    3451.132	 27
    3451.142	 28
    3451.142	 19
    3451.242	 29
    3451.406	  9
    3451.548	  8
    3471.262	 51
    3471.272	 18
    3477.924	  8
    3478.704	  8
    3480.454	  8
    3480.760	  8
    3481.194	  8
    3482.312	  8
    3492.046	  8
    3492.130	  8
    3492.958	  8
    3494.146	  8
    3494.428	  8
    3495.528	  8
    3495.654	  8
    3495.958	  8
    3496.170	  8
    3497.290	  8
    3497.860	  8
    3503.954	  8
    3504.918	  8
    3505.868	  8
    3506.632	  8
    3506.710	  8
    3507.788	  8
    3508.480	  8
    3509.818	  8
    3510.256	  8
    3510.480	  8
    3511.526	  8
    3513.318	  8
    3513.754	  8
    3514.036	  8
    3514.376	  8
    3514.596	  8
    3516.288	  8
    3516.472	  8
    3516.926	  8
    3517.080	  8
    3518.762	  8
    3519.292	  8
    3519.454	  8
    3519.838	  8
    3521.994	  8
    3522.232	  8
    3522.530	  8
    3523.022	  8
    3523.232	  8
    3523.382	  8
    3525.206	  8
    3525.672	  8
    3526.276	  8
    3527.336	  8
    3527.368	  8
    3527.506	  8
    3528.104	  8
    3528.276	  8
    3529.500	  8
    3529.818	  8
    3530.112	  8
    3530.304	  8
    3530.398	  8
    3531.098	  8
    3531.272	 53
    3531.274	  8
    3531.274	 20
    3531.274	 27
    3531.284	 28
    3531.284	 19
    3531.384	 29
    3531.548	  9
    3531.718	  8
    3551.404	 52
    3551.414	 10
    3576.216	  8
    3578.182	  8
    3580.998	  8
    3581.496	  8
    3581.758	  8
    3599.676	  8
    3599.972	  8
    3600.344	  8
    3600.778	  8
    3602.870	  8
    3607.384	  8
    3607.834	  8
    3608.156	  8
    3608.344	  8
    3613.066	  8
    3613.598	  8
    3615.412	  8
    3637.354	  8
    3637.998	  8
    3638.426	  8
    3640.284	  8
    3640.876	  8
    3645.976	  8
    3646.164	  8
    3646.292	  8
    3646.704	  8
    3647.714	  8
    3651.362	  8
    3651.924	  8
    3652.452	  8
    3655.442	  8
    3655.640	  8
    3656.158	  8
    3657.234	  8
    3660.168	  8
    3660.796	  8
    3671.344	  8
    3671.414	 53
    3671.834	  8
    3671.834	 20
    3671.834	 27
    3671.844	 28
    3671.844	 19
    3671.944	 29
    3672.108	  9
    3672.282	  8
    3691.964	 51
    3691.974	 18
    3715.432	  8
    3716.294	  8
    3716.998	  8
    3718.340	  8
    3718.974	  8
    3719.250	  8
    3719.420	  8
    3719.756	  8
    3719.962	  8
    3720.946	  8
    3721.540	  8
    3721.714	  8
    3721.762	  8
    3722.668	  8
    3723.182	  8
    3723.816	  8
    3725.220	  8
    3726.406	  8
    3727.084	  8
    3727.988	  8
    3728.222	  8
    3728.404	  8
    3729.046	  8
    3729.622	  8
    3730.584	  8
    3731.048	  8
    3732.128	  8
    3732.304	  8
    3732.862	  8
    3733.156	  8
    3733.364	  8
    3733.748	  8
    3734.966	  8
    3735.124	  8
    3735.520	  8
    3735.878	  8
    3736.398	  8
    3736.650	  8
    3737.540	  8
    3739.338	  8
    3739.566	  8
    3739.908	  8
    3740.274	  8
    3741.042	  8
    3742.710	  8
    3742.868	  8
    3744.228	  8
    3744.478	  8
    3745.386	  8
    3745.864	  8
    3746.376	  8
    3747.692	  8
    3749.520	  8
    3751.640	  8
    3751.874	  8
    3751.974	 53
    3752.598	  8
    3752.598	 20
    3752.598	 27
    3752.608	 28
    3752.608	 19
    3752.708	 29
    3752.872	  9
    3753.052	  8
    3772.728	 50
    3772.738	 17
    3775.642	  8
    3779.094	  8
    3779.596	  8
    3780.774	  8
    3781.222	  8
    3781.940	  8
    3783.112	  8
    3783.814	  8
    3786.154	  8
    3786.398	  8
    3787.502	  8
    3788.134	  8
    3789.338	  8
    3789.660	  8
    3790.220	  8
    3790.738	  8
    3791.902	  8
    3792.714	  8
    3793.126	  8
    3794.596	  8
    3795.244	  8
    3796.330	  8
    3796.534	  8
    3796.910	  8
    3797.354	  8
    3797.690	  8
    3797.810	  8
    3798.906	  8
    3800.988	  8
    3802.738	 53
    3803.034	  8
    3803.034	 20
    3803.034	 27
    3803.044	 28
    3803.044	 19
    3803.144	 29
    3803.308	  9
    3803.484	  8
    3823.164	 51
    3823.174	 18
    3832.286	  8
    3832.826	  8
    3833.192	  8
    3833.916	  8
    3859.748	  8
    3860.108	  8
    3860.254	  8
    3860.888	  8
    3861.284	  8
    3862.262	  8
    3862.736	  8
    3863.884	  8
    3864.248	  8
    3865.174	  8
    3869.924	  8
    3870.138	  8
    3871.720	  8
    3871.868	  8
    3872.640	  8
    3873.902	  8
    3874.516	  8
    3874.996	  8
    3875.492	  8
    3875.534	  8
    3876.694	  8
    3876.914	  8
    3877.254	  8
    3877.478	  8
    3877.802	  8
    3879.772	  8
    3880.012	  8
    3881.240	  8
    3881.512	  8
    3881.642	  8
    3883.174	 53
    3885.354	  8
    3885.354	 20
    3885.354	 27
    3885.364	 28
    3885.364	 19
    3885.464	 29
    3885.628	  9
    3885.706	  8
    3904.468	  7
    3905.484	 50
    3905.494	 17
    3905.658	  7
    3906.306	  7
    3906.666	  7
    3906.798	  7
    3906.942	  7
    3907.080	  7
    3907.232	  7
    3907.388	  7
    3907.860	  7
    3907.998	  7
    3908.182	  7
    3908.328	  7
    3908.626	  7
    3908.788	  7
    3908.932	  7
    3909.078	  7
    3909.370	  7
    3909.542	  7
    3909.698	  7
    3909.862	  7
    3910.158	  7
    3910.312	  7
    3910.470	  7
    3910.626	  7
    3911.068	  7
    3911.216	  7
    3911.386	  7
    3911.532	  7
    3911.688	  7
    3911.856	  7
    3912.006	  7
    3912.158	  7
    3912.306	  7
    3912.456	  7
    3912.600	  7
    3912.754	  7
    3912.892	  7
    3913.050	  7
    3913.196	  7
    3913.338	  7
    3913.488	  7
    3913.640	  7
    3913.772	  7
    3913.918	  7
    3914.070	  7
    3914.210	  7
    3914.360	  7
    3914.512	  7
    3914.656	  7
    3914.810	  7
    3914.950	  7
    3915.098	  7
    3915.244	  7
    3915.396	  7
    3916.674	  7
    3916.820	  7
    3916.986	  7
    3917.164	  7
    3917.320	  7
    3917.490	  7
    3917.672	  7
    3918.702	  7
    3918.838	  7
    3919.142	  7
    3919.288	  7
    3919.478	  7
    3919.696	  7
    3919.852	  7
    3920.708	  7
    3920.914	  7
    3921.544	  7
    3921.740	  7
    3922.164	  7
    3922.536	  7
    3922.720	  7
    3922.862	  7
    3923.046	  7
    3923.178	  7
    3923.412	  7
    3924.400	  7
    3924.522	  7
    3924.656	  7
    3924.798	  7
    3924.958	  7
    3925.106	  7
    3925.260	  7
    3925.402	  7
    3925.544	  7
    3925.710	  7
    3925.858	  7
    3925.994	  7
    3926.126	  7
    3926.282	  7
    3926.434	  7
    3926.586	  7
    3926.722	  7
    3926.868	  7
    3927.150	  7
    3927.290	  7
    3927.450	  7
    3928.682	  7
    3928.838	  7
    3928.990	  7
    3929.152	  7
    3929.308	  7
    3929.452	  7
    3929.622	  7
    3929.778	  7
    3929.952	  7
    3930.096	  7
    3930.252	  7
    3930.424	  7
    3930.566	  7
    3930.728	  7
    3930.876	  7
    3931.030	  7
    3931.178	  7
    3931.338	  7
    3931.494	  7
    3931.790	  7
    3931.922	  7
    3932.088	  7
    3932.238	  7
    3932.380	  7
    3932.538	  7
    3932.682	  7
    3932.846	  7
    3932.992	  7
    3933.152	  7
    3933.814	  7
    3933.950	  7
    3934.126	  7
    3934.264	  7
    3934.418	  7
    3934.560	  7
    3934.704	  7
    3934.862	  7
    3935.054	  7
    3935.204	  7
    3935.360	  7
    3935.494	 53
    3935.540	  7
    3935.684	  7
    3935.832	  7
    3935.978	  7
    3936.148	  7
    3936.296	  7
    3936.636	  7
    3936.776	  7
    3936.930	  7
    3947.402	  8
    3947.402	 20
    3947.402	 27
    3947.412	 28
    3947.412	 19
    3947.512	 29
    3947.676	  9
    3947.826	  8
    3967.532	 52
    3967.542	 10
    4007.518	  8
    4007.996	  8
    4008.436	  8
    4021.340	  8
    4021.568	  8
    4022.538	  8
    4028.738	  8
    4029.052	  8
    4030.186	  8
    4039.680	  8
    4041.382	  8
    4042.662	  8
    4043.376	  8
    4043.942	  8
    4050.554	  8
    4050.988	  8
    4051.760	  8
    4052.112	  8
    4052.428	  8
    4053.594	  8
    4053.900	  8
    4055.108	  8
    4055.542	  8
    4055.864	  8
    4056.604	  8
    4056.934	  8
    4058.210	  8
    4059.052	  8
    4060.136	  8
    4061.144	  8
    4062.348	  8
    4063.230	  8
    4063.530	  8
    4063.634	  8
    4063.928	  8
    4064.206	  8
    4064.600	  8
    4067.964	  8
    4068.270	  8
    4068.678	  8
    4069.084	  8
    4069.424	  8
    4069.934	  8
    4071.860	  8
    4072.562	  8
    4072.792	  8
    4073.514	  8
    4073.624	  8
    4075.916	  8
    4076.368	  8
    4076.808	  8
    4078.764	  8
    4079.690	  8
    4080.586	  8
    4080.718	  8
    4080.934	  8
    4081.264	  8
    4082.424	  8
    4083.270	  8
    4083.442	  8
    4083.966	  8
    4084.626	  8
    4086.664	  8
    4087.542	 53
    4088.190	  8
    4088.190	 20
    4088.190	 27
    4088.200	 28
    4088.200	 19
    4088.300	 29
    4088.464	  9
    4088.614	  8
    4088.850	  8
    4090.256	  8
    4108.320	 52
    4108.330	 10
    4114.194	  8
    4132.028	  7
    4132.126	  7
    4132.272	  7
    4132.438	  7
    4132.594	  7
    4132.790	  7
    4132.982	  7
    4133.178	  7
    4133.396	  7
    4133.562	  7
    4133.784	  7
    4134.004	  7
    4134.194	  7
    4134.430	  7
    4134.646	  7
    4134.868	  7
    4135.028	  7
    4136.504	  7
    4136.756	  7
    4140.888	  8
    4141.172	  8
    4141.526	  8
    4149.150	  8
    4158.708	  8
    4158.848	  8
    4159.544	  8
    4160.028	  8
    4161.272	  8
    4161.580	  8
    4163.782	  8
    4164.294	  8
    4167.004	  8
    4167.548	  8
    4168.316	  8
    4169.706	  8
    4170.286	  8
    4173.514	  8
    4174.184	  8
    4175.062	  8
    4175.484	  8
    4176.868	  8
    4177.608	  8
    4177.944	  8
    4178.578	  8
    4178.644	  8
    4179.288	  8
    4180.286	  8
    4181.844	  8
    4182.416	  8
    4182.670	  8
    4184.316	  8
    4184.486	  8
    4185.178	  8
    4185.470	  8
    4186.102	  8
    4189.166	  8
    4190.226	  8
    4190.622	  8
    4191.812	  8
    4192.166	  8
    4192.860	  8
    4193.412	  8
    4194.876	  8
    4196.066	  8
    4197.604	  8
    4197.888	  8
    4198.354	  8
    4198.768	  8
    4200.838	  8
    4202.286	  8
    4202.936	  8
    4205.112	  8
    4205.238	  8
    4205.546	  8
    4205.938	  8
    4206.686	  8
    4207.218	  8
    4210.530	  8
    4211.260	  8
    4211.688	  8
    4212.414	  8
    4212.876	  8
    4213.048	  8
    4213.904	  8
    4217.206	  8
    4217.670	  8
    4217.800	  8
    4219.580	  8
    4220.552	  8
    4221.008	  8
    4221.236	  8
    4221.516	  8
    4221.570	  8
    4222.490	  8
    4222.928	  8
    4223.108	  8
    4225.082	  8
    4226.634	  8
    4228.330	 53
    4229.170	  8
    4229.170	 20
    4229.170	 27
    4229.180	 28
    4229.180	 19
    4229.280	 29
    4229.444	  9
    4229.606	  8
    4236.658	  8
    4238.120	  8
    4238.650	  8
    4239.542	  8
    4239.644	  8
    4239.818	  8
    4241.920	  8
    4249.300	 52
    4249.310	 10
    4259.082	  5
    4271.334	  7
    4276.256	  8
    4276.684	  8
    4277.212	  8
    4278.466	  8
    4278.632	  8
    4279.066	  8
    4279.336	  8
    4283.752	  8
    4283.778	  8
    4284.416	  8
    4284.776	  8
    4285.700	  8
    4287.406	  8
    4292.062	  8
    4292.244	  8
    4292.828	  8
    4297.362	  8
    4297.546	  8
    4298.486	  8
    4300.984	  8
    4302.176	  8
    4302.430	  8
    4302.670	  8
    4302.818	  8
    4303.256	  8
    4303.526	  8
    4303.902	  8
    4308.430	  8
    4311.078	  8
    4311.480	  8
    4311.594	  8
    4313.010	  8
    4314.366	  8
    4314.630	  8
    4315.036	  8
    4316.420	  8
    4316.948	  8
    4317.388	  8
    4317.516	  8
    4317.880	  8
    4320.518	  8
    4321.686	  8
    4321.750	  8
    4323.962	  8
    4325.792	  8
    4326.108	  8
    4326.748	  8
    4327.550	  8
    4328.394	  8
    4328.836	  8
    4329.420	  8
    4329.534	  8
    4329.694	  8
    4329.774	  8
    4330.964	  8
    4334.070	  8
    4334.652	  8
    4334.932	  8
    4335.284	  8
    4335.380	  8
    4336.548	  8
    4336.788	  8
    4337.378	  8
    4338.130	  8
    4338.284	  8
    4338.566	  8
    4338.670	  8
    4340.592	  8
    4341.276	  8
    4341.570	  8
    4342.160	  8
    4344.404	  8
    4344.508	  8
    4344.956	  8
    4345.412	  8
    4345.906	  8
    4346.480	  8
    4346.810	  8
    4347.656	  8
    4347.896	  8
    4348.036	  8
    4349.008	  8
    4349.690	  8
    4349.846	  8
    4349.960	  8
    4350.354	  8
    4351.876	  8
    4352.676	  8
    4354.866	  8
    4355.472	  8
    4355.716	  8
    4355.946	  8
    4356.658	  8
    4358.222	  8
    4359.704	  8
    4360.684	  8
    4360.910	  8
    4360.968	  8
    4362.652	  8
    4366.070	  8
    4366.274	  8
    4366.956	  8
    4369.310	 53
    4372.958	  8
    4372.958	 20
    4372.958	 27
    4372.968	 28
    4372.968	 19
    4373.068	 29
    4373.232	  9
    4373.464	  8
    4393.088	 50
    4393.098	 17
    4395.690	  8
    4408.118	  8
    4408.802	  8
    4409.208	  8
    4409.658	  8
    4410.206	  8
    4411.142	  8
    4411.490	  8
    4411.614	  8
    4411.766	  8
    4414.042	  8
    4414.174	  8
    4414.744	  8
    4415.340	  8
    4416.508	  8
    4417.062	  8
    4417.142	  8
    4417.686	  8
    4418.688	  8
    4420.992	  8
    4421.222	  8
    4421.768	  8
    4422.168	  8
    4422.262	  8
    4423.064	  8
    4423.098	 53
    4424.618	  8
    4424.618	 20
    4424.618	 27
    4424.628	 28
    4424.628	 19
    4424.728	 29
    4424.892	  9
    4424.980	  8
    4426.016	  8
    4444.748	 51
    4444.758	 18
    4451.556	  8
    4459.832	  8
    4460.246	  8
    4461.054	  8
    4473.042	  8
    4473.556	  8
    4482.504	  8
    4482.650	  8
    4483.406	  8
    4484.000	  8
    4484.462	  8
    4486.332	  8
    4486.896	  8
    4487.424	  8
    4487.690	  8
    4489.668	  8
    4490.208	  8
    4491.338	  8
    4492.586	  8
    4493.012	  8
    4493.160	  8
    4495.414	  8
    4495.752	  8
    4497.930	  8
    4498.160	  8
    4498.924	  8
    4499.352	  8
    4500.368	  8
    4500.454	  8
    4500.760	  8
    4501.080	  8
    4501.292	  8
    4501.360	  8
    4502.372	  8
    4502.872	  8
    4503.366	  8
    4504.758	 53
    4504.880	  8
    4504.880	 20
    4504.880	 27
    4504.890	 28
    4504.890	 19
    4504.990	 29
    4505.154	  9
    4505.246	  8
    4525.010	 52
    4525.020	 10
    4532.320	  8
    4556.730	  8
    4557.002	  8
    4557.400	  8
    4559.248	  8
    4559.602	  8
    4566.750	  8
    4567.624	  8
    4571.112	  7
    4600.224	  8
    4600.582	  8
    4602.520	  8
    4606.306	  8
    4606.636	  8
    4618.820	  8
    4619.948	  8
    4620.676	  8
    4620.992	  8
    4625.358	  8
    4625.790	  8
    4626.274	  8
    4636.784	  8
    4637.366	  8
    4644.476	  8
    4644.746	  8
    4644.912	  8
    4645.020	 53
    4652.086	  7
    4652.538	  7
    4652.712	  7
    4652.852	  7
    4653.054	  7
    4653.236	  7
    4653.436	  7
    4655.292	  7
    4655.466	  7
    4663.804	  8
    4663.804	 20
    4663.804	 27
    4663.814	 28
    4663.814	 19
    4663.914	 29
    4664.078	  9
    4664.220	  8
    4683.934	 50
    4683.944	 17
    4702.530	  8
    4702.772	  8
    4704.004	  8
    4704.426	  8
    4705.048	  8
    4705.802	  8
    4707.396	  8
    4708.004	  8
    4709.464	  8
    4710.830	  8
    4712.050	  8
    4713.462	  8
    4713.944	 53
    4714.224	  8
    4714.224	 20
    4714.224	 27
    4714.234	 28
    4714.234	 19
    4714.334	 29
    4714.498	  9
    4734.354	 50
    4734.364	 17
    4736.272	  7
    4737.822	  7
    4738.486	  7
    4738.698	  7
    4738.950	  7
    4739.114	  7
    4739.660	  7
    4739.800	  7
    4739.958	  7
    4740.100	  7
    4740.238	  7
    4740.382	  7
    4740.524	  7
    4740.682	  7
    4740.832	  7
    4740.976	  7
    4741.142	  7
    4741.290	  7
    4741.582	  7
    4741.722	  7
    4742.170	  7
    4742.322	  7
    4742.494	  7
    4742.646	  7
    4742.824	  7
    4745.014	  7
    4745.220	  7
    4745.932	  7
    4746.506	  7
    4747.748	  7
    4747.858	  7
    4748.014	  7
    4748.156	  7
    4748.298	  7
    4748.438	  7
    4748.582	  7
    4748.730	  7
    4748.874	  7
    4749.016	  7
    4749.158	  7
    4749.300	  7
    4749.448	  7
    4749.596	  7
    4749.752	  7
    4749.900	  7
    4750.050	  7
    4750.182	  7
    4750.322	  7
    4750.464	  7
    4750.632	  7
    4750.940	  7
    4751.092	  7
    4751.250	  7
    4751.402	  7
    4751.542	  7
    4751.708	  7
    4751.848	  7
    4752.018	  7
    4752.162	  7
    4752.318	  7
    4752.462	  7
    4752.608	  7
    4752.750	  7
    4752.908	  7
    4753.058	  7
    4753.216	  7
    4753.364	  7
    4753.518	  7
    4753.660	  7
    4753.808	  7
    4753.968	  7
    4754.256	  7
    4754.374	  7
    4754.530	  7
    4754.918	  7
    4755.056	  7
    4755.198	  7
    4755.332	  7
    4755.480	  7
    4755.632	  7
    4755.788	  7
    4755.942	  7
    4756.078	  7
    4756.234	  7
    4756.388	  7
    4756.544	  7
    4756.746	  7
    4756.870	  7
    4757.022	  7
    4757.178	  7
    4757.328	  7
    4757.474	  7
    4757.624	  7
    4757.772	  7
    4757.924	  7
    4758.066	  7
    4758.216	  7
    4758.364	  7
    4758.518	  7
    4758.670	  7
    4764.364	 53
    4766.944	  8
    4766.944	 20
    4766.944	 27
    4766.954	 28
    4766.954	 19
    4767.054	 29
    4767.218	  9
    4767.320	  8
    4768.578	  8
    4768.686	  8
    4768.932	  8
    4769.016	  8
    4787.074	 51
    4787.084	 18
    4787.380	  7
    4788.650	  7
    4788.808	  7
    4788.994	  7
    4789.338	  7
    4789.564	  7
    4789.704	  7
    4789.852	  7
    4789.986	  7
    4790.128	  7
    4790.288	  7
    4790.442	  7
    4790.598	  7
    4790.762	  7
    4791.562	  7
    4792.812	  7
    4792.974	  7
    4793.160	  7
    4793.324	  7
    4793.502	  7
    4793.784	  7
    4793.960	  7
    4794.118	  7
    4794.284	  7
    4794.454	  7
    4794.632	  7
    4794.786	  7
    4795.120	  7
    4795.284	  7
    4795.458	  7
    4795.632	  7
    4795.794	  7
    4795.960	  7
    4796.130	  7
    4796.282	  7
    4796.438	  7
    4796.616	  7
    4796.922	  7
    4797.100	  7
    4797.280	  7
    4797.438	  7
    4797.606	  7
    4797.756	  7
    4797.916	  7
    4798.074	  7
    4798.218	  7
    4798.378	  7
    4798.546	  7
    4798.720	  7
    4798.884	  7
    4799.026	  7
    4799.182	  7
    4799.336	  7
    4799.482	  7
    4799.640	  7
    4799.786	  7
    4799.934	  7
    4800.100	  7
    4800.270	  7
    4800.426	  7
    4800.574	  7
    4800.722	  7
    4800.886	  7
    4801.498	  7
    4801.646	  7
    4801.826	  7
    4801.998	  7
    4802.160	  7
    4802.312	  7
    4802.466	  7
    4802.620	  7
    4802.784	  7
    4802.924	  7
    4803.114	  7
    4803.290	  7
    4803.438	  7
    4803.580	  7
    4803.734	  7
    4803.888	  7
    4804.056	  7
    4804.214	  7
    4804.372	  7
    4804.528	  7
    4804.692	  7
    4804.848	  7
    4804.988	  7
    4805.156	  7
    4805.310	  7
    4805.454	  7
    4805.630	  7
    4805.778	  7
    4805.936	  7
    4806.094	  7
    4806.260	  7
    4806.436	  7
    4806.606	  7
    4806.784	  7
    4806.928	  7
    4807.090	  7
    4807.246	  7
    4807.400	  7
    4807.558	  7
    4807.706	  7
    4807.860	  7
    4808.000	  7
    4808.158	  7
    4808.306	  7
    4808.452	  7
    4808.606	  7
    4808.764	  7
    4808.934	  7
    4809.070	  7
    4809.224	  7
    4809.384	  7
    4809.704	  7
    4809.840	  7
    4809.998	  7
    4810.168	  7
    4810.324	  7
    4810.476	  7
    4810.630	  7
    4810.796	  7
    4810.942	  7
    4811.110	  7
    4811.764	  7
    4811.916	  7
    4812.088	  7
    4812.270	  7
    4812.448	  7
    4812.622	  7
    4812.796	  7
    4812.942	  7
    4813.098	  7
    4813.286	  7
    4813.480	  7
    4813.632	  7
    4813.790	  7
    4813.968	  7
    4814.150	  7
    4815.088	  7
    4815.912	  7
    4816.060	  7
    4816.230	  7
    4816.396	  7
    4816.568	  7
    4816.732	  7
    4828.946	  8
    4829.252	  8
    4830.166	  8
    4832.324	  8
    4832.390	  8
    4836.068	  8
    4837.410	  8
    4840.946	  8
    4841.252	  8
    4841.296	  8
    4842.130	  8
    4842.670	  8
    4842.970	  8
    4845.112	  8
    4847.084	 53
    4848.082	  8
    4848.082	 20
    4848.082	 27
    4848.092	 28
    4848.092	 19
    4848.192	 29
    4848.356	  9
    4868.212	 52
    4868.222	 10
    4880.590	  8
    4888.860	  8
    4889.620	  8
    4889.900	  8
    4890.516	  8
    4897.904	  8
    4898.340	  8
    4898.890	  8
    4906.932	  8
    4907.314	  8
    4907.972	  8
    4911.424	  8
    4911.832	  8
    4915.356	  8
    4915.726	  8
    4916.334	  8
    4918.572	  8
    4918.942	  8
    4919.724	  8
    4920.612	  8
    4921.880	  8
    4922.132	  8
    4924.042	  8
    4924.848	  8
    4924.936	  8
    4925.668	  8
    4925.884	  8
    4928.320	  8
    4928.838	  8
    4929.038	  8
    4930.812	  8
    4932.284	  8
    4932.428	  8
    4932.890	  8
    4933.038	  8
    4935.354	  8
    4936.230	  8
    4936.648	  8
    4936.818	  8
    4937.296	  8
    4938.022	  8
    4938.184	  8
    4938.440	  8
    4938.694	  8
    4939.468	  8
    4940.478	  8
    4940.536	  8
    4940.740	  8
    4942.140	  8
    4943.496	  8
    4944.022	  8
    4944.300	  8
    4945.066	  8
    4945.694	  8
    4946.514	  8
    4947.894	  8
    4950.316	  8
    4951.804	  8
    4955.254	  8
    4955.836	  8
    4956.308	  8
    4956.714	  8
    4957.298	  8
    4957.676	  8
    4959.426	  8
    4960.848	  8
    4962.084	  8
    4962.156	  8
    4963.626	  8
    4964.176	  8
    4965.960	  8
    4966.660	  8
    4966.866	  8
    4967.044	  8
    4972.780	  8
    4973.200	  8
    4973.428	  8
    4973.668	  8
    4973.738	  8
    4976.092	  8
    4976.158	  8
    4979.942	  8
    4982.632	  8
    4987.442	  8
    4987.892	  8
    4988.006	  8
    4988.222	 53
    4989.124	  8
    4989.124	 20
    4989.124	 27
    4989.134	 28
    4989.134	 19
    4989.234	 29
    4989.398	  9
    4989.526	  8
    4991.246	  8
    5009.254	 50
    5009.264	 17
    5015.010	  8
    5019.938	  7
    5028.396	  8
    5028.758	  8
    5029.394	  8
    5030.760	  8
    5031.072	  8
    5031.810	  8
    5032.664	  8
    5032.984	  8
    5033.082	  8
    5034.468	  8
    5035.402	  8
    5036.328	  8
    5036.994	  8
    5037.130	  8
    5037.484	  8
    5038.778	  8
    5038.904	  8
    5039.264	 53
    5039.680	  8
    5039.680	 20
    5039.680	 27
    5039.690	 28
    5039.690	 19
    5039.790	 29
    5039.954	  9
    5040.160	  8
    5059.810	 51
    5059.820	 18
    5069.310	  8
    5086.174	  8
    5086.380	  8
    5086.608	  8
    5088.892	  8
    5091.358	  8
    5091.466	  8
    5091.836	  8
    5091.960	  8
    5092.400	  8
    5094.108	  8
    5094.288	  8
    5094.546	  8
    5094.968	  8
    5096.940	  8
    5097.076	  8
    5099.018	  8
    5099.296	  8
    5099.842	  8
    5100.010	  8
    5100.262	  8
    5100.574	  8
    5101.312	  8
    5101.594	  8
    5102.160	  8
    5102.424	  8
    5103.256	  8
    5103.468	  8
    5103.846	  8
    5104.530	  8
    5105.948	  8
    5106.018	  8
    5106.058	  8
    5106.204	  8
    5107.344	  8
    5107.374	  8
    5107.892	  8
    5108.322	  8
    5108.498	  8
    5109.864	  8
    5110.684	  8
    5113.312	  8
    5114.134	  8
    5115.174	  8
    5115.876	  8
    5116.122	  8
    5116.780	  8
    5117.392	  8
    5117.550	  8
    5117.842	  8
    5118.312	  8
    5119.156	  8
    5119.820	 53
    5121.296	  8
    5121.296	 20
    5121.296	 27
    5121.306	 28
    5121.306	 19
    5121.406	 29
    5121.570	  9
    5129.548	  8
    5141.426	 50
    5141.436	 17
    5152.896	  7
    5153.040	  7
    5153.194	  7
    5153.496	  7
    5153.670	  7
    5154.212	  7
    5154.330	  7
    5154.736	  7
    5154.952	  7
    5155.338	  7
    5155.528	  7
    5155.772	  7
    5155.950	  7
    5156.162	  7
    5156.426	  7
    5156.652	  7
    5158.488	  8
    5158.656	  8
    5159.476	  8
    5160.596	  8
    5161.186	  8
    5161.984	  8
    5162.626	  8
    5163.064	  8
    5163.194	  8
    5163.356	  8
    5164.168	  8
    5164.382	  8
    5164.560	  8
    5166.180	  8
    5166.384	  8
    5166.488	  8
    5166.654	  8
    5166.940	  8
    5167.260	  8
    5167.422	  8
    5168.006	  8
    5168.696	  8
    5168.856	  8
    5169.734	  8
    5170.272	  8
    5171.436	 53
    5172.164	  8
    5172.164	 20
    5172.164	 27
    5172.174	 28
    5172.174	 19
    5172.274	 29
    5172.284	 61
