      10.734	  7
      11.186	  7
      11.400	  7
      11.512	  7
      11.674	  7
      11.828	  7
      20.010	 51
      20.020	 17
      35.650	  8
      35.822	  8
      41.310	  8
      48.914	  7
      49.010	  7
      49.584	  8
      49.652	  8
      49.942	  8
      57.538	  8
      58.792	  8
      59.024	  8
      60.868	  8
      61.462	  8
      62.284	  8
      62.570	  8
      63.122	  8
      65.840	  8
      66.758	  8
      73.418	  8
      73.784	  8
      74.144	  8
      74.692	  8
      75.200	  8
      75.440	  8
      77.688	  8
      77.840	  8
      78.260	  8
      78.504	  8
      79.570	  8
      80.020	 53
      80.720	  8
      80.720	 20
      80.720	 27
      80.730	 28
      80.730	 19
      80.830	 29
      80.998	  9
      81.136	  8
     100.850	 52
     100.860	 18
     113.988	  8
     116.602	  7
     124.726	  8
     144.308	  8
     144.714	  8
     154.900	  8
     154.970	  8
     155.064	  8
     155.212	  8
     155.946	  8
     165.706	  8
     165.986	  8
     166.100	  8
     166.962	  8
     167.062	  8
     180.290	  8
     180.554	  8
     180.744	  8
     181.452	  8
     181.898	  8
     182.774	  8
     183.094	  8
     183.448	  8
     183.782	  8
     188.942	  8
     189.010	  8
     189.222	  8
     189.434	  8
     190.022	  8
     190.596	  8
     191.648	  8
     192.044	  8
     193.720	  8
     193.898	  8
     195.508	  8
     195.912	  8
     196.488	  8
     197.788	  8
     198.430	  8
     200.570	  8
     201.018	  8
     201.346	  8
     201.554	  8
     202.044	  8
     202.304	  8
     202.782	  8
     203.702	  8
     204.194	  8
     204.356	  8
     204.664	  8
     205.110	  8
     205.704	  8
     205.864	  8
     206.128	  8
     206.766	  8
     207.036	  8
     208.380	  8
     208.594	  8
     209.148	  8
     209.778	  8
     210.304	  8
     210.862	  8
     211.926	  8
     212.064	  8
     212.446	  8
     213.238	  8
     213.480	  8
     214.014	  8
     214.062	  8
     214.608	  8
     217.222	  8
     217.388	  8
     217.602	  8
     218.060	  8
     218.258	  8
     219.322	  8
     219.828	  8
     220.492	  8
     220.852	  8
     220.860	 53
     221.076	  8
     221.076	 20
     221.076	 27
     221.086	 28
     221.086	 19
     221.186	 29
     221.354	  9
     221.486	  8
     223.510	  8
     223.780	  8
     236.490	  7
     236.598	  7
     236.728	  7
     236.854	  7
     236.988	  7
     237.156	  7
     237.284	  7
     237.428	  7
     237.596	  7
     237.848	  7
     237.974	  7
     238.112	  7
     238.244	  7
     238.396	  7
     238.538	  7
     238.690	  7
     238.842	  7
     238.994	  7
     239.154	  7
     239.432	  7
     239.582	  7
     239.724	  7
     239.862	  7
     240.004	  7
     240.150	  7
     240.298	  7
     240.452	  7
     240.608	  7
     240.778	  7
     240.918	  7
     241.070	  7
     241.206	 51
     241.216	 17
     241.220	  7
     241.372	  7
     241.530	  7
     241.650	  7
     241.806	  7
     241.960	  7
     242.130	  7
     242.276	  7
     242.412	  7
     242.572	  7
     242.714	  7
     242.864	  7
     243.010	  7
     243.160	  7
     243.304	  7
     243.536	  7
     243.654	  7
     243.808	  7
     243.946	  7
     244.094	  7
     244.246	  7
     244.404	  7
     244.562	  7
     244.692	  7
     244.864	  7
     245.006	  7
     245.152	  7
     245.300	  7
     245.458	  7
     245.610	  7
     245.756	  7
     245.912	  7
     246.094	  7
     246.196	  7
     246.352	  7
     246.496	  7
     246.648	  7
     246.798	  7
     246.940	  7
     247.092	  7
     247.242	  7
     247.390	  7
     247.544	  7
     247.720	  7
     247.866	  7
     248.012	  7
     248.158	  7
     248.460	  7
     248.576	  7
     248.728	  7
     248.884	  7
     249.052	  7
     249.194	  7
     249.334	  7
     249.486	  7
     249.638	  7
     249.934	  7
     250.056	  7
     250.204	  7
     250.354	  7
     250.514	  7
     250.664	  7
     250.834	  7
     250.972	  7
     251.124	  7
     251.288	  7
     251.438	  7
     251.572	  7
     251.726	  7
     251.878	  7
     252.026	  7
     252.196	  7
     252.332	  7
     252.484	  7
     252.638	  7
     252.788	  7
     252.940	  7
     253.112	  7
     253.230	  7
     253.378	  7
     253.530	  7
     253.652	  7
     253.796	  7
     253.938	  7
     254.082	  7
     254.224	  7
     254.360	  7
     254.482	  7
     254.640	  7
     254.820	  7
     254.934	  7
     255.088	  7
     270.238	  8
     270.364	  8
     270.764	  8
     271.130	  8
     278.312	  8
     278.656	  8
     284.792	  8
     284.858	  8
     285.570	  8
     286.000	  8
     295.980	  8
     296.068	  8
     296.418	  8
     296.650	  8
     297.232	  8
     298.004	  8
     298.644	  8
     299.192	  8
     299.714	  8
     300.788	  8
     300.840	  8
     301.216	 53
     301.472	  8
     301.472	 20
     301.472	 27
     301.482	 28
     301.482	 19
     301.582	 29
     301.750	  9
     301.882	  8
     321.602	 50
     321.612	 10
     327.812	  7
     327.918	  7
     328.102	  7
     328.212	  7
     328.590	  7
     330.180	  7
     330.352	  7
     330.468	  7
     330.656	  7
     330.882	  7
     331.102	  7
     331.900	  7
     331.994	  7
     345.766	  8
     346.100	  8
     350.444	  8
     351.132	  8
     351.612	 53
     351.688	  8
     351.688	 20
     351.688	 27
     351.698	 28
     351.698	 19
     351.798	 29
     351.966	  9
     352.076	  8
     354.480	  8
     371.818	 50
     371.828	 10
     376.322	  8
     378.924	  8
     381.962	  8
     382.264	  8
     383.008	  8
     383.262	  8
     383.756	  8
     384.192	  8
     384.740	  8
     385.216	  8
     386.188	  8
     387.214	  8
     387.384	  8
     388.070	  8
     388.538	  8
     388.826	  8
     389.332	  8
     389.704	  8
     390.804	  8
     391.206	  8
     391.308	  8
     392.832	  8
     393.040	  8
     393.476	  8
     393.760	  8
     394.208	  8
     394.614	  8
     395.018	  8
     395.424	  8
     395.532	  8
     396.056	  8
     396.332	  8
     396.568	  8
     397.434	  8
     397.526	  8
     397.912	  8
     398.550	  8
     398.744	  8
     399.102	  8
     399.668	  8
     399.728	  8
     399.986	  8
     400.208	  8
     400.646	  8
     401.556	  8
     401.640	  8
     401.696	  8
     401.828	 53
     402.022	  8
     402.022	 20
     402.022	 27
     402.032	 28
     402.032	 19
     402.072	  8
     402.132	 29
     402.300	  9
     402.520	  8
     411.644	  8
     416.020	  8
     416.500	  8
     422.152	 52
     422.162	 18
     468.930	  8
     469.012	  8
     469.114	  8
     469.668	  8
     469.754	  8
     470.240	  8
     471.026	  8
     471.294	  8
     471.620	  8
     471.978	  8
     472.332	  8
     491.774	  8
     491.874	  8
     492.916	  8
     493.342	  8
     496.376	  8
     497.694	  8
     497.926	  8
     499.322	  8
     499.658	  8
     499.884	  8
     500.258	  8
     500.746	  8
     502.412	  8
     502.618	  8
     503.150	  8
     503.250	  8
     503.426	  8
     505.064	  8
     506.308	  8
     506.874	  8
     509.408	  8
     509.886	  8
     510.494	  8
     511.680	  8
     512.074	  8
     512.526	  8
     514.150	  8
     514.886	  8
     515.768	  8
     515.978	  8
     516.570	  8
     516.608	  8
     518.962	  8
     519.242	  8
     520.460	  8
     520.938	  8
     521.442	  8
     521.720	  8
     521.926	  8
     523.302	  8
     523.938	  8
     524.522	  8
     525.036	  8
     526.048	  8
     526.108	  8
     526.576	  8
     526.770	  8
     528.482	  8
     528.920	  8
     529.502	  8
     531.676	  8
     531.998	  8
     532.560	  8
     533.376	  8
     533.536	  8
     534.048	  8
     534.590	  8
     534.838	  8
     535.204	  8
     535.694	  8
     536.752	  8
     537.506	  8
     537.870	  8
     537.962	  8
     539.780	  8
     540.762	  8
     541.806	  8
     542.162	  8
     542.162	 53
     542.736	  8
     542.736	 20
     542.736	 27
     542.746	 28
     542.746	 19
     542.846	 29
     543.014	  9
     543.166	  8
     544.688	  8
     544.938	  8
     545.534	  8
     562.866	 52
     562.876	 18
     570.458	  7
     570.552	  7
     570.722	  7
     570.880	  7
     571.048	  7
     571.210	  7
     571.392	  7
     571.558	  7
     572.908	  7
     573.014	  7
     573.166	  7
     573.600	  7
     573.710	  7
     573.852	  7
     573.998	  7
     574.574	  7
     575.902	  7
     583.552	  7
     589.886	  7
     590.022	  7
     590.160	  7
     590.302	  7
     590.464	  7
     590.726	  7
     590.860	  7
     591.140	  7
     591.280	  7
     591.524	  7
     591.662	  7
     592.102	  7
     592.188	  7
     614.608	  8
     614.700	  8
     615.020	  8
     615.394	  8
     615.486	  8
     615.788	  8
     623.770	  8
     624.266	  8
     624.596	  8
     625.390	  8
     625.532	  8
     626.402	  8
     626.840	  8
     627.582	  8
     628.110	  8
     629.368	  8
     629.634	  8
     630.778	  8
     631.962	  8
     632.180	  8
     633.138	  8
     633.342	  8
     633.406	  8
     635.470	  8
     635.798	  8
     636.844	  8
     637.652	  8
     638.670	  8
     638.850	  8
     639.348	  8
     639.744	  8
     641.446	  8
     642.988	  8
     643.218	  8
     644.332	  8
     645.000	  8
     647.734	  8
     648.178	  8
     648.576	  8
     650.638	  8
     650.700	  8
     650.986	  8
     652.470	  8
     653.270	  8
     653.640	  8
     654.414	  8
     654.720	  8
     654.780	  8
     655.886	  8
     657.280	  8
     657.620	  8
     658.064	  8
     659.100	  8
     659.638	  8
     659.844	  8
     661.146	  8
     661.410	  8
     662.514	  8
     663.324	  8
     663.448	  8
     663.506	  8
     664.028	  8
     664.500	  8
     664.724	  8
     665.294	  8
     665.698	  8
     666.046	  8
     666.946	  8
     668.348	  8
     669.434	  8
     669.478	  8
     670.012	  8
     671.030	  8
     671.302	  8
     671.822	  8
     671.886	  8
     672.162	  8
     673.480	  8
     673.896	  8
     674.838	  8
     675.060	  8
     675.276	  8
     676.208	  8
     676.578	  8
     676.940	  8
     679.280	  8
     679.672	  8
     680.274	  8
     680.516	  8
     681.438	  8
     681.690	  8
     682.496	  8
     682.876	 53
     683.052	  8
     683.052	 20
     683.052	 27
     683.062	 28
     683.062	 19
     683.162	 29
     683.330	  9
     683.454	  8
     703.182	 50
     703.192	 10
     706.966	  7
     707.230	  7
     707.376	  7
     707.548	  7
     710.850	  8
     714.806	  8
     720.962	  8
     721.152	  8
     724.154	  8
     724.716	  8
     726.458	  8
     726.944	  8
     727.930	  8
     728.000	  8
     729.190	  8
     729.496	  8
     730.550	  8
     730.900	  8
     731.712	  8
     732.122	  8
     733.192	 53
     733.208	  8
     733.208	 20
     733.208	 27
     733.218	 28
     733.218	 19
     733.318	 29
     733.486	  9
     733.670	  8
     735.892	  8
     753.338	 51
     753.348	 17
     784.992	  8
     796.708	  8
     796.782	  8
     797.190	  8
     798.466	  8
     799.328	  8
     800.388	  8
     801.410	  8
     802.648	  8
     802.852	  8
     803.228	  8
     804.226	  8
     805.616	  8
     805.942	  8
     806.550	  8
     806.786	  8
     807.104	  8
     808.012	  8
     808.980	  8
     809.456	  8
     811.228	  8
     811.478	  8
     812.102	  8
     812.684	  8
     813.348	 53
     814.562	  8
     814.562	 20
     814.562	 27
     814.572	 28
     814.572	 19
     814.672	 29
     814.840	  9
     814.946	  8
     834.692	 50
     834.702	 10
     851.400	  8
     851.500	  8
     854.376	  8
     855.578	  8
     856.100	  8
     856.466	  8
     859.016	  8
     859.330	  8
     859.914	  8
     860.522	  8
     860.902	  8
     861.126	  8
     861.218	  8
     861.586	  8
     861.942	  8
     863.266	  8
     863.448	  8
     864.044	  8
     864.388	  8
     864.702	 53
     864.790	  8
     864.790	 20
     864.790	 27
     864.800	 28
     864.800	 19
     864.900	 29
     864.992	  8
     865.068	  9
     868.406	  8
     884.920	 52
     884.930	 18
     921.876	  8
     933.792	  8
     933.992	  8
     934.126	  8
     935.554	  8
     943.868	  8
     945.096	  8
     945.824	  8
     946.678	  8
     947.002	  8
     947.624	  8
     948.556	  8
     953.246	  8
     953.746	  8
     954.500	  8
     954.762	  8
     954.806	  8
     955.612	  8
     955.890	  8
     957.026	  8
     957.666	  8
     957.938	  8
     958.680	  8
     959.230	  8
     959.776	  8
     960.026	  8
     960.550	  8
     962.000	  8
     962.350	  8
     963.102	  8
     964.074	  8
     964.152	  8
     964.260	  8
     964.394	  8
     964.642	  8
     965.074	  8
     965.458	  8
     965.954	  8
     966.258	  8
     966.430	  8
     968.330	  8
     968.558	  8
     968.840	  8
     969.392	  8
     969.846	  8
     970.388	  8
     970.766	  8
     970.926	  8
     971.246	  8
     972.948	  8
     973.050	  8
     973.662	  8
     974.282	  8
     975.054	  8
     975.314	  8
     976.488	  8
     977.022	  8
     978.754	  8
     979.984	  8
     980.234	  8
     980.470	  8
     980.926	  8
     981.156	  8
     981.866	  8
     982.200	  8
     982.714	  8
     982.784	  8
     983.106	  8
     983.692	  8
     984.140	  8
     984.728	  8
     986.582	  8
     986.828	  8
     987.338	  8
     987.908	  8
     988.104	  8
     988.840	  8
     990.332	  8
     990.798	  8
     991.368	  8
     991.874	  8
     992.368	  8
     992.422	  8
     992.714	  8
     992.998	  8
     993.836	  8
     994.000	  8
     995.338	  8
     995.912	  8
     996.016	  8
     996.216	  8
     996.554	  8
     996.638	  8
     996.796	  8
     996.876	  8
     997.372	  8
     998.056	  8
     998.750	  8
     999.246	  8
     999.672	  8
    1000.190	  8
    1000.658	  8
    1000.920	  8
    1001.674	  8
    1001.938	  8
    1003.104	  8
    1003.408	  8
    1003.560	  8
    1003.598	  8
    1004.298	  8
    1004.676	  8
    1004.930	 53
    1005.610	  8
    1005.610	 20
    1005.610	 27
    1005.620	 28
    1005.620	 19
    1005.694	  8
    1005.720	 29
    1005.888	  9
    1007.416	  8
    1007.610	  8
    1025.740	 51
    1025.750	 17
    1031.442	  7
    1032.026	  7
    1032.148	  7
    1032.286	  7
    1032.424	  7
    1032.576	  7
    1033.352	  7
    1059.352	  7
    1059.470	  7
    1060.418	  7
    1060.532	  7
    1060.678	  7
    1060.828	  7
    1061.010	  7
    1061.504	  7
    1067.974	  7
    1068.460	  7
    1069.302	  7
    1072.114	  7
    1072.494	  7
    1072.654	  7
    1072.852	  7
    1073.058	  7
    1073.198	  7
    1073.504	  7
    1074.170	  7
    1084.028	  7
    1085.750	 53
    1086.546	  7
    1086.790	  7
    1086.902	  7
    1088.352	  8
    1088.352	 20
    1088.352	 27
    1088.362	 28
    1088.362	 19
    1088.462	 29
    1088.630	  9
    1088.650	  8
    1091.122	  8
    1108.482	 52
    1108.492	 18
    1157.300	  8
    1178.870	  8
    1179.008	  8
    1179.102	  8
    1179.644	  8
    1198.348	  8
    1199.306	  8
    1199.610	  8
    1200.138	  8
    1200.726	  8
    1201.398	  8
    1202.308	  8
    1203.710	  8
    1204.286	  8
    1205.074	  8
    1205.722	  8
    1206.358	  8
    1207.138	  8
    1214.858	  8
    1215.410	  8
    1216.124	  8
    1216.628	  8
    1217.628	  8
    1217.886	  8
    1217.938	  8
    1218.506	  8
    1219.124	  8
    1219.754	  8
    1220.014	  8
    1220.842	  8
    1221.768	  8
    1222.108	  8
    1222.872	  8
    1223.472	  8
    1224.760	  8
    1226.576	  8
    1226.610	  8
    1227.288	  8
    1228.492	 53
    1228.666	  8
    1228.666	 20
    1228.666	 27
    1228.676	 28
    1228.676	 19
    1228.776	 29
    1228.944	  9
    1229.066	  8
    1248.796	 52
    1248.806	 18
    1272.822	  7
    1273.272	  7
    1275.016	  7
    1275.344	  7
    1275.470	  7
    1275.962	  7
    1276.100	  7
    1276.218	  7
    1276.396	  7
    1278.572	  7
    1281.924	  7
    1309.134	  8
    1310.282	  8
    1310.670	  8
    1311.586	  8
    1312.318	  8
    1313.366	  8
    1314.158	  8
    1314.528	  8
    1315.122	  8
    1315.848	  8
    1316.298	  8
    1316.818	  8
    1317.594	  8
    1318.450	  8
    1318.790	  8
    1321.958	  8
    1322.458	  8
    1323.466	  8
    1324.162	  8
    1325.156	  8
    1325.380	  8
    1325.632	  8
    1326.336	  8
    1326.838	  8
    1327.830	  8
    1329.418	  8
    1330.548	  8
    1332.974	  8
    1333.436	  8
    1335.126	  8
    1335.818	  8
    1335.926	  8
    1336.004	  8
    1336.076	  8
    1336.358	  8
    1336.452	  8
    1336.486	  8
    1336.798	  8
    1337.402	  8
    1338.576	  8
    1339.078	  8
    1339.548	  8
    1340.364	  8
    1342.328	  8
    1343.218	  8
    1343.678	  8
    1344.634	  8
    1345.666	  8
    1347.068	  8
    1347.460	  8
    1348.750	  8
    1349.420	  8
    1349.466	  8
    1350.346	  8
    1350.716	  8
    1351.130	  8
    1351.396	  8
    1352.130	  8
    1352.768	  8
    1353.358	  8
    1353.544	  8
    1353.636	  8
    1355.262	  8
    1355.398	  8
    1355.778	  8
    1356.252	  8
    1356.868	  8
    1357.712	  8
    1358.294	  8
    1358.772	  8
    1359.268	  8
    1360.170	  8
    1360.800	  8
    1361.312	  8
    1361.774	  8
    1362.254	  8
    1362.624	  8
    1363.470	  8
    1363.694	  8
    1364.142	  8
    1364.572	  8
    1365.316	  8
    1365.540	  8
    1367.902	  8
    1368.222	  8
    1368.806	 53
    1369.802	  8
    1369.802	 20
    1369.802	 27
    1369.812	 28
    1369.812	 19
    1369.912	 29
    1370.080	  9
    1370.218	  8
    1372.730	  8
    1389.932	 51
    1389.942	 17
    1399.844	  7
    1399.950	  7
    1400.104	  7
    1400.248	  7
    1400.634	  7
    1401.790	  7
    1401.922	  7
    1402.682	  7
    1405.748	  7
    1411.188	  7
    1411.302	  7
    1415.032	  7
    1420.598	  7
    1422.636	  7
    1422.762	  7
    1422.892	  7
    1423.418	  7
    1423.578	  7
    1423.664	  7
    1425.830	  7
    1426.034	  7
    1426.180	  7
    1429.538	  7
    1432.186	  8
    1432.284	  8
    1432.366	  8
    1433.486	  8
    1434.116	  8
    1435.464	  8
    1436.420	  8
    1437.416	  8
    1438.164	  8
    1438.476	  8
    1439.262	  8
    1439.916	  8
    1441.102	  8
    1442.252	  8
    1442.882	  8
    1443.132	  8
    1443.676	  8
    1444.702	  8
    1444.944	  8
    1446.420	  8
    1447.814	  8
    1448.740	  8
    1449.212	  8
    1449.942	 53
    1450.028	  8
    1450.028	 20
    1450.028	 27
    1450.038	 28
    1450.038	 19
    1450.138	 29
    1450.306	  9
    1450.488	  8
    1452.464	  8
    1470.158	 51
    1470.168	 17
    1497.342	  8
    1509.018	  8
    1510.886	  8
    1511.006	  8
    1512.118	  8
    1517.324	  8
    1518.016	  8
    1518.774	  8
    1519.784	  8
    1520.944	  8
    1521.672	  8
    1521.806	  8
    1522.318	  8
    1522.998	  8
    1523.482	  8
    1524.012	  8
    1524.336	  8
    1525.010	  8
    1525.608	  8
    1526.458	  8
    1527.098	  8
    1527.564	  8
    1528.342	  8
    1528.436	  8
    1529.534	  8
    1529.856	  8
    1530.168	 53
    1531.040	  8
    1531.040	 20
    1531.040	 27
    1531.050	 28
    1531.050	 19
    1531.074	  8
    1531.150	 29
    1531.318	  9
    1531.424	  8
    1551.170	 50
    1551.180	 10
    1567.682	  8
    1570.038	  8
    1570.264	  8
    1570.882	  8
    1571.226	  8
    1571.320	  8
    1571.892	  8
    1572.558	  8
    1573.052	  8
    1574.182	  8
    1574.258	  8
    1575.132	  8
    1575.358	  8
    1575.454	  8
    1575.638	  8
    1576.082	  8
    1576.196	  8
    1576.824	  8
    1576.882	  8
    1577.296	  8
    1577.546	  8
    1577.918	  8
    1578.574	  8
    1579.120	  8
    1579.356	  8
    1579.608	  8
    1580.134	  8
    1581.054	  8
    1581.180	 53
    1581.488	  8
    1581.488	 20
    1581.488	 27
    1581.498	 28
    1581.498	 19
    1581.598	 29
    1581.766	  9
    1581.812	  8
    1585.462	  8
    1601.618	 52
    1601.628	 18
    1692.898	  8
    1695.784	  8
    1695.942	  8
    1698.452	  8
    1698.910	  8
    1701.190	  8
    1702.388	  8
    1703.208	  8
    1705.584	  8
    1706.238	  8
    1706.928	  8
    1707.274	  8
    1708.254	  8
    1708.890	  8
    1709.196	  8
    1710.008	  8
    1712.522	  8
    1712.772	  8
    1713.138	  8
    1713.720	  8
    1714.000	  8
    1714.726	  8
    1715.602	  8
    1716.194	  8
    1716.592	  8
    1717.630	  8
    1720.888	  8
    1721.070	  8
    1721.628	 53
    1721.638	  8
    1721.638	 20
    1721.638	 27
    1721.648	 28
    1721.648	 19
    1721.748	 29
    1721.916	  9
    1722.002	  8
    1724.470	  8
    1727.462	  8
    1741.768	 50
    1741.778	 10
    1748.098	  7
    1752.118	  8
    1754.092	  8
    1756.460	  8
    1757.360	  8
    1757.792	  8
    1758.880	  8
    1759.308	  8
    1759.790	  8
    1760.288	  8
    1762.034	  8
    1762.372	  8
    1762.708	  8
    1762.946	  8
    1763.962	  8
    1764.810	  8
    1765.030	  8
    1765.090	  8
    1765.162	  8
    1766.008	  8
    1766.522	  8
    1766.962	  8
    1767.520	  8
    1768.154	  8
    1768.682	  8
    1769.022	  8
    1769.710	  8
    1770.136	  8
    1770.522	  8
    1771.120	  8
    1771.310	  8
    1771.584	  8
    1771.770	  8
    1771.778	 53
    1772.032	  8
    1772.032	 20
    1772.032	 27
    1772.042	 28
    1772.042	 19
    1772.142	 29
    1772.310	  9
    1772.386	  8
    1775.434	  8
    1792.162	 52
    1792.172	 18
    1858.026	  8
    1858.322	  8
    1859.224	  8
    1859.310	  8
    1864.328	  8
    1865.554	  8
    1866.770	  8
    1867.004	  8
    1867.816	  8
    1867.992	  8
    1868.232	  8
    1868.398	  8
    1868.534	  8
    1869.086	  8
    1870.182	  8
    1870.440	  8
    1871.050	  8
    1871.074	  8
    1871.404	  8
    1871.814	  8
    1874.018	  8
    1874.466	  8
    1875.324	  8
    1877.198	  8
    1879.350	  8
    1879.438	  8
    1879.890	  8
    1880.540	  8
    1881.190	  8
    1881.988	  8
    1882.990	  8
    1883.218	  8
    1883.774	  8
    1885.830	  8
    1886.012	  8
    1886.482	  8
    1887.274	  8
    1887.816	  8
    1888.442	  8
    1888.926	  8
    1889.016	  8
    1889.338	  8
    1889.904	  8
    1890.640	  8
    1891.006	  8
    1891.294	  8
    1891.864	  8
    1892.428	  8
    1893.026	  8
    1893.350	  8
    1893.710	  8
    1895.290	  8
    1895.740	  8
    1896.218	  8
    1896.530	  8
    1897.292	  8
    1897.894	  8
    1899.046	  8
    1899.918	  8
    1900.552	  8
    1902.098	  8
    1902.646	  8
    1902.748	  8
    1903.176	  8
    1904.412	  8
    1905.334	  8
    1905.806	  8
    1906.296	  8
    1906.552	  8
    1907.020	  8
    1908.682	  8
    1909.382	  8
    1910.160	  8
    1911.004	  8
    1911.640	  8
    1912.164	  8
    1912.172	 53
    1912.854	  8
    1912.854	 20
    1912.854	 27
    1912.864	 28
    1912.864	 19
    1912.964	 29
    1913.132	  9
    1913.236	  8
    1932.984	 52
    1932.994	 18
    1937.378	  8
    1939.844	  8
    1973.556	  7
    1978.366	  7
    1988.282	  7
    1990.472	  7
    2009.714	  8
    2009.866	  8
    2010.708	  8
    2011.850	  8
    2012.500	  8
    2013.260	  8
    2013.316	  8
    2013.762	  8
    2016.192	  8
    2016.934	  8
    2018.026	  8
    2021.580	  8
    2022.814	  8
    2023.490	  8
    2024.266	  8
    2024.780	  8
    2025.316	  8
    2026.662	  8
    2027.174	  8
    2027.580	  8
    2028.526	  8
    2030.414	  8
    2031.208	  8
    2031.996	  8
    2032.532	  8
    2033.564	  8
    2033.870	  8
    2034.312	  8
    2035.000	  8
    2037.428	  8
    2037.764	  8
    2038.584	  8
    2039.412	  8
    2040.172	  8
    2041.092	  8
    2041.898	  8
    2042.152	  8
    2042.850	  8
    2043.316	  8
    2043.944	  8
    2044.438	  8
    2045.174	  8
    2045.440	  8
    2045.852	  8
    2046.528	  8
    2047.420	  8
    2049.064	  8
    2049.532	  8
    2050.070	  8
    2050.112	  8
    2050.858	  8
    2051.452	  8
    2052.166	  8
    2052.650	  8
    2052.994	 53
    2053.540	  8
    2053.540	 20
    2053.540	 27
    2053.550	 28
    2053.550	 19
    2053.650	 29
    2053.818	  9
    2053.966	  8
    2073.670	 50
    2073.680	 10
    2086.934	  8
    2089.566	  8
    2092.168	  8
    2092.730	  8
    2093.400	  8
    2094.002	  8
    2094.492	  8
    2094.826	  8
    2095.632	  8
    2095.872	  8
    2096.268	  8
    2096.406	  8
    2096.694	  8
    2097.070	  8
    2097.624	  8
    2098.022	  8
    2098.334	  8
    2098.456	  8
    2098.882	  8
    2099.334	  8
    2099.568	  8
    2099.672	  8
    2100.566	  8
    2100.914	  8
    2101.136	  8
    2102.218	  8
    2103.680	 53
    2104.154	  8
    2104.154	 20
    2104.154	 27
    2104.164	 28
    2104.164	 19
    2104.264	 29
    2104.432	  9
    2104.548	  8
    2124.284	 51
    2124.294	 17
    2141.722	  7
    2141.814	  7
    2141.918	  7
    2142.620	  7
    2142.778	  7
    2142.924	  7
    2143.094	  7
    2145.692	  7
    2145.782	  7
    2145.912	  7
    2146.288	  7
    2146.402	  7
    2146.550	  7
    2146.708	  7
    2146.840	  7
    2147.052	  7
    2147.682	  7
    2147.806	  7
    2147.946	  7
    2148.088	  7
    2148.260	  7
    2148.384	  7
    2148.528	  7
    2148.680	  7
    2148.822	  7
    2148.978	  7
    2149.180	  7
    2149.310	  7
    2149.470	  7
    2149.622	  7
    2149.780	  7
    2149.944	  7
    2150.104	  7
    2150.268	  7
    2150.466	  7
    2150.604	  7
    2150.762	  7
    2150.926	  7
    2151.084	  7
    2151.242	  7
    2151.424	  7
    2151.600	  7
    2151.790	  7
    2151.928	  7
    2152.094	  7
    2152.268	  7
    2152.848	  7
    2153.442	  7
    2153.542	  7
    2153.700	  7
    2153.834	  7
    2153.980	  7
    2154.130	  7
    2154.280	  7
    2154.436	  7
    2154.592	  7
    2154.748	  7
    2154.902	  7
    2155.084	  7
    2155.220	  7
    2155.378	  7
    2155.542	  7
    2155.700	  7
    2155.856	  7
    2156.012	  7
    2156.236	  7
    2156.388	  7
    2156.590	  7
    2156.844	  7
    2157.338	  7
    2184.294	 53
    2184.618	  7
    2184.752	  7
    2184.928	  7
    2185.068	  7
    2185.326	  7
    2185.602	  7
    2188.838	  7
    2189.014	  7
    2189.142	  7
    2189.300	  7
    2189.462	  7
    2189.620	  7
    2189.774	  7
    2189.928	  7
    2190.116	  7
    2190.858	  7
    2190.968	  7
    2198.712	  8
    2198.712	 20
    2198.712	 27
    2198.722	 28
    2198.722	 19
    2198.822	 29
    2198.990	  9
    2199.078	  8
    2218.842	 50
    2218.852	 10
    2240.518	  8
    2241.222	  8
    2241.574	  8
    2242.026	  8
    2242.200	  8
    2243.566	  8
    2243.788	  8
    2244.232	  8
    2244.328	  8
    2245.230	  8
    2245.562	  8
    2246.444	  8
    2247.522	  8
    2248.700	  8
    2248.852	 53
    2249.570	  8
    2249.570	 20
    2249.570	 27
    2249.580	 28
    2249.580	 19
    2249.680	 29
    2249.848	  9
    2253.014	  8
    2269.700	 52
    2269.710	 18
    2282.472	  8
    2332.960	  8
    2336.504	  8
    2336.764	  8
    2336.914	  8
    2337.226	  8
    2337.414	  8
    2337.972	  8
    2338.178	  8
    2338.428	  8
    2339.054	  8
    2344.786	  8
    2345.982	  8
    2346.700	  8
    2347.736	  8
    2356.156	  8
    2356.806	  8
    2359.418	  8
    2359.740	  8
    2360.402	  8
    2360.968	  8
    2361.532	  8
    2363.172	  8
    2363.920	  8
    2364.914	  8
    2365.254	  8
    2366.048	  8
    2366.740	  8
    2367.080	  8
    2369.462	  8
    2372.594	  8
    2372.760	  8
    2373.718	  8
    2374.376	  8
    2375.216	  8
    2375.936	  8
    2376.450	  8
    2377.094	  8
    2377.628	  8
    2378.100	  8
    2378.376	  8
    2379.188	  8
    2379.288	  8
    2379.790	  8
    2381.042	  8
    2381.416	  8
    2382.210	  8
    2383.340	  8
    2384.166	  8
    2384.842	  8
    2385.188	  8
    2385.930	  8
    2386.472	  8
    2387.168	  8
    2387.760	  8
    2388.048	  8
    2388.366	  8
    2388.900	  8
    2389.182	  8
    2389.652	  8
    2389.710	 53
    2389.866	  8
    2389.866	 20
    2389.866	 27
    2389.876	 28
    2389.876	 19
    2389.976	 29
    2390.144	  9
    2390.226	  8
    2394.232	  8
    2409.996	 50
    2410.006	 10
    2429.630	  8
    2429.658	  8
    2431.356	  8
    2432.752	  8
    2432.870	  8
    2433.646	  8
    2434.140	  8
    2434.452	  8
    2435.500	  8
    2436.572	  8
    2437.684	  8
    2438.114	  8
    2438.826	  8
    2439.144	  8
    2439.628	  8
    2440.006	 53
    2440.470	  8
    2440.470	 20
    2440.470	 27
    2440.480	 28
    2440.480	 19
    2440.580	 29
    2440.748	  9
    2440.850	  8
    2460.600	 50
    2460.610	 10
    2479.624	  8
    2481.876	  8
    2483.030	  8
    2484.112	  8
    2485.904	  8
    2486.132	  8
    2487.276	  8
    2487.532	  8
    2488.878	  8
    2489.672	  8
    2490.232	  8
    2490.610	 53
    2491.040	  8
    2491.040	 20
    2491.040	 27
    2491.050	 28
    2491.050	 19
    2491.150	 29
    2491.318	  9
    2491.350	  8
    2493.878	  8
    2511.170	 51
    2511.180	 17
    2530.204	  7
    2530.586	  7
    2530.894	  7
    2531.020	  7
    2531.178	  7
    2531.686	  7
    2531.822	  7
    2532.558	  7
    2539.158	  7
    2542.258	  8
    2553.294	  8
    2555.066	  8
    2555.650	  8
    2556.512	  8
    2557.042	  8
    2557.744	  8
    2558.022	  8
    2558.130	  8
    2558.752	  8
    2560.082	  8
    2562.142	  8
    2563.428	  8
    2563.928	  8
    2564.374	  8
    2564.898	  8
    2565.826	  8
    2568.726	  8
    2569.310	  8
    2569.744	  8
    2571.180	 53
    2571.358	  8
    2571.358	 20
    2571.358	 27
    2571.368	 28
    2571.368	 19
    2571.468	 29
    2571.636	  9
    2571.794	  8
    2591.488	 52
    2591.498	 18
    2618.410	  7
    2618.576	  7
    2619.402	  7
    2621.954	  7
    2622.056	  7
    2622.206	  7
    2622.364	  7
    2622.576	  7
    2622.758	  7
    2622.928	  7
    2623.180	  7
    2623.366	  7
    2623.600	  7
    2627.486	  7
    2628.484	  7
    2631.446	  7
    2631.660	  7
    2631.928	  7
    2632.142	  7
    2635.772	  7
    2635.866	  7
    2645.538	  8
    2659.258	  8
    2664.882	  8
    2672.380	  8
    2674.368	  8
    2675.734	  8
    2676.520	  8
    2677.360	  8
    2678.106	  8
    2678.512	  8
    2679.242	  8
    2680.172	  8
    2680.574	  8
    2682.526	  8
    2684.210	  8
    2686.734	  8
    2687.392	  8
    2688.142	  8
    2688.780	  8
    2690.332	  8
    2691.034	  8
    2692.184	  8
    2692.880	  8
    2693.398	  8
    2694.562	  8
    2695.240	  8
    2695.398	  8
    2695.754	  8
    2696.492	  8
    2697.424	  8
    2697.594	  8
    2698.450	  8
    2699.110	  8
    2699.486	  8
    2699.628	  8
    2699.902	  8
    2700.202	  8
    2700.644	  8
    2701.446	  8
    2702.486	  8
    2702.742	  8
    2703.470	  8
    2703.688	  8
    2703.858	  8
    2705.236	  8
    2705.850	  8
    2706.490	  8
    2706.840	  8
    2707.448	  8
    2708.216	  8
    2708.704	  8
    2709.494	  8
    2710.112	  8
    2710.264	  8
    2710.540	  8
    2711.162	  8
    2711.498	 53
    2711.662	  8
    2711.662	 20
    2711.662	 27
    2711.672	 28
    2711.672	 19
    2711.772	 29
    2711.940	  9
    2712.066	  8
    2731.792	 51
    2731.802	 17
    2765.420	  7
    2766.260	  7
    2766.782	  7
    2766.928	  7
    2767.088	  7
    2767.302	  7
    2767.498	  7
    2768.098	  7
    2776.452	  7
    2777.524	  7
    2782.562	  7
    2791.262	  7
    2791.348	  7
    2791.480	  7
    2791.648	  7
    2791.790	  7
    2791.802	 53
    2792.364	  7
    2799.082	  7
    2799.208	  7
    2799.342	  7
    2799.484	  7
    2799.628	  7
    2799.774	  7
    2799.928	  7
    2800.072	  7
    2800.226	  7
    2800.396	  7
    2800.538	  7
    2800.584	  7
    2800.830	  7
    2801.112	  7
    2804.094	  7
    2804.236	  7
    2804.682	  7
    2804.808	  7
    2804.958	  7
    2805.088	  7
    2805.554	  7
    2805.786	  7
    2806.028	  7
    2806.680	  7
    2811.764	  7
    2813.298	  8
    2813.298	 20
    2813.298	 27
    2813.308	 28
    2813.308	 19
    2813.408	 29
    2813.576	  9
    2813.660	  8
    2833.428	 51
    2833.438	 17
    2851.776	  8
    2856.210	  8
    2857.704	  8
    2859.010	  8
    2860.234	  8
    2860.744	  8
    2862.050	  8
    2862.192	  8
    2862.378	  8
    2864.606	  8
    2867.978	  8
    2868.254	  8
    2869.276	  8
    2869.618	  8
    2869.714	  8
    2869.988	  8
    2870.414	  8
    2870.980	  8
    2871.894	  8
    2872.650	  8
    2873.872	  8
    2874.016	  8
    2874.392	  8
    2875.778	  8
    2877.006	  8
    2877.330	  8
    2877.754	  8
    2878.192	  8
    2878.302	  8
    2878.392	  8
    2878.784	  8
    2878.860	  8
    2879.614	  8
    2879.760	  8
    2879.988	  8
    2880.208	  8
    2880.586	  8
    2880.858	  8
    2881.442	  8
    2881.926	  8
    2882.230	  8
    2882.916	  8
    2883.424	  8
    2883.856	  8
    2884.178	  8
    2885.836	  8
    2886.352	  8
    2886.644	  8
    2887.168	  8
    2887.576	  8
    2888.214	  8
    2888.790	  8
    2889.414	  8
    2889.442	  8
    2889.662	  8
    2889.794	  8
    2890.048	  8
    2890.426	  8
    2890.728	  8
    2890.970	  8
    2891.078	  8
    2891.348	  8
    2892.196	  8
    2892.598	  8
    2893.438	 53
    2893.966	  8
    2893.966	 20
    2893.966	 27
    2893.976	 28
    2893.976	 19
    2894.076	 29
    2894.244	  9
    2894.286	  8
    2896.372	  8
    2914.096	 50
    2914.106	 10
    2937.736	  8
    2938.260	  8
    2939.164	  8
    2939.212	  8
    2939.754	  8
    2940.020	  8
    2940.082	  8
    2940.702	  8
    2941.070	  8
    2941.798	  8
    2941.880	  8
    2942.356	  8
    2942.992	  8
    2943.290	  8
    2943.636	  8
    2944.064	  8
    2944.106	 53
    2944.664	  8
    2944.664	 20
    2944.664	 27
    2944.674	 28
    2944.674	 19
    2944.774	 29
    2944.942	  9
    2945.158	  8
    2947.622	  8
    2961.758	  8
    2964.794	 51
    2964.804	 17
    3001.450	  8
    3001.990	  8
    3002.638	  8
    3005.374	  8
    3005.850	  8
    3007.882	  8
    3007.976	  8
    3008.552	  8
    3009.916	  8
    3010.516	  8
    3011.280	  8
    3011.902	  8
    3012.710	  8
    3015.684	  8
    3016.578	  8
    3017.058	  8
    3017.460	  8
    3018.256	  8
    3018.886	  8
    3019.744	  8
    3019.938	  8
    3021.002	  8
    3021.284	  8
    3022.050	  8
    3022.242	  8
    3022.528	  8
    3022.948	  8
    3023.672	  8
    3024.596	  8
    3024.804	 53
    3026.218	  8
    3026.218	 20
    3026.218	 27
    3026.228	 28
    3026.228	 19
    3026.268	  8
    3026.328	 29
    3026.496	  9
    3026.592	  8
    3029.788	  8
    3046.348	 51
    3046.358	 17
    3077.144	  8
    3086.164	  8
    3092.290	  8
    3093.516	  8
    3094.426	  8
    3095.500	  8
    3096.490	  8
    3096.676	  8
    3097.128	  8
    3099.142	  8
    3100.676	  8
    3101.968	  8
    3102.690	  8
    3103.216	  8
    3103.872	  8
    3104.534	  8
    3105.652	  8
    3106.078	  8
    3106.358	 53
    3106.796	  8
    3106.796	 20
    3106.796	 27
    3106.806	 28
    3106.806	 19
    3106.906	 29
    3107.074	  9
    3107.152	  8
    3126.926	 51
    3126.936	 17
    3145.458	  8
    3164.808	  8
    3166.170	  8
    3166.576	  8
    3166.610	  8
    3167.628	  8
    3168.072	  8
    3168.726	  8
    3169.654	  8
    3169.862	  8
    3170.618	  8
    3170.962	  8
    3172.446	  8
    3172.736	  8
    3174.166	  8
    3175.478	  8
    3176.030	  8
    3176.252	  8
    3176.962	  8
    3178.722	  8
    3179.222	  8
    3179.952	  8
    3180.520	  8
    3181.998	  8
    3182.518	  8
    3183.076	  8
    3183.520	  8
    3184.682	  8
    3185.724	  8
    3186.102	  8
    3186.936	 53
    3186.964	  8
    3186.964	 20
    3186.964	 27
    3186.974	 28
    3186.974	 19
    3187.074	 29
    3187.242	  9
    3187.396	  8
    3189.022	  8
    3189.146	  8
    3207.094	 51
    3207.104	 17
    3237.902	  8
    3240.202	  8
    3246.626	  8
    3249.936	  8
    3252.368	  8
    3252.988	  8
    3253.590	  8
    3254.302	  8
    3256.178	  8
    3256.880	  8
    3257.834	  8
    3258.204	  8
    3258.656	  8
    3258.916	  8
    3259.346	  8
    3259.872	  8
    3260.178	  8
    3261.728	  8
    3262.222	  8
    3262.844	  8
    3264.214	  8
    3264.938	  8
    3265.590	  8
    3266.144	  8
    3266.414	  8
    3266.566	  8
    3267.104	 53
    3267.248	  8
    3267.248	 20
    3267.248	 27
    3267.258	 28
    3267.258	 19
    3267.358	 29
    3267.526	  9
    3267.608	  8
    3287.378	 50
    3287.388	 10
    3302.388	  8
    3305.072	  8
    3306.546	  8
    3307.482	  8
    3307.964	  8
    3308.486	  8
    3310.944	  8
    3311.212	  8
    3311.982	  8
    3312.794	  8
    3313.024	  8
    3313.398	  8
    3314.722	  8
    3315.124	  8
    3315.596	  8
    3316.456	  8
    3316.852	  8
    3317.250	  8
    3317.388	 53
    3317.992	  8
    3317.992	 20
    3317.992	 27
    3318.002	 28
    3318.002	 19
    3318.102	 29
    3318.266	  8
    3318.270	  9
    3319.446	  8
    3321.050	  8
    3338.122	 52
    3338.132	 18
    3458.132	 53
    3467.820	  8
    3467.820	 20
    3467.820	 27
    3467.830	 28
    3467.830	 19
    3467.930	 29
    3468.098	  9
    3468.258	  8
    3487.950	 52
    3487.960	 18
    3533.034	  8
    3533.132	  8
    3533.416	  8
    3536.128	  8
    3539.316	  8
    3540.634	  8
    3542.282	  8
    3543.126	  8
    3544.190	  8
    3544.530	  8
    3546.108	  8
    3546.388	  8
    3547.044	  8
    3547.468	  8
    3547.874	  8
    3548.604	  8
    3550.172	  8
    3550.460	  8
    3551.284	  8
    3555.296	  8
    3555.794	  8
    3556.078	  8
    3557.224	  8
    3557.830	  8
    3558.156	  8
    3558.626	  8
    3559.376	  8
    3559.618	  8
    3560.468	  8
    3560.996	  8
    3561.798	  8
    3562.680	  8
    3563.568	  8
    3564.904	  8
    3565.694	  8
    3566.330	  8
    3566.998	  8
    3567.664	  8
    3568.350	  8
    3568.782	  8
    3569.438	  8
    3570.062	  8
    3570.892	  8
    3571.044	  8
    3571.570	  8
    3572.216	  8
    3572.484	  8
    3573.020	  8
    3573.816	  8
    3574.066	  8
    3574.738	  8
    3574.986	  8
    3576.018	  8
    3576.518	  8
    3577.050	  8
    3577.702	  8
    3577.984	  8
    3578.304	  8
    3579.190	  8
    3579.700	  8
    3580.168	  8
    3580.628	  8
    3581.324	  8
    3581.730	  8
    3582.866	  8
    3583.132	  8
    3583.688	  8
    3584.442	  8
    3585.264	  8
    3585.548	  8
    3586.180	  8
    3586.534	  8
    3588.304	  8
    3588.774	  8
    3589.820	  8
    3590.582	  8
    3590.696	  8
    3591.804	  8
    3592.320	  8
    3592.618	  8
    3592.980	  8
    3593.354	  8
    3593.766	  8
    3594.342	  8
    3595.018	  8
    3595.374	  8
    3595.818	  8
    3596.290	  8
    3596.366	  8
    3596.952	  8
    3597.540	  8
    3597.998	  8
    3598.662	  8
    3599.054	  8
    3599.608	  8
    3600.304	  8
    3600.810	  8
    3601.222	  8
    3603.146	  8
    3604.232	  8
    3604.694	  8
    3605.378	  8
    3605.864	  8
    3606.266	  8
    3606.534	  8
    3607.534	  8
    3607.960	 53
    3608.140	  8
    3608.140	 20
    3608.140	 27
    3608.150	 28
    3608.150	 19
    3608.250	 29
    3608.418	  9
    3608.536	  8
    3610.646	  8
    3628.270	 52
    3628.280	 18
    3658.724	  8
    3659.156	  8
    3675.454	  8
    3686.658	  8
    3689.030	  8
    3711.212	  8
    3712.206	  8
    3712.452	  8
    3713.656	  8
    3714.052	  8
    3715.226	  8
    3715.328	  8
    3715.510	  8
    3716.308	  8
    3717.294	  8
    3718.042	  8
    3718.126	  8
    3718.448	  8
    3719.182	  8
    3719.662	  8
    3720.944	  8
    3721.190	  8
    3721.374	  8
    3722.084	  8
    3722.422	  8
    3723.180	  8
    3724.546	  8
    3725.976	  8
    3726.678	  8
    3727.206	  8
    3729.618	  8
    3730.006	  8
    3730.636	  8
    3730.906	  8
    3731.548	  8
    3732.210	  8
    3733.186	  8
    3733.666	  8
    3734.048	  8
    3734.726	  8
    3735.380	  8
    3736.078	  8
    3738.692	  8
    3739.258	  8
    3739.608	  8
    3739.982	  8
    3740.100	  8
    3740.978	  8
    3741.202	  8
    3741.946	  8
    3743.180	  8
    3743.458	  8
    3743.594	  8
    3745.178	  8
    3745.266	  8
    3745.656	  8
    3747.850	  8
    3748.206	  8
    3748.280	 53
    3748.750	  8
    3748.750	 20
    3748.750	 27
    3748.760	 28
    3748.760	 19
    3748.860	 29
    3749.028	  9
    3749.178	  8
    3768.880	 50
    3768.890	 10
    3786.750	  8
    3787.836	  8
    3788.886	  8
    3789.446	  8
    3789.632	  8
    3790.044	  8
    3790.762	  8
    3791.860	  8
    3792.458	  8
    3792.544	  8
    3792.756	  8
    3792.950	  8
    3793.220	  8
    3794.232	  8
    3794.716	  8
    3795.390	  8
    3795.476	  8
    3795.582	  8
    3795.834	  8
    3796.092	  8
    3796.418	  8
    3796.484	  8
    3796.760	  8
    3797.412	  8
    3797.658	  8
    3798.154	  8
    3798.390	  8
    3798.668	  8
    3798.754	  8
    3798.890	 53
    3799.162	  8
    3799.162	 20
    3799.162	 27
    3799.172	 28
    3799.172	 19
    3799.272	 29
    3799.386	  8
    3799.440	  9
    3802.352	  8
    3808.992	  8
    3819.292	 50
    3819.302	 10
    3824.306	  7
    3834.072	  8
    3834.182	  8
    3834.242	  8
    3836.494	  8
    3836.762	  8
    3837.758	  8
    3837.876	  8
    3838.378	  8
    3839.820	  8
    3840.394	  8
    3840.550	  8
    3841.188	  8
    3841.648	  8
    3841.898	  8
    3842.062	  8
    3842.396	  8
    3842.954	  8
    3843.036	  8
    3843.536	  8
    3843.730	  8
    3844.054	  8
    3844.472	  8
    3844.870	  8
    3845.452	  8
    3846.356	  8
    3846.804	  8
    3846.912	  8
    3847.144	  8
    3847.546	  8
    3848.268	  8
    3848.656	  8
    3848.700	  8
    3848.802	  8
    3848.994	  8
    3849.302	 53
    3849.408	  8
    3849.408	 20
    3849.408	 27
    3849.418	 28
    3849.418	 19
    3849.518	 29
    3849.686	  9
    3849.712	  8
    3851.926	  8
    3852.900	  8
    3854.780	  8
    3855.006	  8
    3869.538	 51
    3869.548	 17
    3891.786	  7
    3891.870	  7
    3892.346	  7
    3892.444	  7
    3892.576	  7
    3892.708	  7
    3892.848	  7
    3892.986	  7
    3893.124	  7
    3893.262	  7
    3893.398	  7
    3893.536	  7
    3893.700	  7
    3893.810	  7
    3893.950	  7
    3894.086	  7
    3894.226	  7
    3894.378	  7
    3894.556	  7
    3894.674	  7
    3894.826	  7
    3894.970	  7
    3895.118	  7
    3895.264	  7
    3895.410	  7
    3895.590	  7
    3895.720	  7
    3895.870	  7
    3896.030	  7
    3896.230	  7
    3896.412	  7
    3896.594	  7
    3896.900	  7
    3897.220	  7
    3897.444	  7
    3897.864	  7
    3897.982	  7
    3898.120	  7
    3898.256	  7
    3898.396	  7
    3898.538	  7
    3898.688	  7
    3898.834	  7
    3899.026	  7
    3899.162	  7
    3899.312	  7
    3899.442	  7
    3899.606	  7
    3899.812	  7
    3900.096	  7
    3900.464	  7
    3900.604	  7
    3900.880	  7
    3901.382	  7
    3918.308	  7
    3918.462	  7
    3918.676	  7
    3929.548	 53
    3932.956	  7
    3938.046	  7
    3941.480	  7
    3941.600	  7
    3941.740	  7
    3941.890	  7
    3942.042	  7
    3942.226	  7
    3943.360	  7
    3946.856	  7
    3946.988	  7
    3947.136	  7
    3947.464	  7
    3947.870	  7
    3947.978	  7
    3948.126	  7
    3948.290	  7
    3948.640	  7
    3950.500	  8
    3950.500	 20
    3950.500	 27
    3950.510	 28
    3950.510	 19
    3950.542	  8
    3950.610	 29
    3950.744	  8
    3950.778	  9
    3970.630	 51
    3970.640	 17
    3999.534	  8
    4000.110	  8
    4000.880	  8
    4001.460	  8
    4002.452	  8
    4002.994	  8
    4003.802	  8
    4004.270	  8
    4004.976	  8
    4005.392	  8
    4005.458	  8
    4006.364	  8
    4006.684	  8
    4007.300	  8
    4008.428	  8
    4010.824	  8
    4011.968	  8
    4012.658	  8
    4013.002	  8
    4013.796	  8
    4013.972	  8
    4014.560	  8
    4015.010	  8
    4015.442	  8
    4016.140	  8
    4016.246	  8
    4016.600	  8
    4017.054	  8
    4018.188	  8
    4018.490	  8
    4019.216	  8
    4020.010	  8
    4020.216	  8
    4020.538	  8
    4020.736	  8
    4021.272	  8
    4022.138	  8
    4022.582	  8
    4024.138	  8
    4024.618	  8
    4024.698	  8
    4025.722	  8
    4026.270	  8
    4026.978	  8
    4027.030	  8
    4027.274	  8
    4027.752	  8
    4028.188	  8
    4028.750	  8
    4029.180	  8
    4029.910	  8
    4030.180	  8
    4030.438	  8
    4030.640	 53
    4030.796	  8
    4030.796	 20
    4030.796	 27
    4030.806	 28
    4030.806	 19
    4030.906	 29
    4031.074	  9
    4031.196	  8
    4033.554	  8
    4034.872	  8
    4050.926	 52
    4050.936	 18
    4152.608	  8
    4152.768	  8
    4153.280	  8
    4153.824	  8
    4154.336	  8
    4155.298	  8
    4155.706	  8
    4156.888	  8
    4157.430	  8
    4158.430	  8
    4159.062	  8
    4159.978	  8
    4160.440	  8
    4162.800	  8
    4163.904	  8
    4164.948	  8
    4165.796	  8
    4167.136	  8
    4167.482	  8
    4167.914	  8
    4170.238	  8
    4170.478	  8
    4170.886	  8
    4170.936	 53
    4171.512	  8
    4171.512	 20
    4171.512	 27
    4171.522	 28
    4171.522	 19
    4171.622	 29
    4171.790	  9
    4171.954	  8
    4191.642	 51
    4191.652	 17
    4222.202	  8
    4222.466	  8
    4230.264	  8
    4231.326	  8
    4232.544	  8
    4233.310	  8
    4233.968	  8
    4234.626	  8
    4234.912	  8
    4235.966	  8
    4236.608	  8
    4236.770	  8
    4237.640	  8
    4238.608	  8
    4238.786	  8
    4239.232	  8
    4239.724	  8
    4240.492	  8
    4241.526	  8
    4242.502	  8
    4243.890	  8
    4244.350	  8
    4244.724	  8
    4245.350	  8
    4245.952	  8
    4247.100	  8
    4247.420	  8
    4247.794	  8
    4248.128	  8
    4249.080	  8
    4249.566	  8
    4249.870	  8
    4250.530	  8
    4250.746	  8
    4251.652	 53
    4251.920	  8
    4251.920	 20
    4251.920	 27
    4251.930	 28
    4251.930	 19
    4252.030	 29
    4252.198	  9
    4252.278	  8
    4255.368	  8
    4272.050	 50
    4272.060	 10
    4287.656	  8
    4288.280	  8
    4290.020	  8
    4290.456	  8
    4290.548	  8
    4292.344	  8
    4292.864	  8
    4292.982	  8
    4293.624	  8
    4293.880	  8
    4293.978	  8
    4294.974	  8
    4295.656	  8
    4295.818	  8
    4298.076	  8
    4298.456	  8
    4299.514	  8
    4299.748	  8
    4299.998	  8
    4301.498	  8
    4301.822	  8
    4302.060	 53
    4302.258	  8
    4302.258	 20
    4302.258	 27
    4302.268	 28
    4302.268	 19
    4302.368	 29
    4302.536	  9
    4302.758	  8
    4303.708	  8
    4322.388	 52
    4322.398	 18
    4389.230	  8
    4389.338	  8
    4389.638	  8
    4390.300	  8
    4396.128	  8
    4397.102	  8
    4397.716	  8
    4398.286	  8
    4399.794	  8
    4414.902	  8
    4415.426	  8
    4416.008	  8
    4416.130	  8
    4416.674	  8
    4417.202	  8
    4417.810	  8
    4418.256	  8
    4419.458	  8
    4419.944	  8
    4420.438	  8
    4420.922	  8
    4421.784	  8
    4422.420	  8
    4423.038	  8
    4423.512	  8
    4424.264	  8
    4425.242	  8
    4425.310	  8
    4425.418	  8
    4426.110	  8
    4427.368	  8
    4428.612	  8
    4429.162	  8
    4429.692	  8
    4430.578	  8
    4430.800	  8
    4431.762	  8
    4434.714	  8
    4435.408	  8
    4435.964	  8
    4436.600	  8
    4437.146	  8
    4438.460	  8
    4438.976	  8
    4439.510	  8
    4439.544	  8
    4440.064	  8
    4440.522	  8
    4441.428	  8
    4441.498	  8
    4442.398	 53
    4443.634	  8
    4443.634	 20
    4443.634	 27
    4443.644	 28
    4443.644	 19
    4443.744	 29
    4443.912	  9
    4444.000	  8
    4445.036	  8
    4446.746	  8
    4463.764	 52
    4463.774	 18
    4500.508	  7
    4500.796	  7
    4500.896	  7
    4501.058	  7
    4501.220	  7
    4501.384	  7
    4501.538	  7
    4501.852	  7
    4501.998	  7
    4502.152	  7
    4502.318	  7
    4502.514	  7
    4502.670	  7
    4548.588	  8
    4548.696	  8
    4549.200	  8
    4549.876	  8
    4550.186	  8
    4550.566	  8
    4551.596	  8
    4551.958	  8
    4552.488	  8
    4553.198	  8
    4554.594	  8
    4555.510	  8
    4555.832	  8
    4557.694	  8
    4558.574	  8
    4559.736	  8
    4560.016	  8
    4562.190	  8
    4562.276	  8
    4563.262	  8
    4563.582	  8
    4566.560	  8
    4568.944	  8
    4579.850	  8
    4583.012	  8
    4583.774	 53
    4591.774	  8
    4591.774	 20
    4591.774	 27
    4591.784	 28
    4591.784	 19
    4591.884	 29
    4592.052	  9
    4592.168	  8
    4611.904	 51
    4611.914	 17
    4649.738	  8
    4651.448	  8
    4651.896	  8
    4653.324	  8
    4654.134	  8
    4655.772	  8
    4656.590	  8
    4657.092	  8
    4657.578	  8
    4658.354	  8
    4659.184	  8
    4659.966	  8
    4660.664	  8
    4661.138	  8
    4662.156	  8
    4662.328	  8
    4663.180	  8
    4663.574	  8
    4663.620	  8
    4664.198	  8
    4664.876	  8
    4665.990	  8
    4666.420	  8
    4667.640	  8
    4668.156	  8
    4668.942	  8
    4669.124	  8
    4669.526	  8
    4670.354	  8
    4670.454	  8
    4670.700	  8
    4671.100	  8
    4671.914	 53
    4671.946	  8
    4671.946	 20
    4671.946	 27
    4671.956	 28
    4671.956	 19
    4672.056	 29
    4672.224	  9
    4672.512	  8
    4692.076	 51
    4692.086	 17
    4710.664	  7
    4711.234	  7
    4711.360	  7
    4711.508	  7
    4711.678	  7
    4711.880	  7
    4712.076	  7
    4712.232	  7
    4712.434	  7
    4712.600	  7
    4713.072	  7
    4713.248	  7
    4714.048	  7
    4714.542	  7
    4714.720	  7
    4714.918	  7
    4715.100	  7
    4717.458	  7
    4717.556	  7
    4717.698	  7
    4719.560	  7
    4719.654	  7
    4719.778	  7
    4719.900	  7
    4720.036	  7
    4720.162	  7
    4720.300	  7
    4720.438	  7
    4720.578	  7
    4720.712	  7
    4720.852	  7
    4720.992	  7
    4721.154	  7
    4721.278	  7
    4721.424	  7
    4721.582	  7
    4721.730	  7
    4721.872	  7
    4722.022	  7
    4722.170	  7
    4722.350	  7
    4722.476	  7
    4722.618	  7
    4722.766	  7
    4722.918	  7
    4723.058	  7
    4723.214	  7
    4723.348	  7
    4723.528	  7
    4723.642	  7
    4723.770	  7
    4723.904	  7
    4724.044	  7
    4724.190	  7
    4724.346	  7
    4724.496	  7
    4724.684	  7
    4724.804	  7
    4724.960	  7
    4725.086	  7
    4725.236	  7
    4725.374	  7
    4725.636	  7
    4725.756	  7
    4725.898	  7
    4726.080	  7
    4726.212	  7
    4726.358	  7
    4726.506	  7
    4726.650	  7
    4726.806	  7
    4727.130	  7
    4727.248	  7
    4727.412	  7
    4727.554	  7
    4727.708	  7
    4727.826	  7
    4727.962	  7
    4728.092	  7
    4728.230	  7
    4728.354	  7
    4728.544	  7
    4728.734	  7
    4728.854	  7
    4728.984	  7
    4729.128	  7
    4729.284	  7
    4729.450	  7
    4729.578	  7
    4729.742	  7
    4729.906	  7
    4730.032	  7
    4730.454	  7
    4730.628	  7
    4730.760	  7
    4730.926	  7
    4731.104	  7
    4731.272	  7
    4732.018	  7
    4732.236	  7
    4732.428	  7
    4733.132	  7
    4733.258	  7
    4733.378	  7
    4733.528	  7
    4733.664	  7
    4733.810	  7
    4733.956	  7
    4734.130	  7
    4734.434	  7
    4734.554	  7
    4734.714	  7
    4734.856	  7
    4735.006	  7
    4735.160	  7
    4735.324	  7
    4735.716	  7
    4735.886	  7
    4736.028	  7
    4736.182	  7
    4736.378	  7
    4736.504	  7
    4737.466	  7
    4738.140	  7
    4738.246	  7
    4738.388	  7
    4738.528	  7
    4738.678	  7
    4738.846	  7
    4738.980	  7
    4739.130	  7
    4739.272	  7
    4739.436	  7
    4739.586	  7
    4739.872	  7
    4739.982	  7
    4740.138	  7
    4740.266	  7
    4740.460	  7
    4740.566	  7
    4740.716	  7
    4740.904	  7
    4741.264	  7
    4741.554	  7
    4741.810	  7
    4742.592	  7
    4742.684	  7
    4742.822	  7
    4742.966	  7
    4743.138	  7
    4743.264	  7
    4743.428	  7
    4743.576	  7
    4743.750	  7
    4743.892	  7
    4744.046	  7
    4744.362	  7
    4744.496	  7
    4744.638	  7
    4744.772	  7
    4744.950	  7
    4745.090	  7
    4745.238	  7
    4745.384	  7
    4745.538	  7
    4745.686	  7
    4745.838	  7
    4745.994	  7
    4746.122	  7
    4746.260	  7
    4746.390	  7
    4746.700	  7
    4746.868	  7
    4746.992	  7
    4747.154	  7
    4747.290	  7
    4747.438	  7
    4747.624	  7
    4747.760	  7
    4747.920	  7
    4748.052	  7
    4748.198	  7
    4748.354	  7
    4748.514	  7
    4748.662	  7
    4748.828	  7
    4748.970	  7
    4749.092	  7
    4749.232	  7
    4749.410	  7
    4749.544	  7
    4751.404	  7
    4751.514	  7
    4751.640	  7
    4751.772	  7
    4751.936	  7
    4752.064	  7
    4752.086	 53
    4752.212	  7
    4752.502	  7
    4752.624	  7
    4752.764	  7
    4753.008	  7
    4753.142	  7
    4753.292	  7
    4753.684	  7
    4753.794	  7
    4753.930	  7
    4754.096	  7
    4754.232	  7
    4754.376	  7
    4754.516	  7
    4754.686	  7
    4754.842	  7
    4754.966	  7
    4755.234	  7
    4755.382	  7
    4755.516	  7
    4755.624	  7
    4755.756	  7
    4755.908	  7
    4756.046	  7
    4756.206	  7
    4756.372	  7
    4756.528	  7
    4756.694	  7
    4756.870	  7
    4757.000	  7
    4757.150	  7
    4757.274	  7
    4757.410	  7
    4757.606	  7
    4757.874	  7
    4758.000	  7
    4758.152	  7
    4758.310	  7
    4758.500	  7
    4758.636	  7
    4759.066	  7
    4759.226	  7
    4759.442	  7
    4764.188	  7
    4764.300	  7
    4764.458	  7
    4764.604	  7
    4764.746	  7
    4764.894	  7
    4765.048	  7
    4765.198	  7
    4765.352	  7
    4765.510	  7
    4765.878	  7
    4765.996	  7
    4766.228	  7
    4766.448	  7
    4766.646	  7
    4766.908	  7
    4767.756	  7
    4767.868	  7
    4768.030	  7
    4768.160	  7
    4768.312	  7
    4768.458	  7
    4768.604	  7
    4768.752	  7
    4768.904	  7
    4769.044	  7
    4769.208	  7
    4769.334	  7
    4769.510	  7
    4769.660	  7
    4769.802	  7
    4769.968	  7
    4770.100	  7
    4770.252	  7
    4770.406	  7
    4770.548	  7
    4770.986	  7
    4771.126	  7
    4771.412	  7
    4771.552	  7
    4771.714	  7
    4771.884	  7
    4772.252	  7
    4772.380	  7
    4772.532	  7
    4772.754	  7
    4773.050	  7
    4773.336	  7
    4774.148	  7
    4774.278	  7
    4774.426	  7
    4774.590	  7
    4774.726	  7
    4774.904	  7
    4775.042	  7
    4775.196	  7
    4775.354	  7
    4775.502	  7
    4775.652	  7
    4775.812	  7
    4775.952	  7
    4776.112	  7
    4776.298	  7
    4776.546	  7
    4776.834	  7
    4777.382	  7
    4777.992	  7
    4778.444	  7
    4778.564	  7
    4778.718	  7
    4778.856	  7
    4779.004	  7
    4779.168	  7
    4779.518	  7
    4779.622	  7
    4779.784	  7
    4779.942	  7
    4780.304	  7
    4780.422	  7
    4780.568	  7
    4780.722	  7
    4780.886	  7
    4781.044	  7
    4781.198	  7
    4781.392	  7
    4781.522	  7
    4781.678	  7
    4781.850	  7
    4781.986	  7
    4782.156	  7
    4782.584	  7
    4782.710	  7
    4782.866	  7
    4783.050	  7
    4783.202	  7
    4783.340	  7
    4783.516	  7
    4783.932	  7
    4784.078	  7
    4785.632	  8
    4785.632	 20
    4785.632	 27
    4785.642	 28
    4785.642	 19
    4785.742	 29
    4785.910	  9
    4785.962	  8
    4805.762	 51
    4805.772	 17
    4819.078	  8
    4819.198	  8
    4819.780	  8
    4820.072	  8
    4820.498	  8
    4821.216	  8
    4822.028	  8
    4822.888	  8
    4824.112	  8
    4824.822	  8
    4827.732	  8
    4828.906	  8
    4829.686	  8
    4830.928	  8
    4831.264	  8
    4831.870	  8
    4833.336	  8
    4838.248	  8
    4839.224	  8
    4840.142	  8
    4840.894	  8
    4841.316	  8
    4841.854	  8
    4842.270	  8
    4842.920	  8
    4843.400	  8
    4843.886	  8
    4845.464	  8
    4846.020	  8
    4847.648	  8
    4848.472	  8
    4849.082	  8
    4851.126	  8
    4851.824	  8
    4852.970	  8
    4853.126	  8
    4853.516	  8
    4853.854	  8
    4855.832	  8
    4856.336	  8
    4857.332	  8
    4857.560	  8
    4857.818	  8
    4858.218	  8
    4861.716	  8
    4862.142	  8
    4862.570	  8
    4863.178	  8
    4863.614	  8
    4863.962	  8
    4864.434	  8
    4865.106	  8
    4865.650	  8
    4865.772	 53
    4866.186	  8
    4866.186	 20
    4866.186	 27
    4866.196	 28
    4866.196	 19
    4866.296	 29
    4866.464	  9
    4866.572	  8
    4881.082	  7
    4881.182	  7
    4881.472	  7
    4881.634	  7
    4881.846	  7
    4881.976	  7
    4882.160	  7
    4882.346	  7
    4882.530	  7
    4882.724	  7
    4886.316	 52
    4886.326	 18
    4927.934	  7
    4928.102	  7
    4928.256	  7
    4928.424	  7
    4928.608	  7
    4928.764	  7
    4928.964	  7
    4929.118	  7
    4929.304	  7
    4929.484	  7
    4929.654	  7
    4929.852	  7
    4995.184	  8
    4995.256	  8
    4995.526	  8
    4996.106	  8
    4997.354	  8
    4999.512	  8
    4999.660	  8
    5000.748	  8
    5006.066	  8
    5006.326	 53
    5007.022	  8
    5007.022	 20
    5007.022	 27
    5007.032	 28
    5007.032	 19
    5007.132	 29
    5007.300	  9
    5007.378	  8
    5027.152	 51
    5027.162	 17
    5055.176	  8
    5056.484	  8
    5058.118	  8
    5058.204	  8
    5059.312	  8
    5059.956	  8
    5060.656	  8
    5061.518	  8
    5062.292	  8
    5062.720	  8
    5062.786	  8
    5063.226	  8
    5064.688	  8
    5065.266	  8
    5066.558	  8
    5066.642	  8
    5066.846	  8
    5068.380	  8
    5068.772	  8
    5069.632	  8
    5069.730	  8
    5070.408	  8
    5070.500	  8
    5072.818	  8
    5073.802	  8
    5073.898	  8
    5076.726	  8
    5076.782	  8
    5076.850	  8
    5077.330	  8
    5077.764	  8
    5078.844	  8
    5079.306	  8
    5080.842	  8
    5081.374	  8
    5082.690	  8
    5083.190	  8
    5084.734	  8
    5085.356	  8
    5085.894	  8
    5086.594	  8
    5087.162	 53
    5088.624	  8
    5088.624	 20
    5088.624	 27
    5088.634	 28
    5088.634	 19
    5088.734	 29
    5088.902	  9
    5089.210	  8
    5108.754	 52
    5108.764	 18
    5187.584	  8
    5189.222	  8
    5190.658	  8
    5228.764	 53
    5234.714	  8
    5234.714	 20
    5234.714	 27
    5234.724	 28
    5234.724	 19
    5234.824	 29
    5234.992	  9
    5235.076	  8
    5254.844	 52
    5254.854	 18
    5312.512	  8
    5312.636	  8
    5317.062	  8
    5319.958	  8
    5325.296	  8
    5325.530	  8
    5331.004	  8
    5331.250	  8
    5332.002	  8
    5332.988	  8
    5334.054	  8
    5334.506	  8
    5335.498	  8
    5336.456	  8
    5339.438	  8
    5339.594	  8
    5340.598	  8
    5340.712	  8
    5341.548	  8
    5342.806	  8
    5344.204	  8
    5345.226	  8
    5345.584	  8
    5346.338	  8
    5347.198	  8
    5347.878	  8
    5348.374	  8
    5348.440	  8
    5350.740	  8
    5350.806	  8
    5351.114	  8
    5351.696	  8
    5352.014	  8
    5352.056	  8
    5352.776	  8
    5353.234	  8
    5353.658	  8
    5354.308	  8
    5354.804	  8
    5355.052	  8
    5355.920	  8
    5356.750	  8
    5357.572	  8
    5358.214	  8
    5359.590	  8
    5359.814	  8
    5360.380	  8
    5361.200	  8
    5361.680	  8
    5362.212	  8
    5362.632	  8
    5363.498	  8
    5364.278	  8
    5364.990	  8
    5365.258	  8
    5365.772	  8
    5366.668	  8
    5367.024	  8
    5368.082	  8
    5369.184	  8
    5369.888	  8
    5370.316	  8
    5372.302	  8
    5372.984	  8
    5373.848	  8
    5374.374	  8
    5374.846	  8
    5374.854	 53
    5375.236	  8
    5375.236	 20
    5375.236	 27
    5375.246	 28
    5375.246	 19
    5375.346	 29
    5375.514	  9
    5375.654	  8
    5395.366	 50
    5395.376	 10
    5405.868	  7
    5406.030	  7
    5406.166	  7
    5406.344	  7
    5406.514	  7
    5406.674	  7
    5412.994	  8
    5413.094	  8
    5420.100	  8
    5421.080	  8
    5421.262	  8
    5421.370	  8
    5422.196	  8
    5422.542	  8
    5422.902	  8
    5422.978	  8
    5424.350	  8
    5424.614	  8
    5425.094	  8
    5425.376	 53
    5426.244	  8
    5426.244	 20
    5426.244	 27
    5426.254	 28
    5426.254	 19
    5426.292	  8
    5426.354	 29
    5426.522	  9
    5426.622	  8
    5430.464	  8
    5432.252	  8
    5432.904	  8
    5446.374	 50
    5446.384	 10
    5453.382	  8
    5453.976	  8
    5457.204	  8
    5465.158	  8
    5465.274	  8
    5466.686	  8
    5467.226	  8
    5467.320	  8
    5467.910	  8
    5468.564	  8
    5469.828	  8
    5470.866	  8
    5471.078	  8
    5471.840	  8
    5472.022	  8
    5472.386	  8
    5473.320	  8
    5474.188	  8
    5474.440	  8
    5474.814	  8
    5475.222	  8
    5475.800	  8
    5476.384	 53
    5476.438	  8
    5476.438	 20
    5476.438	 27
    5476.448	 28
    5476.448	 19
    5476.548	 29
    5476.562	  8
    5476.716	  9
    5476.830	  8
    5479.978	  8
    5486.456	  8
    5486.578	  8
    5496.568	 50
    5496.578	 10
    5505.170	  8
    5510.888	  8
    5512.564	  8
    5512.850	  8
    5513.202	  8
    5513.702	  8
    5513.820	  8
    5514.398	  8
    5514.824	  8
    5514.900	  8
    5515.434	  8
    5518.836	  8
    5520.772	  8
    5520.868	  8
    5520.970	  8
    5523.354	  8
    5524.026	  8
    5524.380	  8
    5524.894	  8
    5525.626	  8
    5525.704	  8
    5526.066	  8
    5526.456	  8
    5526.578	 53
    5527.626	  8
    5527.626	 20
    5527.626	 27
    5527.636	 28
    5527.636	 19
    5527.736	 29
    5527.904	  9
    5528.002	  8
    5533.564	  8
    5547.756	 52
    5547.766	 18
    5661.930	  8
    5662.620	  8
    5663.960	  8
    5665.040	  8
    5667.766	 53
    5670.190	  8
    5670.190	 20
    5670.190	 27
    5670.200	 28
    5670.200	 19
    5670.300	 29
    5670.310	 61
