      20.010	 52
      20.020	 18
      43.062	  7
      44.874	  7
      46.048	  7
      46.150	  7
      48.272	  7
      62.766	  8
      62.832	  8
      63.314	  8
      63.474	  8
      63.720	  8
      64.458	  8
      64.812	  8
      65.592	  8
      65.856	  8
      71.722	  8
      71.962	  8
      72.534	  8
      73.142	  8
      73.472	  8
      87.118	  8
      87.304	  8
      87.726	  8
      88.356	  8
      89.018	  8
      89.306	  8
      98.574	  8
      98.788	  8
      99.264	  8
      99.976	  8
     104.988	  8
     105.604	  8
     105.780	  8
     105.970	  8
     107.692	  8
     107.764	  8
     107.860	  8
     114.762	  8
     115.068	  8
     116.612	  7
     116.628	  7
     116.746	  7
     117.122	  7
     117.272	  7
     119.324	  8
     119.852	  8
     140.020	 53
     147.384	  8
     147.384	 20
     147.384	 27
     147.394	 28
     147.394	 19
     147.452	  8
     147.494	 29
     147.668	  8
     147.906	  9
     167.514	 52
     167.524	 18
     184.824	  8
     185.026	  8
     197.052	  8
     207.988	  8
     208.918	  8
     209.346	  8
     209.586	  8
     231.624	  8
     232.330	  8
     237.330	  8
     238.604	  8
     238.800	  8
     239.476	  8
     239.716	  8
     241.880	  8
     241.990	  8
     242.484	  8
     242.710	  8
     243.916	  8
     244.736	  8
     244.832	  8
     245.054	  8
     245.962	  8
     246.584	  8
     247.094	  8
     247.642	  8
     248.046	  8
     248.106	  8
     248.858	  8
     249.332	  8
     253.434	  8
     253.960	  8
     254.590	  8
     255.250	  8
     255.758	  8
     256.314	  8
     256.916	  8
     257.506	  8
     257.610	  8
     257.696	  8
     258.458	  8
     258.746	  8
     259.326	  8
     261.502	  8
     261.990	  8
     262.194	  8
     262.398	  8
     262.894	  8
     264.302	  8
     264.576	  8
     265.112	  8
     266.234	  8
     268.730	  8
     269.264	  8
     270.184	  8
     272.632	  8
     273.322	  8
     274.750	  8
     274.856	  8
     276.450	  8
     276.782	  8
     287.524	 53
     288.560	  8
     288.560	 20
     288.560	 27
     288.570	 28
     288.570	 19
     288.670	 29
     288.838	  9
     288.918	  8
     289.022	  8
     289.456	  8
     308.690	 50
     308.700	 10
     310.834	  7
     310.868	  7
     310.922	  7
     311.154	  7
     314.974	  7
     315.290	  7
     315.414	  7
     315.630	  7
     315.686	  7
     317.620	  8
     320.900	  8
     321.338	  8
     321.656	  8
     321.722	  8
     321.952	  8
     331.594	  8
     331.912	  8
     332.566	  8
     333.516	  8
     333.736	  8
     335.586	  8
     335.846	  8
     336.364	  8
     336.774	  8
     337.344	  8
     337.934	  8
     338.290	  8
     338.700	 53
     339.166	  8
     339.166	 20
     339.166	 27
     339.176	 28
     339.176	 19
     339.276	 29
     339.444	  9
     339.504	  8
     342.076	  8
     359.296	 51
     359.306	 17
     378.600	  8
     378.684	  8
     378.742	  8
     378.892	  8
     387.390	  8
     387.428	  8
     387.656	  8
     387.860	  8
     388.236	  8
     388.582	  8
     397.324	  8
     397.504	  8
     397.846	  8
     398.280	  8
     401.174	  8
     401.572	  8
     402.918	  7
     402.986	  7
     403.098	  7
     403.234	  7
     406.224	  8
     406.470	  8
     407.698	  8
     408.292	  8
     408.716	  8
     409.016	  8
     409.304	  8
     410.324	  8
     412.938	  8
     413.140	  8
     413.266	  8
     413.882	  8
     414.736	  8
     414.992	  8
     415.548	  8
     415.854	  8
     416.522	  8
     417.242	  8
     417.508	  8
     418.650	  8
     418.680	  8
     418.940	  8
     419.018	  8
     419.306	 53
     420.088	  8
     420.088	 20
     420.088	 27
     420.098	 28
     420.098	 19
     420.198	 29
     420.366	  9
     420.482	  8
     421.652	  8
     440.218	 50
     440.228	 10
     445.106	  7
     445.618	  7
     445.760	  7
     446.110	  7
     449.898	  7
     450.568	  7
     451.820	  7
     451.892	  7
     452.544	  7
     466.384	  8
     466.708	  8
     467.310	  8
     467.560	  8
     468.028	  8
     469.362	  8
     470.228	 53
     471.768	  8
     471.768	 20
     471.768	 27
     471.778	 28
     471.778	 19
     471.878	 29
     472.046	  9
     472.208	  8
     491.898	 50
     491.908	 10
     505.488	  8
     505.548	  8
     505.646	  8
     505.980	  8
     506.434	  8
     506.612	  8
     506.832	  8
     507.402	  8
     507.756	  8
     508.474	  8
     508.800	  8
     509.344	  8
     509.842	  8
     510.534	  8
     510.840	  8
     512.412	  8
     513.284	  8
     514.126	  8
     515.178	  8
     515.774	  8
     516.186	  8
     516.444	  8
     516.844	  8
     517.212	  8
     517.468	  8
     517.720	  8
     518.202	  8
     518.616	  8
     519.018	  8
     519.146	  8
     519.244	  8
     519.432	  8
     520.170	  8
     520.378	  8
     520.564	  8
     521.908	 53
     522.288	  8
     522.288	 20
     522.288	 27
     522.298	 28
     522.298	 19
     522.398	 29
     522.566	  9
     522.956	  8
     526.430	  8
     527.660	  8
     542.418	 51
     542.428	 17
     550.318	  7
     550.590	  7
     551.116	  7
     551.306	  7
     552.152	  7
     552.456	  7
     558.470	  7
     573.190	  7
     573.682	  7
     574.260	  7
     579.174	  8
     579.396	  8
     579.964	  8
     580.062	  8
     580.824	  8
     581.052	  8
     581.228	  8
     582.190	  8
     582.692	  8
     583.334	  8
     583.566	  8
     584.316	  8
     585.008	  8
     585.744	  8
     585.980	  8
     586.286	  8
     586.884	  8
     587.420	  8
     589.246	  8
     589.314	  8
     589.828	  8
     590.770	  8
     592.556	  8
     592.692	  8
     592.968	  8
     593.096	  8
     593.342	  8
     593.798	  8
     594.352	  8
     595.850	  8
     596.198	  8
     596.378	  8
     596.772	  8
     597.370	  8
     598.234	  8
     598.700	  8
     599.430	  8
     600.028	  8
     601.048	  8
     601.522	  8
     602.428	 53
     602.598	  8
     602.598	 20
     602.598	 27
     602.608	 28
     602.608	 19
     602.708	 29
     602.876	  9
     602.924	  8
     622.728	 52
     622.738	 18
     702.870	  8
     702.950	  8
     703.192	  8
     703.300	  8
     703.516	  8
     703.752	  8
     703.810	  8
     704.450	  8
     704.538	  8
     704.664	  8
     708.390	  8
     708.564	  8
     708.812	  8
     708.918	  8
     709.484	  8
     709.998	  8
     710.436	  8
     710.864	  8
     711.384	  8
     711.860	  8
     712.602	  8
     713.006	  8
     713.082	  8
     714.012	  8
     714.392	  8
     718.542	  8
     718.624	  8
     719.164	  8
     720.008	  8
     721.050	  8
     722.100	  8
     722.678	  8
     723.122	  8
     723.548	  8
     724.096	  8
     724.360	  8
     724.864	  8
     728.474	  8
     728.710	  8
     729.172	  8
     729.484	  8
     730.334	  8
     730.908	  8
     732.024	  8
     734.440	  8
     734.562	  8
     735.068	  8
     735.252	  8
     735.358	  8
     735.754	  8
     735.932	  8
     736.550	  8
     737.450	  8
     737.522	  8
     738.368	  8
     738.610	  8
     738.876	  8
     739.276	  8
     740.622	  8
     741.062	  8
     741.248	  8
     741.370	  8
     742.738	 53
     744.514	  8
     744.514	 20
     744.514	 27
     744.524	 28
     744.524	 19
     744.624	 29
     744.792	  9
     744.922	  8
     746.790	  8
     764.644	 51
     764.654	 17
     780.324	  7
     780.900	  7
     781.180	  7
     783.106	  8
     787.990	  8
     788.530	  8
     789.136	  8
     789.332	  8
     795.762	  8
     796.554	  8
     796.958	  8
     797.618	  8
     798.486	  8
     798.862	  8
     799.190	  8
     799.720	  8
     800.302	  8
     801.126	  8
     801.814	  8
     803.116	  8
     805.518	  8
     806.494	  8
     806.858	  8
     807.510	  8
     808.962	  8
     809.410	  8
     811.838	  8
     812.102	  8
     812.444	  8
     813.800	  8
     814.776	  8
     815.098	  8
     815.588	  8
     815.824	  8
     817.622	  8
     818.408	  8
     818.614	  8
     819.358	  8
     819.780	  8
     820.096	  8
     820.266	  8
     821.026	  8
     821.328	  8
     821.926	  8
     822.802	  8
     823.134	  8
     823.620	  8
     824.048	  8
     824.416	  8
     824.654	 53
     824.950	  8
     824.950	 20
     824.950	 27
     824.960	 28
     824.960	 19
     825.060	 29
     825.228	  9
     845.080	 51
     845.090	 17
     854.026	  7
     854.284	  7
     854.426	  7
     855.198	  7
     856.144	  7
     856.544	  7
     877.494	  8
     892.186	  8
     892.396	  8
     892.458	  8
     892.764	  8
     893.218	  8
     893.354	  8
     893.846	  8
     893.930	  8
     894.906	  8
     895.404	  8
     896.090	  8
     896.466	  8
     896.866	  8
     898.320	  8
     898.672	  8
     899.730	  8
     900.666	  8
     901.172	  8
     901.884	  8
     902.788	  8
     903.682	  8
     903.982	  8
     904.844	  8
     905.090	 53
     906.316	  8
     906.316	 20
     906.316	 27
     906.326	 28
     906.326	 19
     906.426	 29
     906.594	  9
     906.700	  8
     907.954	  8
     926.446	 51
     926.456	 17
     947.606	  8
     947.702	  8
     947.784	  8
     947.932	  8
     948.800	  8
     949.204	  8
     949.650	  8
     950.196	  8
     953.198	  8
     953.354	  8
     953.726	  8
     964.608	  8
     965.204	  8
     965.872	  8
     966.120	  8
     966.908	  8
     967.674	  8
     968.422	  8
     969.610	  8
     970.580	  8
     970.944	  8
     971.412	  8
     972.482	  8
     972.772	  8
     973.796	  8
     973.882	  8
     974.336	  8
     975.544	  8
     975.954	  8
     976.828	  8
     977.614	  8
     977.878	  8
     978.872	  8
     979.844	  8
     979.918	  8
     980.402	  8
     980.642	  8
     981.646	  8
     981.942	  8
     982.620	  8
     983.500	  8
     984.114	  8
     984.430	  8
     984.692	  8
     986.444	  8
     986.456	 53
     986.654	  8
     986.654	 20
     986.654	 27
     986.664	 28
     986.664	 19
     986.764	 29
     986.932	  8
    1006.784	 50
    1006.794	 10
    1029.340	  8
    1030.656	  8
    1030.740	  8
    1031.550	  8
    1032.504	  8
    1032.664	  8
    1033.046	  8
    1034.282	  8
    1034.342	  8
    1034.844	  8
    1035.056	  8
    1035.602	  8
    1036.132	  8
    1036.282	  8
    1036.794	 53
    1038.168	  8
    1038.168	 20
    1038.168	 27
    1038.178	 28
    1038.178	 19
    1038.278	 29
    1038.446	  9
    1038.630	  8
    1039.420	  8
    1040.942	  8
    1058.298	 52
    1058.308	 18
    1102.294	  8
    1103.752	  8
    1104.814	  8
    1123.338	  8
    1124.376	  8
    1124.608	  8
    1125.496	  8
    1126.012	  8
    1128.106	  8
    1128.734	  8
    1130.220	  8
    1131.022	  8
    1131.880	  8
    1132.346	  8
    1132.844	  8
    1133.066	  8
    1136.492	  8
    1136.602	  8
    1137.266	  8
    1138.664	  8
    1143.000	  8
    1143.346	  8
    1143.458	  8
    1143.868	  8
    1144.904	  8
    1145.444	  8
    1146.244	  8
    1147.172	  8
    1147.692	  8
    1147.862	  8
    1148.526	  8
    1148.782	  8
    1150.108	  8
    1150.980	  8
    1151.540	  8
    1152.110	  8
    1153.136	  8
    1154.088	  8
    1155.764	  8
    1157.322	  8
    1158.342	  8
    1158.422	  8
    1158.786	  8
    1160.212	  8
    1160.464	  8
    1162.218	  8
    1162.736	  8
    1163.048	  8
    1164.366	  8
    1165.226	  8
    1165.606	  8
    1166.712	  8
    1167.028	  8
    1167.084	  8
    1167.338	  8
    1167.686	  8
    1169.500	  8
    1169.594	  8
    1169.912	  8
    1171.570	  8
    1171.652	  8
    1172.020	  8
    1173.214	  8
    1173.578	  8
    1173.786	  8
    1174.000	  8
    1174.812	  8
    1175.166	  8
    1175.212	  8
    1175.610	  8
    1175.940	  8
    1176.134	  8
    1176.646	  8
    1177.580	  8
    1177.708	  8
    1178.308	 53
    1179.588	  8
    1179.588	 20
    1179.588	 27
    1179.598	 28
    1179.598	 19
    1179.698	 29
    1179.866	  9
    1179.954	  8
    1181.900	  8
    1199.718	 50
    1199.728	 10
    1202.716	  7
    1202.882	  7
    1203.442	  7
    1203.596	  7
    1203.700	  7
    1204.750	  7
    1205.846	  7
    1205.976	  7
    1211.192	  8
    1213.476	  8
    1214.278	  8
    1214.318	  8
    1214.738	  8
    1215.166	  8
    1215.440	  8
    1216.032	  8
    1216.932	  8
    1217.344	  8
    1218.290	  8
    1218.558	  8
    1218.754	  8
    1219.214	  8
    1219.422	  8
    1219.670	  8
    1220.114	  8
    1220.276	  8
    1220.700	  8
    1221.052	  8
    1221.942	  8
    1222.426	  8
    1223.138	  8
    1223.218	  8
    1223.320	  8
    1223.724	  8
    1223.870	  8
    1223.948	  8
    1224.054	  8
    1224.322	  8
    1224.688	  8
    1224.868	  8
    1225.358	  8
    1225.654	  8
    1225.952	  8
    1226.228	  8
    1226.902	  8
    1227.128	  8
    1227.374	  8
    1228.102	  8
    1228.684	  8
    1228.898	  8
    1229.324	  8
    1229.728	 53
    1229.780	  8
    1229.780	 20
    1229.780	 27
    1229.790	 28
    1229.790	 19
    1229.826	  8
    1229.890	 29
    1230.058	  9
    1230.108	  8
    1233.988	  8
    1249.910	 51
    1249.920	 17
    1264.308	  8
    1264.424	  8
    1275.488	  8
    1277.558	  8
    1277.896	  8
    1278.744	  8
    1278.820	  8
    1283.738	  8
    1284.886	  8
    1285.008	  8
    1285.142	  8
    1285.916	  8
    1285.974	  8
    1287.154	  8
    1287.246	  8
    1287.338	  8
    1287.750	  8
    1288.866	  8
    1289.054	  8
    1289.324	  8
    1289.870	  8
    1290.458	  8
    1290.536	  8
    1291.344	  8
    1291.950	  8
    1292.156	  8
    1292.524	  8
    1293.618	  8
    1293.660	  8
    1294.416	  8
    1294.932	  8
    1295.226	  8
    1295.992	  8
    1297.130	  8
    1298.434	  8
    1298.880	  8
    1300.870	  8
    1301.254	  8
    1302.298	  8
    1303.624	  8
    1304.022	  8
    1304.212	  8
    1305.584	  8
    1305.966	  8
    1307.100	  8
    1308.740	  8
    1308.836	  8
    1309.364	  8
    1309.920	 53
    1310.134	  8
    1310.134	 20
    1310.134	 27
    1310.144	 28
    1310.144	 19
    1310.244	 29
    1310.412	  9
    1310.434	  8
    1330.264	 51
    1330.274	 17
    1337.716	  7
    1337.900	  7
    1338.294	  7
    1341.106	  7
    1342.042	  7
    1342.136	  7
    1342.194	  7
    1342.450	  7
    1343.436	  7
    1343.628	  7
    1344.032	  7
    1344.856	  7
    1345.068	  7
    1345.536	  7
    1345.696	  7
    1345.818	  7
    1345.956	  7
    1346.100	  7
    1346.248	  7
    1346.386	  7
    1346.524	  7
    1346.682	  7
    1346.788	  7
    1346.840	  7
    1346.958	  7
    1347.096	  7
    1347.252	  7
    1347.408	  7
    1347.498	  7
    1347.540	  7
    1347.674	  7
    1347.816	  7
    1347.968	  7
    1348.116	  7
    1348.260	  7
    1348.380	  7
    1348.526	  7
    1348.676	  7
    1348.820	  7
    1348.974	  7
    1349.108	  7
    1349.288	  7
    1349.414	  7
    1349.566	  7
    1349.708	  7
    1349.858	  7
    1350.014	  7
    1350.122	  7
    1350.220	  7
    1350.284	  7
    1350.444	  7
    1350.564	  7
    1351.936	  7
    1352.044	  7
    1352.136	  7
    1352.326	  7
    1354.382	  7
    1354.984	  7
    1355.836	  7
    1356.116	  7
    1356.412	  7
    1358.752	  7
    1359.658	  7
    1359.712	  7
    1365.682	  8
    1365.994	  8
    1367.224	  8
    1369.090	  8
    1370.932	  8
    1371.836	  8
    1372.014	  8
    1372.146	  8
    1373.562	  8
    1374.350	  8
    1375.820	  8
    1377.300	  8
    1378.340	  8
    1379.316	  8
    1379.594	  8
    1381.104	  8
    1382.124	  8
    1382.842	  8
    1382.898	  8
    1385.330	  8
    1385.894	  8
    1386.284	  8
    1387.094	  8
    1387.368	  8
    1387.854	  8
    1388.200	  8
    1389.564	  8
    1390.062	  8
    1390.274	 53
    1390.664	  8
    1390.664	 20
    1390.664	 27
    1390.674	 28
    1390.674	 19
    1390.774	 29
    1390.942	  9
    1390.974	  8
    1410.794	 50
    1410.804	 10
    1430.552	  8
    1430.892	  8
    1431.234	  8
    1431.882	  8
    1432.300	  8
    1432.864	  8
    1433.830	  8
    1434.824	  8
    1435.764	  8
    1435.860	  8
    1435.934	  8
    1436.056	  8
    1436.422	  8
    1437.016	  8
    1437.224	  8
    1437.394	  8
    1437.944	  8
    1438.226	  8
    1438.570	  8
    1439.204	  8
    1439.744	  8
    1440.190	  8
    1440.492	  8
    1440.804	 53
    1440.834	  8
    1440.834	 20
    1440.834	 27
    1440.844	 28
    1440.844	 19
    1440.944	 29
    1441.110	  8
    1441.112	  9
    1460.964	 52
    1460.974	 18
    1484.032	  5
    1506.964	  8
    1531.636	  8
    1532.534	  8
    1532.620	  8
    1533.258	  8
    1555.816	  8
    1555.850	  8
    1556.816	  8
    1557.194	  8
    1557.786	  8
    1558.588	  8
    1559.318	  8
    1560.876	  8
    1561.092	  8
    1561.804	  8
    1562.780	  8
    1563.556	  8
    1565.342	  8
    1565.992	  8
    1568.332	  8
    1568.810	  8
    1569.486	  8
    1569.760	  8
    1570.848	  8
    1577.864	  8
    1577.956	  8
    1578.836	  8
    1579.540	  8
    1579.566	  8
    1580.356	  8
    1580.968	  8
    1580.974	 53
    1582.158	  8
    1582.158	 20
    1582.158	 27
    1582.168	 28
    1582.168	 19
    1582.268	 29
    1582.436	  9
    1582.636	  8
    1602.288	 51
    1602.298	 17
    1614.336	  7
    1614.498	  7
    1614.634	  7
    1614.822	  7
    1615.290	  7
    1615.480	  7
    1615.750	  7
    1615.772	  7
    1615.816	  7
    1616.238	  7
    1617.186	  7
    1617.476	  7
    1617.608	  7
    1617.746	  7
    1617.904	  7
    1618.048	  7
    1618.204	  7
    1618.356	  7
    1618.502	  7
    1618.652	  7
    1618.790	  7
    1618.946	  7
    1619.102	  7
    1619.246	  7
    1619.396	  7
    1619.540	  7
    1619.682	  7
    1619.838	  7
    1619.996	  7
    1620.136	  7
    1620.294	  7
    1620.400	  7
    1620.560	  7
    1621.510	  7
    1621.590	  7
    1621.772	  7
    1622.094	  7
    1622.380	  7
    1622.506	  7
    1622.990	  7
    1624.132	  7
    1624.254	  7
    1627.138	  8
    1627.276	  8
    1629.486	  8
    1639.748	  8
    1640.414	  8
    1641.914	  8
    1644.234	  8
    1645.826	  8
    1646.126	  8
    1647.200	  8
    1647.508	  8
    1648.122	  8
    1648.952	  8
    1649.700	  8
    1649.974	  8
    1651.220	  8
    1651.484	  8
    1651.966	  8
    1652.812	  8
    1653.308	  8
    1655.148	  8
    1656.406	  8
    1657.214	  8
    1657.780	  8
    1657.944	  8
    1658.418	  8
    1659.008	  8
    1659.904	  8
    1661.070	  8
    1662.298	 53
    1662.314	  8
    1662.314	 20
    1662.314	 27
    1662.324	 28
    1662.324	 19
    1662.424	 29
    1662.592	  9
    1662.728	  8
    1669.128	  8
    1682.444	 50
    1682.454	 10
    1700.720	  8
    1700.968	  8
    1701.170	  8
    1701.276	  8
    1701.916	  8
    1703.890	  8
    1704.116	  8
    1704.576	  8
    1705.038	  8
    1705.958	  8
    1706.516	  8
    1706.768	  8
    1707.618	  8
    1707.876	  8
    1708.528	  8
    1709.014	  8
    1710.212	  8
    1711.400	  8
    1711.618	  8
    1712.162	  8
    1712.454	 53
    1712.894	  8
    1712.894	 20
    1712.894	 27
    1712.904	 28
    1712.904	 19
    1713.004	 29
    1713.172	  9
    1713.280	  8
    1719.602	  8
    1719.714	  8
    1719.922	  8
    1721.012	  8
    1721.702	  8
    1722.204	  8
    1722.292	  8
    1722.834	  8
    1723.922	  8
    1724.920	  8
    1725.658	  8
    1726.202	  8
    1726.328	  8
    1733.024	 52
    1733.034	 18
    1790.620	  8
    1791.206	  8
    1791.630	  8
    1792.072	  8
    1792.174	  8
    1792.350	  8
    1793.768	  8
    1794.666	  8
    1813.300	  8
    1813.786	  8
    1814.300	  8
    1815.264	  8
    1815.766	  8
    1816.778	  8
    1817.104	  8
    1818.366	  8
    1818.920	  8
    1819.404	  8
    1819.896	  8
    1819.980	  8
    1831.958	  8
    1832.090	  8
    1832.930	  8
    1834.146	  8
    1834.198	  8
    1834.580	  8
    1835.468	  8
    1836.198	  8
    1837.160	  8
    1838.694	  8
    1839.842	  8
    1840.464	  8
    1841.044	  8
    1841.592	  8
    1842.016	  8
    1843.704	  8
    1844.620	  8
    1845.056	  8
    1845.620	  8
    1845.862	  8
    1846.494	  8
    1847.052	  8
    1847.844	  8
    1848.126	  8
    1848.814	  8
    1849.646	  8
    1850.058	  8
    1850.792	  8
    1851.376	  8
    1852.324	  8
    1853.034	 53
    1853.626	  8
    1853.626	 20
    1853.626	 27
    1853.636	 28
    1853.636	 19
    1853.736	 29
    1853.904	  9
    1854.106	  8
    1873.756	 52
    1873.766	 18
    1897.540	  7
    1933.046	  8
    1933.418	  8
    1933.496	  8
    1934.566	  8
    1947.798	  8
    1948.296	  8
    1949.204	  8
    1980.562	  8
    1980.992	  8
    1982.018	  8
    1982.336	  8
    1982.848	  8
    1983.174	  8
    1983.234	  8
    1984.526	  8
    1985.574	  8
    1986.784	  8
    1987.558	  8
    1988.476	  8
    1988.766	  8
    1989.406	  8
    1989.522	  8
    1989.778	  8
    1992.236	  8
    1993.594	  8
    1993.766	 53
    1994.706	  8
    1994.706	 20
    1994.706	 27
    1994.716	 28
    1994.716	 19
    1994.816	 29
    1994.984	  9
    1995.140	  8
    2014.836	 51
    2014.846	 17
    2033.156	  7
    2033.334	  7
    2033.362	  7
    2033.578	  7
    2033.618	  7
    2033.686	  7
    2034.344	  7
    2042.100	  8
    2042.422	  8
    2043.074	  8
    2043.622	  8
    2043.990	  8
    2044.558	  8
    2045.796	  8
    2046.524	  8
    2047.454	  8
    2047.862	  8
    2048.394	  8
    2050.536	  8
    2050.876	  8
    2051.468	  8
    2051.842	  8
    2053.576	  8
    2053.762	  8
    2054.132	  8
    2055.050	  8
    2055.342	  8
    2056.022	  8
    2056.312	  8
    2056.952	  8
    2057.408	  8
    2058.894	  8
    2059.256	  8
    2059.694	  8
    2060.270	  8
    2061.132	  8
    2061.780	  8
    2062.142	  8
    2062.616	  8
    2062.984	  8
    2063.406	  8
    2064.134	  8
    2066.186	  8
    2066.630	  8
    2067.234	  8
    2067.896	  8
    2068.568	  8
    2069.824	  8
    2070.244	  8
    2070.320	  8
    2070.946	  8
    2072.068	  8
    2072.486	  8
    2073.042	  8
    2073.596	  8
    2074.418	  8
    2074.846	 53
    2074.900	  8
    2074.900	 20
    2074.900	 27
    2074.910	 28
    2074.910	 19
    2075.010	 29
    2075.178	  9
    2075.254	  8
    2095.030	 52
    2095.040	 18
    2121.650	  8
    2124.524	  8
    2125.724	  8
    2126.748	  8
    2127.542	  8
    2128.084	  8
    2129.186	  8
    2130.192	  8
    2135.136	  8
    2136.456	  8
    2137.020	  8
    2137.730	  8
    2138.252	  8
    2139.256	  8
    2140.894	  8
    2141.632	  8
    2143.000	  8
    2143.924	  8
    2144.202	  8
    2145.282	  8
    2146.196	  8
    2146.692	  8
    2147.118	  8
    2147.638	  8
    2149.508	  8
    2149.844	  8
    2151.336	  8
    2151.610	  8
    2152.280	  8
    2153.026	  8
    2153.370	  8
    2153.704	  8
    2155.066	  8
    2155.316	  8
    2155.668	  8
    2155.808	  8
    2156.404	  8
    2156.758	  8
    2157.262	  8
    2158.598	  8
    2158.974	  8
    2159.978	  8
    2160.554	  8
    2161.660	  8
    2162.786	  8
    2163.100	  8
    2163.750	  8
    2164.886	  8
    2165.110	  8
    2166.242	  8
    2166.506	  8
    2167.326	  8
    2167.744	  8
    2168.686	  8
    2169.300	  8
    2170.272	  8
    2171.074	  8
    2171.638	  8
    2171.966	  8
    2172.322	  8
    2172.870	  8
    2173.486	  8
    2174.196	  8
    2175.048	  8
    2175.464	  8
    2176.178	  8
    2176.544	  8
    2177.110	  8
    2177.258	  8
    2178.032	  8
    2178.342	  8
    2179.076	  8
    2179.392	  8
    2180.000	  8
    2180.168	  8
    2180.248	  8
    2180.614	  8
    2181.226	  8
    2181.464	  8
    2183.104	  8
    2183.522	  8
    2184.120	  8
    2184.568	  8
    2185.034	  8
    2186.582	  8
    2186.972	  8
    2187.828	  8
    2188.524	  8
    2189.072	  8
    2189.790	  8
    2190.248	  8
    2190.800	  8
    2191.252	  8
    2192.350	  8
    2192.890	  8
    2193.784	  8
    2193.850	  8
    2194.270	  8
    2194.884	  8
    2195.552	  8
    2202.126	  8
    2202.586	  8
    2203.184	  8
    2203.908	  8
    2204.582	  8
    2205.090	  8
    2205.298	  8
    2205.826	  8
    2206.532	  8
    2207.324	  8
    2207.692	  8
    2207.856	  8
    2208.604	  8
    2208.944	  8
    2209.388	  8
    2209.978	  8
    2210.716	  8
    2210.940	  8
    2212.460	  8
    2213.156	  8
    2213.420	  8
    2214.394	  8
    2215.040	 53
    2215.236	  8
    2215.236	 20
    2215.236	 27
    2215.246	 28
    2215.246	 19
    2215.306	  8
    2215.346	 29
    2215.514	  9
    2215.606	  8
    2235.366	 51
    2235.376	 17
    2257.790	  8
    2258.102	  8
    2258.458	  8
    2265.914	  8
    2266.386	  8
    2268.128	  8
    2269.244	  8
    2269.522	  8
    2270.366	  8
    2272.400	  8
    2273.476	  8
    2274.666	  8
    2275.550	  8
    2277.016	  8
    2277.358	  8
    2277.828	  8
    2278.098	  8
    2278.290	  8
    2279.032	  8
    2279.654	  8
    2279.776	  8
    2280.144	  8
    2280.704	  8
    2280.960	  8
    2281.754	  8
    2282.600	  8
    2282.966	  8
    2284.506	  8
    2285.788	  8
    2286.216	  8
    2286.454	  8
    2287.076	  8
    2287.840	  8
    2289.052	  8
    2289.142	  8
    2289.566	  8
    2291.830	  8
    2292.364	  8
    2292.868	  8
    2293.866	  8
    2294.158	  8
    2294.782	  8
    2295.152	  8
    2295.376	 53
    2296.514	  8
    2296.514	 20
    2296.514	 27
    2296.524	 28
    2296.524	 19
    2296.624	 29
    2296.792	  9
    2296.988	  8
    2298.890	  8
    2316.644	 50
    2316.654	 10
    2332.424	  8
    2333.348	  8
    2333.662	  8
    2334.374	  8
    2334.702	  8
    2335.178	  8
    2335.612	  8
    2336.272	  8
    2336.990	  8
    2338.120	  8
    2338.580	  8
    2338.844	  8
    2339.286	  8
    2341.376	  8
    2342.064	  8
    2342.148	  8
    2343.240	  8
    2343.504	  8
    2344.172	  8
    2344.864	  8
    2345.218	  8
    2345.502	  8
    2345.958	  8
    2346.204	  8
    2346.392	  8
    2346.594	  8
    2346.654	 53
    2346.834	  8
    2346.834	 20
    2346.834	 27
    2346.844	 28
    2346.844	 19
    2346.944	 29
    2347.112	  9
    2347.142	  8
    2347.190	  8
    2348.212	  8
    2366.964	 51
    2366.974	 17
    2375.696	  7
    2375.790	  7
    2375.994	  7
    2379.674	  8
    2379.748	  8
    2380.128	  8
    2385.818	  8
    2392.756	  8
    2392.798	  8
    2393.072	  8
    2394.584	  8
    2395.166	  8
    2396.078	  8
    2402.576	  8
    2403.248	  8
    2404.982	  8
    2406.084	  8
    2407.094	  8
    2408.540	  8
    2409.724	  8
    2410.080	  8
    2412.956	  8
    2414.208	  8
    2414.714	  8
    2414.772	  8
    2416.196	  8
    2416.432	  8
    2416.540	  8
    2416.614	  8
    2417.380	  8
    2417.418	  8
    2418.102	  8
    2418.786	  8
    2419.410	  8
    2419.774	  8
    2422.086	  8
    2422.446	  8
    2422.912	  8
    2423.446	  8
    2424.770	  8
    2425.600	  8
    2426.168	  8
    2426.728	  8
    2426.974	 53
    2427.534	  8
    2427.534	 20
    2427.534	 27
    2427.544	 28
    2427.544	 19
    2427.644	 29
    2427.812	  9
    2427.898	  8
    2447.664	 52
    2447.674	 18
    2485.340	  8
    2515.768	  8
    2517.340	  8
    2519.286	  8
    2522.124	  8
    2523.506	  8
    2524.138	  8
    2524.770	  8
    2524.988	  8
    2525.038	  8
    2527.208	  8
    2527.910	  8
    2528.792	  8
    2529.286	  8
    2530.464	  8
    2533.894	  8
    2534.858	  8
    2535.772	  8
    2536.154	  8
    2537.210	  8
    2538.152	  8
    2538.390	  8
    2539.158	  8
    2539.648	  8
    2540.286	  8
    2541.502	  8
    2541.776	  8
    2542.972	  8
    2544.078	  8
    2544.562	  8
    2545.056	  8
    2546.646	  8
    2546.978	  8
    2547.580	  8
    2548.032	  8
    2551.682	  8
    2552.538	  8
    2553.024	  8
    2554.312	  8
    2554.794	  8
    2555.362	  8
    2555.742	  8
    2556.226	  8
    2556.564	  8
    2557.086	  8
    2557.620	  8
    2558.308	  8
    2558.718	  8
    2559.426	  8
    2560.680	  8
    2561.136	  8
    2561.826	  8
    2562.328	  8
    2562.850	  8
    2563.146	  8
    2564.658	  8
    2564.914	  8
    2566.376	  8
    2566.736	  8
    2567.442	  8
    2567.674	 53
    2567.826	  8
    2567.826	 20
    2567.826	 27
    2567.836	 28
    2567.836	 19
    2567.936	 29
    2568.104	  9
    2568.208	  8
    2587.956	 51
    2587.966	 17
    2619.188	  8
    2621.742	  8
    2622.492	  8
    2623.088	  8
    2624.266	  8
    2625.244	  8
    2625.410	  8
    2627.972	  8
    2628.314	  8
    2629.384	  8
    2629.992	  8
    2630.598	  8
    2631.716	  8
    2632.280	  8
    2633.128	  8
    2633.384	  8
    2633.428	  8
    2634.806	  8
    2635.246	  8
    2636.104	  8
    2636.758	  8
    2637.236	  8
    2637.998	  8
    2638.284	  8
    2639.678	  8
    2640.232	  8
    2640.684	  8
    2640.838	  8
    2642.438	  8
    2642.814	  8
    2643.182	  8
    2643.924	  8
    2644.218	  8
    2645.060	  8
    2645.866	  8
    2645.970	  8
    2646.466	  8
    2647.022	  8
    2647.224	  8
    2647.966	 53
    2648.972	  8
    2648.972	 20
    2648.972	 27
    2648.982	 28
    2648.982	 19
    2649.034	  8
    2649.082	 29
    2649.250	  9
    2649.354	  8
    2669.102	 52
    2669.112	 18
    2704.278	  7
    2704.392	  7
    2704.792	  7
    2706.060	  7
    2706.222	  7
    2709.586	  8
    2710.520	  8
    2720.312	  8
    2721.716	  8
    2724.880	  8
    2742.366	  8
    2746.008	  8
    2747.276	  8
    2749.240	  8
    2750.516	  8
    2752.212	  8
    2752.326	  8
    2752.798	  8
    2754.058	  8
    2756.090	  8
    2756.566	  8
    2756.606	  8
    2757.194	  8
    2758.020	  8
    2758.632	  8
    2759.756	  8
    2761.872	  8
    2762.920	  8
    2763.028	  8
    2764.142	  8
    2764.946	  8
    2765.418	  8
    2766.280	  8
    2766.616	  8
    2767.620	  8
    2768.046	  8
    2769.116	  8
    2769.498	  8
    2770.204	  8
    2770.614	  8
    2771.488	  8
    2772.028	  8
    2772.504	  8
    2772.886	  8
    2773.704	  8
    2774.758	  8
    2775.008	  8
    2776.540	  8
    2776.620	  8
    2776.716	  8
    2777.326	  8
    2777.920	  8
    2778.154	  8
    2779.750	  8
    2779.942	  8
    2780.508	  8
    2781.036	  8
    2781.748	  8
    2782.564	  8
    2782.726	  8
    2783.180	  8
    2783.330	  8
    2783.902	  8
    2784.722	  8
    2785.200	  8
    2785.450	  8
    2785.506	  8
    2786.594	  8
    2787.306	  8
    2787.642	  8
    2788.490	  8
    2788.928	  8
    2789.112	 53
    2790.920	  8
    2790.920	 20
    2790.920	 27
    2790.930	 28
    2790.930	 19
    2791.030	 29
    2791.198	  9
    2791.396	  8
    2796.962	  8
    2811.050	 50
    2811.060	 10
    2832.536	  8
    2832.876	  8
    2833.284	  8
    2833.682	  8
    2833.724	  8
    2834.208	  8
    2834.442	  8
    2835.096	  8
    2835.792	  8
    2836.320	  8
    2836.424	  8
    2837.122	  8
    2837.518	  8
    2838.012	  8
    2838.534	  8
    2839.064	  8
    2839.388	  8
    2839.530	  8
    2839.940	  8
    2840.574	  8
    2841.060	 53
    2841.328	  8
    2841.328	 20
    2841.328	 27
    2841.338	 28
    2841.338	 19
    2841.438	 29
    2841.458	  8
    2841.570	  8
    2841.606	  9
    2861.458	 51
    2861.468	 17
    2887.548	  8
    2887.646	  8
    2887.748	  8
    2888.050	  8
    2888.178	  8
    2911.838	  8
    2912.320	  8
    2921.468	 53
    2929.670	  8
    2929.670	 20
    2929.670	 27
    2929.680	 28
    2929.680	 19
    2929.780	 29
    2929.948	  9
    2930.100	  8
    2931.580	  8
    2949.800	 52
    2949.810	 18
    2960.170	  8
    2960.672	  8
    3006.120	  8
    3006.614	  8
    3006.722	  8
    3007.696	  8
    3009.682	  8
    3011.122	  8
    3011.718	  8
    3012.204	  8
    3013.442	  8
    3013.922	  8
    3014.864	  8
    3014.940	  8
    3015.956	  8
    3017.716	  8
    3018.754	  8
    3020.068	  8
    3020.752	  8
    3021.418	  8
    3021.690	  8
    3021.786	  8
    3022.682	  8
    3023.350	  8
    3023.498	  8
    3023.780	  8
    3024.384	  8
    3025.190	  8
    3026.466	  8
    3027.952	  8
    3028.338	  8
    3028.886	  8
    3029.386	  8
    3030.204	  8
    3030.504	  8
    3031.346	  8
    3032.598	  8
    3032.850	  8
    3033.700	  8
    3033.988	  8
    3035.786	  8
    3037.464	  8
    3038.052	  8
    3038.148	  8
    3039.976	  8
    3040.618	  8
    3041.256	  8
    3041.716	  8
    3042.618	  8
    3042.880	  8
    3043.358	  8
    3044.330	  8
    3045.742	  8
    3045.840	  8
    3045.972	  8
    3046.962	  8
    3047.760	  8
    3048.100	  8
    3048.234	  8
    3048.360	  8
    3059.634	  8
    3059.716	  8
    3060.490	  8
    3060.582	  8
    3061.310	  8
    3062.422	  8
    3063.188	  8
    3064.088	  8
    3064.790	  8
    3065.272	  8
    3066.080	  8
    3067.208	  8
    3067.844	  8
    3068.816	  8
    3069.810	 53
    3073.296	  8
    3073.296	 20
    3073.296	 27
    3073.306	 28
    3073.306	 19
    3073.406	 29
    3073.574	  9
    3073.646	  8
    3093.426	 50
    3093.436	 10
    3106.790	  8
    3109.552	  8
    3110.018	  8
    3110.230	  8
    3111.538	  8
    3111.658	  8
    3111.726	  8
    3112.604	  8
    3112.826	  8
    3112.896	  8
    3113.674	  8
    3114.238	  8
    3114.510	  8
    3114.604	  8
    3115.926	  8
    3117.478	  8
    3117.542	  8
    3118.314	  8
    3118.762	  8
    3119.050	  8
    3119.762	  8
    3120.070	  8
    3120.294	  8
    3121.690	  8
    3122.672	  8
    3122.962	  8
    3123.436	 53
    3123.816	  8
    3123.816	 20
    3123.816	 27
    3123.826	 28
    3123.826	 19
    3123.926	 29
    3123.932	  8
    3124.094	  9
    3124.272	  8
    3143.946	 50
    3143.956	 10
    3166.852	  8
    3167.810	  8
    3168.538	  8
    3169.430	  8
    3169.702	  8
    3170.164	  8
    3171.310	  8
    3171.686	  8
    3172.410	  8
    3173.222	  8
    3173.518	  8
    3173.956	 53
    3175.024	  8
    3175.024	 20
    3175.024	 27
    3175.034	 28
    3175.034	 19
    3175.134	 29
    3175.302	  9
    3175.446	  8
    3176.594	  8
    3195.154	 52
    3195.164	 18
    3251.838	  8
    3252.270	  8
    3253.556	  8
    3254.728	  8
    3262.032	  8
    3264.070	  8
    3264.180	  8
    3265.944	  8
    3267.786	  8
    3269.034	  8
    3294.766	  8
    3294.974	  8
    3297.154	  8
    3297.608	  8
    3300.872	  8
    3302.226	  8
    3303.404	  8
    3304.232	  8
    3305.392	  8
    3305.492	  8
    3306.244	  8
    3307.082	  8
    3309.614	  8
    3311.196	  8
    3311.962	  8
    3313.600	  8
    3315.164	 53
    3317.256	  8
    3317.256	 20
    3317.256	 27
    3317.266	 28
    3317.266	 19
    3317.366	 29
    3317.534	  9
    3317.700	  8
    3319.050	  8
    3337.386	 50
    3337.396	 10
    3350.264	  8
    3350.368	  8
    3351.516	  8
    3353.100	  8
    3353.170	  8
    3353.972	  8
    3354.738	  8
    3354.898	  8
    3354.976	  8
    3355.526	  8
    3355.602	  8
    3356.272	  8
    3356.638	  8
    3357.118	  8
    3357.254	  8
    3359.228	  8
    3360.178	  8
    3361.716	  8
    3361.958	  8
    3362.444	  8
    3362.550	  8
    3362.812	  8
    3363.278	  8
    3364.540	  8
    3364.920	  8
    3365.346	  8
    3365.694	  8
    3366.350	  8
    3366.870	  8
    3367.396	 53
    3367.694	  8
    3367.694	 20
    3367.694	 27
    3367.704	 28
    3367.704	 19
    3367.790	  8
    3367.804	 29
    3367.972	  9
    3368.082	  8
    3387.824	 50
    3387.834	 10
    3400.536	  8
    3400.656	  8
    3400.776	  8
    3403.332	  8
    3403.860	  8
    3406.356	  8
    3407.498	  8
    3407.596	  8
    3407.922	  8
    3408.086	  8
    3410.346	  8
    3411.106	  8
    3411.460	  8
    3411.704	  8
    3411.990	  8
    3412.204	  8
    3412.382	  8
    3412.838	  8
    3413.018	  8
    3413.226	  8
    3413.524	  8
    3413.832	  8
    3414.172	  8
    3414.438	  8
    3414.814	  8
    3415.974	  8
    3416.778	  8
    3417.012	  8
    3417.200	  8
    3417.790	  8
    3417.834	 53
    3417.984	  8
    3417.984	 20
    3417.984	 27
    3417.994	 28
    3417.994	 19
    3418.094	 29
    3418.246	  8
    3418.262	  9
    3419.502	  8
    3438.114	 52
    3438.124	 18
    3462.130	  8
    3462.254	  8
    3462.784	  8
    3463.126	  8
    3464.808	  8
    3465.516	  8
    3482.608	  7
    3484.748	  7
    3484.936	  7
    3485.052	  7
    3487.216	  7
    3493.034	  8
    3499.262	  8
    3500.664	  8
    3522.366	  8
    3523.948	  8
    3525.022	  8
    3538.936	  8
    3540.244	  8
    3540.746	  8
    3541.650	  8
    3542.628	  8
    3543.330	  8
    3544.806	  8
    3544.974	  8
    3545.712	  8
    3546.560	  8
    3548.096	  8
    3548.666	  8
    3550.162	  8
    3550.248	  8
    3550.804	  8
    3551.156	  8
    3553.312	  8
    3553.436	  8
    3553.668	  8
    3554.510	  8
    3556.128	  8
    3556.614	  8
    3557.368	  8
    3557.946	  8
    3558.124	 53
    3559.180	  8
    3559.180	 20
    3559.180	 27
    3559.190	 28
    3559.190	 19
    3559.290	 29
    3559.458	  9
    3559.622	  8
    3579.310	 51
    3579.320	 17
    3589.774	  7
    3589.854	  7
    3589.980	  7
    3590.014	  7
    3590.212	  7
    3590.770	  7
    3591.914	  7
    3592.346	  7
    3592.522	  7
    3593.290	  7
    3595.616	  7
    3621.106	  8
    3622.526	  8
    3622.642	  8
    3624.306	  8
    3625.972	  8
    3626.604	  8
    3626.722	  8
    3627.260	  8
    3627.958	  8
    3628.650	  8
    3629.752	  8
    3630.574	  8
    3631.776	  8
    3631.930	  8
    3632.218	  8
    3632.542	  8
    3632.676	  8
    3632.912	  8
    3633.790	  8
    3634.420	  8
    3634.844	  8
    3636.904	  8
    3637.184	  8
    3637.668	  8
    3637.920	  8
    3638.418	  8
    3639.320	 53
    3639.910	  8
    3639.910	 20
    3639.910	 27
    3639.920	 28
    3639.920	 19
    3640.020	 29
    3640.188	  9
    3640.382	  8
    3650.380	  8
    3651.110	  8
    3651.420	  8
    3660.040	 50
    3660.050	 10
    3671.406	  8
    3672.252	  8
    3673.324	  8
    3674.058	  8
    3674.178	  8
    3674.368	  8
    3675.614	  8
    3676.032	  8
    3677.000	  8
    3677.396	  8
    3677.992	  8
    3678.710	  8
    3680.102	  8
    3680.320	  8
    3681.184	  8
    3681.476	  8
    3682.366	  8
    3682.898	  8
    3683.394	  8
    3683.874	  8
    3684.056	  8
    3684.300	  8
    3684.658	  8
    3684.862	  8
    3685.104	  8
    3685.240	  8
    3686.124	  8
    3686.320	  8
    3686.522	  8
    3686.620	  8
    3686.910	  8
    3687.316	  8
    3687.794	  8
    3688.228	  8
    3688.674	  8
    3688.980	  8
    3689.250	  8
    3689.924	  8
    3690.050	 53
    3690.392	  8
    3690.392	 20
    3690.392	 27
    3690.402	 28
    3690.402	 19
    3690.502	 29
    3690.670	  9
    3690.890	  8
    3710.522	 51
    3710.532	 17
    3743.722	  7
    3745.976	  8
    3746.064	  8
    3748.454	  8
    3748.976	  8
    3749.284	  8
    3749.464	  8
    3751.818	  8
    3751.972	  8
    3753.326	  8
    3754.642	  8
    3754.700	  8
    3755.398	  8
    3755.814	  8
    3755.894	  8
    3756.644	  8
    3757.088	  8
    3757.722	  8
    3759.562	  8
    3760.522	  8
    3760.826	  8
    3761.386	  8
    3762.618	  8
    3762.964	  8
    3763.322	  8
    3764.436	  8
    3765.190	  8
    3765.502	  8
    3765.802	  8
    3768.422	  8
    3768.622	  8
    3768.694	  8
    3769.968	  8
    3770.028	  8
    3770.388	  8
    3770.532	 53
    3770.884	  8
    3770.884	 20
    3770.884	 27
    3770.894	 28
    3770.894	 19
    3770.994	 29
    3771.162	  9
    3771.306	  8
    3778.522	  8
    3781.718	  8
    3791.014	 52
    3791.024	 18
    3799.562	  7
    3801.624	  7
    3801.750	  7
    3801.922	  7
    3802.078	  7
    3831.356	  8
    3854.954	  8
    3855.012	  8
    3857.196	  8
    3859.188	  8
    3861.734	  8
    3863.202	  8
    3864.710	  8
    3865.006	  8
    3865.696	  8
    3866.996	  8
    3868.068	  8
    3869.582	  8
    3869.824	  8
    3870.786	  8
    3871.846	  8
    3872.196	  8
    3873.004	  8
    3873.550	  8
    3873.624	  8
    3874.176	  8
    3875.606	  8
    3876.290	  8
    3876.778	  8
    3877.522	  8
    3878.894	  8
    3879.510	  8
    3880.426	  8
    3880.780	  8
    3881.284	  8
    3881.898	  8
    3882.306	  8
    3883.006	  8
    3883.200	  8
    3884.208	  8
    3884.730	  8
    3886.092	  8
    3887.368	  8
    3888.274	  8
    3889.000	  8
    3889.320	  8
    3889.856	  8
    3890.152	  8
    3891.166	  8
    3892.056	  8
    3892.828	  8
    3893.216	  8
    3893.302	  8
    3894.270	  8
    3894.962	  8
    3895.304	  8
    3896.130	  8
    3896.350	  8
    3896.610	  8
    3897.130	  8
    3897.522	  8
    3897.596	  8
    3898.854	  8
    3899.744	  8
    3900.764	  8
    3901.522	  8
    3901.734	  8
    3902.320	  8
    3902.750	  8
    3903.718	  8
    3904.218	  8
    3904.598	  8
    3904.970	  8
    3905.934	  8
    3906.194	  8
    3906.520	  8
    3906.906	  8
    3907.136	  8
    3907.318	  8
    3907.808	  8
    3908.506	  8
    3909.076	  8
    3909.138	  8
    3909.296	  8
    3909.378	  8
    3910.264	  8
    3910.704	  8
    3910.940	  8
    3911.024	 53
    3911.442	  8
    3911.442	 20
    3911.442	 27
    3911.452	 28
    3911.452	 19
    3911.552	 29
    3911.720	  9
    3911.802	  8
    3922.092	  8
    3923.422	  8
    3927.382	  8
    3927.694	  8
    3931.572	 51
    3931.582	 17
    3964.494	  8
    3966.066	  8
    3968.214	  8
    3969.286	  8
    3969.328	  8
    3976.802	  8
    3977.162	  8
    3979.288	  8
    3980.754	  8
    3982.064	  8
    3983.364	  8
    3984.520	  8
    3985.392	  8
    3986.046	  8
    3987.412	  8
    3988.582	  8
    3989.802	  8
    3990.276	  8
    3991.582	 53
    3992.078	  8
    3992.078	 20
    3992.078	 27
    3992.088	 28
    3992.088	 19
    3992.188	 29
    3992.356	  9
    3992.484	  8
    4012.208	 51
    4012.218	 17
    4048.840	  8
    4072.218	 53
    4091.952	  8
    4091.952	 20
    4091.952	 27
    4091.962	 28
    4091.962	 19
    4092.062	 29
    4092.230	  9
    4092.334	  8
    4112.082	 52
    4112.092	 18
    4164.592	  8
    4170.346	  8
    4170.712	  8
    4171.102	  8
    4176.248	  8
    4177.150	  8
    4179.426	  8
    4184.240	  8
    4184.894	  8
    4184.972	  8
    4187.104	  8
    4188.572	  8
    4190.660	  8
    4191.546	  8
    4193.308	  8
    4218.964	  8
    4219.546	  8
    4219.946	  8
    4220.192	  8
    4220.794	  8
    4221.270	  8
    4221.726	  8
    4222.574	  8
    4222.906	  8
    4223.788	  8
    4224.368	  8
    4225.132	  8
    4225.646	  8
    4227.066	  8
    4227.594	  8
    4228.140	  8
    4228.860	  8
    4230.440	  8
    4231.304	  8
    4231.878	  8
    4232.092	 53
    4232.842	  8
    4232.842	 20
    4232.842	 27
    4232.852	 28
    4232.852	 19
    4232.952	 29
    4233.120	  9
    4233.242	  8
    4235.056	  8
    4252.972	 52
    4252.982	 18
    4298.494	  8
    4321.924	  8
    4322.660	  8
    4324.320	  8
    4324.638	  8
    4326.556	  8
    4328.616	  8
    4329.190	  8
    4336.956	  8
    4337.190	  8
    4337.300	  8
    4338.924	  8
    4340.584	  8
    4341.928	  8
    4342.534	  8
    4343.574	  8
    4345.388	  8
    4347.232	  8
    4348.108	  8
    4348.300	  8
    4351.296	  8
    4352.032	  8
    4353.224	  8
    4353.750	  8
    4354.196	  8
    4355.112	  8
    4355.386	  8
    4356.480	  8
    4357.122	  8
    4357.908	  8
    4358.684	  8
    4358.972	  8
    4359.580	  8
    4359.818	  8
    4360.458	  8
    4361.420	  8
    4361.952	  8
    4361.984	  8
    4362.692	  8
    4363.206	  8
    4363.442	  8
    4364.824	  8
    4365.828	  8
    4365.912	  8
    4367.938	  8
    4368.836	  8
    4369.184	  8
    4370.780	  8
    4371.246	  8
    4371.630	  8
    4372.194	  8
    4372.422	  8
    4372.982	 53
    4373.068	  8
    4373.068	 20
    4373.068	 27
    4373.078	 28
    4373.078	 19
    4373.172	  8
    4373.178	 29
    4373.346	  9
    4373.518	  8
    4393.198	 51
    4393.208	 17
    4422.776	  8
    4423.684	  8
    4442.026	  8
    4443.524	  8
    4444.598	  8
    4453.208	 53
    4477.030	  8
    4477.030	 20
    4477.030	 27
    4477.040	 28
    4477.040	 19
    4477.140	 29
    4477.308	  9
    4477.426	  8
    4497.160	 52
    4497.170	 18
    4547.570	  8
    4616.378	  8
    4616.494	  8
    4616.568	  8
    4616.974	  8
    4617.170	 53
    4617.266	  8
    4617.266	 20
    4617.266	 27
    4617.276	 28
    4617.276	 19
    4617.376	 29
    4617.544	  9
    4617.646	  8
    4637.396	 50
    4637.406	 10
    4654.250	  8
    4656.092	  8
    4656.380	  8
    4657.112	  8
    4658.912	  8
    4659.002	  8
    4659.468	  8
    4659.852	  8
    4662.260	  8
    4663.076	  8
    4663.132	  8
    4663.558	  8
    4663.766	  8
    4663.822	  8
    4664.322	  8
    4664.588	  8
    4664.880	  8
    4665.612	  8
    4665.980	  8
    4666.522	  8
    4667.112	  8
    4667.238	  8
    4667.400	  8
    4667.406	 53
    4667.606	  8
    4667.606	 20
    4667.606	 27
    4667.616	 28
    4667.616	 19
    4667.716	 29
    4667.884	  9
    4667.996	  8
    4687.736	 52
    4687.746	 18
    4777.738	  8
    4778.052	  8
    4779.086	  8
    4779.690	  8
    4779.954	  8
    4781.846	  8
    4783.522	  8
    4786.212	  8
    4786.760	  8
    4786.954	  8
    4788.118	  8
    4800.710	  8
    4800.806	  8
    4802.368	  8
    4803.976	  8
    4804.580	  8
    4806.596	  8
    4806.702	  8
    4807.746	 53
    4808.142	  8
    4808.142	 20
    4808.142	 27
    4808.152	 28
    4808.152	 19
    4808.252	 29
    4808.420	  9
    4808.552	  8
    4828.272	 51
    4828.282	 17
    4835.548	  8
    4835.742	  8
    4836.208	  8
    4836.548	  8
    4836.672	  8
    4836.788	  8
    4838.426	  8
    4840.186	  8
    4841.038	  8
    4841.258	  8
    4842.082	  8
    4843.138	  8
    4843.626	  8
    4860.826	  8
    4861.180	  8
    4880.206	  8
    4880.494	  8
    4880.940	  8
    4881.998	  8
    4883.004	  8
    4883.524	  8
    4884.100	  8
    4885.398	  8
    4885.998	  8
    4886.262	  8
    4886.896	  8
    4888.084	  8
    4888.282	 53
    4889.712	  8
    4889.712	 20
    4889.712	 27
    4889.722	 28
    4889.722	 19
    4889.822	 29
    4889.990	  9
    4890.138	  8
    4902.676	  8
    4904.372	  8
    4905.018	  8
    4909.842	 51
    4909.852	 17
    4936.542	  8
    4952.324	  8
    4953.162	  8
    4953.924	  8
    4954.402	  8
    4954.598	  8
    4955.150	  8
    4955.892	  8
    4956.332	  8
    4956.598	  8
    4957.034	  8
    4958.034	  8
    4958.468	  8
    4959.290	  8
    4959.682	  8
    4960.476	  8
    4960.514	  8
    4961.012	  8
    4961.392	  8
    4961.870	  8
    4962.176	  8
    4963.102	  8
    4963.988	  8
    4964.320	  8
    4964.564	  8
    4964.770	  8
    4966.044	  8
    4966.900	  8
    4967.360	  8
    4967.814	  8
    4968.618	  8
    4968.880	  8
    4969.852	 53
    4969.924	  8
    4969.924	 20
    4969.924	 27
    4969.934	 28
    4969.934	 19
    4970.034	 29
    4970.202	  9
    4970.412	  8
    4977.324	  8
    4990.054	 51
    4990.064	 17
    5005.426	  8
    5010.426	  8
    5016.958	  8
    5019.486	  8
    5024.618	  8
    5024.740	  8
    5026.710	  8
    5028.272	  8
    5030.174	  8
    5030.352	  8
    5031.660	  8
    5032.450	  8
    5032.802	  8
    5032.980	  8
    5033.708	  8
    5033.776	  8
    5035.086	  8
    5035.146	  8
    5035.368	  8
    5036.514	  8
    5036.740	  8
    5037.190	  8
    5037.294	  8
    5037.684	  8
    5038.080	  8
    5038.328	  8
    5038.450	  8
    5038.782	  8
    5040.358	  8
    5040.672	  8
    5040.876	  8
    5041.454	  8
    5041.638	  8
    5042.230	  8
    5043.522	  8
    5043.740	  8
    5044.074	  8
    5044.270	  8
    5044.956	  8
    5045.714	  8
    5045.924	  8
    5046.256	  8
    5046.532	  8
    5047.060	  8
    5047.654	  8
    5047.882	  8
    5048.506	  8
    5049.198	  8
    5049.388	  8
    5049.472	  8
    5049.712	  8
    5049.896	  8
    5050.040	  8
    5050.064	 53
    5050.274	  8
    5050.274	 20
    5050.274	 27
    5050.284	 28
    5050.284	 19
    5050.384	 29
    5050.552	  9
    5050.678	  8
    5070.404	 52
    5070.414	 18
    5115.574	  8
    5116.364	  8
    5116.460	  8
    5117.360	  8
    5119.554	  8
    5119.912	  8
    5120.832	  8
    5121.542	  8
    5122.490	  8
    5123.132	  8
    5124.036	  8
    5124.860	  8
    5125.920	  8
    5126.382	  8
    5126.924	  8
    5128.866	  8
    5129.420	  8
    5129.946	  8
    5130.604	  8
    5132.158	  8
    5132.572	  8
    5132.664	  8
    5133.996	  8
    5134.068	  8
    5134.910	  8
    5136.120	  8
    5136.626	  8
    5138.386	  8
    5138.642	  8
    5139.062	  8
    5139.984	  8
    5140.684	  8
    5141.602	  8
    5141.974	  8
    5142.526	  8
    5143.022	  8
    5143.700	  8
    5144.062	  8
    5147.378	  8
    5148.150	  8
    5148.620	  8
    5149.378	  8
    5150.084	  8
    5150.428	  8
    5150.630	  8
    5150.794	  8
    5151.184	  8
    5151.422	  8
    5151.650	  8
    5152.084	  8
    5152.684	  8
    5153.042	  8
    5153.626	  8
    5154.286	  8
    5155.848	  8
    5156.092	  8
    5156.430	  8
    5157.564	  8
    5157.848	  8
    5158.780	  8
    5158.938	  8
    5159.136	  8
    5159.692	  8
    5160.906	  8
    5161.154	  8
    5161.740	  8
    5161.984	  8
    5162.416	  8
    5162.900	  8
    5164.248	  8
    5164.516	  8
    5164.870	  8
    5165.626	  8
    5166.072	  8
    5166.752	  8
    5167.156	  8
    5167.286	  8
    5167.868	  8
    5168.598	  8
    5168.864	  8
    5168.934	  8
    5169.224	  8
    5171.200	  8
    5171.840	  8
    5172.262	  8
    5172.758	  8
    5173.226	  8
    5173.922	  8
    5174.500	  8
    5175.458	  8
    5175.642	  8
    5176.108	  8
    5177.154	  8
    5177.458	  8
    5177.868	  8
    5177.970	  8
    5178.602	  8
    5179.018	  8
    5179.974	  8
    5180.292	  8
    5180.900	  8
    5181.528	  8
    5181.934	  8
    5182.458	  8
    5182.490	  8
    5182.878	  8
    5184.374	  8
    5186.574	  8
    5187.264	  8
    5187.998	  8
    5188.454	  8
    5189.094	  8
    5190.414	 53
    5190.910	  8
    5190.910	 20
    5190.910	 27
    5190.920	 28
    5190.920	 19
    5191.020	 29
    5191.188	  9
    5191.322	  8
    5211.040	 50
    5211.050	 10
    5241.050	 53
    5244.842	  8
    5244.842	 20
    5244.842	 27
    5244.852	 28
    5244.852	 19
    5244.952	 29
    5245.080	  8
    5245.120	  9
    5245.470	  8
    5264.972	 50
    5264.982	 10
    5290.912	  8
    5291.772	  8
    5292.372	  8
    5293.564	  8
    5294.982	 53
    5296.852	  8
    5296.852	 20
    5296.852	 27
    5296.862	 28
    5296.862	 19
    5296.962	 29
    5297.130	  9
    5297.206	  8
    5316.982	 50
    5316.992	 10
    5336.876	  8
    5339.188	  8
    5339.920	  8
    5340.896	  8
    5341.896	  8
    5343.434	  8
    5343.556	  8
    5343.660	  8
    5343.926	  8
    5345.758	  8
    5345.870	  8
    5346.056	  8
    5346.146	  8
    5346.716	  8
    5346.992	 53
    5348.168	  8
    5348.168	 20
    5348.168	 27
    5348.178	 28
    5348.178	 19
    5348.278	 29
    5348.416	  8
    5348.446	  9
    5350.646	  8
    5368.298	 51
    5368.308	 17
    5397.296	  8
    5397.378	  8
    5397.628	  8
    5400.592	  8
    5412.320	  8
    5412.386	  8
    5418.986	  8
    5419.028	  8
    5420.042	  8
    5420.236	  8
    5425.264	  8
    5426.882	  8
    5427.158	  8
    5428.176	  8
    5428.308	 53
    5429.100	  8
    5429.100	 20
    5429.100	 27
    5429.110	 28
    5429.110	 19
    5429.210	 29
    5429.302	  9
    5429.394	  8
    5449.230	 50
    5449.240	 10
    5478.424	  8
    5478.646	  8
    5479.240	 53
    5479.310	  8
    5479.310	 20
    5479.310	 27
    5479.320	 28
    5479.320	 19
    5479.420	 29
    5479.430	 61
