      13.566	  8
      20.010	 50
      20.020	 10
      25.228	  7
      25.320	  7
      25.436	  7
      25.552	  7
      25.688	  7
      25.968	  7
      26.110	  7
      26.382	  7
      26.554	  7
      26.780	  7
      27.026	  7
      27.286	  7
      27.932	  7
      28.016	  7
      28.216	  7
      28.354	  7
      28.494	  7
      28.846	  7
      29.202	  7
      29.372	  7
      29.736	  7
      30.128	  7
      50.020	 53
      50.030	 20
      50.030	 27
      53.700	  8
      53.794	  8
      54.282	  8
      61.846	  8
      61.990	  8
      70.050	 51
      70.060	 18
     104.310	  8
     104.524	  8
     112.226	  8
     112.432	  8
     130.060	 53
     142.800	  8
     142.800	 20
     142.800	 27
     142.810	 28
     142.810	 19
     142.910	 29
     143.080	  9
     144.606	  8
     145.364	  8
     145.832	  8
     162.930	 50
     162.940	 10
     192.940	 53
     192.950	 20
     192.950	 27
     212.970	 52
     212.980	 17
     225.874	  7
     226.254	  7
     226.394	  7
     226.602	  7
     226.828	  7
     226.960	  7
     273.696	  8
     273.838	  8
     286.118	  8
     286.496	  8
     292.108	  8
     295.374	  8
     312.570	  8
     313.054	  8
     313.208	  8
     313.438	  8
     313.718	  8
     313.982	  8
     314.222	  8
     314.284	  8
     314.606	  8
     314.886	  8
     315.174	  8
     315.454	  8
     315.960	  8
     316.250	  8
     316.766	  8
     317.030	  8
     317.484	  8
     318.474	  8
     318.830	  8
     319.268	  8
     319.540	  8
     319.806	  8
     321.758	  8
     321.998	  8
     322.756	  8
     323.032	  8
     323.578	  8
     323.884	  8
     327.790	  8
     328.082	  8
     328.576	  8
     328.966	  8
     329.234	  8
     329.368	  8
     329.678	  8
     329.878	  8
     330.206	  8
     330.292	  8
     331.564	  8
     331.844	  8
     332.778	  8
     332.980	 53
     333.058	  8
     333.058	 20
     333.058	 27
     333.068	 28
     333.068	 19
     333.168	 29
     333.338	  9
     353.188	 51
     353.198	 18
     391.844	  8
     392.174	  8
     392.560	  8
     393.286	  8
     393.710	  8
     394.010	  8
     394.716	  8
     395.368	  8
     396.032	  8
     396.142	  8
     396.462	  8
     396.736	  8
     397.868	  8
     398.252	  8
     398.564	  8
     398.856	  8
     399.172	  8
     399.688	  8
     400.434	  8
     400.670	  8
     401.394	  8
     401.560	  8
     401.808	  8
     401.870	  8
     402.902	  8
     403.282	  8
     404.320	  8
     404.536	  8
     404.956	  8
     405.126	  8
     405.294	  8
     405.712	  8
     406.078	  8
     406.398	  8
     406.932	  8
     407.360	  8
     407.738	  8
     408.314	  8
     408.772	  8
     409.376	  8
     409.780	  8
     409.886	  8
     411.306	  8
     411.744	  8
     412.148	  8
     412.674	  8
     413.000	  8
     413.162	  8
     413.198	 53
     414.218	  8
     414.218	 20
     414.218	 27
     414.228	 28
     414.228	 19
     414.318	  8
     414.328	 29
     414.412	  8
     414.498	  9
     434.348	 50
     434.358	 10
     442.108	  7
     464.358	 53
     464.368	 20
     464.368	 27
     484.388	 50
     484.398	 10
     495.614	  8
     496.286	  8
     496.626	  8
     497.038	  8
     497.196	  8
     498.028	  8
     498.280	  8
     498.498	  8
     499.236	  8
     499.470	  8
     500.650	  8
     501.126	  8
     501.692	  8
     502.218	  8
     502.706	  8
     503.112	  8
     503.786	  8
     514.398	 53
     514.408	 20
     514.408	 27
     516.828	  8
     516.906	  8
     517.142	  8
     534.428	 52
     534.438	 17
     537.892	  5
     547.144	  7
     547.304	  7
     549.306	  7
     549.434	  7
     567.076	  8
     567.520	  8
     582.520	  6
     584.748	  7
     585.006	  7
     585.142	  7
     585.264	  7
     585.418	  7
     585.568	  7
     585.704	  7
     585.880	  7
     586.028	  7
     586.270	  7
     586.488	  7
     586.618	  7
     586.790	  7
     586.942	  7
     588.076	  7
     588.224	  7
     588.364	  7
     588.534	  7
     588.676	  7
     588.836	  7
     590.228	  7
     590.388	  7
     590.514	  7
     590.662	  7
     590.818	  7
     592.862	  8
     593.070	  8
     593.410	  8
     593.736	  8
     594.104	  8
     594.460	  8
     594.992	  8
     599.112	  8
     599.220	  8
     599.954	  8
     600.778	  8
     601.248	  8
     601.904	  8
     602.214	  8
     602.530	  8
     602.850	  8
     603.264	  8
     604.210	  8
     605.238	  8
     607.798	  8
     608.232	  8
     623.138	  8
     630.232	  8
     630.866	  8
     631.254	  8
     631.816	  8
     632.098	  8
     632.272	  8
     632.632	  8
     632.878	  8
     633.218	  8
     633.618	  8
     633.892	  8
     634.228	  8
     634.534	  8
     634.618	  8
     634.938	  8
     635.312	  8
     635.586	  8
     636.034	  8
     636.326	  8
     636.802	  8
     637.426	  8
     637.658	  8
     638.042	  8
     638.136	  8
     638.368	  8
     638.506	  8
     639.190	  8
     639.600	  8
     640.078	  8
     641.004	  8
     643.524	  8
     643.666	  8
     643.852	  8
     644.564	  8
     644.808	  8
     645.170	  8
     645.374	  8
     645.426	  8
     645.840	  8
     646.240	  8
     646.602	  8
     646.828	  8
     647.048	  8
     647.612	  8
     647.704	  8
     647.910	  8
     648.524	  8
     649.002	  8
     649.290	  8
     649.732	  8
     650.040	  8
     650.638	  8
     650.960	  8
     651.738	  8
     652.160	  8
     652.468	  8
     653.376	  8
     653.772	  8
     654.094	  8
     654.438	 53
     654.972	  8
     654.972	 20
     654.972	 27
     654.982	 28
     654.982	 19
     655.082	 29
     655.252	  9
     658.908	  8
     675.102	 50
     675.112	 10
     692.462	  7
     692.594	  7
     692.758	  7
     692.924	  7
     693.080	  7
     693.218	  7
     695.934	  7
     696.078	  7
     697.266	  7
     697.396	  7
     697.682	  7
     697.822	  7
     700.668	  7
     700.790	  7
     700.960	  7
     701.098	  7
     703.324	  7
     703.454	  7
     703.586	  7
     703.734	  7
     703.872	  7
     705.112	 53
     705.122	 20
     705.122	 27
     707.288	  7
     707.472	  7
     707.758	  7
     707.904	  7
     708.046	  7
     708.346	  7
     712.174	  7
     712.982	  7
     713.116	  7
     713.256	  7
     715.936	  7
     716.064	  7
     725.142	 51
     725.152	 18
     739.116	  8
     739.394	  8
     739.744	  8
     740.428	  8
     740.828	  8
     741.454	  8
     741.586	  8
     741.992	  8
     742.448	  8
     742.830	  8
     743.336	  8
     743.604	  8
     744.054	  8
     744.756	  8
     745.884	  8
     746.388	  8
     747.232	  8
     747.602	  8
     748.750	  8
     748.800	  8
     749.098	  8
     749.642	  8
     749.856	  8
     751.200	  8
     751.912	  8
     752.762	  8
     753.874	  8
     755.432	  8
     756.330	  8
     756.876	  8
     757.664	  8
     758.720	  8
     759.852	  8
     760.762	  8
     761.274	  8
     761.890	  8
     762.202	  8
     762.908	  8
     764.258	  8
     764.314	  8
     764.428	  8
     764.744	  8
     765.108	  8
     765.416	  8
     765.702	  8
     766.140	  8
     766.356	  8
     767.098	  8
     767.488	  8
     767.860	  8
     767.942	  8
     768.334	  8
     768.624	  8
     768.926	  8
     770.894	  8
     772.020	  8
     772.228	  8
     773.488	  8
     774.170	  8
     774.392	  8
     774.562	  8
     775.654	  8
     776.016	  8
     777.656	  8
     778.294	  8
     778.618	  8
     779.806	  8
     780.200	  8
     780.522	  8
     782.292	  8
     782.366	  8
     782.818	  8
     782.984	  8
     783.232	  8
     783.534	  8
     783.828	  8
     784.112	  8
     784.420	  8
     784.668	  8
     785.152	 53
     785.554	  8
     785.554	 20
     785.554	 27
     785.564	 28
     785.564	 19
     785.664	 29
     785.834	  9
     805.684	 50
     805.694	 10
     835.694	 53
     835.704	 20
     835.704	 27
     855.724	 50
     855.734	 10
     885.300	  8
     885.412	  8
     885.734	 53
     885.744	 20
     885.744	 27
     885.976	  8
     887.136	  8
     887.534	  8
     887.914	  8
     888.276	  8
     888.602	  8
     888.648	  8
     905.764	 51
     905.774	 18
     925.786	  8
     925.910	  8
     926.288	  8
     926.814	  8
     926.930	  8
     927.426	  8
     927.652	  8
     927.758	  8
     928.148	  8
     928.560	  8
     929.220	  8
     929.300	  8
     929.714	  8
     930.600	  8
     931.096	  8
     931.394	  8
     932.300	  8
     932.876	  8
     933.462	  8
     933.598	  8
     934.472	  8
     935.188	  8
     935.976	  8
     936.808	  8
     937.414	  8
     937.640	  8
     939.404	  8
     941.026	  8
     941.246	  8
     941.668	  8
     942.392	  8
     942.698	  8
     943.036	  8
     943.446	  8
     943.586	  8
     944.218	  8
     944.584	  8
     945.430	  8
     945.680	  8
     945.776	  8
     946.168	  8
     946.426	  8
     946.680	  8
     948.376	  8
     948.442	  8
     948.594	  8
     948.692	  8
     949.788	  8
     950.536	  8
     950.888	  8
     951.336	  8
     951.640	  8
     952.130	  8
     952.480	  8
     952.602	  8
     952.946	  8
     953.158	  8
     953.248	  8
     953.794	  8
     954.148	  8
     954.228	  8
     954.380	  8
     954.858	  8
     955.392	  8
     955.622	  8
     956.054	  8
     956.332	  8
     956.810	  8
     957.024	  8
     957.282	  8
     957.766	  8
     958.070	  8
     959.954	  8
     960.278	  8
     960.516	  8
     961.002	  8
     961.274	  8
     961.562	  8
     962.790	  8
     962.976	  8
     963.578	  8
     963.834	  8
     964.112	  8
     964.624	  8
     965.022	  8
     965.406	  8
     965.774	 53
     966.152	  8
     966.152	 20
     966.152	 27
     966.162	 28
     966.162	 19
     966.234	  8
     966.262	 29
     966.334	  8
     966.432	  9
     968.510	  8
     968.654	  8
     969.018	  8
     969.706	  8
     970.140	  8
     986.282	 50
     986.292	 10
    1001.466	  7
    1003.730	  8
    1016.292	 53
    1016.302	 20
    1016.302	 27
    1036.322	 52
    1036.332	 17
    1078.734	  8
    1088.688	  8
    1088.972	  8
    1114.328	  8
    1115.228	  8
    1115.608	  8
    1116.004	  8
    1116.336	  8
    1118.346	  8
    1118.830	  8
    1119.348	  8
    1119.648	  8
    1120.886	  8
    1121.236	  8
    1121.542	  8
    1121.848	  8
    1121.878	  8
    1122.208	  8
    1122.488	  8
    1123.198	  8
    1123.734	  8
    1124.074	  8
    1124.456	  8
    1124.900	  8
    1125.210	  8
    1130.464	  8
    1130.928	  8
    1131.306	  8
    1131.696	  8
    1131.972	  8
    1132.310	  8
    1132.974	  8
    1133.378	  8
    1134.094	  8
    1134.452	  8
    1134.942	  8
    1135.420	  8
    1135.998	  8
    1136.466	  8
    1136.716	  8
    1136.852	  8
    1137.632	  8
    1138.120	  8
    1138.684	  8
    1140.660	  8
    1140.948	  8
    1141.282	  8
    1141.544	  8
    1141.746	  8
    1142.020	  8
    1142.280	  8
    1142.546	  8
    1142.866	  8
    1143.176	  8
    1143.516	  8
    1143.908	  8
    1144.302	  8
    1144.680	  8
    1145.222	  8
    1147.596	  8
    1148.812	  8
    1149.306	  8
    1149.834	  8
    1150.184	  8
    1150.556	  8
    1151.044	  8
    1151.280	  8
    1151.528	  8
    1151.932	  8
    1152.548	  8
    1152.618	  8
    1152.890	  8
    1153.576	  8
    1154.246	  8
    1154.392	  8
    1155.620	  8
    1156.084	  8
    1156.332	 53
    1156.404	  8
    1156.404	 20
    1156.404	 27
    1156.414	 28
    1156.414	 19
    1156.514	 29
    1156.684	  9
    1158.008	  8
    1158.320	  8
    1158.452	  8
    1159.092	  8
    1159.748	  8
    1160.958	  8
    1161.394	  8
    1164.178	  8
    1176.534	 51
    1176.544	 18
    1182.542	  7
    1182.912	  7
    1183.118	  7
    1183.332	  7
    1183.546	  7
    1183.754	  7
    1183.960	  7
    1184.174	  7
    1184.362	  7
    1184.598	  7
    1184.788	  7
    1184.964	  7
    1185.204	  7
    1185.408	  7
    1185.560	  7
    1185.724	  7
    1186.460	  7
    1186.676	  7
    1189.994	  8
    1190.104	  8
    1190.404	  8
    1190.766	  8
    1222.510	  8
    1222.670	  8
    1222.906	  8
    1223.262	  8
    1223.554	  8
    1224.324	  8
    1224.572	  8
    1225.034	  8
    1225.548	  8
    1226.008	  8
    1226.462	  8
    1226.778	  8
    1227.112	  8
    1227.652	  8
    1227.968	  8
    1228.528	  8
    1229.006	  8
    1229.364	  8
    1230.252	  8
    1230.622	  8
    1231.022	  8
    1231.920	  8
    1232.412	  8
    1232.734	  8
    1232.922	  8
    1233.332	  8
    1236.458	  8
    1236.544	 53
    1237.292	  8
    1237.292	 20
    1237.292	 27
    1237.302	 28
    1237.302	 19
    1237.402	 29
    1237.572	  9
    1241.000	  8
    1241.680	  8
    1242.268	  8
    1243.836	  8
    1257.422	 51
    1257.432	 18
    1304.572	  8
    1304.772	  8
    1305.302	  8
    1305.594	  8
    1307.414	  8
    1309.000	  8
    1317.432	 53
    1318.442	  8
    1318.442	 20
    1318.442	 27
    1318.452	 28
    1318.452	 19
    1318.552	 29
    1318.722	  9
    1320.274	  8
    1320.766	  8
    1321.270	  8
    1322.000	  8
    1322.780	  8
    1323.530	  8
    1338.572	 51
    1338.582	 18
    1359.240	  8
    1359.348	  8
    1361.482	  7
    1377.818	  8
    1378.580	  8
    1380.506	  8
    1381.418	  8
    1381.608	  8
    1382.100	  8
    1382.540	  8
    1383.010	  8
    1383.370	  8
    1383.948	  8
    1384.402	  8
    1384.824	  8
    1385.096	  8
    1385.432	  8
    1386.288	  8
    1386.550	  8
    1386.680	  8
    1386.780	  8
    1387.230	  8
    1387.950	  8
    1388.194	  8
    1388.424	  8
    1388.726	  8
    1390.478	  8
    1390.832	  8
    1391.032	  8
    1391.156	  8
    1391.904	  8
    1392.926	  8
    1393.628	  8
    1393.900	  8
    1394.154	  8
    1394.428	  8
    1394.878	  8
    1394.938	  8
    1395.452	  8
    1396.544	  8
    1397.242	  8
    1397.332	  8
    1397.440	  8
    1397.740	  8
    1398.080	  8
    1398.552	  8
    1398.582	 53
    1398.788	  8
    1398.788	 20
    1398.788	 27
    1398.798	 28
    1398.798	 19
    1398.898	 29
    1399.068	  9
    1401.396	  8
    1401.678	  8
    1401.800	  8
    1401.932	  8
    1403.034	  8
    1403.530	  8
    1403.614	  8
    1403.776	  8
    1418.918	 52
    1418.928	 17
    1501.636	  8
    1501.844	  8
    1502.384	  8
    1503.902	  8
    1504.396	  8
    1504.898	  8
    1508.078	  8
    1508.306	  8
    1508.396	  8
    1509.718	  8
    1510.288	  8
    1510.610	  8
    1510.924	  8
    1511.378	  8
    1512.914	  8
    1513.370	  8
    1513.824	  8
    1514.440	  8
    1514.932	  8
    1516.100	  8
    1523.598	  8
    1525.214	  8
    1526.256	  8
    1526.340	  8
    1526.456	  8
    1526.818	  8
    1527.500	  8
    1527.574	  8
    1527.908	  8
    1528.318	  8
    1528.634	  8
    1529.046	  8
    1529.728	  8
    1530.320	  8
    1530.896	  8
    1531.404	  8
    1532.898	  8
    1533.548	  8
    1534.270	  8
    1534.622	  8
    1535.156	  8
    1535.558	  8
    1536.254	  8
    1536.624	  8
    1536.758	  8
    1537.010	  8
    1537.212	  8
    1537.514	  8
    1537.830	  8
    1538.128	  8
    1538.584	  8
    1538.884	  8
    1538.928	 53
    1539.218	  8
    1539.218	 20
    1539.218	 27
    1539.228	 28
    1539.228	 19
    1539.328	 29
    1539.498	  9
    1540.770	  8
    1541.204	  8
    1541.584	  8
    1542.072	  8
    1542.228	  8
    1542.318	  8
    1542.498	  8
    1542.656	  8
    1542.932	  8
    1543.422	  8
    1543.524	  8
    1559.348	 50
    1559.358	 10
    1589.358	 53
    1589.368	 20
    1589.368	 27
    1609.388	 50
    1609.398	 10
    1639.398	 53
    1639.408	 20
    1639.408	 27
    1659.428	 52
    1659.438	 17
    1677.314	  8
    1678.214	  8
    1679.342	  8
    1679.496	  8
    1679.756	  8
    1681.784	  8
    1681.988	  8
    1686.704	  8
    1687.320	  8
    1688.766	  8
    1689.256	  8
    1690.644	  8
    1691.258	  8
    1691.860	  8
    1692.354	  8
    1692.710	  8
    1693.216	  8
    1693.564	  8
    1693.786	  8
    1694.302	  8
    1695.944	  8
    1697.316	  8
    1697.868	  8
    1698.644	  8
    1699.024	  8
    1699.180	  8
    1699.378	  8
    1699.582	  8
    1700.082	  8
    1700.712	  8
    1701.090	  8
    1704.894	  8
    1706.342	  8
    1706.624	  8
    1707.046	  8
    1707.142	  8
    1707.214	  8
    1707.508	  8
    1708.086	  8
    1708.652	  8
    1709.016	  8
    1709.500	  8
    1710.420	  8
    1710.764	  8
    1711.740	  8
    1712.056	  8
    1712.884	  8
    1713.204	  8
    1713.594	  8
    1715.658	  8
    1716.118	  8
    1716.592	  8
    1716.914	  8
    1717.246	  8
    1717.844	  8
    1718.260	  8
    1719.240	  8
    1719.396	  8
    1719.540	  8
    1720.070	  8
    1720.462	  8
    1722.656	  8
    1722.870	  8
    1723.312	  8
    1723.636	  8
    1723.962	  8
    1724.452	  8
    1724.968	  8
    1725.354	  8
    1725.486	  8
    1725.838	  8
    1726.272	  8
    1726.552	  8
    1727.570	  8
    1727.862	  8
    1728.420	  8
    1730.880	  8
    1731.428	  8
    1731.598	  8
    1731.892	  8
    1732.258	  8
    1732.374	  8
    1732.884	  8
    1733.360	  8
    1734.034	  8
    1734.406	  8
    1735.114	  8
    1735.686	  8
    1736.492	  8
    1737.020	  8
    1737.426	  8
    1737.816	  8
    1738.032	  8
    1739.514	  8
    1740.018	  8
    1742.180	  8
    1742.516	  8
    1743.104	  8
    1743.378	  8
    1743.822	  8
    1744.126	  8
    1744.266	  8
    1744.390	  8
    1745.770	  8
    1746.434	  8
    1746.768	  8
    1747.138	  8
    1747.648	  8
    1747.910	  8
    1748.366	  8
    1748.582	  8
    1748.782	  8
    1749.484	  8
    1749.962	  8
    1750.736	  8
    1753.210	  8
    1753.692	  8
    1753.974	  8
    1754.302	  8
    1754.580	  8
    1754.718	  8
    1754.990	  8
    1755.200	  8
    1755.246	  8
    1755.620	  8
    1755.956	  8
    1756.284	  8
    1756.546	  8
    1756.780	  8
    1757.176	  8
    1757.562	  8
    1757.856	  8
    1758.640	  8
    1759.166	  8
    1760.014	  8
    1760.498	  8
    1761.384	  8
    1761.442	  8
    1761.682	  8
    1762.550	  8
    1763.284	  8
    1763.394	  8
    1763.700	  8
    1764.240	  8
    1764.536	  8
    1764.742	  8
    1764.976	  8
    1765.832	  8
    1766.854	  8
    1767.666	  8
    1768.354	  8
    1768.426	  8
    1768.492	  8
    1768.766	  8
    1769.380	  8
    1769.802	  8
    1770.278	  8
    1770.884	  8
    1771.490	  8
    1771.782	  8
    1772.136	  8
    1772.556	  8
    1772.810	  8
    1772.922	  8
    1773.342	  8
    1774.758	  8
    1774.920	  8
    1775.786	  8
    1778.224	  8
    1778.674	  8
    1779.164	  8
    1779.252	  8
    1779.438	 53
    1779.676	  8
    1779.676	 20
    1779.676	 27
    1779.686	 28
    1779.686	 19
    1779.786	 29
    1779.956	  9
    1780.960	  8
    1783.530	  8
    1783.944	  8
    1784.070	  8
    1784.250	  8
    1784.454	  8
    1785.156	  8
    1785.264	  8
    1799.806	 52
    1799.816	 17
    1825.768	  7
    1825.978	  7
    1826.160	  7
    1826.404	  7
    1826.558	  7
    1826.978	  7
    1827.174	  7
    1827.376	  7
    1827.572	  7
    1827.784	  7
    1827.950	  7
    1828.130	  7
    1828.360	  7
    1905.728	  8
    1906.352	  8
    1907.094	  8
    1908.064	  8
    1908.348	  8
    1908.450	  8
    1908.534	  8
    1908.812	  8
    1909.064	  8
    1909.278	  8
    1909.710	  8
    1910.060	  8
    1910.960	  8
    1911.544	  8
    1912.038	  8
    1912.624	  8
    1912.844	  8
    1913.258	  8
    1913.454	  8
    1913.770	  8
    1914.380	  8
    1914.952	  8
    1916.864	  8
    1917.758	  8
    1918.296	  8
    1918.508	  8
    1918.856	  8
    1919.388	  8
    1919.662	  8
    1919.754	  8
    1919.816	 53
    1920.182	  8
    1920.182	 20
    1920.182	 27
    1920.192	 28
    1920.192	 19
    1920.292	 29
    1920.406	  8
    1920.462	  9
    1921.502	  8
    1922.562	  8
    1923.228	  8
    1925.594	  8
    1940.312	 51
    1940.322	 18
    1950.872	  8
    1954.104	  8
    1956.214	  8
    1956.610	  8
    1956.710	  8
    1956.790	  8
    1956.884	  8
    1957.518	  8
    1959.732	  8
    1960.092	  8
    1962.016	  8
    1962.548	  8
    1963.122	  8
    1965.500	  8
    1966.146	  8
    1966.532	  8
    1967.174	  8
    1967.386	  8
    1969.790	  8
    1970.092	  8
    1970.800	  8
    1971.170	  8
    1973.004	  8
    1973.294	  8
    1975.622	  8
    1975.778	  8
    1976.204	  8
    1976.698	  8
    1977.242	  8
    1977.768	  8
    1978.190	  8
    1978.610	  8
    1979.006	  8
    1981.826	  8
    1982.206	  8
    1982.550	  8
    1982.664	  8
    1983.266	  8
    1983.900	  8
    1984.278	  8
    1984.386	  8
    1984.728	  8
    1985.162	  8
    1985.588	  8
    1985.856	  8
    1986.214	  8
    1986.338	  8
    1986.472	  8
    1987.908	  8
    1988.182	  8
    1988.598	  8
    1989.052	  8
    1989.962	  8
    1990.090	  8
    1990.558	  8
    1991.480	  8
    1992.348	  8
    1993.034	  8
    1994.178	  8
    1995.186	  8
    1995.390	  8
    1997.086	  8
    1997.468	  8
    1997.748	  8
    1997.916	  8
    1998.058	  8
    1998.404	  8
    1998.668	  8
    1999.182	  8
    1999.296	  8
    1999.486	  8
    1999.742	  8
    1999.780	  8
    2000.226	  8
    2000.322	 53
    2000.726	  8
    2000.726	 20
    2000.726	 27
    2000.736	 28
    2000.736	 19
    2000.836	 29
    2000.988	  8
    2001.006	  9
    2002.326	  8
    2002.398	  8
    2003.716	  8
    2004.296	  8
    2020.856	 52
    2020.866	 17
    2074.960	  8
    2075.494	  8
    2088.748	  8
    2090.076	  8
    2093.070	  8
    2095.120	  8
    2095.818	  8
    2097.056	  8
    2099.028	  8
    2099.670	  8
    2099.794	  8
    2100.126	  8
    2100.356	  8
    2101.016	  8
    2101.352	  8
    2101.916	  8
    2102.616	  8
    2102.710	  8
    2105.070	  8
    2106.280	  8
    2106.480	  8
    2109.376	  8
    2110.262	  8
    2110.830	  8
    2118.054	  8
    2118.416	  8
    2118.782	  8
    2120.154	  8
    2121.086	  8
    2122.016	  8
    2123.630	  8
    2124.844	  8
    2125.154	  8
    2125.576	  8
    2126.074	  8
    2127.064	  8
    2127.876	  8
    2129.402	  8
    2130.056	  8
    2130.632	  8
    2130.954	  8
    2131.682	  8
    2132.400	  8
    2132.722	  8
    2133.432	  8
    2133.698	  8
    2134.822	  8
    2134.898	  8
    2135.480	  8
    2135.774	  8
    2136.352	  8
    2137.874	  8
    2138.324	  8
    2140.738	  8
    2140.866	 53
    2141.014	  8
    2141.014	 20
    2141.014	 27
    2141.024	 28
    2141.024	 19
    2141.124	 29
    2141.186	  8
    2141.294	  9
    2145.318	  8
    2159.514	  8
    2159.890	  8
    2161.144	 52
    2161.154	 17
    2211.498	  8
    2221.482	  8
    2221.790	  8
    2222.320	  8
    2223.046	  8
    2223.362	  8
    2225.206	  8
    2225.680	  8
    2229.338	  8
    2229.930	  8
    2230.756	  8
    2234.362	  8
    2234.694	  8
    2235.518	  8
    2236.196	  8
    2236.320	  8
    2236.922	  8
    2242.024	  8
    2242.246	  8
    2242.300	  8
    2242.596	  8
    2242.906	  8
    2242.960	  8
    2243.494	  8
    2245.258	  8
    2245.662	  8
    2246.318	  8
    2247.280	  8
    2247.608	  8
    2247.982	  8
    2248.216	  8
    2248.716	  8
    2249.078	  8
    2249.440	  8
    2249.822	  8
    2250.094	  8
    2250.446	  8
    2250.924	  8
    2251.298	  8
    2251.700	  8
    2252.898	  8
    2253.006	  8
    2253.842	  8
    2254.170	  8
    2254.802	  8
    2256.834	  8
    2257.410	  8
    2257.932	  8
    2258.280	  8
    2258.704	  8
    2259.048	  8
    2259.390	  8
    2260.292	  8
    2260.546	  8
    2260.986	  8
    2261.418	  8
    2261.852	  8
    2262.242	  8
    2262.724	  8
    2263.600	  8
    2265.356	  8
    2266.006	  8
    2266.330	  8
    2266.872	  8
    2267.206	  8
    2268.144	  8
    2268.608	  8
    2268.962	  8
    2269.318	  8
    2269.948	  8
    2270.322	  8
    2271.834	  8
    2272.300	  8
    2272.612	  8
    2273.370	  8
    2273.478	  8
    2273.904	  8
    2274.122	  8
    2274.448	  8
    2274.826	  8
    2275.292	  8
    2275.560	  8
    2275.774	  8
    2276.476	  8
    2277.202	  8
    2277.412	  8
    2277.804	  8
    2278.152	  8
    2279.470	  8
    2279.808	  8
    2280.602	  8
    2281.154	 53
    2281.666	  8
    2281.666	 20
    2281.666	 27
    2281.676	 28
    2281.676	 19
    2281.776	 29
    2281.946	  9
    2284.026	  8
    2284.816	  8
    2284.970	  8
    2286.070	  8
    2286.422	  8
    2301.796	 51
    2301.806	 18
    2342.690	  8
    2343.006	  8
    2343.288	  8
    2343.610	  8
    2344.588	  8
    2344.904	  8
    2345.314	  8
    2345.754	  8
    2346.116	  8
    2346.644	  8
    2346.914	  8
    2347.310	  8
    2347.808	  8
    2348.232	  8
    2348.734	  8
    2349.648	  8
    2349.964	  8
    2350.428	  8
    2350.792	  8
    2352.740	  8
    2353.578	  8
    2355.158	  8
    2356.140	  8
    2356.422	  8
    2356.814	  8
    2357.322	  8
    2357.698	  8
    2358.234	  8
    2358.852	  8
    2359.050	  8
    2360.178	  8
    2360.592	  8
    2361.182	  8
    2361.360	  8
    2361.410	  8
    2361.806	 53
    2362.374	  8
    2362.374	 20
    2362.374	 27
    2362.384	 28
    2362.384	 19
    2362.428	  8
    2362.484	 29
    2362.654	  9
    2365.140	  8
    2382.504	 51
    2382.514	 18
    2420.766	  8
    2423.792	  8
    2424.206	  8
    2424.714	  8
    2427.798	  8
    2428.112	  8
    2428.538	  8
    2428.892	  8
    2429.278	  8
    2430.320	  8
    2430.650	  8
    2432.472	  8
    2433.754	  8
    2434.012	  8
    2434.302	  8
    2434.460	  8
    2435.004	  8
    2437.544	  8
    2438.442	  8
    2439.308	  8
    2442.514	 53
    2456.576	  8
    2456.576	 20
    2456.576	 27
    2456.586	 28
    2456.586	 19
    2456.648	  8
    2456.686	 29
    2456.856	  9
    2458.396	  8
    2459.676	  8
    2462.602	  8
    2476.706	 51
    2476.716	 18
    2504.402	  8
    2504.624	  8
    2505.492	  8
    2506.164	  8
    2506.782	  8
    2525.770	  8
    2526.412	  8
    2527.038	  8
    2527.482	  8
    2527.996	  8
    2528.360	  8
    2528.814	  8
    2529.652	  8
    2530.024	  8
    2530.500	  8
    2531.030	  8
    2531.654	  8
    2532.010	  8
    2532.274	  8
    2532.474	  8
    2532.800	  8
    2533.186	  8
    2533.444	  8
    2534.614	  8
    2535.046	  8
    2535.794	  8
    2536.026	  8
    2536.256	  8
    2536.478	  8
    2536.716	 53
    2536.812	  8
    2536.812	 20
    2536.812	 27
    2536.822	 28
    2536.822	 19
    2536.922	 29
    2537.092	  9
    2539.484	  8
    2540.554	  8
    2541.154	  8
    2541.516	  8
    2556.942	 52
    2556.952	 17
    2621.578	  8
    2622.200	  8
    2622.396	  8
    2622.672	  8
    2624.304	  8
    2676.952	 53
    2717.908	  8
    2717.908	 20
    2717.908	 27
    2717.918	 28
    2717.918	 19
    2718.018	 29
    2718.188	  9
    2738.038	 50
    2738.048	 10
    2768.048	 53
    2768.058	 20
    2768.058	 27
    2788.078	 52
    2788.088	 17
    2855.800	  8
    2856.626	  8
    2857.206	  8
    2857.320	  8
    2858.038	  8
    2858.460	  8
    2859.342	  8
    2859.898	  8
    2860.228	  8
    2861.318	  8
    2862.916	  8
    2863.528	  8
    2866.314	  8
    2867.292	  8
    2867.406	  8
    2867.936	  8
    2868.416	  8
    2868.650	  8
    2869.140	  8
    2869.454	  8
    2869.690	  8
    2870.104	  8
    2870.622	  8
    2871.000	  8
    2871.308	  8
    2871.956	  8
    2872.408	  8
    2876.246	  8
    2876.348	  8
    2877.180	  8
    2877.486	  8
    2877.820	  8
    2878.750	  8
    2879.430	  8
    2880.364	  8
    2881.816	  8
    2883.762	  8
    2885.034	  8
    2885.476	  8
    2885.916	  8
    2886.236	  8
    2886.626	  8
    2887.216	  8
    2887.596	  8
    2887.886	  8
    2888.446	  8
    2889.222	  8
    2889.682	  8
    2890.220	  8
    2890.290	  8
    2891.212	  8
    2891.782	  8
    2892.070	  8
    2892.876	  8
    2893.380	  8
    2894.544	  8
    2895.472	  8
    2895.796	  8
    2896.174	  8
    2897.960	  8
    2898.236	  8
    2898.750	  8
    2899.664	  8
    2900.052	  8
    2900.280	  8
    2900.558	  8
    2901.074	  8
    2901.808	  8
    2902.808	  8
    2903.198	  8
    2904.372	  8
    2904.524	  8
    2905.048	  8
    2905.274	  8
    2905.364	  8
    2905.882	  8
    2906.410	  8
    2906.782	  8
    2908.088	 53
    2908.172	  8
    2908.172	 20
    2908.172	 27
    2908.182	 28
    2908.182	 19
    2908.282	 29
    2908.336	  8
    2908.452	  9
    2909.770	  8
    2909.918	  8
    2910.454	  8
    2911.520	  8
    2911.662	  8
    2915.148	  8
    2928.302	 51
    2928.312	 18
    2966.898	  8
    2967.270	  8
    2967.634	  8
    2968.128	  8
    2968.402	  8
    2968.622	  8
    2968.960	  8
    2969.492	  8
    2969.816	  8
    2970.344	  8
    2970.890	  8
    2971.354	  8
    2972.160	  8
    2972.300	  8
    2972.478	  8
    2972.638	  8
    2972.722	  8
    2973.190	  8
    2973.664	  8
    2973.850	  8
    2974.178	  8
    2974.574	  8
    2975.122	  8
    2975.272	  8
    2975.732	  8
    2976.726	  8
    2976.994	  8
    2977.546	  8
    2978.034	  8
    2978.560	  8
    2979.252	  8
    2979.566	  8
    2979.772	  8
    2979.912	  8
    2980.234	  8
    2980.738	  8
    2981.188	  8
    2981.724	  8
    2982.118	  8
    2982.700	  8
    2982.814	  8
    2982.924	  8
    2983.576	  8
    2983.970	  8
    2984.236	  8
    2984.806	  8
    2985.074	  8
    2985.466	  8
    2985.662	  8
    2985.738	  8
    2986.314	  8
    2986.714	  8
    2986.868	  8
    2987.158	  8
    2987.468	  8
    2987.812	  8
    2988.274	  8
    2988.312	 53
    2989.874	  8
    2989.874	 20
    2989.874	 27
    2989.884	 28
    2989.884	 19
    2989.984	 29
    2990.154	  9
    2991.942	  8
    2992.952	  8
    3010.004	 50
    3010.014	 10
    3040.014	 53
    3040.024	 20
    3040.024	 27
    3060.044	 52
    3060.054	 17
    3097.740	  8
    3138.848	  8
    3139.208	  8
    3139.698	  8
    3139.778	  8
    3140.310	  8
    3140.756	  8
    3141.344	  8
    3141.686	  8
    3142.178	  8
    3142.460	  8
    3142.818	  8
    3143.242	  8
    3143.920	  8
    3144.478	  8
    3145.016	  8
    3145.362	  8
    3146.094	  8
    3146.294	  8
    3146.642	  8
    3147.082	  8
    3148.942	  8
    3149.176	  8
    3149.316	  8
    3150.024	  8
    3150.390	  8
    3150.782	  8
    3151.008	  8
    3151.610	  8
    3152.166	  8
    3152.442	  8
    3152.804	  8
    3153.550	  8
    3154.116	  8
    3155.038	  8
    3156.402	  8
    3156.642	  8
    3157.122	  8
    3157.442	  8
    3158.332	  8
    3159.106	  8
    3159.606	  8
    3159.834	  8
    3160.188	  8
    3160.404	  8
    3160.598	  8
    3160.830	  8
    3161.194	  8
    3161.562	  8
    3162.040	  8
    3162.372	  8
    3162.780	  8
    3163.168	  8
    3163.890	  8
    3164.544	  8
    3165.322	  8
    3165.912	  8
    3166.620	  8
    3167.090	  8
    3167.436	  8
    3167.812	  8
    3169.062	  8
    3169.376	  8
    3169.702	  8
    3169.944	  8
    3170.196	  8
    3170.664	  8
    3170.998	  8
    3171.286	  8
    3171.644	  8
    3172.668	  8
    3172.884	  8
    3173.012	  8
    3173.324	  8
    3173.662	  8
    3173.956	  8
    3174.350	  8
    3174.796	  8
    3175.520	  8
    3175.812	  8
    3175.942	  8
    3176.308	  8
    3176.576	  8
    3176.896	  8
    3177.240	  8
    3177.358	  8
    3177.700	  8
    3178.136	  8
    3178.646	  8
    3179.482	  8
    3179.860	  8
    3180.054	 53
    3180.060	  8
    3180.060	 20
    3180.060	 27
    3180.070	 28
    3180.070	 19
    3180.170	 29
    3180.340	  9
    3181.764	  8
    3182.024	  8
    3188.328	  8
    3200.190	 50
    3200.200	 10
    3230.200	 53
    3230.210	 20
    3230.210	 27
    3250.230	 52
    3250.240	 17
    3287.826	  8
    3288.030	  8
    3288.298	  8
    3288.840	  8
    3289.196	  8
    3289.710	  8
    3290.172	  8
    3305.980	  8
    3306.218	  8
    3306.636	  8
    3307.066	  8
    3307.520	  8
    3307.892	  8
    3308.236	  8
    3308.670	  8
    3309.050	  8
    3309.394	  8
    3310.030	  8
    3312.692	  8
    3313.180	  8
    3313.654	  8
    3313.842	  8
    3314.012	  8
    3314.344	  8
    3314.682	  8
    3315.390	  8
    3315.732	  8
    3316.102	  8
    3316.498	  8
    3316.878	  8
    3317.566	  8
    3318.054	  8
    3318.374	  8
    3318.648	  8
    3318.978	  8
    3320.020	  8
    3320.586	  8
    3322.260	  8
    3322.456	  8
    3322.660	  8
    3322.904	  8
    3323.106	  8
    3323.286	  8
    3323.624	  8
    3323.942	  8
    3324.516	  8
    3324.878	  8
    3325.340	  8
    3325.710	  8
    3327.414	  8
    3327.886	  8
    3328.242	  8
    3329.092	  8
    3329.806	  8
    3330.144	  8
    3330.588	  8
    3330.818	  8
    3331.172	  8
    3334.142	  8
    3334.552	  8
    3335.034	  8
    3335.436	  8
    3335.696	  8
    3335.912	  8
    3336.218	  8
    3336.548	  8
    3337.470	  8
    3337.542	  8
    3337.878	  8
    3338.280	  8
    3338.296	  8
    3338.592	  8
    3338.670	  8
    3338.860	  8
    3339.262	  8
    3340.250	  8
    3341.308	  8
    3342.184	  8
    3342.974	  8
    3343.658	  8
    3344.806	  8
    3345.526	  8
    3347.122	  8
    3347.308	  8
    3347.702	  8
    3347.908	  8
    3348.388	  8
    3349.026	  8
    3349.452	  8
    3349.744	  8
    3350.024	  8
    3350.308	  8
    3350.628	  8
    3350.982	  8
    3351.434	  8
    3352.018	  8
    3352.272	  8
    3352.690	  8
    3352.956	  8
    3354.736	  8
    3355.322	  8
    3355.602	  8
    3355.920	  8
    3356.094	  8
    3356.468	  8
    3356.792	  8
    3357.018	  8
    3357.358	  8
    3357.692	  8
    3357.956	  8
    3358.324	  8
    3358.760	  8
    3359.138	  8
    3359.312	  8
    3359.904	  8
    3360.022	  8
    3360.476	  8
    3361.252	  8
    3362.856	  8
    3362.954	  8
    3363.430	  8
    3363.738	  8
    3364.128	  8
    3364.570	  8
    3364.718	  8
    3365.028	  8
    3365.148	  8
    3365.748	  8
    3366.036	  8
    3366.406	  8
    3366.934	  8
    3367.522	  8
    3367.758	  8
    3368.182	  8
    3368.632	  8
    3369.456	  8
    3370.240	 53
    3370.804	  8
    3370.804	 20
    3370.804	 27
    3370.814	 28
    3370.814	 19
    3370.914	 29
    3371.008	  8
    3371.084	  9
    3372.548	  8
    3372.694	  8
    3372.984	  8
    3373.406	  8
    3373.762	  8
    3373.860	  8
    3374.700	  8
    3374.878	  8
    3375.278	  8
    3375.884	  8
    3376.588	  8
    3377.434	  8
    3390.934	 51
    3390.944	 18
    3408.026	  8
    3411.208	  8
    3421.370	  8
    3440.208	  8
    3440.690	  8
    3440.992	  8
    3441.412	  8
    3441.820	  8
    3441.986	  8
    3442.424	  8
    3442.860	  8
    3443.524	  8
    3443.868	  8
    3444.198	  8
    3444.514	  8
    3444.852	  8
    3445.182	  8
    3445.648	  8
    3446.026	  8
    3446.646	  8
    3447.762	  8
    3447.868	  8
    3448.020	  8
    3448.652	  8
    3448.782	  8
    3449.284	  8
    3449.580	  8
    3450.182	  8
    3450.648	  8
    3450.944	 53
    3451.022	  8
    3451.022	 20
    3451.022	 27
    3451.032	 28
    3451.032	 19
    3451.132	 29
    3451.302	  9
    3453.102	  8
    3453.254	  8
    3454.552	  8
    3455.422	  8
    3455.792	  8
    3456.020	  8
    3456.066	  8
    3471.152	 51
    3471.162	 18
    3513.630	  8
    3514.154	  8
    3514.452	  8
    3514.610	  8
    3514.912	  8
    3515.148	  8
    3515.498	  8
    3515.782	  8
    3515.966	  8
    3516.344	  8
    3517.042	  8
    3517.338	  8
    3517.674	  8
    3518.006	  8
    3518.466	  8
    3518.554	  8
    3519.034	  8
    3519.420	  8
    3519.700	  8
    3520.702	  8
    3520.920	  8
    3521.780	  8
    3522.230	  8
    3522.578	  8
    3522.740	  8
    3523.750	  8
    3524.504	  8
    3524.732	  8
    3525.166	  8
    3525.606	  8
    3526.268	  8
    3526.732	  8
    3526.888	  8
    3527.184	  8
    3527.336	  8
    3527.590	  8
    3527.912	  8
    3528.242	  8
    3528.802	  8
    3529.326	  8
    3530.096	  8
    3530.378	  8
    3530.542	  8
    3530.808	  8
    3530.904	  8
    3531.162	 53
    3531.662	  8
    3531.662	 20
    3531.662	 27
    3531.672	 28
    3531.672	 19
    3531.772	 29
    3531.942	  9
    3531.970	  8
    3533.922	  8
    3534.104	  8
    3534.970	  8
    3537.782	  8
    3551.792	 51
    3551.802	 18
    3596.506	  8
    3596.692	  8
    3597.320	  8
    3597.688	  8
    3598.008	  8
    3598.258	  8
    3598.596	  8
    3598.992	  8
    3599.314	  8
    3599.692	  8
    3600.052	  8
    3600.544	  8
    3601.358	  8
    3601.794	  8
    3602.278	  8
    3602.616	  8
    3602.934	  8
    3603.234	  8
    3603.628	  8
    3604.092	  8
    3604.580	  8
    3604.756	  8
    3605.068	  8
    3605.584	  8
    3605.898	  8
    3607.364	  8
    3608.410	  8
    3608.952	  8
    3609.110	  8
    3609.336	  8
    3609.368	  8
    3610.052	  8
    3610.346	  8
    3610.714	  8
    3610.948	  8
    3611.198	  8
    3611.408	  8
    3611.802	 53
    3611.848	  8
    3611.848	 20
    3611.848	 27
    3611.858	 28
    3611.858	 19
    3611.958	 29
    3611.974	  8
    3612.128	  9
    3613.206	  8
    3631.978	 50
    3631.988	 10
    3661.988	 53
    3661.998	 20
    3661.998	 27
    3682.018	 52
    3682.028	 17
    3724.542	  8
    3724.640	  8
    3725.116	  8
    3725.788	  8
    3726.364	  8
    3727.674	  8
    3728.146	  8
    3728.426	  8
    3729.268	  8
    3729.610	  8
    3731.040	  8
    3731.498	  8
    3731.992	  8
    3732.430	  8
    3735.270	  8
    3736.066	  8
    3736.982	  8
    3738.736	  8
    3739.476	  8
    3739.938	  8
    3749.506	  8
    3749.786	  8
    3750.204	  8
    3750.588	  8
    3751.046	  8
    3753.014	  8
    3753.846	  8
    3754.316	  8
    3766.014	  8
    3766.162	  8
    3766.776	  8
    3767.088	  8
    3767.198	  8
    3767.590	  8
    3768.338	  8
    3768.854	  8
    3769.350	  8
    3769.830	  8
    3770.214	  8
    3770.598	  8
    3771.004	  8
    3771.366	  8
    3772.558	  8
    3773.444	  8
    3773.866	  8
    3773.986	  8
    3774.752	  8
    3777.324	  8
    3777.734	  8
    3777.876	  8
    3778.276	  8
    3778.600	  8
    3778.962	  8
    3779.326	  8
    3779.582	  8
    3780.036	  8
    3780.548	  8
    3780.904	  8
    3781.026	  8
    3781.400	  8
    3781.754	  8
    3782.292	  8
    3782.760	  8
    3783.350	  8
    3783.412	  8
    3784.028	  8
    3784.752	  8
    3785.024	  8
    3788.900	  8
    3789.402	  8
    3789.914	  8
    3790.260	  8
    3790.688	  8
    3790.974	  8
    3791.458	  8
    3791.844	  8
    3792.196	  8
    3792.564	  8
    3793.048	  8
    3793.704	  8
    3794.112	  8
    3794.284	  8
    3795.644	  8
    3795.968	  8
    3796.326	  8
    3796.526	  8
    3797.138	  8
    3797.592	  8
    3798.032	  8
    3798.760	  8
    3799.716	  8
    3800.042	  8
    3800.600	  8
    3800.902	  8
    3801.378	  8
    3802.028	 53
    3802.140	  8
    3802.140	 20
    3802.140	 27
    3802.150	 28
    3802.150	 19
    3802.250	 29
    3802.420	  9
    3822.270	 51
    3822.280	 18
    3875.062	  8
    3875.352	  8
    3875.846	  8
    3876.308	  8
    3876.900	  8
    3877.270	  8
    3877.638	  8
    3877.972	  8
    3878.224	  8
    3878.724	  8
    3879.302	  8
    3879.498	  8
    3879.744	  8
    3880.602	  8
    3880.982	  8
    3881.522	  8
    3881.770	  8
    3881.912	  8
    3882.280	 53
    3883.290	  8
    3883.290	 20
    3883.290	 27
    3883.300	 28
    3883.300	 19
    3883.400	 29
    3883.446	  8
    3883.570	  9
    3885.074	  8
    3885.312	  8
    3903.420	 50
    3903.430	 10
    3933.430	 53
    3933.440	 20
    3933.440	 27
    3953.460	 50
    3953.470	 10
    3983.470	 53
    3983.480	 20
    3983.480	 27
    4003.500	 52
    4003.510	 17
    4042.884	  8
    4043.444	  8
    4043.754	  8
    4043.916	  8
    4044.080	  8
    4044.374	  8
    4044.866	  8
    4045.156	  8
    4045.556	  8
    4045.946	  8
    4046.654	  8
    4047.012	  8
    4047.822	  8
    4047.914	  8
    4048.240	  8
    4048.602	  8
    4049.242	  8
    4050.524	  8
    4050.820	  8
    4051.448	  8
    4053.070	  8
    4053.708	  8
    4054.254	  8
    4057.206	  8
    4057.526	  8
    4058.342	  8
    4058.980	  8
    4059.832	  8
    4059.908	  8
    4060.836	  8
    4061.128	  8
    4061.458	  8
    4061.682	  8
    4061.912	  8
    4062.342	  8
    4063.124	  8
    4064.218	  8
    4065.086	  8
    4067.654	  8
    4068.010	  8
    4068.330	  8
    4068.488	  8
    4068.772	  8
    4069.084	  8
    4069.626	  8
    4069.958	  8
    4070.522	  8
    4071.194	  8
    4071.510	  8
    4071.838	  8
    4072.166	  8
    4072.478	  8
    4072.882	  8
    4073.250	  8
    4073.556	  8
    4073.928	  8
    4075.282	  8
    4076.318	  8
    4076.830	  8
    4077.154	  8
    4077.600	  8
    4077.684	  8
    4078.004	  8
    4078.652	  8
    4079.016	  8
    4079.508	  8
    4080.054	  8
    4081.142	  8
    4081.820	  8
    4082.018	  8
    4082.778	  8
    4083.026	  8
    4083.518	  8
    4084.162	  8
    4085.852	  8
    4086.632	  8
    4087.226	  8
    4087.518	  8
    4087.862	  8
    4088.190	  8
    4088.598	  8
    4088.690	  8
    4089.042	  8
    4089.872	  8
    4090.710	  8
    4091.354	  8
    4091.398	  8
    4092.162	  8
    4092.698	  8
    4092.792	  8
    4093.896	  8
    4095.576	  8
    4095.880	  8
    4095.918	  8
    4096.470	  8
    4097.222	  8
    4097.710	  8
    4098.592	  8
    4099.748	  8
    4099.996	  8
    4101.004	  8
    4101.066	  8
    4101.216	  8
    4101.422	  8
    4101.914	  8
    4102.250	  8
    4102.546	  8
    4103.226	  8
    4103.696	  8
    4104.098	  8
    4104.650	  8
    4105.368	  8
    4105.788	  8
    4106.116	  8
    4106.542	  8
    4107.186	  8
    4107.560	  8
    4107.830	  8
    4108.368	  8
    4108.532	  8
    4109.060	  8
    4109.382	  8
    4109.570	  8
    4111.314	  8
    4111.558	  8
    4111.832	  8
    4112.026	  8
    4112.356	  8
    4112.632	  8
    4112.936	  8
    4113.404	  8
    4113.808	  8
    4114.006	  8
    4114.524	  8
    4114.846	  8
    4115.620	  8
    4116.242	  8
    4116.398	  8
    4117.680	  8
    4117.984	  8
    4119.354	  8
    4119.608	  8
    4119.986	  8
    4120.038	  8
    4120.654	  8
    4120.980	  8
    4121.314	  8
    4122.176	  8
    4122.772	  8
    4123.510	 53
    4124.450	  8
    4124.450	 20
    4124.450	 27
    4124.460	 28
    4124.460	 19
    4124.560	 29
    4124.730	  9
    4126.546	  8
    4128.876	  8
    4129.288	  8
    4129.684	  8
    4129.956	  8
    4130.106	  8
    4131.236	  8
    4131.486	  8
    4135.050	  8
    4138.392	  8
    4144.580	 52
    4144.590	 17
    4177.366	  8
    4196.680	  8
    4196.812	  8
    4200.270	  8
    4204.676	  8
    4209.938	  8
    4210.258	  8
    4254.058	  8
    4255.096	  8
    4255.358	  8
    4255.664	  8
    4256.320	  8
    4256.954	  8
    4257.322	  8
    4257.628	  8
    4258.148	  8
    4258.610	  8
    4259.052	  8
    4259.140	  8
    4259.536	  8
    4259.872	  8
    4260.110	  8
    4260.606	  8
    4261.344	  8
    4262.444	  8
    4263.182	  8
    4263.836	  8
    4264.374	  8
    4264.590	 53
    4264.754	  8
    4264.754	 20
    4264.754	 27
    4264.764	 28
    4264.764	 19
    4264.864	 29
    4265.034	  9
    4266.598	  8
    4266.830	  8
    4267.076	  8
    4267.410	  8
    4267.638	  8
    4267.796	  8
    4268.424	  8
    4268.580	  8
    4269.130	  8
    4270.568	  8
    4284.884	 52
    4284.894	 17
    4340.778	  8
    4341.166	  8
    4348.314	  8
    4348.350	  8
    4348.656	  8
    4349.028	  8
    4350.148	  8
    4350.502	  8
    4351.308	  8
    4351.928	  8
    4352.722	  8
    4353.160	  8
    4353.738	  8
    4354.368	  8
    4354.704	  8
    4355.342	  8
    4355.778	  8
    4356.228	  8
    4356.564	  8
    4356.910	  8
    4357.284	  8
    4357.594	  8
    4358.438	  8
    4358.984	  8
    4359.310	  8
    4359.946	  8
    4361.776	  8
    4363.174	  8
    4363.450	  8
    4363.892	  8
    4364.242	  8
    4364.666	  8
    4365.040	  8
    4365.328	  8
    4365.682	  8
    4365.886	  8
    4366.312	  8
    4366.466	  8
    4366.836	  8
    4367.388	  8
    4367.992	  8
    4368.326	  8
    4368.918	  8
    4369.262	  8
    4369.518	  8
    4369.768	  8
    4370.354	  8
    4370.696	  8
    4371.044	  8
    4371.274	  8
    4371.628	  8
    4371.934	  8
    4372.226	  8
    4373.176	  8
    4373.632	  8
    4373.950	  8
    4374.676	  8
    4375.744	  8
    4377.242	  8
    4377.348	  8
    4377.394	  8
    4377.630	  8
    4377.816	  8
    4378.340	  8
    4378.662	  8
    4378.806	  8
    4379.746	  8
    4380.166	  8
    4381.192	  8
    4381.492	  8
    4381.896	  8
    4382.098	  8
    4382.336	  8
    4382.362	  8
    4382.702	  8
    4383.052	  8
    4383.930	  8
    4384.286	  8
    4384.860	  8
    4385.690	  8
    4386.250	  8
    4386.544	  8
    4387.026	  8
    4387.354	  8
    4387.438	  8
    4387.942	  8
    4388.858	  8
    4389.414	  8
    4390.522	  8
    4390.794	  8
    4391.348	  8
    4391.530	  8
    4391.916	  8
    4392.704	  8
    4393.788	  8
    4395.386	  8
    4395.746	  8
    4396.032	  8
    4396.230	  8
    4396.428	  8
    4396.722	  8
    4396.986	  8
    4397.338	  8
    4397.628	  8
    4397.782	  8
    4398.098	  8
    4398.418	  8
    4398.906	  8
    4399.148	  8
    4399.324	  8
    4399.636	  8
    4399.942	  8
    4401.282	  8
    4401.602	  8
    4401.964	  8
    4402.296	  8
    4402.386	  8
    4402.832	  8
    4403.168	  8
    4403.644	  8
    4404.194	  8
    4404.894	 53
    4405.036	  8
    4405.036	 20
    4405.036	 27
    4405.046	 28
    4405.046	 19
    4405.146	 29
    4405.278	  8
    4405.316	  9
    4405.370	  8
    4406.910	  8
    4407.218	  8
    4407.438	  8
    4407.958	  8
    4425.166	 50
    4425.176	 10
    4455.176	 53
    4455.186	 20
    4455.186	 27
    4475.206	 52
    4475.216	 17
    4534.232	  8
    4534.488	  8
    4535.626	  8
    4535.766	  8
    4535.930	  8
    4536.944	  8
    4537.224	  8
    4537.344	  8
    4538.828	  8
    4539.140	  8
    4539.378	  8
    4543.984	  8
    4544.064	  8
    4544.814	  8
    4545.828	  8
    4546.398	  8
    4548.392	  8
    4550.618	  8
    4552.376	  8
    4555.192	  8
    4556.646	  8
    4557.582	  8
    4558.060	  8
    4559.498	  8
    4561.050	  8
    4562.424	  8
    4562.754	  8
    4563.560	  8
    4563.862	  8
    4564.300	  8
    4564.862	  8
    4565.390	  8
    4565.832	  8
    4565.900	  8
    4566.360	  8
    4566.736	  8
    4567.042	  8
    4567.536	  8
    4567.796	  8
    4568.086	  8
    4568.688	  8
    4569.558	  8
    4570.066	  8
    4570.486	  8
    4570.628	  8
    4572.254	  8
    4573.008	  8
    4573.182	  8
    4573.566	  8
    4573.932	  8
    4574.280	  8
    4574.674	  8
    4575.034	  8
    4576.070	  8
    4576.604	  8
    4577.012	  8
    4577.354	  8
    4577.702	  8
    4577.878	  8
    4579.116	  8
    4579.700	  8
    4580.624	  8
    4581.042	  8
    4581.362	  8
    4581.690	  8
    4582.262	  8
    4582.304	  8
    4582.780	  8
    4583.514	  8
    4583.706	  8
    4583.986	  8
    4584.656	  8
    4585.144	  8
    4585.282	  8
    4585.774	  8
    4586.384	  8
    4587.204	  8
    4587.570	  8
    4587.962	  8
    4588.052	  8
    4588.496	  8
    4588.734	  8
    4589.082	  8
    4589.292	  8
    4590.294	  8
    4592.180	  8
    4592.608	  8
    4593.022	  8
    4593.506	  8
    4593.740	  8
    4594.120	  8
    4594.438	  8
    4594.880	  8
    4595.216	 53
    4595.958	  8
    4595.958	 20
    4595.958	 27
    4595.968	 28
    4595.968	 19
    4596.068	 29
    4596.162	  8
    4596.238	  9
    4598.054	  8
    4616.088	 52
    4616.098	 17
    4617.470	  8
    4684.156	  8
    4686.184	  8
    4687.410	  8
    4688.772	  8
    4688.926	  8
    4689.198	  8
    4689.586	  8
    4690.742	  8
    4692.104	  8
    4694.336	  8
    4694.908	  8
    4696.348	  8
    4696.738	  8
    4697.320	  8
    4697.626	  8
    4698.008	  8
    4698.224	  8
    4698.530	  8
    4698.934	  8
    4700.002	  8
    4700.540	  8
    4700.680	  8
    4701.166	  8
    4701.400	  8
    4701.406	  8
    4701.608	  8
    4701.850	  8
    4702.376	  8
    4704.386	  8
    4705.214	  8
    4705.586	  8
    4705.862	  8
    4706.912	  8
    4707.648	  8
    4708.018	  8
    4708.248	  8
    4708.634	  8
    4710.840	  8
    4711.054	  8
    4711.164	  8
    4711.750	  8
    4712.384	  8
    4713.822	  8
    4714.322	  8
    4714.710	  8
    4715.066	  8
    4715.786	  8
    4716.224	  8
    4716.718	  8
    4717.332	  8
    4717.840	  8
    4717.904	  8
    4717.934	  8
    4718.428	  8
    4718.860	  8
    4720.242	  8
    4720.546	  8
    4720.830	  8
    4721.164	  8
    4721.698	  8
    4721.916	  8
    4722.246	  8
    4722.940	  8
    4723.348	  8
    4723.636	  8
    4723.690	  8
    4723.984	  8
    4724.060	  8
    4724.666	  8
    4726.628	  8
    4726.826	  8
    4727.176	  8
    4727.418	  8
    4727.770	  8
    4728.134	  8
    4728.502	  8
    4729.000	  8
    4729.322	  8
    4729.682	  8
    4729.936	  8
    4730.566	  8
    4730.934	  8
    4731.762	  8
    4732.444	  8
    4732.804	  8
    4733.128	  8
    4734.240	  8
    4734.616	  8
    4735.086	  8
    4735.408	  8
    4735.578	  8
    4736.098	 53
    4736.766	  8
    4736.766	 20
    4736.766	 27
    4736.776	 28
    4736.776	 19
    4736.876	 29
    4737.046	  9
    4739.210	  8
    4739.328	  8
    4756.896	 52
    4756.906	 17
    4876.906	 53
    4969.750	  8
    4969.750	 20
    4969.750	 27
    4969.760	 28
    4969.760	 19
    4969.860	 29
    4970.030	  9
    4971.468	  8
    4972.062	  8
    4972.114	  8
    4972.154	  8
    4972.372	  8
    4972.520	  8
    4972.688	  8
    4973.336	  8
    4974.144	  8
    4974.426	  8
    4976.922	  8
    4978.894	  8
    4979.282	  8
    4979.406	  8
    4989.880	 51
    4989.890	 18
    5035.288	  8
    5036.436	  8
    5036.824	  8
    5037.234	  8
    5037.390	  8
    5037.680	  8
    5038.314	  8
    5038.692	  8
    5039.474	  8
    5039.992	  8
    5040.524	  8
    5040.690	  8
    5041.264	  8
    5041.802	  8
    5042.134	  8
    5042.906	  8
    5043.596	  8
    5043.908	  8
    5044.396	  8
    5044.474	  8
    5045.218	  8
    5046.266	  8
    5046.814	  8
    5047.334	  8
    5048.070	  8
    5049.014	  8
    5049.456	  8
    5049.538	  8
    5049.890	 53
    5050.090	  8
    5050.090	 20
    5050.090	 27
    5050.100	 28
    5050.100	 19
    5050.200	 29
    5050.322	  8
    5050.370	  9
    5052.010	  8
    5052.142	  8
    5052.250	  8
    5052.452	  8
    5052.504	  8
    5070.220	 51
    5070.230	 18
    5111.742	  8
    5112.080	  8
    5112.452	  8
    5112.798	  8
    5113.796	  8
    5114.148	  8
    5114.900	  8
    5115.174	  8
    5115.396	  8
    5115.628	  8
    5115.986	  8
    5116.302	  8
    5116.554	  8
    5117.124	  8
    5118.044	  8
    5118.406	  8
    5118.764	  8
    5119.050	  8
    5119.948	  8
    5120.350	  8
    5120.552	  8
    5120.960	  8
    5121.188	  8
    5121.882	  8
    5122.266	  8
    5122.580	  8
    5123.142	  8
    5123.664	  8
    5124.080	  8
    5124.480	  8
    5124.858	  8
    5125.158	  8
    5125.576	  8
    5126.136	  8
    5127.200	  8
    5127.438	  8
    5128.274	  8
    5129.104	  8
    5129.272	  8
    5129.388	  8
    5129.964	  8
    5130.230	 53
    5130.426	  8
    5130.426	 20
    5130.426	 27
    5130.436	 28
    5130.436	 19
    5130.536	 29
    5130.706	  9
    5132.424	  8
    5132.542	  8
    5150.556	 50
    5150.566	 10
    5180.566	 53
    5180.576	 20
    5180.576	 27
    5200.596	 51
    5200.606	 18
    5223.042	  8
    5223.272	  8
    5228.838	  8
    5228.930	  8
    5229.778	  8
    5230.806	  8
    5231.382	  8
    5232.444	  8
    5232.876	  8
    5233.334	  8
    5234.530	  8
    5234.754	  8
    5235.154	  8
    5236.480	  8
    5236.868	  8
    5237.248	  8
    5237.332	  8
    5237.848	  8
    5238.328	  8
    5238.808	  8
    5239.058	  8
    5239.550	  8
    5240.562	  8
    5241.280	  8
    5241.580	  8
    5241.884	  8
    5242.240	  8
    5242.384	  8
    5242.862	  8
    5243.002	  8
    5243.550	  8
    5243.916	  8
    5244.530	  8
    5245.620	  8
    5246.072	  8
    5247.432	  8
    5247.684	  8
    5248.060	  8
    5248.638	  8
    5249.208	  8
    5249.610	  8
    5250.046	  8
    5250.986	  8
    5251.542	  8
    5251.984	  8
    5252.516	  8
    5252.838	  8
    5253.158	  8
    5253.444	  8
    5254.036	  8
    5254.422	  8
    5254.880	  8
    5255.602	  8
    5256.934	  8
    5257.232	  8
    5257.804	  8
    5258.076	  8
    5258.290	  8
    5259.602	  8
    5260.606	 53
    5260.884	  8
    5260.884	 20
    5260.884	 27
    5260.894	 28
    5260.894	 19
    5260.994	 29
    5261.018	  8
    5261.164	  9
    5262.614	  8
    5263.158	  8
    5263.604	  8
    5281.014	 52
    5281.024	 17
    5355.456	  8
    5355.536	  8
    5355.652	  8
    5389.544	  8
    5390.458	  8
    5392.690	  8
    5394.114	  8
    5396.882	  8
    5397.350	  8
    5397.870	  8
    5400.100	  8
    5400.450	  8
    5400.968	  8
    5401.024	 53
    5401.286	  8
    5401.286	 20
    5401.286	 27
    5401.296	 28
    5401.296	 19
    5401.396	 29
    5401.566	  9
    5403.048	  8
    5403.474	  8
    5404.318	  8
    5404.908	  8
    5405.064	  8
    5405.420	  8
    5406.578	  8
    5406.756	  8
    5407.094	  8
    5407.502	  8
    5412.068	  8
    5414.864	  8
    5416.924	  8
    5421.416	 52
    5421.426	 17
    5541.426	 53
    5642.758	  8
    5642.758	 20
    5642.758	 27
    5642.768	 28
    5642.768	 19
    5642.868	 29
    5643.038	  9
    5647.014	  8
    5647.162	  8
    5647.326	  8
    5662.888	 52
    5662.898	 17
    5782.898	 53
    5837.522	  8
    5837.522	 20
    5837.522	 27
    5837.532	 28
    5837.532	 19
    5837.632	 29
    5837.802	  9
    5857.652	 51
    5857.662	 18
    5916.354	  8
    5916.806	  8
    5917.662	 53
    5918.484	  8
    5918.484	 20
    5918.484	 27
    5918.494	 28
    5918.494	 19
    5918.594	 29
    5918.604	 61
