     468.888	  7
       0.114	  7
       0.328	  7
       0.494	  7
       0.578	  7
       0.734	  7
       1.048	  7
       1.216	  7
       1.354	  7
       1.534	  7
       1.680	  7
       1.838	  7
       2.000	  7
       2.156	  7
       2.320	  7
       2.500	  7
       2.658	  7
       2.854	  7
       3.002	  7
       3.154	  7
       3.324	  7
       3.484	  7
       3.650	  7
       3.820	  7
       3.992	  7
       4.172	  7
       4.318	  7
       4.480	  7
       4.636	  7
       4.786	  7
       7.186	  8
      20.010	 50
      20.020	 18
      26.248	  8
      29.822	  8
      30.734	  8
      31.140	  8
      31.730	  8
      32.110	  8
      33.464	  8
      33.640	  8
      33.900	  8
      34.010	  8
      34.086	  8
      34.586	  8
      34.970	  8
      35.252	  8
      35.626	  8
      35.806	  8
      35.930	  8
      35.982	  8
      36.204	  8
      36.224	  8
      36.548	  8
      36.836	  8
      36.920	  8
      37.950	  8
      38.052	  8
      38.130	  8
      38.414	  8
      38.612	  8
      38.674	  8
      38.784	  8
      38.944	  8
      39.088	  8
      39.506	  8
      39.658	  8
      39.694	  8
      39.722	  8
      40.524	  8
      40.738	  8
      40.772	  8
      41.294	  8
      41.836	  8
      42.016	  8
      43.436	  8
      44.574	  8
      44.716	  8
      44.882	  8
      45.088	  8
      45.166	  8
      45.270	  8
      45.720	  8
      45.756	  8
      45.882	  8
      46.006	  8
      46.114	  8
      46.302	  8
      46.540	  8
      46.770	  8
      46.950	  8
      47.814	  8
      47.924	  8
      48.292	  8
      48.432	  8
      48.626	  8
      48.718	  8
      49.100	  8
      49.336	  8
      49.526	  8
      49.840	  8
      49.936	  8
      50.020	 53
      50.058	  8
      50.058	 20
      50.058	 27
      50.068	 28
      50.068	 19
      50.168	 29
      50.204	  8
      50.336	  9
      55.160	  8
      55.422	  8
      55.502	  8
      70.188	 50
      70.198	 18
      96.878	  8
      98.696	  8
      99.224	  8
      99.424	  8
     100.018	  8
     100.198	 53
     100.682	  8
     100.682	 20
     100.682	 27
     100.692	 28
     100.692	 19
     100.792	 29
     100.894	  8
     100.960	  9
     102.200	  8
     120.812	 51
     120.822	 17
     148.612	  7
     180.822	 53
     180.832	 20
     180.832	 27
     200.852	 51
     200.862	 17
     243.080	  8
     243.338	  8
     246.074	  8
     246.120	  8
     246.304	  8
     247.674	  8
     256.050	  7
     256.424	  7
     256.546	  7
     256.750	  7
     257.338	  7
     257.948	  8
     258.388	  8
     260.862	 53
     260.872	 20
     260.872	 27
     261.020	  8
     280.892	 51
     280.902	 17
     287.196	  8
     287.304	  8
     291.690	  7
     291.782	  7
     305.870	  7
     306.024	  7
     306.218	  7
     306.406	  7
     306.612	  7
     321.998	  8
     322.366	  8
     323.350	  8
     323.850	  8
     324.030	  8
     325.296	  8
     325.424	  8
     331.670	  8
     331.688	  8
     332.066	  8
     332.348	  8
     332.434	  8
     335.326	  7
     335.426	  7
     335.550	  7
     335.696	  7
     335.838	  7
     336.008	  7
     336.164	  7
     336.342	  7
     336.530	  7
     336.718	  7
     336.854	  7
     337.032	  7
     337.226	  7
     337.398	  7
     337.584	  7
     337.748	  7
     337.942	  7
     338.120	  7
     338.320	  7
     338.490	  7
     338.690	  7
     338.862	  7
     339.006	  7
     339.200	  7
     339.376	  7
     339.584	  7
     339.766	  7
     339.968	  7
     340.152	  7
     340.354	  7
     340.506	  7
     340.710	  7
     340.886	  7
     340.902	 53
     340.912	 20
     340.912	 27
     341.064	  7
     341.216	  7
     341.410	  7
     341.558	  7
     341.764	  7
     341.912	  7
     342.110	  7
     342.290	  7
     342.462	  7
     342.648	  7
     342.828	  7
     342.994	  7
     343.206	  7
     343.376	  7
     343.528	  7
     343.694	  7
     343.898	  7
     344.030	  7
     344.268	  7
     344.420	  7
     344.586	  7
     344.748	  7
     344.930	  7
     345.090	  7
     345.304	  7
     345.450	  7
     345.648	  7
     345.796	  7
     345.996	  7
     346.148	  7
     346.344	  7
     346.508	  7
     346.702	  7
     346.886	  7
     347.030	  7
     347.204	  7
     347.362	  7
     347.540	  7
     347.730	  7
     347.918	  7
     348.096	  7
     348.284	  7
     348.428	  7
     348.640	  7
     348.818	  7
     348.994	  7
     349.166	  7
     349.320	  7
     349.516	  7
     349.712	  7
     349.960	  7
     350.112	  7
     350.274	  7
     350.482	  7
     350.650	  7
     350.850	  7
     351.054	  7
     351.252	  7
     351.412	  7
     351.586	  7
     351.764	  7
     351.934	  7
     352.104	  7
     352.276	  7
     352.446	  7
     352.624	  7
     352.772	  7
     352.956	  7
     353.136	  7
     353.334	  7
     353.472	  7
     353.644	  7
     353.802	  7
     353.984	  7
     354.180	  7
     354.316	  7
     354.508	  7
     354.664	  7
     354.838	  7
     354.994	  7
     355.176	  7
     355.340	  7
     355.536	  7
     355.696	  7
     355.912	  7
     356.108	  7
     356.250	  7
     356.452	  7
     356.642	  7
     356.792	  7
     356.956	  7
     357.116	  7
     357.302	  7
     357.478	  7
     357.654	  7
     357.826	  7
     358.012	  7
     358.178	  7
     358.348	  7
     358.484	  7
     358.636	  7
     358.800	  7
     358.966	  7
     359.140	  7
     359.298	  7
     359.470	  7
     359.640	  7
     359.784	  7
     360.354	  7
     360.464	  7
     360.630	  7
     360.834	  7
     360.932	 51
     360.942	 17
     362.274	  7
     365.266	  8
     367.470	  8
     367.526	  8
     367.924	  8
     374.568	  8
     375.978	  8
     384.748	  8
     387.168	  8
     400.044	  8
     404.466	  8
     404.528	  8
     405.814	  8
     405.920	  8
     406.042	  8
     406.186	  8
     406.854	  8
     408.422	  8
     414.290	  8
     414.710	  8
     414.856	  8
     415.482	  8
     416.630	  8
     418.700	  8
     418.844	  8
     420.008	  8
     420.662	  8
     420.942	 53
     420.952	 20
     420.952	 27
     421.396	  8
     421.764	  8
     421.956	  8
     440.972	 52
     440.982	 10
     448.534	  8
     450.146	  8
     451.884	  8
     452.000	  8
     452.078	  8
     452.706	  8
     452.768	  8
     470.014	  8
     470.816	  8
     471.066	  8
     471.472	  8
     472.666	  7
     472.780	  7
     472.924	  7
     473.070	  7
     473.238	  7
     474.534	  8
     474.850	  8
     479.918	  8
     480.882	  8
     480.966	  8
     493.688	  8
     494.526	  8
     497.974	  8
     498.384	  8
     498.632	  8
     498.658	  8
     499.514	  8
     499.980	  8
     500.056	  8
     503.554	  8
     505.088	  8
     505.130	  8
     505.178	  8
     505.370	  8
     505.416	  8
     508.630	  7
     508.742	  7
     508.912	  7
     509.660	  8
     510.094	  8
     510.618	  8
     510.994	  8
     511.038	  8
     511.078	  8
     511.302	  8
     511.624	  8
     512.106	  8
     512.154	  8
     512.252	  8
     513.372	  8
     513.982	  8
     514.598	  8
     514.844	  8
     515.744	  8
     515.812	  8
     515.960	  8
     516.072	  8
     516.572	  8
     516.922	  8
     517.444	  8
     517.508	  8
     518.270	  8
     518.358	  8
     518.578	  8
     518.620	  8
     518.716	  8
     519.072	  8
     519.488	  8
     520.140	  8
     520.226	  8
     520.528	  8
     522.422	  8
     522.504	  8
     522.696	  8
     522.868	  8
     522.900	  8
     523.066	  8
     523.092	  8
     524.456	  7
     524.568	  7
     524.710	  7
     524.862	  7
     525.060	  7
     525.206	  7
     525.390	  7
     525.574	  7
     525.742	  7
     525.938	  7
     526.112	  7
     526.314	  7
     526.482	  7
     526.670	  7
     526.848	  7
     527.042	  7
     527.240	  7
     527.398	  7
     527.612	  7
     527.764	  7
     527.976	  7
     528.132	  7
     528.356	  7
     528.572	  7
     528.752	  7
     528.934	  7
     529.118	  7
     529.288	  7
     529.492	  7
     529.646	  7
     529.832	  7
     530.024	  7
     530.194	  7
     530.382	  7
     530.558	  7
     530.758	  7
     530.940	  7
     531.104	  7
     531.306	  7
     531.498	  7
     531.660	  7
     531.850	  7
     532.034	  7
     532.222	  7
     532.392	  7
     532.590	  7
     532.766	  7
     532.942	  7
     533.110	  7
     533.316	  7
     533.464	  7
     533.634	  7
     533.802	  7
     533.976	  7
     534.124	  7
     534.308	  7
     534.466	  7
     534.628	  7
     534.800	  7
     534.954	  7
     535.788	  8
     535.904	  8
     537.602	  8
     537.960	  8
     538.862	  8
     538.998	  8
     539.628	  8
     540.092	  8
     540.494	  8
     540.742	  8
     541.262	  8
     541.326	  8
     541.420	  8
     541.544	  8
     541.928	  8
     542.138	  8
     542.196	  8
     542.748	  8
     542.886	  8
     543.786	  8
     543.882	  8
     544.160	  8
     544.650	  8
     545.156	  8
     545.238	  8
     545.694	  8
     546.198	  8
     546.262	  8
     546.590	  8
     546.930	  8
     547.406	  8
     547.680	  8
     547.716	  8
     547.924	  8
     547.980	  8
     548.100	  8
     548.612	  8
     548.716	  8
     548.888	  8
     549.484	  8
     549.622	  8
     549.766	  8
     549.814	  8
     550.048	  8
     550.522	  8
     550.574	  8
     550.658	  8
     550.944	  8
     551.042	  8
     551.366	  8
     551.482	  8
     551.550	  8
     551.812	  8
     552.040	  8
     552.288	  8
     552.366	  8
     552.754	  8
     554.264	  8
     554.704	  8
     555.122	  8
     555.470	  8
     555.762	  8
     555.950	  8
     556.326	  8
     556.392	  8
     556.474	  8
     556.724	  8
     556.954	  8
     557.102	  8
     557.484	  8
     557.550	  8
     558.250	  8
     558.688	  8
     559.938	  8
     560.030	  8
     560.214	  8
     560.308	  8
     560.384	  8
     560.882	  8
     560.960	  8
     560.982	 53
     561.392	  8
     561.392	 20
     561.392	 27
     561.402	 28
     561.402	 19
     561.502	 29
     561.526	  8
     561.670	  9
     568.214	  8
     581.522	 50
     581.532	 18
     609.006	  8
     609.718	  8
     609.804	  8
     610.308	  8
     610.518	  8
     610.954	  8
     611.006	  8
     611.064	  8
     611.236	  8
     611.532	 53
     611.600	  8
     611.600	 20
     611.600	 27
     611.610	 28
     611.610	 19
     611.710	 29
     611.878	  9
     613.130	  8
     613.268	  8
     613.376	  8
     613.426	  8
     613.742	  8
     617.806	  8
     631.730	 52
     631.740	 10
     665.676	  8
     666.094	  8
     666.172	  8
     669.444	  8
     686.144	  8
     686.368	  8
     686.450	  8
     686.564	  8
     686.692	  8
     687.034	  8
     687.478	  8
     687.596	  8
     687.992	  8
     688.150	  8
     688.268	  8
     688.354	  8
     704.116	  8
     704.378	  8
     708.636	  7
     708.778	  7
     708.918	  7
     712.042	  8
     712.966	  8
     713.876	  8
     714.002	  8
     714.366	  8
     715.736	  8
     717.034	  8
     717.154	  8
     717.214	  8
     719.490	  7
     719.606	  7
     719.742	  7
     719.912	  7
     720.088	  7
     720.270	  7
     720.488	  7
     720.634	  7
     720.854	  7
     721.016	  7
     721.206	  7
     721.422	  7
     721.642	  7
     721.834	  7
     722.008	  7
     722.186	  7
     722.396	  7
     722.604	  7
     722.852	  7
     723.032	  7
     723.254	  7
     723.442	  7
     723.644	  7
     723.826	  7
     724.032	  7
     724.216	  7
     724.406	  7
     724.586	  7
     724.794	  7
     724.974	  7
     725.204	  7
     725.392	  7
     725.600	  7
     725.806	  7
     725.998	  7
     726.194	  7
     726.388	  7
     726.568	  7
     726.802	  7
     727.002	  7
     727.324	  7
     727.478	  7
     727.660	  7
     727.864	  7
     728.056	  7
     728.230	  7
     728.414	  7
     728.610	  7
     728.786	  7
     728.962	  7
     729.162	  7
     729.346	  7
     729.536	  7
     729.722	  7
     729.906	  7
     730.112	  7
     730.290	  7
     730.510	  7
     730.704	  7
     730.880	  7
     731.076	  7
     731.294	  7
     731.496	  7
     731.696	  7
     731.872	  7
     732.090	  7
     732.308	  7
     732.546	  7
     732.734	  7
     732.858	  7
     733.062	  7
     733.254	  7
     733.462	  7
     733.640	  7
     733.986	  7
     734.140	  7
     734.334	  7
     734.512	  7
     734.718	  7
     734.916	  7
     735.068	  7
     735.272	  7
     735.466	  7
     735.658	  7
     735.858	  7
     736.022	  7
     736.222	  7
     736.550	  7
     738.628	  8
     738.862	  8
     739.010	  8
     739.696	  8
     740.018	  8
     740.260	  8
     740.492	  8
     740.800	  8
     741.388	  8
     742.758	  8
     743.238	  8
     746.638	  8
     747.992	  8
     750.068	  8
     750.122	  8
     751.090	  8
     751.114	  8
     751.164	  8
     751.446	  8
     751.740	 53
     752.118	  8
     752.118	 20
     752.118	 27
     752.128	 28
     752.128	 19
     752.148	  8
     752.228	 29
     752.396	  9
     772.248	 50
     772.258	 18
     802.258	 53
     809.722	  8
     809.722	 20
     809.722	 27
     809.732	 28
     809.732	 19
     809.832	 29
     810.000	  9
     811.842	  8
     811.882	  8
     814.592	  8
     829.852	 52
     829.862	 10
     834.712	  8
     834.776	  8
     865.982	  8
     866.186	  8
     866.830	  8
     876.416	  7
     876.572	  7
     876.764	  7
     877.892	  7
     878.120	  7
     878.252	  7
     888.544	  8
     888.926	  8
     892.098	  8
     892.364	  8
     896.996	  8
     897.272	  8
     897.536	  8
     897.850	  8
     898.038	  8
     898.286	  8
     898.450	  8
     899.854	  8
     899.970	  8
     900.768	  8
     901.460	  8
     903.066	  8
     905.328	  8
     905.426	  8
     906.012	  8
     907.870	  8
     907.944	  8
     908.402	  8
     908.836	  8
     909.300	  8
     909.392	  8
     909.454	  8
     909.528	  8
     909.928	  8
     910.232	  8
     910.478	  8
     910.902	  8
     910.984	  8
     911.042	  8
     911.108	  8
     911.164	  8
     912.642	  8
     912.922	  8
     913.092	  8
     913.282	  8
     914.030	  8
     914.508	  8
     914.576	  8
     914.612	  8
     914.688	  8
     915.172	  8
     915.246	  8
     915.310	  8
     915.420	  8
     916.100	  8
     916.380	  8
     917.088	  8
     917.192	  8
     917.272	  8
     917.472	  8
     917.686	  8
     917.812	  8
     918.074	  8
     918.384	  8
     918.496	  8
     918.576	  8
     918.742	  8
     920.558	  8
     920.960	  8
     921.034	  8
     921.234	  8
     921.802	  8
     922.012	  8
     922.096	  8
     922.156	  8
     922.590	  8
     922.670	  8
     922.824	  8
     923.402	  8
     923.490	  8
     924.000	  8
     924.278	  8
     924.306	  8
     924.378	  8
     924.444	  8
     924.706	  8
     924.894	  8
     924.928	  8
     925.182	  8
     926.844	  7
     926.958	  7
     927.090	  7
     927.300	  7
     927.440	  7
     927.618	  7
     927.798	  7
     927.988	  7
     928.176	  7
     928.366	  7
     928.552	  7
     928.734	  7
     928.928	  7
     929.126	  7
     929.318	  7
     929.510	  7
     929.694	  7
     929.894	  7
     930.054	  7
     930.228	  7
     930.404	  7
     930.576	  7
     930.758	  7
     930.928	  7
     931.102	  7
     931.326	  7
     931.462	  7
     931.650	  7
     931.806	  7
     931.992	  7
     932.178	  7
     932.350	  7
     932.542	  7
     932.700	  7
     932.898	  7
     933.080	  7
     933.246	  7
     933.436	  7
     933.572	  7
     933.778	  7
     933.936	  7
     934.154	  7
     934.298	  7
     934.476	  7
     934.646	  7
     934.822	  7
     935.018	  7
     935.158	  7
     935.340	  7
     935.522	  7
     935.678	  7
     935.860	  7
     936.030	  7
     936.244	  7
     936.456	  7
     936.622	  7
     936.810	  7
     936.948	  7
     937.146	  7
     937.320	  7
     937.518	  7
     937.702	  7
     937.902	  7
     938.084	  7
     938.280	  7
     938.454	  7
     938.664	  7
     938.900	  7
     939.052	  7
     939.216	  7
     939.408	  7
     939.574	  7
     939.764	  7
     939.974	  7
     940.160	  7
     940.316	  7
     940.508	  7
     940.670	  7
     940.870	  7
     941.032	  7
     941.248	  7
     941.418	  7
     941.602	  7
     941.790	  7
     941.944	  7
     942.150	  7
     942.294	  7
     942.496	  7
     942.670	  7
     942.852	  7
     943.022	  7
     943.242	  7
     943.398	  7
     943.578	  7
     943.750	  7
     943.930	  7
     944.096	  7
     944.292	  7
     944.474	  7
     944.662	  7
     944.830	  7
     945.050	  7
     945.204	  7
     945.384	  7
     945.552	  7
     945.764	  7
     945.912	  7
     946.080	  7
     946.248	  7
     946.432	  7
     946.588	  7
     946.802	  7
     946.956	  7
     947.136	  7
     947.294	  7
     947.462	  7
     947.618	  7
     947.798	  7
     947.962	  7
     948.898	  8
     949.110	  8
     949.426	  8
     949.862	 53
     950.194	  8
     950.194	 20
     950.194	 27
     950.204	 28
     950.204	 19
     950.304	 29
     950.468	  8
     950.472	  9
     951.342	  8
     951.382	  8
     951.476	  8
     958.298	  8
     958.994	  8
     970.324	 51
     970.334	 17
    1024.300	  8
    1030.334	 53
    1030.344	 20
    1030.344	 27
    1050.364	 51
    1050.374	 17
    1110.374	 53
    1110.384	 20
    1110.384	 27
    1130.404	 52
    1130.414	 10
    1133.998	  8
    1134.054	  8
    1134.604	  8
    1140.308	  8
    1141.972	  8
    1142.430	  8
    1142.496	  8
    1223.732	  8
    1223.780	  8
    1223.968	  8
    1224.094	  8
    1224.128	  8
    1224.210	  8
    1224.270	  8
    1224.306	  8
    1224.382	  8
    1224.494	  8
    1224.790	  8
    1225.002	  8
    1225.436	  8
    1225.832	  8
    1225.934	  8
    1226.466	  8
    1226.562	  8
    1226.752	  8
    1227.306	  8
    1227.366	  8
    1227.410	  8
    1228.650	  8
    1230.066	  8
    1230.128	  8
    1230.198	  8
    1230.548	  8
    1230.894	  8
    1231.196	  8
    1231.218	  8
    1231.306	  8
    1231.504	  8
    1231.552	  8
    1231.790	  8
    1232.024	  8
    1232.364	  8
    1232.476	  8
    1232.558	  8
    1232.812	  8
    1232.874	  8
    1232.994	  8
    1233.080	  8
    1233.408	  8
    1233.946	  8
    1234.220	  8
    1235.126	  8
    1235.340	  8
    1235.462	  8
    1235.780	  8
    1235.876	  8
    1236.050	  8
    1236.090	  8
    1236.160	  8
    1236.446	  8
    1236.554	  8
    1236.934	  8
    1237.050	  8
    1237.162	  8
    1237.622	  8
    1238.150	  8
    1238.204	  8
    1238.330	  8
    1238.496	  8
    1238.570	  8
    1238.652	  8
    1239.486	  8
    1240.238	  8
    1240.580	  8
    1240.698	  8
    1241.498	  8
    1242.186	  8
    1242.358	  8
    1242.432	  8
    1243.052	  8
    1243.106	  8
    1243.436	  8
    1244.002	  8
    1244.268	  8
    1244.816	  8
    1245.024	  8
    1245.062	  8
    1247.010	  8
    1247.300	  8
    1247.376	  8
    1248.364	  8
    1250.072	  8
    1250.110	  8
    1250.414	 53
    1251.662	  8
    1251.662	 20
    1251.662	 27
    1251.672	 28
    1251.672	 19
    1251.772	 29
    1251.940	  9
    1271.792	 51
    1271.802	 17
    1331.802	 53
    1331.812	 20
    1331.812	 27
    1351.832	 50
    1351.842	 18
    1366.548	  8
    1366.910	  8
    1366.988	  8
    1367.730	  8
    1367.778	  8
    1367.874	  8
    1367.942	  8
    1368.350	  8
    1368.574	  8
    1368.898	  8
    1369.528	  8
    1369.552	  8
    1369.638	  8
    1369.958	  8
    1370.048	  8
    1370.506	  8
    1370.870	  8
    1371.032	  8
    1371.462	  8
    1371.660	  8
    1371.852	  8
    1372.436	  8
    1372.728	  8
    1373.028	  8
    1373.152	  8
    1373.240	  8
    1373.654	  8
    1373.822	  8
    1374.078	  8
    1374.612	  8
    1375.016	  8
    1375.342	  8
    1375.410	  8
    1375.454	  8
    1375.948	  8
    1376.036	  8
    1376.116	  8
    1376.644	  8
    1377.022	  8
    1378.000	  8
    1378.752	  8
    1378.808	  8
    1379.428	  8
    1379.472	  8
    1379.686	  8
    1379.890	  8
    1380.260	  8
    1381.476	  8
    1381.838	  8
    1381.842	 53
    1382.324	  8
    1382.324	 20
    1382.324	 27
    1382.334	 28
    1382.334	 19
    1382.434	 29
    1382.602	  9
    1383.674	  8
    1386.150	  8
    1387.930	  8
    1388.360	  8
    1388.390	  8
    1388.468	  8
    1388.828	  8
    1402.454	 52
    1402.464	 10
    1405.648	  8
    1405.726	  8
    1428.176	  8
    1428.256	  8
    1428.296	  8
    1430.138	  8
    1462.356	  8
    1462.440	  8
    1462.576	  8
    1462.774	  8
    1462.868	  8
    1462.920	  8
    1463.130	  8
    1463.358	  8
    1463.466	  8
    1463.542	  8
    1472.236	  8
    1472.434	  8
    1474.156	  8
    1476.492	  8
    1476.570	  8
    1476.652	  8
    1477.600	  7
    1477.720	  7
    1489.054	  7
    1489.638	  7
    1489.782	  7
    1489.940	  7
    1490.374	  7
    1490.536	  7
    1490.792	  7
    1491.306	  7
    1491.530	  7
    1493.614	  7
    1493.778	  7
    1494.102	  7
    1495.492	  7
    1504.908	  8
    1505.762	  8
    1506.808	  8
    1507.030	  8
    1522.464	 53
    1524.420	  8
    1524.420	 20
    1524.420	 27
    1524.430	 28
    1524.430	 19
    1524.530	 29
    1524.698	  9
    1544.550	 51
    1544.560	 17
    1594.994	  8
    1597.816	  8
    1597.870	  8
    1600.944	  8
    1604.560	 53
    1604.570	 20
    1604.570	 27
    1624.590	 51
    1624.600	 17
    1672.986	  8
    1684.600	 53
    1684.610	 20
    1684.610	 27
    1704.630	 51
    1704.640	 17
    1717.932	  8
    1718.002	  8
    1718.796	  8
    1721.462	  8
    1729.908	  8
    1730.326	  8
    1733.210	  8
    1733.452	  8
    1735.024	  8
    1747.462	  8
    1747.766	  8
    1748.006	  8
    1749.312	  8
    1749.388	  8
    1756.160	  8
    1756.606	  8
    1764.640	 53
    1764.650	 20
    1764.650	 27
    1784.670	 52
    1784.680	 10
    1825.422	  8
    1825.876	  8
    1826.032	  8
    1826.094	  8
    1826.234	  8
    1826.438	  8
    1827.258	  8
    1827.806	  8
    1828.666	  8
    1828.726	  8
    1828.808	  8
    1832.020	  8
    1832.342	  8
    1832.666	  8
    1832.726	  8
    1834.380	  8
    1834.512	  8
    1834.572	  8
    1835.596	  8
    1835.686	  8
    1835.990	  8
    1836.034	  8
    1836.928	  8
    1837.238	  8
    1837.506	  8
    1837.700	  8
    1838.052	  8
    1838.796	  8
    1839.068	  8
    1840.126	  8
    1841.346	  8
    1841.598	  8
    1841.672	  8
    1846.306	  8
    1851.582	  8
    1852.268	  8
    1852.458	  8
    1852.982	  8
    1853.602	  8
    1853.736	  8
    1853.926	  8
    1854.046	  8
    1854.126	  8
    1854.362	  8
    1854.454	  8
    1854.580	  8
    1854.646	  8
    1854.808	  8
    1854.906	  8
    1855.014	  8
    1855.310	  8
    1855.456	  8
    1855.652	  8
    1855.882	  8
    1856.394	  8
    1857.096	  8
    1857.212	  8
    1859.088	  8
    1860.292	  8
    1860.776	  8
    1861.232	  8
    1861.360	  8
    1861.778	  8
    1862.286	  8
    1862.578	  8
    1862.622	  8
    1863.558	  8
    1863.684	  8
    1864.188	  8
    1864.292	  8
    1864.894	  8
    1865.252	  8
    1868.862	  8
    1869.376	  8
    1869.478	  8
    1871.514	  8
    1872.630	  8
    1873.126	  8
    1873.402	  8
    1873.458	  8
    1873.786	  8
    1874.248	  8
    1874.460	  8
    1874.660	  8
    1879.242	  8
    1879.816	  8
    1879.980	  8
    1881.198	  8
    1881.616	  8
    1881.726	  8
    1882.538	  8
    1882.630	  8
    1882.760	  8
    1882.810	  8
    1884.696	  8
    1885.862	  8
    1886.066	  8
    1886.252	  8
    1886.340	  8
    1886.402	  8
    1886.702	  8
    1886.756	  8
    1887.084	  8
    1887.246	  8
    1887.712	  8
    1888.338	  8
    1888.424	  8
    1888.590	  8
    1889.324	  8
    1889.592	  8
    1889.684	  8
    1889.758	  8
    1889.818	  8
    1889.954	  8
    1890.166	  8
    1890.388	  8
    1891.968	  7
    1892.078	  7
    1892.216	  7
    1892.402	  7
    1892.550	  7
    1892.738	  7
    1892.900	  7
    1893.102	  7
    1893.274	  7
    1893.450	  7
    1893.638	  7
    1893.828	  7
    1894.042	  7
    1894.196	  7
    1894.386	  7
    1894.560	  7
    1894.754	  7
    1894.952	  7
    1895.130	  7
    1895.326	  7
    1895.528	  7
    1895.732	  7
    1895.932	  7
    1896.152	  7
    1896.340	  7
    1896.528	  7
    1896.760	  7
    1896.936	  7
    1897.124	  7
    1897.280	  7
    1897.528	  7
    1897.696	  7
    1897.888	  7
    1898.082	  7
    1898.270	  7
    1898.452	  7
    1898.630	  7
    1898.826	  7
    1899.000	  7
    1899.210	  7
    1899.396	  7
    1899.588	  7
    1899.754	  7
    1899.978	  7
    1900.126	  7
    1900.348	  7
    1900.500	  7
    1900.680	  7
    1900.852	  7
    1901.052	  7
    1901.216	  7
    1901.412	  7
    1901.592	  7
    1901.766	  7
    1901.950	  7
    1902.132	  7
    1902.338	  7
    1902.566	  7
    1902.742	  7
    1902.910	  7
    1903.078	  7
    1903.272	  7
    1903.420	  7
    1903.618	  7
    1903.788	  7
    1903.970	  7
    1904.154	  7
    1904.324	  7
    1904.502	  7
    1904.680	 53
    1904.726	  7
    1904.904	  7
    1905.082	  7
    1905.290	  7
    1905.500	  7
    1905.682	  7
    1905.894	  7
    1906.072	  7
    1906.252	  7
    1906.450	  7
    1906.660	  7
    1906.832	  7
    1907.580	  8
    1907.580	 20
    1907.580	 27
    1907.590	 28
    1907.590	 19
    1907.690	 29
    1907.726	  8
    1907.850	  9
    1915.508	  8
    1917.720	  8
    1925.578	  8
    1925.876	  8
    1926.046	  8
    1926.550	  8
    1927.710	 50
    1927.720	 18
    1953.194	  8
    1953.250	  8
    1953.960	  8
    1954.916	  8
    1955.064	  8
    1956.102	  8
    1956.844	  8
    1957.064	  8
    1957.136	  8
    1957.226	  8
    1957.720	 53
    1958.358	  8
    1958.358	 20
    1958.358	 27
    1958.368	 28
    1958.368	 19
    1958.468	 29
    1958.636	  9
    1960.574	  8
    1960.720	  8
    1960.740	  8
    1960.922	  8
    1961.118	  8
    1961.818	  8
    1978.488	 52
    1978.498	 10
    2005.034	  8
    2005.274	  8
    2008.986	  8
    2009.058	  8
    2009.222	  8
    2010.194	  8
    2010.246	  8
    2010.294	  8
    2010.328	  8
    2023.070	  8
    2023.204	  8
    2023.554	  8
    2029.338	  8
    2029.556	  8
    2047.024	  8
    2051.180	  8
    2051.328	  8
    2052.286	  8
    2055.718	  8
    2058.632	  8
    2058.758	  8
    2058.808	  8
    2058.944	  8
    2059.058	  8
    2059.154	  8
    2059.292	  8
    2059.654	  8
    2059.898	  8
    2060.420	  8
    2060.610	  8
    2061.782	  8
    2061.840	  8
    2061.930	  8
    2063.876	  8
    2065.168	  8
    2065.684	  8
    2065.720	  8
    2065.776	  8
    2065.902	  8
    2065.996	  8
    2066.232	  8
    2066.256	  8
    2066.376	  8
    2066.906	  8
    2066.988	  8
    2067.546	  8
    2067.682	  8
    2067.844	  8
    2067.894	  8
    2068.032	  8
    2068.084	  8
    2068.112	  8
    2068.170	  8
    2068.434	  8
    2068.490	  8
    2071.414	  8
    2073.668	  8
    2078.258	  8
    2078.404	  8
    2078.490	  8
    2078.520	  8
    2079.002	  8
    2082.914	  8
    2083.258	  8
    2083.650	  8
    2083.916	  8
    2083.938	  8
    2084.410	  8
    2084.560	  8
    2084.930	  8
    2085.048	  8
    2085.304	  8
    2085.418	  8
    2085.632	  8
    2085.898	  8
    2086.052	  8
    2088.536	  8
    2090.178	  8
    2092.352	  8
    2093.384	  8
    2093.594	  8
    2094.020	  8
    2095.596	  8
    2095.908	  8
    2097.346	  8
    2097.482	  8
    2097.560	  8
    2097.622	  8
    2097.678	  8
    2097.798	  8
    2097.858	  8
    2098.010	  8
    2098.128	  8
    2098.448	  8
    2098.498	 53
    2098.630	  8
    2098.630	 20
    2098.630	 27
    2098.640	 28
    2098.640	 19
    2098.740	 29
    2098.822	  8
    2098.908	  9
    2100.612	  8
    2100.830	  8
    2100.932	  8
    2101.110	  8
    2101.528	  8
    2106.684	  8
    2116.312	  8
    2117.274	  8
    2118.654	  8
    2118.708	  8
    2118.760	 51
    2118.770	 17
    2118.802	  8
    2118.874	  8
    2118.942	  8
    2128.716	  8
    2128.826	  8
    2128.908	  8
    2157.764	  8
    2157.798	  8
    2158.354	  8
    2178.770	 53
    2178.780	 20
    2178.780	 27
    2192.604	  8
    2192.734	  8
    2192.872	  8
    2195.522	  8
    2195.692	  8
    2196.160	  8
    2198.800	 50
    2198.810	 18
    2200.016	  8
    2200.706	  8
    2213.064	  8
    2213.086	  8
    2216.590	  8
    2217.090	  8
    2217.998	  8
    2218.208	  8
    2218.280	  8
    2218.988	  8
    2219.120	  8
    2219.332	  8
    2219.376	  8
    2219.472	  8
    2219.568	  8
    2219.716	  8
    2220.382	  8
    2220.460	  8
    2220.508	  8
    2220.666	  8
    2221.276	  8
    2221.340	  8
    2221.464	  8
    2222.204	  8
    2222.846	  8
    2223.128	  8
    2223.752	  8
    2224.120	  8
    2224.470	  8
    2224.602	  8
    2226.150	  8
    2226.632	  8
    2227.194	  8
    2227.442	  8
    2227.614	  8
    2227.674	  8
    2227.782	  8
    2227.954	  8
    2228.034	  8
    2228.240	  8
    2228.392	  8
    2228.724	  8
    2228.810	 53
    2229.610	  8
    2229.610	 20
    2229.610	 27
    2229.620	 28
    2229.620	 19
    2229.694	  8
    2229.720	 29
    2229.888	  9
    2235.124	  8
    2235.222	  8
    2249.740	 51
    2249.750	 17
    2253.550	  8
    2253.710	  8
    2253.774	  8
    2254.302	  8
    2254.340	  8
    2258.804	  8
    2258.848	  8
    2259.106	  8
    2259.200	  8
    2260.978	  8
    2309.750	 53
    2309.760	 20
    2309.760	 27
    2329.780	 52
    2329.790	 10
    2333.974	  8
    2334.078	  8
    2334.162	  8
    2334.720	  8
    2337.698	  8
    2339.006	  8
    2339.788	  8
    2340.014	  8
    2340.852	  8
    2343.960	  8
    2344.024	  8
    2344.154	  8
    2344.384	  8
    2346.718	  8
    2347.818	  8
    2350.266	  8
    2350.500	  8
    2351.370	  8
    2351.834	  8
    2351.994	  8
    2352.036	  8
    2353.810	  8
    2355.252	  8
    2355.554	  8
    2355.808	  8
    2355.922	  8
    2356.296	  8
    2356.336	  8
    2356.488	  8
    2359.702	  8
    2359.774	  8
    2366.294	  8
    2372.324	  8
    2377.382	  8
    2381.772	  8
    2384.454	  8
    2384.636	  8
    2384.892	  8
    2386.242	  8
    2391.368	  8
    2391.466	  8
    2396.794	  8
    2397.422	  8
    2398.526	  8
    2398.604	  8
    2398.754	  8
    2398.916	  8
    2398.974	  8
    2401.352	  8
    2402.214	  8
    2402.818	  8
    2405.996	  8
    2406.136	  8
    2406.694	  8
    2407.696	  8
    2407.774	  8
    2407.990	  8
    2410.938	  8
    2411.000	  8
    2411.636	  8
    2412.390	  8
    2412.610	  8
    2413.372	  8
    2413.612	  8
    2415.052	  8
    2415.226	  8
    2415.346	  8
    2415.702	  8
    2415.994	  8
    2416.090	  8
    2416.586	  8
    2416.686	  8
    2416.876	  8
    2416.990	  8
    2417.236	  8
    2417.320	  8
    2417.468	  8
    2417.564	  8
    2419.182	  8
    2419.466	  8
    2419.834	  8
    2419.898	  8
    2420.114	  8
    2420.358	  8
    2420.424	  8
    2420.568	  8
    2420.760	  8
    2420.878	  8
    2420.984	  8
    2421.996	  8
    2422.012	  8
    2423.330	  8
    2423.600	  8
    2423.928	  8
    2424.722	  8
    2425.004	  8
    2425.216	  8
    2426.108	  8
    2426.144	  8
    2426.988	  8
    2427.212	  8
    2427.424	  8
    2427.574	  8
    2427.802	  8
    2427.894	  8
    2429.920	  8
    2430.098	  8
    2430.690	  8
    2431.072	  8
    2433.792	  8
    2434.280	  8
    2434.504	  8
    2434.590	  8
    2435.006	  8
    2435.134	  8
    2435.316	  8
    2435.376	  8
    2435.430	  8
    2435.768	  8
    2437.298	  8
    2437.468	  8
    2437.532	  8
    2438.086	  8
    2438.454	  8
    2439.666	  8
    2439.928	  8
    2440.370	  8
    2440.422	  8
    2440.952	  8
    2441.182	  8
    2441.828	  8
    2443.682	  8
    2444.702	  8
    2446.286	  8
    2447.564	  8
    2447.606	  8
    2447.706	  8
    2447.752	  8
    2447.850	  8
    2448.418	  8
    2448.480	  8
    2448.802	  8
    2449.182	  8
    2449.396	  8
    2449.442	  8
    2449.548	  8
    2449.790	 53
    2451.944	  8
    2451.944	 20
    2451.944	 27
    2451.954	 28
    2451.954	 19
    2452.054	 29
    2452.222	  9
    2472.074	 51
    2472.084	 17
    2505.270	  8
    2506.026	  8
    2506.138	  8
    2506.230	  8
    2510.612	  8
    2510.754	  8
    2510.874	  8
    2511.080	  8
    2511.272	  8
    2511.472	  8
    2519.878	  8
    2519.996	  8
    2520.130	  8
    2520.844	  8
    2520.982	  8
    2521.130	  8
    2532.084	 53
    2532.094	 20
    2532.094	 27
    2552.114	 51
    2552.124	 17
    2572.452	  8
    2580.210	  8
    2580.436	  8
    2581.510	  8
    2581.574	  8
    2581.640	  8
    2581.724	  8
    2583.290	  8
    2602.460	  8
    2602.476	  8
    2602.616	  8
    2602.766	  8
    2603.296	  8
    2603.474	  8
    2603.646	  8
    2604.514	  8
    2610.326	  8
    2610.622	  8
    2610.906	  8
    2610.968	  8
    2611.980	  8
    2612.104	  8
    2612.124	 53
    2612.134	 20
    2612.134	 27
    2612.196	  8
    2612.362	  8
    2614.056	  8
    2614.340	  8
    2614.548	  8
    2622.322	  8
    2622.408	  8
    2632.154	 52
    2632.164	 10
    2641.612	  7
    2641.908	  7
    2642.040	  7
    2642.196	  7
    2642.462	  7
    2643.002	  7
    2643.094	  7
    2643.206	  7
    2643.350	  7
    2643.494	  7
    2643.668	  7
    2643.814	  7
    2643.980	  7
    2644.170	  7
    2644.756	  7
    2646.932	  7
    2654.046	  8
    2656.358	  8
    2656.660	  8
    2656.816	  8
    2676.476	  8
    2676.544	  8
    2676.916	  8
    2677.768	  8
    2679.020	  8
    2679.254	  8
    2679.352	  8
    2680.002	  8
    2680.396	  8
    2686.362	  8
    2686.560	  8
    2686.614	  8
    2689.142	  8
    2691.924	  8
    2692.310	  8
    2692.882	  8
    2693.024	  8
    2693.124	  8
    2693.208	  8
    2693.450	  8
    2694.012	  8
    2694.090	  8
    2695.382	  8
    2695.436	  8
    2697.102	  8
    2697.142	  8
    2697.186	  8
    2700.588	  8
    2701.678	  8
    2702.208	  8
    2705.050	  8
    2705.350	  8
    2705.542	  8
    2706.000	  8
    2706.046	  8
    2706.656	  8
    2706.820	  8
    2707.484	  8
    2707.626	  8
    2713.236	  8
    2713.470	  8
    2713.634	  8
    2713.672	  8
    2713.838	  8
    2714.174	  8
    2715.236	  8
    2715.500	  8
    2716.238	  8
    2717.506	  8
    2717.580	  8
    2719.456	  8
    2719.572	  8
    2720.824	  8
    2721.274	  8
    2722.350	  8
    2722.586	  8
    2722.924	  8
    2723.480	  8
    2723.642	  8
    2723.746	  8
    2724.024	  8
    2724.162	  8
    2726.102	  8
    2729.054	  8
    2729.160	  8
    2730.374	  8
    2730.454	  8
    2730.784	  8
    2731.260	  8
    2731.380	  8
    2731.430	  8
    2733.578	  8
    2733.810	  8
    2734.500	  8
    2734.612	  8
    2735.196	  8
    2736.244	  8
    2737.090	  8
    2737.144	  8
    2737.388	  8
    2738.020	  8
    2738.984	  8
    2739.030	  8
    2739.180	  8
    2739.326	  8
    2739.410	  8
    2739.740	  8
    2741.174	  8
    2741.626	  8
    2741.882	  8
    2741.978	  8
    2742.034	  8
    2742.200	  8
    2742.334	  8
    2742.368	  8
    2742.406	  8
    2742.464	  8
    2742.542	  8
    2743.306	  8
    2743.362	  8
    2743.518	  8
    2744.070	  8
    2744.266	  8
    2744.424	  8
    2744.486	  8
    2744.536	  8
    2744.984	  8
    2745.050	  8
    2745.322	  8
    2745.444	  8
    2745.774	  8
    2745.842	  8
    2745.912	  8
    2746.260	  8
    2746.422	  8
    2746.528	  8
    2746.654	  8
    2747.262	  8
    2747.318	  8
    2747.612	  8
    2747.640	  8
    2747.692	  8
    2747.736	  8
    2748.604	  8
    2748.760	  8
    2748.816	  8
    2748.884	  8
    2752.164	 53
    2752.594	  8
    2752.594	 20
    2752.594	 27
    2752.604	 28
    2752.604	 19
    2752.704	 29
    2752.812	  8
    2752.872	  9
    2754.168	  8
    2772.724	 52
    2772.734	 10
    2790.260	  8
    2790.326	  8
    2790.368	  8
    2790.494	  8
    2799.504	  8
    2799.658	  8
    2803.502	  8
    2807.638	  8
    2810.594	  8
    2812.784	  8
    2813.304	  8
    2814.506	  8
    2814.574	  8
    2814.630	  8
    2831.150	  8
    2832.284	  8
    2842.266	  8
    2842.562	  8
    2842.604	  8
    2842.726	  8
    2842.844	  8
    2843.362	  8
    2844.544	  8
    2844.694	  8
    2845.170	  8
    2845.416	  8
    2845.834	  8
    2845.892	  8
    2845.932	  8
    2845.992	  8
    2846.440	  8
    2846.612	  8
    2847.402	  8
    2847.776	  8
    2847.956	  8
    2851.026	  8
    2852.748	  8
    2852.886	  8
    2853.550	  8
    2853.756	  8
    2854.028	  8
    2854.360	  8
    2854.550	  8
    2858.082	  8
    2858.648	  8
    2859.960	  8
    2861.226	  8
    2861.604	  8
    2862.242	  8
    2862.376	  8
    2862.606	  8
    2866.496	  8
    2866.846	  8
    2867.106	  8
    2867.334	  8
    2867.470	  8
    2868.194	  8
    2868.548	  8
    2868.718	  8
    2869.250	  8
    2869.426	  8
    2869.452	  8
    2869.486	  8
    2869.924	  8
    2870.032	  8
    2870.256	  8
    2870.350	  8
    2870.682	  8
    2870.728	  8
    2870.796	  8
    2870.860	  8
    2871.274	  8
    2871.596	  8
    2871.736	  8
    2871.866	  8
    2874.216	  8
    2874.348	  8
    2875.892	  8
    2877.604	  8
    2877.820	  8
    2878.472	  8
    2878.518	  8
    2878.790	  8
    2878.856	  8
    2878.892	  8
    2879.132	  8
    2879.304	  8
    2879.362	  8
    2879.628	  8
    2879.860	  8
    2880.022	  8
    2880.070	  8
    2881.242	  8
    2881.282	  8
    2881.686	  8
    2884.064	  8
    2884.530	  8
    2884.578	  8
    2885.768	  8
    2887.138	  8
    2887.288	  8
    2887.510	  8
    2888.074	  8
    2888.118	  8
    2888.420	  8
    2891.174	  8
    2892.734	 53
    2895.198	  8
    2895.198	 20
    2895.198	 27
    2895.208	 28
    2895.208	 19
    2895.308	 29
    2895.476	  9
    2915.328	 51
    2915.338	 17
    2936.872	  7
    2942.718	  7
    2943.014	  7
    2943.378	  7
    2949.964	  7
    2951.300	  7
    2951.764	  7
    2955.290	  7
    2956.328	  7
    2956.538	  7
    2962.296	  7
    2962.798	  7
    2963.148	  7
    2966.252	  7
    2975.338	 53
    2975.348	 20
    2975.348	 27
    2995.368	 51
    2995.378	 17
    3018.972	  8
    3041.946	  8
    3046.802	  8
    3048.456	  8
    3048.576	  8
    3055.378	 53
    3055.388	 20
    3055.388	 27
    3061.656	  8
    3075.408	 50
    3075.418	 18
    3096.850	  8
    3097.676	  8
    3097.716	  8
    3097.810	  8
    3097.970	  8
    3098.038	  8
    3098.956	  8
    3099.008	  8
    3099.594	  8
    3099.684	  8
    3099.774	  8
    3100.054	  8
    3100.258	  8
    3100.416	  8
    3100.500	  8
    3100.624	  8
    3100.742	  8
    3100.776	  8
    3101.064	  8
    3101.272	  8
    3101.716	  8
    3101.816	  8
    3102.338	  8
    3102.620	  8
    3102.728	  8
    3103.206	  8
    3103.634	  8
    3104.160	  8
    3104.518	  8
    3105.202	  8
    3105.418	 53
    3105.626	  8
    3105.626	 20
    3105.626	 27
    3105.636	 28
    3105.636	 19
    3105.720	  8
    3105.736	 29
    3105.904	  9
    3107.368	  8
    3107.962	  8
    3108.040	  8
    3108.474	  8
    3109.192	  8
    3109.260	  8
    3125.756	 50
    3125.766	 18
    3154.920	  8
    3154.936	  8
    3155.432	  8
    3155.604	  8
    3155.766	 53
    3155.860	  8
    3155.860	 20
    3155.860	 27
    3155.870	 28
    3155.870	 19
    3155.970	 29
    3155.998	  8
    3156.098	  8
    3156.138	  9
    3157.148	  8
    3173.232	  8
    3175.990	 50
    3176.000	 18
    3206.000	 53
    3218.576	  8
    3218.576	 20
    3218.576	 27
    3218.586	 28
    3218.586	 19
    3218.686	 29
    3218.854	  9
    3222.732	  8
    3223.004	  8
    3223.178	  8
    3223.200	  8
    3223.334	  8
    3223.600	  8
    3223.816	  8
    3224.616	  8
    3238.706	 50
    3238.716	 18
    3263.566	  8
    3264.162	  8
    3264.202	  8
    3264.326	  8
    3264.398	  8
    3264.444	  8
    3264.624	  8
    3264.856	  8
    3265.078	  8
    3265.804	  8
    3265.944	  8
    3266.194	  8
    3266.800	  8
    3266.896	  8
    3267.386	  8
    3267.428	  8
    3268.396	  8
    3268.458	  8
    3268.538	  8
    3268.716	 53
    3269.070	  8
    3269.070	 20
    3269.070	 27
    3269.080	 28
    3269.080	 19
    3269.104	  8
    3269.180	 29
    3269.348	  9
    3270.182	  8
    3277.470	  8
    3289.200	 50
    3289.210	 18
    3319.210	 53
    3320.800	  8
    3320.800	 20
    3320.800	 27
    3320.810	 28
    3320.810	 19
    3320.910	 29
    3321.078	  9
    3321.746	  8
    3340.930	 51
    3340.940	 17
    3350.874	  8
    3351.018	  8
    3351.154	  8
    3351.376	  8
    3370.300	  8
    3370.604	  8
    3373.530	  8
    3373.614	  8
    3373.712	  8
    3373.802	  8
    3374.120	  8
    3374.466	  8
    3374.858	  8
    3375.048	  8
    3382.110	  8
    3383.244	  8
    3383.400	  8
    3383.628	  8
    3383.808	  8
    3383.998	  8
    3386.442	  8
    3387.194	  8
    3387.912	  8
    3388.048	  8
    3388.428	  8
    3388.766	  8
    3391.806	  8
    3392.372	  8
    3392.456	  8
    3392.636	  8
    3393.026	  8
    3393.096	  8
    3393.214	  8
    3393.274	  8
    3400.940	 53
    3400.950	 20
    3400.950	 27
    3401.048	  8
    3420.970	 50
    3420.980	 18
    3450.980	 53
    3451.890	  8
    3451.890	 20
    3451.890	 27
    3451.900	 28
    3451.900	 19
    3452.000	 29
    3452.168	  9
    3453.268	  8
    3453.318	  8
    3453.546	  8
    3453.782	  8
    3454.058	  8
    3454.120	  8
    3454.546	  8
    3454.588	  8
    3454.906	  8
    3454.954	  8
    3455.044	  8
    3455.556	  8
    3461.096	  8
    3461.174	  8
    3461.398	  8
    3461.432	  8
    3462.220	  8
    3462.284	  8
    3463.318	  8
    3463.394	  8
    3463.512	  8
    3472.020	 52
    3472.030	 10
    3521.884	  8
    3522.728	  8
    3522.862	  8
    3525.162	  8
    3526.094	  8
    3526.370	  8
    3527.772	  8
    3527.944	  8
    3531.756	  8
    3532.624	  8
    3532.780	  8
    3532.950	  8
    3573.496	  8
    3573.574	  8
    3574.784	  8
    3575.946	  8
    3576.878	  8
    3577.676	  8
    3578.238	  8
    3578.574	  8
    3578.866	  8
    3579.108	  8
    3579.236	  8
    3580.630	  8
    3581.614	  8
    3581.812	  8
    3582.038	  8
    3582.926	  8
    3583.096	  8
    3583.196	  8
    3583.566	  8
    3583.630	  8
    3583.916	  8
    3584.124	  8
    3584.442	  8
    3584.630	  8
    3584.938	  8
    3585.132	  8
    3585.192	  8
    3585.974	  8
    3586.334	  8
    3586.556	  8
    3586.648	  8
    3586.706	  8
    3586.732	  8
    3586.784	  8
    3589.126	  8
    3589.578	  8
    3589.608	  8
    3589.712	  8
    3589.922	  8
    3590.680	  8
    3591.472	  8
    3591.634	  8
    3592.030	 53
    3592.310	  8
    3592.310	 20
    3592.310	 27
    3592.320	 28
    3592.320	 19
    3592.378	  8
    3592.420	 29
    3592.588	  9
    3612.440	 50
    3612.450	 18
    3636.138	  8
    3636.670	  8
    3637.138	  8
    3637.196	  8
    3637.638	  8
    3637.750	  8
    3637.826	  8
    3638.000	  8
    3638.560	  8
    3639.480	  8
    3640.030	  8
    3640.514	  8
    3640.858	  8
    3640.886	  8
    3640.954	  8
    3641.724	  8
    3642.082	  8
    3642.144	  8
    3642.450	 53
    3642.472	  8
    3642.472	 20
    3642.472	 27
    3642.482	 28
    3642.482	 19
    3642.522	  8
    3642.582	 29
    3642.750	  9
    3645.512	  8
    3645.620	  8
    3648.816	  8
    3662.602	 52
    3662.612	 10
    3691.940	  8
    3692.356	  8
    3692.422	  8
    3692.596	  8
    3692.628	  8
    3693.068	  8
    3693.306	  8
    3693.946	  8
    3694.294	  8
    3694.448	  8
    3694.498	  8
    3694.604	  8
    3694.646	  8
    3694.700	  8
    3694.912	  8
    3695.076	  8
    3695.252	  8
    3695.642	  8
    3695.740	  8
    3695.838	  8
    3695.954	  8
    3696.322	  8
    3696.458	  8
    3696.914	  8
    3697.004	  8
    3697.084	  8
    3697.268	  8
    3698.038	  8
    3699.132	  8
    3699.306	  8
    3699.412	  8
    3699.982	  8
    3700.632	  8
    3701.144	  8
    3701.240	  8
    3702.656	  8
    3702.878	  8
    3703.774	  8
    3703.896	  8
    3704.226	  8
    3704.758	  8
    3704.876	  8
    3705.086	  8
    3707.604	  8
    3707.704	  8
    3710.918	  8
    3711.020	  8
    3711.182	  8
    3711.330	  8
    3711.406	  8
    3711.976	  8
    3712.192	  8
    3712.252	  8
    3712.306	  8
    3712.348	  8
    3716.080	  8
    3716.408	  8
    3716.708	  8
    3716.942	  8
    3717.574	  8
    3717.802	  8
    3718.394	  8
    3718.540	  8
    3718.822	  8
    3719.534	  8
    3719.874	  8
    3721.678	  8
    3721.900	  8
    3722.050	  8
    3722.144	  8
    3722.244	  8
    3722.510	  8
    3722.928	  8
    3723.582	  8
    3726.196	  8
    3726.588	  8
    3726.936	  8
    3727.144	  8
    3727.506	  8
    3728.444	  8
    3728.550	  8
    3728.802	  8
    3728.880	  8
    3729.042	  8
    3729.296	  8
    3729.744	  8
    3729.952	  8
    3730.360	  8
    3730.658	  8
    3730.924	  8
    3731.416	  8
    3731.550	  8
    3731.746	  8
    3731.842	  8
    3731.972	  8
    3732.106	  8
    3732.152	  8
    3733.524	  7
    3733.648	  7
    3733.804	  7
    3733.962	  7
    3734.130	  7
    3734.558	  7
    3735.760	  8
    3735.816	  8
    3736.590	  8
    3737.014	  8
    3737.262	  8
    3738.598	  8
    3741.266	  8
    3741.326	  8
    3741.542	  8
    3741.654	  8
    3741.708	  8
    3741.752	  8
    3741.826	  8
    3742.066	  8
    3742.120	  8
    3742.194	  8
    3742.406	  8
    3743.314	  8
    3743.362	  8
    3743.442	  8
    3743.702	  8
    3743.826	  8
    3743.916	  8
    3744.484	  8
    3744.506	  8
    3745.252	  8
    3745.692	  8
    3746.280	  8
    3746.606	  8
    3746.760	  8
    3747.534	  8
    3747.744	  8
    3747.994	  8
    3748.884	  8
    3749.308	  8
    3749.362	  8
    3749.952	  8
    3750.062	  8
    3750.356	  8
    3750.512	  8
    3750.680	  8
    3750.992	  8
    3752.222	  8
    3752.628	  8
    3752.770	  8
    3753.462	  8
    3754.000	  8
    3754.308	  8
    3754.568	  8
    3754.812	  8
    3754.836	  8
    3755.096	  8
    3755.382	  8
    3755.566	  8
    3755.650	  8
    3755.682	  8
    3755.798	  8
    3756.190	  8
    3756.356	  8
    3756.734	  8
    3756.854	  8
    3757.124	  8
    3757.272	  8
    3757.450	  8
    3757.652	  8
    3757.912	  8
    3757.972	  8
    3758.222	  8
    3758.390	  8
    3758.468	  8
    3758.742	  8
    3758.810	  8
    3759.124	  8
    3761.378	  8
    3763.860	  8
    3767.106	  8
    3767.810	  8
    3767.898	  8
    3768.368	  8
    3768.562	  8
    3768.766	  8
    3769.178	  8
    3769.260	  8
    3769.392	  8
    3769.470	  8
    3769.610	  8
    3769.798	  8
    3769.872	  8
    3770.226	  8
    3770.580	  8
    3770.992	  8
    3771.198	  8
    3771.324	  8
    3771.814	  8
    3772.390	  8
    3772.466	  8
    3773.306	  8
    3773.636	  8
    3773.812	  8
    3774.106	  8
    3774.534	  8
    3774.750	  8
    3775.586	  8
    3775.668	  8
    3775.726	  8
    3775.770	  8
    3775.832	  8
    3776.432	  8
    3776.742	  8
    3778.718	  8
    3780.308	  8
    3780.602	  8
    3781.034	  8
    3781.188	  8
    3781.306	  8
    3781.618	  8
    3781.858	  8
    3782.112	  8
    3782.308	  8
    3782.612	 53
    3782.614	  8
    3782.614	 20
    3782.614	 27
    3782.624	 28
    3782.624	 19
    3782.724	 29
    3782.892	  9
    3785.620	  8
    3785.698	  8
    3785.806	  8
    3786.290	  8
    3786.344	  8
    3786.450	  8
    3802.744	 52
    3802.754	 10
    3804.172	  8
    3835.452	  8
    3835.870	  8
    3850.140	  8
    3850.414	  8
    3850.500	  8
    3850.616	  8
    3870.216	  8
    3871.044	  8
    3871.510	  8
    3876.516	  8
    3877.190	  8
    3877.360	  8
    3877.416	  8
    3877.470	  8
    3877.758	  8
    3877.986	  8
    3881.046	  8
    3881.278	  8
    3881.628	  8
    3882.752	  8
    3883.196	  8
    3883.564	  8
    3883.670	  8
    3883.808	  8
    3884.098	  8
    3884.268	  8
    3884.332	  8
    3884.382	  8
    3884.744	  8
    3884.914	  8
    3885.618	  8
    3885.700	  8
    3887.724	  8
    3888.098	  8
    3890.114	  8
    3891.254	  8
    3891.654	  8
    3892.182	  8
    3892.312	  8
    3892.790	  8
    3893.228	  8
    3893.300	  8
    3893.496	  8
    3895.652	  8
    3896.214	  8
    3896.360	  8
    3897.264	  8
    3897.456	  8
    3897.680	  8
    3897.842	  8
    3898.814	  8
    3898.852	  8
    3901.132	  7
    3901.250	  7
    3901.396	  7
    3901.584	  7
    3901.718	  7
    3901.904	  7
    3902.078	  7
    3902.288	  7
    3902.440	  7
    3902.632	  7
    3902.812	  7
    3902.994	  7
    3903.198	  7
    3903.372	  7
    3903.580	  7
    3903.758	  7
    3903.960	  7
    3904.168	  7
    3904.340	  7
    3904.556	  7
    3904.712	  7
    3904.918	  7
    3905.094	  7
    3905.294	  7
    3905.450	  7
    3905.656	  7
    3905.810	  7
    3906.004	  7
    3906.190	  7
    3906.382	  7
    3906.534	  7
    3906.726	  7
    3906.896	  7
    3907.094	  7
    3907.266	  7
    3907.456	  7
    3907.644	  7
    3907.814	  7
    3907.992	  7
    3908.158	  7
    3908.348	  7
    3908.512	  7
    3908.708	  7
    3908.878	  7
    3909.074	  7
    3909.248	  7
    3909.454	  7
    3909.606	  7
    3909.798	  7
    3909.970	  7
    3910.156	  7
    3910.326	  7
    3910.522	  7
    3910.682	  7
    3910.850	  7
    3911.008	  7
    3911.196	  7
    3911.372	  7
    3911.544	  7
    3911.728	  7
    3911.910	  7
    3912.306	  7
    3912.476	  7
    3912.638	  7
    3912.850	  7
    3913.004	  7
    3913.162	  7
    3913.362	  7
    3913.524	  7
    3913.716	  7
    3913.874	  7
    3914.058	  7
    3914.214	  7
    3914.372	  7
    3914.552	  7
    3914.728	  7
    3914.892	  7
    3915.100	  7
    3915.250	  7
    3915.410	  7
    3915.586	  7
    3915.752	  7
    3915.928	  7
    3916.082	  7
    3916.270	  7
    3916.434	  7
    3916.608	  7
    3916.832	  7
    3916.968	  7
    3917.844	  8
    3918.236	  8
    3918.270	  8
    3918.340	  8
    3918.442	  8
    3918.786	  8
    3919.352	  8
    3919.394	  8
    3919.604	  8
    3919.700	  8
    3920.094	  8
    3920.510	  8
    3921.836	  8
    3921.926	  8
    3922.368	  8
    3922.716	  8
    3922.754	 53
    3923.308	  8
    3923.308	 20
    3923.308	 27
    3923.318	 28
    3923.318	 19
    3923.418	 29
    3923.446	  8
    3923.586	  9
    3925.188	  8
    3925.542	  8
    3925.676	  8
    3926.426	  8
    3943.438	 52
    3943.448	 10
    4008.290	  8
    4008.364	  8
    4009.014	  8
    4009.062	  8
    4009.170	  8
    4009.224	  8
    4009.532	  8
    4010.162	  8
    4011.178	  8
    4011.300	  8
    4011.448	  8
    4012.364	  8
    4013.640	  8
    4015.130	  8
    4015.474	  8
    4015.724	  8
    4015.812	  8
    4015.910	  8
    4016.078	  8
    4016.364	  8
    4016.464	  8
    4016.592	  8
    4016.622	  8
    4016.678	  8
    4016.940	  8
    4018.428	  8
    4019.190	  8
    4020.066	  8
    4021.106	  8
    4021.374	  8
    4021.624	  8
    4022.016	  8
    4022.256	  8
    4022.454	  8
    4023.036	  8
    4023.118	  8
    4023.208	  8
    4023.514	  8
    4024.032	  8
    4024.132	  8
    4024.204	  8
    4024.298	  8
    4024.376	  8
    4024.502	  8
    4024.568	  8
    4024.790	  8
    4024.830	  8
    4024.952	  8
    4025.040	  8
    4025.122	  8
    4025.160	  8
    4025.426	  8
    4025.492	  8
    4028.358	  8
    4030.328	  8
    4031.536	  8
    4032.162	  8
    4037.642	  8
    4037.766	  8
    4038.150	  8
    4038.212	  8
    4038.254	  8
    4038.870	  8
    4041.432	  8
    4041.476	  8
    4041.568	  8
    4041.792	  8
    4042.012	  8
    4042.066	  8
    4042.334	  8
    4042.438	  8
    4042.584	  8
    4042.688	  8
    4042.784	  8
    4042.912	  8
    4043.070	  8
    4043.420	  8
    4043.682	  8
    4044.946	  8
    4045.466	  8
    4045.730	  8
    4045.912	  8
    4046.212	  8
    4046.310	  8
    4046.952	  8
    4047.216	  8
    4048.168	  8
    4048.222	  8
    4048.464	  8
    4048.688	  8
    4049.612	  8
    4050.078	  8
    4050.508	  8
    4050.632	  8
    4050.804	  8
    4050.886	  8
    4051.354	  8
    4051.400	  8
    4051.630	  8
    4051.792	  8
    4051.840	  8
    4051.966	  8
    4052.592	  8
    4052.660	  8
    4052.838	  8
    4055.074	  8
    4055.348	  8
    4057.006	  8
    4057.142	  8
    4057.352	  8
    4057.436	  8
    4057.680	  8
    4058.134	  8
    4058.330	  8
    4059.786	  8
    4059.816	  8
    4061.032	  8
    4061.212	  8
    4061.592	  8
    4061.812	  8
    4061.902	  8
    4062.238	  8
    4062.310	  8
    4062.516	  8
    4062.554	  8
    4062.598	  8
    4062.812	  8
    4062.988	  8
    4063.024	  8
    4063.448	 53
    4064.372	  8
    4064.372	 20
    4064.372	 27
    4064.382	 28
    4064.382	 19
    4064.482	 29
    4064.650	  9
    4072.682	  8
    4072.724	  8
    4072.880	  8
    4082.186	  8
    4084.502	 52
    4084.512	 10
    4139.376	  8
    4139.774	  8
    4139.904	  8
    4166.422	  8
    4168.978	  8
    4171.270	  8
    4171.674	  8
    4174.672	  8
    4174.928	  8
    4177.912	  8
    4178.086	  8
    4178.514	  8
    4178.620	  8
    4179.176	  8
    4179.388	  8
    4179.542	  8
    4180.142	  8
    4180.746	  8
    4180.852	  8
    4182.132	  8
    4182.630	  8
    4182.804	  8
    4182.928	  8
    4183.052	  8
    4184.602	  8
    4186.378	  8
    4186.698	  8
    4187.932	  8
    4187.990	  8
    4188.112	  8
    4188.196	  8
    4188.606	  8
    4188.724	  8
    4188.818	  8
    4189.286	  8
    4189.436	  8
    4189.642	  8
    4189.880	  8
    4189.962	  8
    4190.062	  8
    4190.142	  8
    4190.432	  8
    4191.296	  8
    4194.586	  8
    4194.786	  8
    4194.926	  8
    4195.124	  8
    4195.386	  8
    4195.588	  8
    4196.124	  8
    4196.240	  8
    4197.426	  8
    4197.828	  8
    4197.862	  8
    4197.942	  8
    4198.434	  8
    4198.820	  8
    4198.984	  8
    4199.678	  8
    4204.512	 53
    4204.688	  8
    4204.688	 20
    4204.688	 27
    4204.698	 28
    4204.698	 19
    4204.798	 29
    4204.966	  9
    4209.130	  8
    4224.818	 50
    4224.828	 18
    4248.080	  8
    4248.566	  8
    4249.130	  8
    4249.178	  8
    4249.398	  8
    4249.576	  8
    4249.646	  8
    4249.732	  8
    4249.998	  8
    4250.340	  8
    4250.786	  8
    4251.096	  8
    4251.486	  8
    4251.556	  8
    4251.880	  8
    4252.236	  8
    4252.310	  8
    4252.420	  8
    4252.600	  8
    4252.742	  8
    4252.860	  8
    4253.486	  8
    4254.044	  8
    4254.174	  8
    4254.720	  8
    4254.754	  8
    4254.828	 53
    4255.282	  8
    4255.282	 20
    4255.282	 27
    4255.292	 28
    4255.292	 19
    4255.392	 29
    4255.522	  8
    4255.560	  9
    4256.656	  8
    4256.748	  8
    4256.792	  8
    4257.218	  8
    4260.794	  8
    4275.412	 50
    4275.422	 18
    4295.136	  8
    4295.614	  8
    4295.752	  8
    4295.980	  8
    4296.048	  8
    4296.162	  8
    4296.422	  8
    4296.488	  8
    4297.536	  8
    4298.372	  8
    4298.416	  8
    4298.602	  8
    4298.680	  8
    4298.986	  8
    4299.022	  8
    4299.148	  8
    4299.196	  8
    4299.268	  8
    4299.400	  8
    4299.470	  8
    4300.188	  8
    4300.324	  8
    4301.134	  8
    4301.200	  8
    4301.238	  8
    4301.338	  8
    4301.612	  8
    4301.820	  8
    4301.982	  8
    4302.178	  8
    4302.394	  8
    4302.498	  8
    4302.924	  8
    4303.200	  8
    4303.228	  8
    4303.558	  8
    4304.236	  8
    4304.344	  8
    4305.046	  8
    4305.422	 53
    4305.434	  8
    4305.434	 20
    4305.434	 27
    4305.444	 28
    4305.444	 19
    4305.544	 29
    4305.712	  9
    4313.672	  8
    4325.564	 51
    4325.574	 17
    4343.076	  7
    4385.574	 53
    4385.584	 20
    4385.584	 27
    4393.134	  8
    4393.258	  8
    4393.340	  8
    4393.448	  8
    4393.558	  8
    4393.810	  8
    4405.604	 50
    4405.614	 18
    4412.392	  8
    4412.546	  8
    4412.638	  8
    4412.738	  8
    4412.782	  8
    4413.284	  8
    4413.674	  8
    4413.792	  8
    4414.572	  8
    4415.036	  8
    4415.148	  8
    4415.424	  8
    4416.202	  8
    4416.264	  8
    4416.658	  8
    4419.302	  8
    4419.320	  8
    4419.356	  8
    4419.758	  8
    4420.064	  8
    4420.776	  8
    4420.890	  8
    4422.714	  8
    4424.208	  8
    4424.322	  8
    4424.786	  8
    4425.438	  8
    4425.518	  8
    4425.560	  8
    4426.992	  8
    4427.702	  8
    4427.766	  8
    4427.842	  8
    4427.988	  8
    4428.076	  8
    4428.466	  8
    4428.520	  8
    4428.648	  8
    4429.076	  8
    4429.180	  8
    4429.238	  8
    4429.410	  8
    4429.444	  8
    4429.846	  8
    4430.926	  8
    4431.306	  8
    4431.504	  8
    4431.536	  8
    4432.198	  8
    4432.502	  8
    4432.652	  8
    4432.794	  8
    4433.258	  8
    4433.438	  8
    4433.502	  8
    4433.770	  8
    4433.858	  8
    4435.362	  8
    4435.412	  8
    4435.614	 53
    4435.700	  8
    4435.700	 20
    4435.700	 27
    4435.710	 28
    4435.710	 19
    4435.810	 29
    4435.910	  8
    4435.978	  9
    4437.316	  8
    4437.446	  8
    4437.640	  8
    4437.860	  8
    4438.192	  8
    4438.334	  8
    4438.400	  8
    4438.718	  8
    4438.756	  8
    4439.062	  8
    4439.166	  8
    4439.782	  8
    4439.922	  8
    4439.966	  8
    4440.020	  8
    4440.138	  8
    4441.274	  8
    4441.604	  8
    4441.706	  8
    4442.072	  8
    4444.850	  8
    4444.944	  8
    4445.328	  8
    4455.830	 52
    4455.840	 10
    4472.504	  8
    4472.734	  8
    4472.924	  8
    4473.026	  8
    4487.364	  8
    4487.518	  8
    4544.554	  8
    4548.972	  8
    4549.666	  8
    4552.694	  8
    4553.152	  8
    4553.934	  8
    4555.550	  8
    4555.816	  8
    4556.706	  8
    4557.380	  8
    4557.990	  8
    4558.068	  8
    4558.100	  8
    4558.494	  8
    4558.836	  8
    4559.312	  8
    4559.466	  8
    4559.648	  8
    4559.820	  8
    4560.236	  8
    4566.426	  8
    4566.830	  8
    4567.046	  8
    4567.204	  8
    4567.292	  8
    4567.568	  8
    4567.882	  8
    4569.024	  8
    4569.638	  8
    4570.008	  8
    4570.048	  8
    4572.024	  7
    4572.178	  7
    4572.338	  7
    4572.518	  7
    4572.676	  7
    4572.848	  7
    4573.042	  7
    4573.248	  7
    4573.442	  7
    4573.630	  7
    4574.702	  8
    4574.838	  8
    4575.126	  8
    4575.220	  8
    4575.556	  8
    4575.840	 53
    4576.932	  8
    4576.932	 20
    4576.932	 27
    4576.942	 28
    4576.942	 19
    4577.042	 29
    4577.144	  8
    4577.210	  9
    4597.062	 50
    4597.072	 18
    4627.072	 53
    4635.636	  8
    4635.636	 20
    4635.636	 27
    4635.646	 28
    4635.646	 19
    4635.746	 29
    4635.914	  9
    4636.682	  8
    4636.720	  8
    4636.928	  8
    4655.766	 51
    4655.776	 17
    4666.864	  8
    4666.972	  8
    4668.266	  8
    4668.320	  8
    4668.454	  8
    4668.610	  8
    4668.846	  8
    4668.962	  8
    4669.066	  8
    4669.126	  8
    4669.272	  8
    4669.370	  8
    4691.644	  8
    4691.698	  8
    4691.938	  8
    4692.114	  8
    4692.590	  8
    4694.404	  8
    4695.420	  8
    4697.166	  8
    4697.528	  8
    4697.630	  8
    4697.744	  8
    4715.776	 53
    4715.786	 20
    4715.786	 27
    4722.798	  8
    4722.904	  8
    4723.196	  8
    4723.308	  8
    4723.416	  8
    4723.612	  8
    4723.770	  8
    4723.838	  8
    4723.972	  8
    4724.220	  8
    4724.334	  8
    4724.442	  8
    4724.574	  8
    4724.758	  8
    4724.948	  8
    4725.084	  8
    4725.250	  8
    4735.784	  8
    4735.806	 51
    4735.816	 17
    4736.818	  8
    4738.132	  8
    4738.476	  8
    4738.708	  8
    4738.920	  8
    4752.114	  8
    4752.790	  8
    4752.914	  8
    4753.044	  8
    4753.172	  8
    4753.318	  8
    4753.446	  8
    4753.570	  8
    4753.658	  8
    4753.770	  8
    4758.470	  8
    4758.628	  8
    4760.964	  8
    4761.488	  8
    4762.462	  8
    4763.390	  8
    4764.956	  8
    4777.962	  8
    4778.674	  8
    4780.772	  8
    4781.102	  8
    4781.664	  8
    4783.532	  8
    4783.948	  8
    4784.630	  8
    4784.772	  8
    4785.024	  8
    4785.936	  8
    4786.262	  8
    4786.352	  8
    4786.414	  8
    4787.676	  8
    4787.770	  8
    4794.820	  8
    4795.816	 53
    4795.826	 20
    4795.826	 27
    4795.934	  8
    4796.672	  8
    4797.024	  8
    4797.066	  8
    4815.846	 51
    4815.856	 17
    4826.492	  8
    4827.418	  8
    4829.988	  8
    4830.028	  8
    4830.162	  8
    4830.266	  8
    4830.336	  8
    4830.600	  8
    4830.800	  8
    4831.544	  8
    4846.610	  8
    4846.642	  8
    4847.430	  8
    4847.506	  8
    4848.500	  8
    4875.856	 53
    4875.866	 20
    4875.866	 27
    4879.336	  8
    4879.372	  8
    4879.492	  8
    4881.102	  8
    4881.238	  8
    4881.386	  8
    4882.664	  8
    4883.050	  8
    4884.014	  8
    4884.184	  8
    4884.304	  8
    4884.434	  8
    4885.014	  8
    4885.142	  8
    4885.876	  8
    4886.384	  8
    4889.708	  8
    4891.610	  8
    4891.676	  8
    4891.790	  8
    4892.350	  8
    4892.528	  8
    4892.698	  8
    4892.914	  8
    4895.886	 50
    4895.896	 18
    4898.076	  8
    4898.162	  8
    4898.494	  8
    4898.618	  8
    4898.944	  8
    4900.540	  8
    4906.266	  8
    4907.076	  8
    4907.452	  8
    4908.206	  8
    4908.414	  8
    4909.056	  8
    4909.546	  8
    4910.490	  8
    4911.524	  8
    4913.180	  8
    4913.804	  8
    4914.348	  8
    4914.560	  8
    4915.180	  8
    4915.898	  8
    4916.428	  8
    4916.872	  8
    4917.200	  8
    4917.242	  8
    4917.518	  8
    4917.898	  8
    4917.958	  8
    4918.642	  8
    4919.068	  8
    4919.600	  8
    4920.082	  8
    4920.176	  8
    4920.208	  8
    4920.280	  8
    4920.418	  8
    4920.658	  8
    4920.780	  8
    4920.936	  8
    4921.578	  8
    4922.032	  8
    4922.112	  8
    4922.438	  8
    4922.934	  8
    4923.012	  8
    4923.068	  8
    4923.342	  8
    4923.642	  8
    4924.110	  8
    4924.370	  8
    4924.490	  8
    4925.076	  8
    4925.744	  8
    4925.890	  8
    4925.896	 53
    4926.614	  8
    4926.614	 20
    4926.614	 27
    4926.624	 28
    4926.624	 19
    4926.714	  8
    4926.724	 29
    4926.892	  8
    4928.898	  8
    4928.992	  8
    4930.502	  8
    4930.710	  8
    4930.824	  8
    4930.862	  8
    4930.988	  8
    4931.096	  8
    4931.344	  8
    4931.600	  8
    4931.742	  8
    4931.804	  8
    4931.956	  8
    4932.056	  8
    4932.100	  8
    4934.904	  8
    4935.516	  8
    4935.654	  8
    4936.578	  8
    4936.938	  8
    4946.744	 51
    4946.754	 17
    4957.430	  8
    4957.810	  8
    4957.840	  8
    4958.386	  8
    4958.464	  8
    4958.658	  8
    4958.758	  8
    4958.960	  8
    4959.104	  8
    4959.952	  8
    4960.394	  8
    4960.476	  8
    4960.582	  8
    4960.688	  8
    4961.056	  8
    4961.126	  8
    4961.184	  8
    4966.200	  8
    4966.542	  8
    4966.854	  8
    4967.122	  8
    4968.824	  8
    4968.930	  8
    4970.788	  8
    4971.140	  8
    4971.454	  8
    4979.664	  8
    4980.412	  8
    4981.768	  8
    4981.886	  8
    5006.754	 53
    5006.764	 20
    5006.764	 27
    5009.634	  8
    5009.724	  8
    5009.888	  8
    5010.960	  8
    5011.810	  8
    5012.500	  8
    5026.784	 52
    5026.794	 10
    5056.388	  8
    5056.420	  8
    5056.604	  8
    5056.936	  8
    5057.034	  8
    5088.812	  8
    5088.896	  8
    5089.050	  8
    5091.672	  8
    5091.778	  8
    5091.920	  8
    5092.410	  8
    5092.606	  8
    5093.168	  8
    5098.902	  8
    5099.700	  8
    5106.952	  8
    5114.432	  8
    5118.432	  8
    5118.534	  8
    5118.744	  8
    5121.010	  8
    5122.462	  8
    5122.590	  8
    5122.984	  8
    5128.240	  8
    5129.462	  8
    5131.040	  8
    5131.438	  8
    5132.742	  8
    5133.772	  8
    5134.218	  8
    5136.170	  8
    5144.152	  8
    5145.178	  8
    5145.542	  8
    5146.010	  8
    5146.738	  8
    5146.794	 53
    5146.984	  8
    5146.984	 20
    5146.984	 27
    5146.994	 28
    5146.994	 19
    5147.094	 29
    5147.150	  8
    5147.262	  9
    5152.390	  8
    5152.532	  8
    5158.026	  8
    5167.114	 50
    5167.124	 18
    5186.404	  8
    5186.430	  8
    5186.724	  8
    5186.786	  8
    5187.026	  8
    5187.114	  8
    5187.734	  8
    5187.752	  8
    5187.838	  8
    5188.372	  8
    5188.654	  8
    5189.326	  8
    5189.894	  8
    5190.724	  8
    5190.814	  8
    5190.920	  8
    5191.756	  8
    5191.776	  8
    5192.856	  8
    5193.212	  8
    5193.358	  8
    5193.422	  8
    5193.482	  8
    5193.690	  8
    5193.758	  8
    5194.278	  8
    5194.372	  8
    5194.418	  8
    5195.018	  8
    5195.316	  8
    5195.458	  8
    5195.484	  8
    5195.812	  8
    5195.922	  8
    5196.364	  8
    5196.896	  8
    5197.124	 53
    5197.150	  8
    5197.150	 20
    5197.150	 27
    5197.160	 28
    5197.160	 19
    5197.256	  8
    5197.260	 29
    5197.428	  9
    5199.542	  8
    5203.658	  8
    5203.920	  8
    5204.120	  8
    5204.478	  8
    5205.080	  8
    5206.798	  8
    5207.022	  8
    5207.130	  8
    5207.708	  8
    5208.314	  8
    5212.196	  8
    5212.828	  8
    5212.906	  8
    5212.954	  8
    5213.028	  8
    5213.062	  8
    5213.468	  8
    5213.510	  8
    5215.274	  8
    5215.794	  8
    5217.280	 51
    5217.290	 17
    5240.008	  8
    5240.098	  8
    5240.330	  8
    5240.488	  8
    5241.456	  8
    5241.628	  8
    5277.290	 53
    5277.300	 20
    5277.300	 27
    5277.310	 61
