       0.338	  8
       0.654	  8
      17.394	  8
      17.446	  8
      20.010	 52
      20.020	 18
      27.956	  8
      37.570	  8
      37.788	  8
      53.916	  7
      55.678	  8
      55.882	  8
      56.144	  8
      56.478	  8
      56.860	  8
      65.632	  8
      65.956	  8
      66.438	  8
      66.864	  8
      67.148	  8
      73.314	  5
      75.822	  7
      75.914	  7
      76.050	  7
      76.500	  7
      81.608	  8
      82.034	  8
      82.438	  8
      82.996	  8
      83.406	  8
     117.544	  8
     118.108	  8
     118.370	  8
     118.528	  8
     119.092	  8
     119.854	  8
     120.068	  8
     120.500	  8
     120.892	  8
     121.226	  8
     121.652	  8
     122.340	  8
     127.234	  8
     127.502	  8
     127.806	  8
     128.126	  8
     128.506	  8
     128.690	  8
     128.940	  8
     140.020	 53
     150.744	  8
     150.744	 20
     150.744	 27
     150.754	 28
     150.754	 19
     150.854	 29
     150.928	  8
     151.024	  9
     160.742	  7
     160.850	  7
     160.990	  7
     161.138	  7
     161.262	  7
     161.406	  7
     161.550	  7
     161.688	  7
     161.830	  7
     161.974	  7
     162.114	  7
     162.242	  7
     162.380	  7
     162.516	  7
     162.658	  7
     162.792	  7
     162.970	  7
     163.100	  7
     163.226	  7
     163.348	  7
     163.478	  7
     163.616	  7
     163.754	  7
     163.902	  7
     164.050	  7
     164.268	  7
     164.438	  7
     164.570	  7
     164.714	  7
     164.860	  7
     165.006	  7
     165.148	  7
     165.300	  7
     165.452	  7
     165.648	  7
     165.782	  7
     165.920	  7
     166.092	  7
     166.212	  7
     166.346	  7
     166.496	  7
     166.614	  7
     166.758	  7
     166.916	  7
     167.070	  7
     167.252	  7
     167.382	  7
     167.536	  7
     167.680	  7
     167.864	  7
     168.022	  7
     168.188	  7
     168.346	  7
     168.498	  7
     168.638	  7
     168.782	  7
     168.916	  7
     169.084	  7
     169.214	  7
     169.366	  7
     169.516	  7
     169.662	  7
     169.808	  7
     169.956	  7
     170.104	  7
     170.256	  7
     170.434	  7
     170.556	  7
     170.684	  7
     170.810	  7
     170.874	 50
     170.884	 17
     170.964	  7
     171.086	  7
     171.206	  7
     171.342	  7
     171.454	  7
     171.584	  7
     171.924	  7
     172.048	  7
     172.222	  7
     172.362	  7
     172.520	  7
     172.634	  7
     174.596	  7
     174.762	  7
     174.892	  7
     175.054	  7
     175.184	  7
     175.326	  7
     175.458	  7
     175.600	  7
     175.748	  7
     175.982	  7
     176.132	  7
     176.276	  7
     176.432	  7
     176.588	  7
     176.736	  7
     176.864	  7
     177.000	  7
     177.306	  7
     177.518	  7
     177.698	  7
     177.844	  7
     177.986	  7
     178.136	  7
     178.284	  7
     178.446	  7
     178.592	  7
     178.720	  7
     178.894	  7
     179.054	  7
     179.228	  7
     179.344	  7
     179.552	  7
     179.678	  7
     179.832	  7
     179.996	  7
     180.288	  7
     180.418	  7
     180.568	  7
     180.724	  7
     180.866	  7
     181.046	  7
     181.162	  7
     181.290	  7
     181.426	  7
     181.560	  7
     181.700	  7
     181.874	  7
     182.042	  7
     183.674	  7
     183.836	  7
     184.016	  7
     184.154	  7
     184.290	  7
     184.430	  7
     184.570	  7
     184.736	  7
     190.220	  7
     192.994	  7
     193.098	  7
     193.336	  7
     193.462	  7
     195.130	  7
     195.468	  7
     195.804	  7
     196.180	  7
     196.714	  7
     197.044	  7
     197.372	  7
     200.884	 53
     200.894	 20
     200.894	 27
     220.914	 52
     220.924	 18
     238.260	  8
     244.758	  8
     244.916	  8
     276.926	  8
     277.134	  8
     277.964	  8
     278.270	  8
     278.784	  8
     278.998	  8
     279.480	  8
     280.196	  8
     280.678	  8
     280.954	  8
     281.318	  8
     281.736	  8
     282.124	  8
     283.136	  8
     290.620	  8
     290.828	  8
     291.088	  8
     291.244	  8
     291.460	  8
     292.296	  8
     292.598	  8
     292.922	  8
     293.658	  8
     294.188	  8
     294.834	  8
     295.168	  8
     295.348	  8
     297.386	  8
     298.090	  8
     298.614	  8
     299.952	  8
     301.082	  8
     301.534	  8
     302.278	  8
     302.698	  8
     304.140	  8
     304.208	  8
     304.850	  8
     305.266	  8
     305.620	  8
     306.080	  8
     306.772	  8
     309.080	  8
     309.440	  8
     309.876	  8
     310.202	  8
     310.866	  8
     315.784	  8
     316.272	  8
     317.162	  8
     317.438	  8
     317.728	  8
     318.048	  8
     318.624	  8
     319.186	  8
     323.152	  8
     323.212	  8
     323.600	  8
     324.262	  8
     324.766	  8
     325.208	  8
     325.498	  8
     325.984	  8
     326.574	  8
     328.610	  8
     329.402	  8
     329.726	  8
     330.138	  8
     331.780	  8
     332.510	  8
     336.384	  8
     336.704	  8
     336.942	  8
     337.286	  8
     339.676	  8
     340.924	 53
     341.956	  8
     341.956	 20
     341.956	 27
     341.966	 28
     341.966	 19
     342.066	 29
     342.208	  8
     342.236	  9
     362.086	 50
     362.096	 17
     392.096	 53
     392.106	 20
     392.106	 27
     407.816	  7
     408.990	  7
     409.344	  7
     412.126	 52
     412.136	 18
     424.260	  8
     506.670	  8
     507.010	  8
     507.448	  8
     507.838	  8
     508.220	  8
     508.798	  8
     509.094	  8
     509.572	  8
     509.866	  8
     510.322	  8
     510.770	  8
     511.010	  8
     511.122	  8
     511.442	  8
     511.904	  8
     514.070	  8
     514.472	  8
     514.652	  8
     515.008	  8
     515.304	  8
     515.906	  8
     516.204	  8
     517.046	  8
     517.690	  8
     517.948	  8
     518.290	  8
     518.606	  8
     518.974	  8
     521.338	  8
     521.436	  8
     521.566	  8
     521.822	  8
     522.148	  8
     522.292	  8
     522.632	  8
     522.790	  8
     523.004	  8
     523.360	  8
     523.826	  8
     524.784	  8
     526.184	  8
     526.400	  8
     526.832	  8
     527.226	  8
     527.412	  8
     527.686	  8
     527.866	  8
     528.362	  8
     528.596	  8
     528.922	  8
     529.270	  8
     529.704	  8
     530.110	  8
     530.456	  8
     532.136	 53
     534.408	  8
     534.408	 20
     534.408	 27
     534.418	 28
     534.418	 19
     534.518	 29
     534.666	  8
     534.688	  9
     543.386	  8
     546.566	  7
     546.718	  7
     546.890	  7
     547.168	  7
     547.326	  7
     547.482	  7
     547.654	  7
     547.810	  7
     547.970	  7
     548.128	  7
     548.278	  7
     548.430	  7
     548.566	  7
     548.756	  7
     548.880	  7
     549.012	  7
     549.148	  7
     549.276	  7
     549.412	  7
     549.538	  7
     549.702	  7
     549.852	  7
     550.018	  7
     550.208	  7
     550.350	  7
     550.486	  7
     550.640	  7
     550.774	  7
     550.904	  7
     551.034	  7
     551.180	  7
     551.320	  7
     551.474	  7
     551.634	  7
     551.796	  7
     551.990	  7
     552.122	  7
     552.262	  7
     552.398	  7
     552.538	  7
     552.698	  7
     552.854	  7
     552.998	  7
     553.152	  7
     553.300	  7
     553.442	  7
     553.630	  7
     553.774	  7
     553.914	  7
     554.076	  7
     554.212	  7
     554.348	  7
     554.490	  7
     554.538	 52
     554.548	 18
     554.644	  7
     554.840	  7
     554.968	  7
     555.168	  7
     555.292	  7
     555.436	  7
     555.582	  7
     555.716	  7
     555.856	  7
     556.000	  7
     556.158	  7
     556.288	  7
     556.492	  7
     556.646	  7
     556.854	  7
     557.004	  7
     557.154	  7
     557.310	  7
     557.466	  7
     557.620	  7
     557.774	  7
     557.938	  7
     558.100	  7
     558.246	  7
     558.414	  7
     558.540	  7
     559.050	  7
     559.430	  7
     559.552	  7
     559.726	  7
     559.860	  7
     560.030	  7
     560.212	  7
     560.376	  7
     560.544	  7
     560.716	  7
     560.878	  7
     561.080	  7
     561.210	  7
     561.350	  7
     561.490	  7
     561.622	  7
     561.760	  7
     564.532	  8
     567.326	  8
     609.594	  8
     610.052	  8
     610.984	  8
     611.232	  8
     611.644	  8
     612.330	  8
     617.248	  8
     638.090	  8
     638.266	  8
     638.940	  8
     639.624	  8
     640.058	  8
     640.540	  8
     641.006	  8
     641.450	  8
     641.824	  8
     642.128	  8
     642.668	  8
     643.220	  8
     643.848	  8
     644.204	  8
     648.766	  8
     649.080	  8
     649.472	  8
     649.806	  8
     650.246	  8
     650.588	  8
     651.140	  8
     651.778	  8
     652.722	  8
     657.434	  8
     658.284	  8
     659.040	  8
     659.496	  8
     659.788	  8
     660.474	  8
     660.768	  8
     661.170	  8
     661.606	  8
     661.962	  8
     662.356	  8
     665.036	  8
     665.402	  8
     665.642	  8
     665.976	  8
     666.296	  8
     666.946	  8
     669.984	  8
     670.262	  8
     670.666	  8
     671.016	  8
     671.220	  8
     671.530	  8
     671.844	  8
     672.124	  8
     672.570	  8
     673.068	  8
     673.438	  8
     674.546	  8
     674.548	 53
     677.120	  8
     677.120	 20
     677.120	 27
     677.130	 28
     677.130	 19
     677.230	 29
     677.360	  8
     677.400	  9
     697.250	 52
     697.260	 18
     755.658	  8
     756.632	  8
     756.894	  8
     757.522	  8
     758.072	  8
     758.506	  8
     759.400	  8
     760.526	  8
     760.564	  8
     760.942	  8
     761.950	  8
     762.432	  8
     762.876	  8
     765.178	  8
     765.734	  8
     766.372	  8
     768.396	  8
     768.824	  8
     769.390	  8
     769.744	  8
     770.160	  8
     773.416	  8
     773.492	  8
     773.840	  8
     774.562	  8
     776.734	  8
     777.088	  8
     785.052	  8
     785.204	  8
     785.678	  8
     786.202	  8
     786.772	  8
     787.224	  8
     787.702	  8
     788.256	  8
     788.960	  8
     789.678	  8
     792.452	  8
     792.810	  8
     793.034	  8
     794.082	  8
     796.852	  8
     808.200	  8
     808.858	  8
     809.292	  8
     809.736	  8
     810.106	  8
     810.708	  8
     811.110	  8
     811.578	  8
     812.144	  8
     812.442	  8
     812.842	  8
     813.256	  8
     813.656	  8
     814.090	  8
     814.484	  8
     815.180	  8
     815.952	  8
     816.550	  8
     817.260	 53
     818.602	  8
     818.602	 20
     818.602	 27
     818.612	 28
     818.612	 19
     818.712	 29
     818.854	  8
     818.882	  9
     838.732	 50
     838.742	 17
     868.742	 53
     868.752	 20
     868.752	 27
     888.772	 52
     888.782	 18
     961.324	  8
     961.670	  8
     962.458	  8
     963.292	  8
     963.682	  8
     964.066	  8
     964.282	  8
     964.744	  8
     965.060	  8
     965.630	  8
     966.222	  8
     966.576	  8
     967.444	  8
     967.920	  8
     968.168	  8
     968.592	  8
     969.176	  8
     969.634	  8
     969.980	  8
     970.016	  8
     970.808	  8
     971.194	  8
     971.548	  8
     976.224	  8
     976.778	  8
     977.232	  8
     977.748	  8
     978.202	  8
     978.790	  8
     980.282	  8
     980.580	  8
     980.982	  8
     981.806	  8
     983.956	  8
     984.332	  8
     985.070	  8
     985.736	  8
     986.060	  8
     986.414	  8
     986.786	  8
     987.258	  8
     989.070	  8
     991.268	  8
     991.516	  8
     996.194	  8
     996.778	  8
     997.392	  8
     997.876	  8
     998.262	  8
     998.824	  8
     999.372	  8
     999.692	  8
    1000.162	  8
    1002.036	  8
    1002.400	  8
    1002.762	  8
    1003.100	  8
    1003.608	  8
    1003.982	  8
    1004.470	  8
    1004.776	  8
    1005.134	  8
    1005.508	  8
    1005.920	  8
    1006.292	  8
    1006.632	  8
    1007.036	  8
    1007.446	  8
    1008.782	 53
    1010.588	  8
    1010.588	 20
    1010.588	 27
    1010.598	 28
    1010.598	 19
    1010.698	 29
    1010.840	  8
    1010.868	  9
    1021.656	  8
    1021.706	  8
    1021.998	  8
    1030.718	 50
    1030.728	 17
    1060.728	 53
    1060.738	 20
    1060.738	 27
    1063.522	  7
    1063.678	  7
    1063.912	  7
    1065.136	  7
    1065.496	  7
    1065.612	  7
    1065.934	  7
    1066.100	  7
    1066.276	  7
    1066.588	  7
    1066.754	  7
    1066.926	  7
    1067.112	  7
    1067.392	  7
    1067.548	  7
    1067.698	  7
    1067.852	  7
    1068.222	  7
    1068.358	  7
    1068.510	  7
    1068.660	  7
    1068.818	  7
    1069.010	  7
    1069.170	  7
    1069.314	  7
    1069.438	  7
    1069.582	  7
    1069.732	  7
    1069.896	  7
    1070.044	  7
    1070.190	  7
    1070.322	  7
    1070.464	  7
    1070.616	  7
    1070.808	  7
    1070.938	  7
    1071.080	  7
    1071.228	  7
    1071.366	  7
    1071.508	  7
    1071.664	  7
    1071.818	  7
    1071.978	  7
    1072.120	  7
    1072.272	  7
    1072.436	  7
    1072.590	  7
    1072.724	  7
    1072.896	  7
    1073.032	  7
    1073.174	  7
    1073.328	  7
    1073.468	  7
    1074.294	  7
    1074.392	  7
    1074.512	  7
    1074.642	  7
    1074.832	  7
    1074.944	  7
    1075.080	  7
    1075.232	  7
    1075.374	  7
    1075.516	  7
    1075.668	  7
    1075.846	  7
    1075.992	  7
    1076.194	  7
    1076.308	  7
    1076.462	  7
    1076.604	  7
    1076.788	  7
    1076.918	  7
    1077.058	  7
    1077.222	  7
    1077.370	  7
    1077.756	  7
    1077.868	  7
    1077.992	  7
    1078.124	  7
    1078.272	  7
    1078.410	  7
    1078.556	  7
    1078.724	  7
    1078.862	  7
    1079.004	  7
    1079.172	  7
    1079.314	  7
    1079.448	  7
    1079.590	  7
    1079.732	  7
    1079.880	  7
    1080.044	  7
    1080.244	  7
    1080.386	  7
    1080.534	  7
    1080.696	  7
    1080.758	 52
    1080.768	 18
    1080.852	  7
    1080.998	  7
    1081.152	  7
    1081.322	  7
    1081.470	  7
    1081.620	  7
    1081.780	  7
    1081.902	  7
    1082.034	  7
    1082.298	  7
    1082.598	  7
    1082.850	  7
    1082.954	  7
    1083.316	  7
    1083.528	  7
    1083.678	  7
    1083.836	  7
    1084.004	  7
    1084.174	  7
    1084.502	  7
    1084.678	  7
    1084.838	  7
    1084.978	  7
    1085.138	  7
    1085.286	  7
    1085.420	  7
    1085.604	  7
    1085.728	  7
    1085.874	  7
    1086.020	  7
    1086.172	  7
    1086.308	  7
    1086.456	  7
    1086.600	  7
    1086.770	  7
    1086.950	  7
    1087.122	  7
    1087.284	  7
    1087.436	  7
    1090.630	  7
    1091.342	  7
    1092.022	  7
    1092.208	  7
    1092.412	  7
    1092.630	  7
    1092.818	  7
    1093.048	  7
    1093.216	  7
    1095.670	  7
    1103.190	  8
    1103.226	  8
    1105.890	  8
    1106.438	  8
    1108.714	  8
    1118.860	  8
    1119.062	  8
    1129.182	  8
    1129.336	  8
    1129.990	  8
    1132.344	  8
    1132.712	  8
    1152.090	  8
    1152.406	  8
    1152.948	  8
    1153.384	  8
    1153.878	  8
    1154.340	  8
    1155.470	  8
    1155.920	  8
    1156.450	  8
    1156.972	  8
    1157.268	  8
    1157.648	  8
    1158.114	  8
    1158.588	  8
    1160.770	  8
    1160.958	  8
    1161.198	  8
    1161.712	  8
    1162.706	  8
    1163.256	  8
    1163.566	  8
    1164.058	  8
    1164.168	  8
    1166.886	  8
    1167.200	  8
    1167.574	  8
    1170.924	  8
    1171.682	  8
    1172.428	  8
    1172.836	  8
    1173.538	  8
    1174.938	  8
    1175.112	  8
    1176.172	  8
    1176.750	  8
    1177.126	  8
    1177.980	  8
    1179.508	  8
    1179.928	  8
    1181.036	  8
    1181.864	  8
    1182.238	  8
    1182.952	  8
    1183.168	  8
    1183.586	  8
    1183.938	  8
    1187.538	  8
    1188.396	  8
    1189.874	  8
    1190.596	  8
    1191.344	  8
    1191.632	  8
    1192.166	  8
    1192.616	  8
    1193.388	  8
    1193.680	  8
    1194.166	  8
    1197.368	  8
    1197.546	  8
    1197.922	  8
    1198.494	  8
    1200.768	 53
    1202.784	  8
    1202.784	 20
    1202.784	 27
    1202.794	 28
    1202.794	 19
    1202.894	 29
    1203.030	  8
    1203.064	  9
    1222.914	 52
    1222.924	 18
    1291.038	  8
    1291.160	  8
    1305.202	  8
    1305.456	  8
    1334.112	  8
    1334.312	  8
    1342.284	  8
    1342.644	  8
    1342.804	  8
    1342.924	 53
    1349.206	  8
    1349.206	 20
    1349.206	 27
    1349.216	 28
    1349.216	 19
    1349.316	 29
    1349.486	  9
    1349.498	  8
    1362.192	  7
    1362.314	  7
    1362.474	  7
    1363.302	  7
    1363.440	  7
    1363.592	  7
    1363.740	  7
    1363.896	  7
    1364.054	  7
    1364.218	  7
    1364.388	  7
    1364.900	  7
    1365.006	  7
    1365.144	  7
    1365.260	  7
    1365.396	  7
    1365.870	  7
    1365.976	  7
    1366.134	  7
    1366.254	  7
    1366.406	  7
    1366.960	  7
    1367.060	  7
    1367.176	  7
    1367.302	  7
    1367.448	  7
    1367.944	  7
    1368.040	  7
    1368.170	  7
    1368.344	  7
    1368.464	  7
    1368.592	  7
    1368.712	  7
    1368.840	  7
    1368.982	  7
    1369.124	  7
    1369.268	  7
    1369.336	 50
    1369.346	 17
    1369.488	  7
    1369.600	  7
    1369.724	  7
    1369.848	  7
    1369.990	  7
    1370.134	  7
    1370.276	  7
    1370.414	  7
    1370.562	  7
    1370.712	  7
    1370.848	  7
    1371.020	  7
    1371.160	  7
    1371.294	  7
    1371.448	  7
    1371.596	  7
    1371.732	  7
    1371.878	  7
    1372.034	  7
    1372.220	  7
    1372.352	  7
    1372.494	  7
    1372.686	  7
    1372.814	  7
    1372.956	  7
    1373.094	  7
    1373.220	  7
    1373.412	  7
    1373.544	  7
    1373.680	  7
    1373.822	  7
    1374.012	  7
    1374.134	  7
    1374.312	  7
    1374.482	  7
    1374.640	  7
    1374.806	  7
    1375.040	  7
    1375.148	  7
    1375.288	  7
    1375.432	  7
    1375.564	  7
    1375.704	  7
    1375.842	  7
    1375.978	  7
    1376.130	  7
    1376.252	  7
    1376.390	  7
    1376.552	  7
    1376.706	  7
    1376.852	  7
    1376.994	  7
    1377.154	  7
    1377.332	  7
    1377.510	  7
    1377.686	  7
    1377.824	  7
    1378.022	  7
    1378.156	  7
    1378.292	  7
    1378.452	  7
    1378.594	  7
    1378.732	  7
    1378.880	  7
    1379.734	  7
    1379.848	  7
    1379.996	  7
    1380.114	  7
    1380.278	  7
    1380.430	  7
    1380.582	  7
    1380.740	  7
    1380.900	  7
    1381.052	  7
    1381.242	  7
    1381.390	  7
    1381.546	  7
    1381.746	  7
    1381.872	  7
    1382.014	  7
    1382.150	  7
    1382.284	  7
    1382.416	  7
    1382.596	  7
    1382.716	  7
    1382.844	  7
    1383.008	  7
    1383.174	  7
    1383.332	  7
    1383.486	  7
    1383.638	  7
    1383.778	  7
    1383.926	  7
    1384.066	  7
    1384.210	  7
    1384.410	  7
    1384.536	  7
    1384.696	  7
    1384.860	  7
    1385.022	  7
    1385.178	  7
    1385.340	  7
    1385.496	  7
    1385.652	  7
    1386.238	  7
    1386.334	  7
    1386.454	  7
    1386.616	  7
    1386.770	  7
    1386.894	  7
    1387.022	  7
    1387.176	  7
    1387.342	  7
    1387.510	  7
    1387.672	  7
    1387.848	  7
    1388.028	  7
    1388.200	  7
    1388.356	  7
    1388.548	  7
    1388.666	  7
    1388.814	  7
    1389.400	  7
    1389.578	  7
    1389.720	  7
    1389.896	  7
    1390.064	  7
    1390.908	  7
    1391.018	  7
    1391.170	  7
    1391.336	  7
    1391.528	  7
    1391.670	  7
    1391.828	  7
    1391.992	  7
    1392.140	  7
    1392.280	  7
    1392.428	  7
    1392.596	  7
    1392.720	  7
    1392.900	  7
    1393.016	  7
    1393.182	  7
    1393.370	  7
    1393.550	  7
    1393.734	  7
    1393.900	  7
    1394.054	  7
    1394.208	  7
    1394.344	  7
    1395.324	  7
    1395.452	  7
    1395.782	  7
    1397.014	  7
    1397.152	  7
    1397.324	  7
    1397.466	  7
    1397.604	  7
    1397.766	  7
    1399.312	  7
    1399.346	 53
    1399.356	 20
    1399.356	 27
    1399.440	  7
    1399.626	  7
    1399.766	  7
    1400.932	  7
    1401.076	  7
    1401.568	  7
    1401.726	  7
    1401.874	  7
    1402.022	  7
    1402.170	  7
    1402.496	  7
    1402.614	  7
    1402.776	  7
    1402.898	  7
    1405.080	  7
    1405.216	  7
    1405.342	  7
    1405.496	  7
    1405.658	  7
    1405.818	  7
    1405.984	  7
    1406.156	  7
    1406.302	  7
    1406.448	  7
    1406.594	  7
    1406.736	  7
    1406.882	  7
    1407.014	  7
    1407.180	  7
    1407.410	  7
    1407.554	  7
    1407.734	  7
    1407.916	  7
    1408.080	  7
    1408.246	  7
    1408.406	  7
    1408.544	  7
    1408.678	  7
    1408.838	  7
    1409.306	  7
    1409.436	  7
    1409.602	  7
    1409.746	  7
    1409.906	  7
    1410.360	  7
    1410.498	  7
    1410.648	  7
    1410.850	  7
    1411.006	  7
    1411.142	  7
    1411.296	  7
    1411.466	  7
    1411.632	  7
    1411.786	  7
    1411.954	  7
    1412.094	  7
    1412.254	  7
    1412.414	  7
    1412.636	  7
    1412.758	  7
    1412.896	  7
    1413.038	  7
    1413.180	  7
    1413.330	  7
    1413.506	  7
    1413.808	  7
    1414.204	  7
    1414.346	  7
    1414.518	  7
    1414.680	  7
    1414.834	  7
    1414.996	  7
    1415.146	  7
    1415.300	  7
    1415.490	  7
    1415.694	  7
    1415.820	  7
    1415.962	  7
    1416.098	  7
    1416.242	  7
    1416.374	  7
    1416.550	  7
    1416.720	  7
    1416.946	  7
    1417.100	  7
    1417.262	  7
    1417.600	  7
    1417.758	  7
    1417.914	  7
    1418.052	  7
    1418.216	  7
    1418.368	  7
    1418.578	  7
    1418.700	  7
    1418.842	  7
    1418.980	  7
    1419.134	  7
    1419.308	  7
    1419.376	 50
    1419.386	 17
    1419.492	  7
    1419.824	  7
    1419.952	  7
    1420.152	  7
    1420.310	  7
    1420.472	  7
    1420.640	  7
    1420.804	  7
    1420.970	  7
    1421.162	  7
    1421.282	  7
    1421.424	  7
    1421.564	  7
    1421.854	  7
    1421.962	  7
    1422.128	  7
    1422.304	  7
    1422.484	  7
    1422.928	  7
    1423.070	  7
    1423.232	  7
    1423.426	  7
    1423.610	  7
    1423.738	  7
    1423.928	  7
    1424.384	  7
    1424.522	  7
    1426.084	  7
    1426.222	  7
    1426.362	  7
    1426.506	  7
    1426.712	  7
    1426.836	  7
    1427.002	  7
    1427.160	  7
    1427.634	  7
    1427.736	  7
    1427.898	  7
    1428.086	  7
    1428.268	  7
    1428.452	  7
    1428.642	  7
    1428.806	  7
    1429.008	  7
    1429.362	  7
    1429.628	  7
    1429.782	  7
    1429.948	  7
    1430.124	  7
    1430.292	  7
    1430.458	  7
    1430.618	  7
    1430.756	  7
    1430.962	  7
    1431.086	  7
    1431.218	  7
    1431.356	  7
    1431.502	  7
    1431.646	  7
    1431.796	  7
    1431.928	  7
    1432.094	  7
    1432.226	  7
    1432.400	  7
    1432.578	  7
    1432.764	  7
    1432.942	  7
    1433.142	  7
    1433.272	  7
    1434.410	  7
    1434.864	  7
    1435.024	  7
    1435.164	  7
    1435.708	  7
    1436.532	  7
    1436.678	  7
    1436.820	  7
    1436.962	  7
    1437.146	  7
    1437.322	  7
    1437.474	  7
    1437.664	  7
    1437.826	  7
    1438.006	  7
    1438.180	  7
    1438.316	  7
    1438.474	  7
    1438.644	  7
    1438.782	  7
    1438.926	  7
    1439.138	  7
    1439.276	  7
    1439.454	  7
    1439.610	  7
    1439.948	  7
    1440.118	  7
    1440.290	  7
    1440.448	  7
    1440.636	  7
    1440.750	  7
    1440.886	  7
    1441.040	  7
    1441.188	  7
    1441.330	  7
    1441.484	  7
    1441.656	  7
    1441.918	  7
    1442.062	  7
    1442.240	  7
    1442.410	  7
    1442.576	  7
    1442.724	  7
    1442.878	  7
    1443.020	  7
    1443.190	  7
    1443.326	  7
    1443.458	  7
    1443.590	  7
    1443.746	  7
    1443.904	  7
    1444.060	  7
    1444.242	  7
    1444.398	  7
    1444.562	  7
    1444.724	  7
    1444.874	  7
    1445.066	  7
    1445.190	  7
    1445.336	  7
    1445.486	  7
    1445.630	  7
    1445.782	  7
    1445.970	  7
    1446.110	  7
    1446.460	  7
    1446.588	  7
    1446.734	  7
    1446.900	  7
    1447.072	  7
    1447.242	  7
    1447.410	  7
    1447.620	  7
    1447.756	  7
    1447.896	  7
    1448.040	  7
    1448.186	  7
    1448.338	  7
    1448.496	  7
    1448.636	  7
    1448.792	  7
    1449.184	  7
    1449.328	  7
    1449.386	 53
    1449.396	 20
    1449.396	 27
    1449.494	  7
    1449.670	  7
    1449.836	  7
    1450.214	  7
    1450.338	  7
    1450.554	  7
    1450.706	  7
    1450.824	  7
    1450.958	  7
    1451.112	  7
    1451.274	  7
    1451.672	  7
    1451.788	  7
    1451.936	  7
    1452.086	  7
    1452.292	  7
    1452.424	  7
    1452.604	  7
    1452.760	  7
    1452.902	  7
    1453.042	  7
    1453.196	  7
    1453.344	  7
    1453.486	  7
    1453.664	  7
    1453.838	  7
    1454.032	  7
    1454.216	  7
    1454.610	  7
    1454.736	  7
    1454.880	  7
    1455.028	  7
    1455.178	  7
    1455.332	  7
    1455.486	  7
    1455.632	  7
    1456.112	  7
    1456.276	  7
    1456.458	  7
    1456.934	  7
    1457.144	  7
    1457.288	  7
    1457.456	  7
    1457.590	  7
    1457.800	  7
    1457.968	  7
    1458.144	  7
    1458.312	  7
    1458.482	  7
    1458.660	  7
    1458.858	  7
    1459.116	  7
    1459.960	  7
    1460.100	  7
    1460.310	  7
    1460.492	  7
    1460.918	  7
    1461.088	  7
    1461.292	  7
    1461.434	  7
    1462.366	  7
    1462.620	  7
    1469.416	 52
    1469.426	 18
    1479.104	  7
    1479.322	  7
    1480.234	  7
    1480.356	  7
    1480.728	  7
    1480.982	  7
    1481.154	  7
    1481.400	  7
    1481.554	  7
    1481.802	  7
    1482.000	  7
    1482.202	  7
    1482.406	  7
    1482.624	  7
    1482.846	  7
    1483.040	  7
    1483.248	  7
    1483.434	  7
    1483.658	  7
    1484.586	  7
    1487.024	  8
    1487.142	  8
    1496.292	  8
    1496.472	  8
    1496.864	  8
    1501.136	  8
    1501.304	  8
    1504.298	  8
    1504.772	  8
    1505.056	  8
    1505.226	  8
    1509.268	  8
    1536.716	  8
    1537.140	  8
    1537.366	  8
    1537.912	  8
    1538.406	  8
    1538.742	  8
    1539.922	  8
    1540.694	  8
    1541.000	  8
    1541.466	  8
    1541.896	  8
    1542.244	  8
    1542.562	  8
    1543.034	  8
    1543.800	  8
    1544.176	  8
    1544.758	  8
    1545.300	  8
    1545.738	  8
    1546.586	  8
    1546.714	  8
    1547.968	  8
    1548.490	  8
    1548.758	  8
    1549.662	  8
    1552.124	  8
    1553.322	  8
    1553.794	  8
    1554.380	  8
    1555.764	  8
    1556.862	  8
    1557.202	  8
    1557.684	  8
    1558.082	  8
    1558.770	  8
    1559.744	  8
    1561.464	  8
    1562.254	  8
    1562.370	  8
    1564.104	  8
    1564.480	  8
    1564.872	  8
    1565.094	  8
    1565.520	  8
    1565.850	  8
    1566.372	  8
    1569.616	  8
    1573.434	  8
    1573.574	  8
    1573.920	  8
    1574.556	  8
    1575.224	  8
    1575.744	  8
    1576.140	  8
    1576.206	  8
    1576.898	  8
    1577.500	  8
    1577.788	  8
    1578.150	  8
    1581.054	  8
    1588.430	  8
    1589.052	  8
    1589.426	 53
    1589.752	  8
    1589.752	 20
    1589.752	 27
    1589.762	 28
    1589.762	 19
    1589.862	 29
    1590.008	  8
    1590.032	  9
    1609.882	 50
    1609.892	 17
    1639.892	 53
    1639.902	 20
    1639.902	 27
    1659.922	 50
    1659.932	 17
    1689.932	 53
    1689.942	 20
    1689.942	 27
    1709.962	 52
    1709.972	 18
    1744.486	  7
    1744.682	  7
    1744.884	  7
    1745.174	  7
    1745.282	  7
    1745.504	  7
    1745.720	  7
    1745.956	  7
    1746.156	  7
    1746.394	  7
    1750.028	  7
    1750.402	  7
    1750.578	  7
    1752.818	  7
    1753.260	  7
    1753.410	  7
    1753.566	  7
    1753.720	  7
    1753.934	  7
    1754.130	  7
    1754.354	  7
    1754.540	  7
    1754.746	  7
    1754.926	  7
    1755.130	  7
    1755.358	  7
    1757.362	  7
    1757.762	  7
    1757.976	  7
    1759.994	  8
    1760.664	  8
    1761.668	  8
    1764.268	  8
    1767.820	  8
    1773.316	  8
    1776.448	  8
    1776.544	  8
    1784.368	  8
    1784.830	  8
    1785.336	  8
    1785.830	  8
    1788.424	  8
    1788.688	  8
    1803.344	  8
    1803.482	  8
    1803.958	  8
    1804.286	  8
    1804.686	  8
    1805.100	  8
    1805.484	  8
    1805.868	  8
    1805.972	  8
    1810.574	  8
    1810.750	  8
    1811.140	  8
    1814.044	  8
    1814.414	  8
    1815.276	  8
    1815.748	  8
    1816.384	  8
    1816.652	  8
    1817.032	  8
    1817.476	  8
    1817.842	  8
    1818.252	  8
    1818.984	  8
    1819.112	  8
    1821.112	  8
    1821.322	  8
    1821.588	  8
    1822.048	  8
    1823.212	  8
    1825.212	  8
    1825.406	  8
    1825.750	  8
    1826.198	  8
    1826.638	  8
    1827.144	  8
    1827.514	  8
    1828.080	  8
    1828.616	  8
    1829.284	  8
    1829.668	  8
    1829.972	 53
    1831.352	  8
    1831.352	 20
    1831.352	 27
    1831.362	 28
    1831.362	 19
    1831.462	 29
    1831.628	  8
    1831.632	  9
    1851.482	 50
    1851.492	 17
    1873.080	  7
    1881.492	 53
    1881.502	 20
    1881.502	 27
    1901.522	 50
    1901.532	 17
    1931.532	 53
    1931.542	 20
    1931.542	 27
    1951.562	 50
    1951.572	 17
    1981.572	 53
    1981.582	 20
    1981.582	 27
    2001.602	 52
    2001.612	 18
    2022.078	  8
    2024.988	  8
    2026.422	  8
    2035.602	  8
    2035.706	  8
    2035.852	  8
    2037.186	  8
    2049.568	  8
    2050.058	  8
    2050.706	  8
    2054.464	  8
    2054.954	  8
    2068.552	  8
    2069.138	  8
    2069.770	  8
    2070.170	  8
    2071.440	  8
    2072.252	  8
    2072.662	  8
    2074.266	  8
    2076.590	  8
    2077.234	  8
    2077.494	  8
    2078.046	  8
    2078.720	  8
    2079.960	  8
    2080.410	  8
    2081.222	  8
    2082.116	  8
    2082.998	  8
    2083.504	  8
    2083.906	  8
    2087.124	  8
    2087.714	  8
    2088.102	  8
    2088.624	  8
    2089.512	  8
    2090.044	  8
    2090.508	  8
    2091.030	  8
    2091.840	  8
    2092.264	  8
    2094.118	  8
    2094.546	  8
    2094.834	  8
    2098.342	  8
    2098.466	  8
    2099.840	  8
    2100.306	  8
    2100.816	  8
    2101.128	  8
    2101.460	  8
    2102.024	  8
    2102.512	  8
    2103.178	  8
    2103.824	  8
    2113.018	  8
    2121.612	 53
    2129.102	  8
    2129.102	 20
    2129.102	 27
    2129.112	 28
    2129.112	 19
    2129.212	 29
    2129.382	  9
    2129.428	  8
    2134.114	  8
    2144.146	  8
    2144.344	  8
    2149.232	 52
    2149.242	 18
    2199.122	  8
    2199.660	  8
    2200.700	  8
    2205.946	  8
    2206.334	  8
    2206.484	  8
    2207.036	  8
    2207.398	  8
    2207.916	  8
    2208.754	  8
    2215.198	  8
    2219.046	  8
    2219.166	  8
    2220.446	  8
    2221.230	  8
    2222.068	  8
    2233.210	  8
    2233.970	  8
    2234.278	  8
    2234.592	  8
    2235.124	  8
    2236.012	  8
    2236.320	  8
    2236.682	  8
    2237.478	  8
    2238.374	  8
    2238.750	  8
    2239.184	  8
    2240.148	  8
    2243.128	  8
    2243.458	  8
    2244.510	  8
    2244.884	  8
    2245.438	  8
    2245.754	  8
    2246.292	  8
    2246.500	  8
    2249.308	  8
    2249.822	  8
    2250.340	  8
    2250.790	  8
    2251.428	  8
    2256.278	  8
    2261.842	  8
    2262.144	  8
    2263.158	  8
    2264.048	  8
    2264.446	  8
    2264.884	  8
    2265.186	  8
    2265.904	  8
    2266.372	  8
    2268.542	  8
    2268.884	  8
    2269.242	 53
    2269.248	  8
    2269.248	 20
    2269.248	 27
    2269.258	 28
    2269.258	 19
    2269.358	 29
    2269.500	  8
    2269.528	  9
    2289.378	 51
    2289.388	 10
    2311.674	  8
    2311.842	  8
    2311.956	  8
    2319.762	  8
    2319.852	  8
    2320.008	  8
    2326.498	  8
    2330.768	  8
    2331.054	  8
    2331.808	  8
    2332.336	  8
    2332.942	  8
    2333.434	  8
    2336.784	  8
    2337.644	  8
    2338.162	  8
    2338.812	  8
    2339.228	  8
    2339.686	  8
    2340.008	  8
    2340.150	  8
    2340.512	  8
    2340.908	  8
    2341.448	  8
    2341.974	  8
    2342.272	  8
    2343.062	  8
    2345.298	  8
    2347.450	  8
    2347.998	  8
    2348.662	  8
    2348.790	  8
    2349.228	  8
    2349.388	 53
    2349.640	  8
    2349.640	 20
    2349.640	 27
    2349.650	 28
    2349.650	 19
    2349.750	 29
    2349.920	  9
    2369.770	 51
    2369.780	 10
    2395.488	  8
    2396.732	  8
    2397.488	  8
    2397.958	  8
    2398.464	  8
    2399.014	  8
    2399.624	  8
    2400.304	  8
    2401.076	  8
    2401.558	  8
    2401.988	  8
    2402.576	  8
    2403.400	  8
    2405.078	  8
    2405.694	  8
    2408.626	  8
    2408.824	  8
    2409.418	  8
    2409.888	  8
    2410.404	  8
    2411.416	  8
    2411.874	  8
    2412.290	  8
    2412.496	  8
    2412.894	  8
    2413.370	  8
    2416.082	  8
    2416.704	  8
    2417.344	  8
    2418.976	  8
    2419.250	  8
    2419.872	  8
    2420.344	  8
    2420.792	  8
    2421.370	  8
    2422.626	  8
    2422.822	  8
    2422.912	  8
    2423.296	  8
    2423.654	  8
    2427.026	  8
    2427.372	  8
    2427.722	  8
    2428.420	  8
    2428.850	  8
    2429.252	  8
    2429.780	 53
    2430.264	  8
    2430.264	 20
    2430.264	 27
    2430.274	 28
    2430.274	 19
    2430.374	 29
    2430.540	  8
    2430.544	  9
    2450.394	 51
    2450.404	 10
    2488.450	  8
    2488.830	  8
    2489.286	  8
    2489.744	  8
    2490.476	  8
    2490.492	  8
    2491.804	  8
    2492.458	  8
    2493.198	  8
    2493.414	  8
    2493.944	  8
    2494.908	  8
    2494.966	  8
    2495.046	  8
    2498.442	  8
    2498.630	  8
    2498.856	  8
    2499.358	  8
    2499.670	  8
    2499.876	  8
    2500.962	  8
    2501.248	  8
    2501.734	  8
    2502.212	  8
    2502.502	  8
    2503.256	  8
    2503.906	  8
    2504.170	  8
    2504.676	  8
    2505.082	  8
    2509.532	  8
    2509.884	  8
    2510.160	  8
    2510.404	 53
    2510.578	  8
    2510.578	 20
    2510.578	 27
    2510.588	 28
    2510.588	 19
    2510.688	 29
    2510.830	  8
    2510.858	  9
    2530.708	 51
    2530.718	 10
    2543.524	  8
    2544.056	  8
    2549.220	  7
    2558.588	  8
    2566.294	  8
    2566.468	  8
    2568.428	  8
    2569.190	  8
    2570.034	  8
    2571.536	  8
    2572.336	  8
    2572.952	  8
    2573.516	  8
    2573.766	  8
    2573.984	  8
    2574.056	  8
    2574.956	  8
    2575.762	  8
    2576.118	  8
    2576.484	  8
    2576.872	  8
    2577.906	  8
    2578.554	  8
    2578.964	  8
    2581.064	  8
    2581.872	  8
    2582.458	  8
    2583.166	  8
    2584.014	  8
    2584.052	  8
    2584.462	  8
    2585.008	  8
    2585.252	  8
    2586.060	  8
    2586.406	  8
    2586.784	  8
    2588.290	  8
    2589.808	  8
    2590.718	  8
    2590.718	 53
    2591.252	  8
    2591.252	 20
    2591.252	 27
    2591.262	 28
    2591.262	 19
    2591.362	 29
    2591.532	  9
    2611.382	 52
    2611.392	 18
    2619.074	  8
    2631.830	  7
    2634.922	  7
    2635.116	  7
    2635.758	  7
    2635.916	  7
    2636.160	  7
    2636.326	  7
    2636.578	  7
    2636.810	  7
    2637.294	  7
    2637.540	  7
    2666.326	  7
    2667.258	  7
    2667.770	  7
    2668.498	  7
    2668.698	  7
    2668.910	  7
    2669.464	  7
    2669.636	  7
    2669.846	  7
    2670.040	  7
    2670.290	  7
    2670.484	  7
    2670.680	  7
    2671.370	  7
    2671.532	  7
    2672.374	  7
    2675.012	  7
    2675.242	  7
    2675.404	  7
    2675.604	  7
    2675.816	  7
    2681.834	  8
    2682.632	  8
    2683.418	  8
    2691.338	  7
    2694.072	  7
    2694.790	  7
    2711.696	  8
    2713.358	  8
    2716.672	  8
    2717.766	  8
    2718.838	  8
    2731.392	 53
    2731.720	  8
    2731.720	 20
    2731.720	 27
    2731.730	 28
    2731.730	 19
    2731.830	 29
    2731.954	  8
    2732.000	  9
    2751.302	  8
    2751.678	  8
    2751.850	 50
    2751.860	 17
    2758.720	  8
    2758.932	  8
    2759.792	  8
    2763.178	  8
    2776.036	  7
    2780.238	  7
    2780.694	  7
    2781.068	  7
    2781.246	  7
    2781.434	  7
    2781.618	  7
    2781.814	  7
    2781.860	 53
    2781.870	 20
    2781.870	 27
    2782.010	  7
    2782.216	  7
    2782.414	  7
    2782.604	  7
    2782.828	  7
    2783.208	  7
    2783.650	  7
    2788.456	  7
    2788.606	  7
    2788.750	  7
    2789.330	  7
    2793.478	  7
    2794.264	  7
    2796.472	  8
    2801.890	 52
    2801.900	 18
    2827.100	  8
    2829.558	  8
    2830.186	  8
    2834.564	  8
    2835.804	  8
    2851.094	  8
    2851.450	  8
    2854.680	  8
    2856.584	  8
    2857.046	  8
    2857.548	  8
    2858.072	  8
    2859.140	  8
    2861.660	  8
    2862.714	  8
    2864.138	  8
    2864.478	  8
    2864.918	  8
    2867.462	  8
    2867.638	  8
    2868.350	  8
    2868.970	  8
    2869.592	  8
    2870.248	  8
    2870.652	  8
    2871.560	  8
    2874.890	  8
    2875.002	  8
    2876.530	  8
    2882.568	  8
    2883.510	  8
    2884.324	  8
    2884.638	  8
    2885.080	  8
    2885.588	  8
    2886.060	  8
    2886.634	  8
    2889.518	  8
    2895.636	  8
    2895.814	  8
    2896.178	  8
    2896.706	  8
    2897.190	  8
    2897.574	  8
    2898.056	  8
    2898.598	  8
    2899.004	  8
    2900.454	  8
    2901.096	  8
    2901.424	  8
    2901.622	  8
    2902.028	  8
    2902.488	  8
    2902.926	  8
    2903.840	  8
    2906.514	  8
    2906.896	  8
    2907.198	  8
    2907.650	  8
    2908.008	  8
    2908.712	  8
    2909.302	  8
    2909.938	  8
    2910.314	  8
    2910.610	  8
    2911.504	  8
    2912.766	  8
    2921.900	 53
    2952.396	  8
    2952.396	 20
    2952.396	 27
    2952.406	 28
    2952.406	 19
    2952.492	  8
    2952.506	 29
    2952.676	  9
    2952.700	  8
    2972.526	 52
    2972.536	 18
    3001.830	  8
    3002.686	  8
    3006.068	  8
    3006.220	  8
    3012.924	  8
    3017.304	  8
    3017.990	  8
    3018.424	  8
    3018.490	  8
    3028.884	  8
    3029.062	  8
    3029.818	  8
    3032.028	  8
    3037.000	  8
    3037.560	  8
    3038.524	  8
    3039.344	  8
    3047.708	  8
    3048.424	  8
    3048.992	  8
    3049.644	  8
    3050.032	  8
    3052.732	  8
    3053.238	  8
    3053.718	  8
    3054.396	  8
    3054.706	  8
    3055.342	  8
    3055.862	  8
    3056.458	  8
    3057.984	  8
    3058.296	  8
    3058.730	  8
    3059.086	  8
    3059.514	  8
    3059.830	  8
    3060.318	  8
    3060.718	  8
    3061.252	  8
    3061.710	  8
    3062.154	  8
    3063.112	  8
    3063.418	  8
    3065.918	  8
    3066.448	  8
    3067.480	  8
    3068.714	  8
    3069.202	  8
    3069.534	  8
    3069.948	  8
    3070.472	  8
    3070.762	  8
    3071.152	  8
    3071.578	  8
    3074.938	  8
    3075.182	  8
    3075.702	  8
    3076.080	  8
    3076.622	  8
    3077.130	  8
    3078.260	  8
    3078.834	  8
    3078.972	  8
    3080.152	  8
    3080.556	  8
    3080.678	  8
    3080.752	  8
    3081.010	  8
    3083.468	  8
    3083.660	  8
    3086.140	  8
    3086.684	  8
    3086.758	  8
    3087.272	  8
    3088.314	  8
    3088.640	  8
    3089.446	  8
    3089.908	  8
    3090.288	  8
    3091.200	  8
    3091.620	  8
    3092.026	  8
    3092.226	  8
    3092.480	  8
    3092.536	 53
    3092.760	  8
    3092.760	 20
    3092.760	 27
    3092.770	 28
    3092.770	 19
    3092.870	 29
    3093.040	  9
    3112.890	 52
    3112.900	 18
    3153.208	  7
    3153.348	  7
    3153.722	  7
    3154.368	  7
    3159.024	  8
    3197.254	  8
    3197.730	  8
    3197.978	  8
    3203.008	  8
    3207.314	  8
    3207.756	  8
    3208.924	  8
    3208.992	  8
    3212.982	  8
    3213.070	  8
    3214.452	  8
    3215.136	  8
    3215.542	  8
    3216.368	  8
    3217.006	  8
    3217.508	  8
    3222.014	  8
    3222.098	  8
    3222.228	  8
    3223.396	  8
    3226.308	  8
    3226.640	  8
    3227.692	  8
    3228.542	  8
    3231.244	  8
    3231.626	  8
    3232.594	  8
    3232.900	 53
    3233.480	  8
    3233.480	 20
    3233.480	 27
    3233.490	 28
    3233.490	 19
    3233.590	 29
    3233.752	  9
    3233.802	  8
    3253.610	 52
    3253.620	 18
    3282.446	  8
    3282.552	  8
    3282.988	  8
    3283.472	  8
    3292.682	  8
    3292.764	  8
    3293.496	  8
    3295.502	  8
    3296.160	  8
    3296.468	  8
    3298.282	  8
    3298.954	  8
    3299.190	  8
    3300.056	  8
    3300.744	  8
    3301.264	  8
    3301.822	  8
    3302.030	  8
    3302.746	  8
    3303.334	  8
    3304.074	  8
    3304.570	  8
    3305.150	  8
    3305.810	  8
    3306.202	  8
    3306.988	  8
    3307.702	  8
    3308.054	  8
    3308.634	  8
    3311.228	  8
    3311.416	  8
    3311.952	  8
    3312.462	  8
    3312.834	  8
    3313.738	  8
    3314.106	  8
    3314.472	  8
    3314.834	  8
    3315.544	  8
    3315.834	  8
    3316.584	  8
    3316.992	  8
    3319.276	  8
    3319.938	  8
    3320.282	  8
    3320.536	  8
    3320.794	  8
    3321.046	  8
    3322.000	  8
    3322.342	  8
    3325.518	  8
    3325.922	  8
    3326.480	  8
    3326.920	  8
    3327.926	  8
    3328.050	  8
    3328.444	  8
    3328.916	  8
    3329.012	  8
    3329.964	  8
    3330.394	  8
    3330.570	  8
    3330.740	  8
    3331.050	  8
    3331.462	  8
    3332.026	  8
    3332.706	  8
    3333.238	  8
    3335.818	  8
    3336.500	  8
    3336.914	  8
    3337.438	  8
    3337.738	  8
    3338.566	  8
    3339.090	  8
    3339.494	  8
    3340.072	  8
    3343.248	  8
    3343.954	  8
    3344.406	  8
    3344.810	  8
    3345.232	  8
    3345.724	  8
    3346.486	  8
    3346.642	  8
    3347.132	  8
    3347.796	  8
    3348.154	  8
    3348.500	  8
    3350.574	  8
    3350.798	  8
    3351.150	  8
    3351.600	  8
    3352.230	  8
    3352.282	  8
    3352.916	  8
    3353.328	  8
    3355.314	  8
    3356.322	  8
    3357.236	  8
    3357.690	  8
    3357.938	  8
    3358.426	  8
    3358.988	  8
    3359.222	  8
    3359.836	  8
    3360.396	  8
    3363.336	  8
    3364.154	  8
    3364.706	  8
    3365.144	  8
    3366.022	  8
    3366.246	  8
    3366.914	  8
    3367.262	  8
    3368.462	  8
    3369.336	  8
    3370.994	  8
    3371.538	  8
    3371.954	  8
    3373.620	 53
    3374.092	  8
    3374.092	 20
    3374.092	 27
    3374.102	 28
    3374.102	 19
    3374.202	 29
    3374.300	  8
    3374.372	  9
    3394.222	 51
    3394.232	 10
    3404.304	  8
    3404.426	  8
    3404.924	  8
    3411.502	  8
    3412.012	  8
    3412.178	  8
    3412.674	  8
    3413.242	  8
    3414.152	  8
    3415.356	  8
    3420.492	  8
    3420.942	  8
    3421.348	  8
    3422.884	  8
    3423.370	  8
    3424.018	  8
    3424.182	  8
    3424.640	  8
    3425.386	  8
    3425.852	  8
    3426.576	  8
    3427.054	  8
    3427.530	  8
    3428.172	  8
    3428.732	  8
    3429.918	  8
    3430.056	  8
    3430.630	  8
    3432.704	  8
    3433.148	  8
    3433.756	  8
    3436.412	  8
    3436.864	  8
    3437.322	  8
    3437.972	  8
    3438.526	  8
    3439.634	  8
    3440.138	  8
    3440.430	  8
    3442.634	  8
    3444.472	  8
    3445.008	  8
    3445.818	  8
    3446.372	  8
    3446.764	  8
    3447.410	  8
    3449.298	  8
    3449.518	  8
    3450.018	  8
    3450.416	  8
    3450.728	  8
    3451.162	  8
    3451.712	  8
    3451.750	  8
    3452.376	  8
    3452.524	  8
    3453.688	  8
    3454.144	  8
    3454.232	 53
    3454.480	  8
    3454.480	 20
    3454.480	 27
    3454.490	 28
    3454.490	 19
    3454.590	 29
    3454.760	  9
    3455.376	  8
    3474.610	 50
    3474.620	 17
    3504.620	 53
    3504.630	 20
    3504.630	 27
    3524.650	 50
    3524.660	 17
    3531.074	  7
    3531.684	  7
    3536.228	  7
    3536.414	  7
    3536.572	  7
    3536.898	  7
    3537.028	  7
    3537.174	  7
    3537.578	  7
    3537.736	  7
    3537.926	  7
    3538.056	  7
    3538.400	  7
    3538.488	  7
    3538.692	  7
    3538.846	  7
    3538.996	  7
    3539.154	  7
    3539.282	  7
    3539.428	  7
    3539.572	  7
    3539.708	  7
    3539.840	  7
    3539.974	  7
    3540.170	  7
    3540.302	  7
    3540.440	  7
    3540.574	  7
    3540.708	  7
    3540.840	  7
    3541.002	  7
    3541.160	  7
    3541.356	  7
    3541.494	  7
    3541.640	  7
    3541.784	  7
    3541.928	  7
    3542.058	  7
    3542.202	  7
    3542.360	  7
    3542.508	  7
    3542.672	  7
    3542.824	  7
    3542.962	  7
    3543.166	  7
    3543.298	  7
    3543.434	  7
    3543.580	  7
    3543.724	  7
    3543.878	  7
    3544.020	  7
    3544.186	  7
    3544.328	  7
    3544.488	  7
    3544.674	  7
    3544.792	  7
    3544.926	  7
    3545.066	  7
    3545.212	  7
    3545.352	  7
    3545.524	  7
    3545.698	  7
    3545.864	  7
    3546.034	  7
    3546.204	  7
    3546.350	  7
    3546.538	  7
    3546.680	  7
    3546.818	  7
    3546.978	  7
    3547.122	  7
    3547.272	  7
    3547.420	  7
    3547.560	  7
    3547.714	  7
    3547.888	  7
    3548.094	  7
    3548.240	  7
    3548.378	  7
    3548.524	  7
    3548.674	  7
    3548.834	  7
    3549.008	  7
    3549.168	  7
    3549.340	  7
    3549.506	  7
    3549.674	  7
    3549.832	  7
    3549.974	  7
    3550.168	  7
    3550.298	  7
    3550.450	  7
    3550.612	  7
    3550.754	  7
    3551.008	  7
    3551.150	  7
    3551.544	  7
    3551.650	  7
    3551.848	  7
    3551.978	  7
    3552.150	  7
    3552.298	  7
    3552.622	  7
    3552.772	  7
    3552.936	  7
    3553.352	  7
    3554.660	 53
    3554.670	 20
    3554.670	 27
    3556.006	  7
    3556.140	  7
    3556.330	  7
    3556.502	  7
    3556.664	  7
    3556.848	  7
    3557.436	  7
    3557.590	  7
    3557.752	  7
    3557.968	  7
    3558.114	  7
    3558.798	  7
    3559.168	  7
    3559.512	  7
    3574.690	 52
    3574.700	 18
    3577.448	  7
    3577.630	  7
    3577.730	  7
    3577.882	  7
    3578.236	  7
    3578.788	  7
    3591.252	  7
    3593.150	  7
    3593.398	  7
    3593.534	  7
    3593.870	  7
    3593.964	  7
    3594.226	  7
    3594.432	  7
    3594.682	  7
    3594.908	  7
    3595.382	  7
    3595.624	  7
    3596.860	  7
    3597.068	  7
    3597.208	  7
    3597.462	  7
    3601.422	  7
    3601.628	  7
    3601.802	  7
    3601.998	  7
    3602.222	  7
    3602.446	  7
    3602.664	  7
    3602.844	  7
    3603.082	  7
    3603.294	  7
    3603.572	  7
    3603.960	  7
    3604.220	  7
    3607.068	  7
    3607.522	  7
    3612.156	  8
    3612.496	  8
    3619.160	  8
    3619.220	  8
    3619.404	  8
    3619.994	  8
    3650.466	  7
    3650.692	  7
    3651.096	  7
    3651.542	  7
    3651.820	  7
    3652.028	  7
    3652.228	  7
    3652.418	  7
    3652.640	  7
    3652.878	  7
    3653.094	  7
    3656.574	  7
    3656.704	  7
    3657.240	  7
    3657.472	  7
    3657.666	  7
    3657.836	  7
    3661.060	  8
    3661.956	  8
    3662.550	  8
    3663.128	  8
    3663.670	  8
    3664.192	  8
    3664.892	  8
    3666.380	  8
    3667.192	  8
    3667.762	  8
    3668.396	  8
    3669.600	  8
    3669.962	  8
    3670.312	  8
    3671.756	  8
    3672.278	  8
    3672.630	  8
    3673.156	  8
    3673.396	  8
    3680.190	  8
    3680.626	  8
    3681.046	  8
    3681.500	  8
    3681.912	  8
    3682.558	  8
    3683.082	  8
    3683.624	  8
    3684.058	  8
    3684.674	  8
    3685.336	  8
    3686.038	  8
    3686.482	  8
    3686.898	  8
    3687.588	  8
    3688.358	  8
    3688.744	  8
    3689.104	  8
    3689.552	  8
    3689.894	  8
    3690.358	  8
    3693.008	  8
    3693.760	  8
    3694.142	  8
    3694.570	  8
    3694.700	 53
    3695.040	  8
    3695.040	 20
    3695.040	 27
    3695.050	 28
    3695.050	 19
    3695.150	 29
    3695.320	  9
    3715.170	 51
    3715.180	 10
    3731.862	  8
    3733.148	  8
    3733.538	  8
    3734.106	  8
    3734.192	  8
    3734.652	  8
    3735.142	  8
    3735.336	  8
    3735.436	  8
    3735.798	  8
    3742.350	  8
    3743.012	  8
    3747.136	  8
    3748.250	  8
    3748.914	  8
    3749.382	  8
    3749.786	  8
    3750.338	  8
    3750.644	  8
    3751.178	  8
    3751.746	  8
    3752.300	  8
    3752.860	  8
    3753.296	  8
    3753.708	  8
    3754.150	  8
    3754.904	  8
    3755.644	  8
    3756.042	  8
    3758.642	  8
    3758.940	  8
    3759.578	  8
    3760.032	  8
    3760.422	  8
    3760.848	  8
    3761.180	  8
    3764.778	  8
    3765.326	  8
    3765.914	  8
    3766.436	  8
    3766.846	  8
    3767.066	  8
    3767.326	  8
    3767.954	  8
    3769.004	  8
    3769.836	  8
    3774.416	  8
    3774.878	  8
    3775.180	 53
    3775.528	  8
    3775.528	 20
    3775.528	 27
    3775.538	 28
    3775.538	 19
    3775.638	 29
    3775.780	  8
    3775.808	  9
    3795.658	 50
    3795.668	 17
    3802.184	  8
    3802.794	  8
    3812.602	  7
    3816.506	  7
    3816.912	  7
    3821.520	  7
    3821.748	  7
    3822.404	  7
    3822.534	  7
    3822.738	  7
    3822.962	  7
    3823.186	  7
    3823.388	  7
    3823.620	  7
    3823.812	  7
    3824.076	  7
    3824.266	  7
    3824.524	  7
    3824.708	  7
    3824.942	  7
    3825.228	  7
    3825.378	  7
    3825.668	 53
    3825.678	 20
    3825.678	 27
    3825.730	  7
    3825.818	  7
    3845.698	 50
    3845.708	 17
    3857.312	  5
    3861.402	  7
    3861.976	  7
    3862.442	  7
    3862.616	  7
    3862.804	  7
    3863.092	  7
    3863.322	  7
    3863.732	  7
    3863.994	  7
    3864.178	  7
    3865.306	  7
    3865.608	  7
    3866.118	  7
    3866.260	  7
    3866.652	  7
    3866.818	  7
    3867.906	  7
    3868.050	  7
    3868.492	  7
    3869.574	  7
    3871.452	  7
    3871.568	  7
    3871.910	  7
    3872.366	  7
    3872.482	  7
    3872.624	  7
    3872.990	  7
    3873.116	  7
    3873.284	  7
    3873.446	  7
    3873.624	  7
    3873.804	  7
    3874.146	  7
    3874.284	  7
    3874.438	  7
    3874.598	  7
    3874.738	  7
    3874.908	  7
    3875.050	  7
    3875.206	  7
    3875.348	  7
    3875.496	  7
    3875.648	  7
    3875.708	 53
    3875.718	 20
    3875.718	 27
    3875.794	  7
    3875.948	  7
    3876.090	  7
    3876.256	  7
    3876.394	  7
    3876.526	  7
    3876.672	  7
    3876.816	  7
    3876.954	  7
    3877.142	  7
    3877.280	  7
    3877.424	  7
    3877.570	  7
    3877.720	  7
    3877.862	  7
    3878.000	  7
    3878.146	  7
    3878.284	  7
    3878.468	  7
    3878.602	  7
    3878.738	  7
    3878.882	  7
    3879.026	  7
    3879.186	  7
    3879.344	  7
    3879.496	  7
    3879.642	  7
    3879.780	  7
    3879.970	  7
    3880.102	  7
    3880.252	  7
    3880.404	  7
    3880.558	  7
    3881.186	  7
    3881.348	  7
    3881.524	  7
    3881.650	  7
    3881.774	  7
    3881.922	  7
    3882.072	  7
    3882.230	  7
    3882.370	  7
    3882.542	  7
    3882.710	  7
    3882.854	  7
    3883.044	  7
    3883.162	  7
    3883.300	  7
    3883.448	  7
    3883.590	  7
    3883.754	  7
    3883.946	  7
    3884.134	  7
    3884.322	  7
    3884.490	  7
    3884.632	  7
    3884.804	  7
    3884.930	  7
    3885.072	  7
    3885.218	  7
    3885.356	  7
    3885.522	  7
    3885.714	  7
    3885.878	  7
    3886.078	  7
    3886.238	  7
    3886.398	  7
    3886.604	  7
    3886.768	  7
    3886.910	  7
    3887.080	  7
    3887.230	  7
    3887.394	  7
    3887.542	  7
    3887.702	  7
    3887.850	  7
    3887.998	  7
    3888.136	  7
    3888.342	  7
    3888.514	  7
    3888.672	  7
    3888.854	  7
    3889.034	  7
    3889.192	  7
    3889.360	  7
    3889.506	  7
    3889.646	  7
    3889.792	  7
    3889.934	  7
    3890.104	  7
    3890.312	  7
    3890.486	  7
    3890.638	  7
    3890.824	  7
    3891.008	  7
    3891.196	  7
    3891.376	  7
    3891.558	  7
    3891.724	  7
    3891.886	  7
    3892.060	  7
    3892.200	  7
    3892.376	  7
    3892.494	  7
    3892.638	  7
    3892.804	  7
    3892.974	  7
    3893.172	  7
    3893.342	  7
    3893.520	  7
    3893.688	  7
    3893.852	  7
    3894.020	  7
    3894.204	  7
    3894.322	  7
    3894.460	  7
    3894.608	  7
    3894.774	  7
    3894.954	  7
    3895.130	  7
    3895.316	  7
    3895.472	  7
    3895.616	  7
    3895.738	 51
    3895.748	 10
    3895.762	  7
    3895.900	  7
    3896.086	  7
    3896.240	  7
    3896.418	  7
    3896.600	  7
    3896.774	  7
    3896.954	  7
    3897.138	  7
    3897.318	  7
    3897.492	  7
    3897.660	  7
    3897.820	  7
    3897.968	  7
    3898.146	  7
    3898.268	  7
    3898.412	  7
    3898.556	  7
    3898.724	  7
    3898.908	  7
    3899.078	  7
    3899.272	  7
    3899.436	  7
    3899.580	  7
    3899.770	  7
    3899.950	  7
    3900.140	  7
    3900.318	  7
    3900.444	  7
    3900.580	  7
    3900.724	  7
    3900.868	  7
    3901.058	  7
    3901.252	  7
    3901.442	  7
    3901.626	  7
    3901.802	  7
    3901.978	  7
    3902.142	  7
    3902.306	  7
    3902.458	  7
    3902.632	  7
    3902.762	  7
    3902.926	  7
    3903.078	  7
    3903.272	  7
    3903.452	  7
    3903.632	  7
    3903.820	  7
    3903.996	  7
    3904.174	  7
    3904.352	  7
    3904.504	  7
    3904.684	  7
    3904.806	  7
    3904.952	  7
    3905.094	  7
    3905.242	  7
    3905.420	  7
    3905.610	  7
    3905.792	  7
    3905.952	  7
    3906.130	  7
    3906.298	  7
    3906.452	  7
    3906.596	  7
    3906.740	  7
    3906.914	  7
    3907.066	  7
    3907.214	  7
    3907.356	  7
    3907.510	  7
    3907.680	  7
    3907.848	  7
    3908.028	  7
    3908.230	  7
    3908.408	  7
    3908.566	  7
    3908.746	  7
    3908.908	  7
    3909.090	  7
    3909.218	  7
    3909.362	  7
    3909.514	  7
    3909.668	  7
    3909.804	  7
    3909.986	  7
    3910.192	  7
    3910.400	  7
    3910.592	  7
    3910.786	  7
    3910.962	  7
    3911.110	  7
    3911.288	  7
    3911.436	  7
    3911.606	  7
    3911.736	  7
    3911.884	  7
    3912.054	  7
    3912.208	  7
    3912.358	  7
    3912.508	  7
    3912.686	  7
    3912.890	  7
    3913.038	  7
    3914.608	  7
    3914.758	  7
    3914.910	  7
    3915.066	  7
    3915.254	  7
    3915.452	  7
    3915.818	  7
    3916.006	  7
    3916.124	  7
    3916.304	  7
    3917.432	  7
    3917.588	  7
    3917.748	  7
    3917.918	  7
    3918.096	  7
    3918.272	  7
    3918.476	  7
    3918.652	  7
    3918.818	  7
    3919.002	  7
    3919.172	  7
    3919.358	  7
    3919.506	  7
    3919.646	  7
    3920.068	  7
    3920.162	  7
    3920.436	  7
    3920.910	  7
    3921.046	  7
    3921.224	  7
    3921.388	  7
    3921.560	  7
    3924.022	  7
    3924.186	  7
    3924.352	  7
    3924.500	  7
    3924.652	  7
    3924.810	  7
    3925.314	  7
    3925.464	  7
    3925.606	  7
    3925.764	  7
    3927.986	  7
    3928.140	  7
    3930.810	  7
    3931.006	  7
    3931.168	  7
    3931.648	  7
    3931.822	  7
    3931.992	  7
    3932.156	  7
    3933.100	  7
    3933.256	  7
    3933.416	  7
    3933.562	  7
    3933.726	  7
    3933.894	  7
    3934.074	  7
    3935.716	  7
    3937.734	  7
    3937.900	  7
    3938.068	  7
    3938.260	  7
    3938.454	  7
    3938.666	  7
    3938.858	  7
    3939.060	  7
    3939.238	  7
    3939.422	  7
    3939.590	  7
    3939.764	  7
    3940.070	  7
    3940.216	  7
    3940.370	  7
    3940.536	  7
    3940.696	  7
    3940.844	  7
    3941.052	  7
    3941.216	  7
    3941.374	  7
    3942.582	  7
    3942.724	  7
    3942.918	  7
    3943.086	  7
    3943.260	  7
    3943.454	  7
    3943.636	  7
    3943.760	  7
    3944.136	  7
    3944.286	  7
    3944.434	  7
    3944.580	  7
    3944.778	  7
    3944.922	  7
    3945.064	  7
    3945.242	  7
    3945.414	  7
    3945.578	  7
    3945.760	  7
    3945.944	  7
    3946.330	  7
    3946.506	  7
    3946.678	  7
    3946.824	  7
    3947.276	  7
    3947.464	  7
    3947.654	  7
    3949.934	  7
    3950.082	  7
    3950.240	  7
    3950.410	  7
    3950.570	  7
    3950.722	  7
    3950.912	  7
    3951.104	  7
    3951.292	  7
    3952.986	  7
    3953.130	  7
    3953.278	  7
    3953.426	  7
    3953.560	  7
    3953.728	  7
    3953.904	  7
    3954.074	  7
    3954.266	  7
    3954.424	  7
    3954.574	  7
    3954.888	  7
    3955.034	  7
    3955.184	  7
    3955.334	  7
    3955.492	  7
    3955.672	  7
    3955.748	 53
    3957.250	  7
    3957.374	  7
    3957.516	  7
    3957.656	  7
    3957.804	  7
    3957.966	  7
    3958.118	  7
    3958.314	  7
    3958.502	  7
    3960.694	  7
    3960.848	  7
    3961.002	  7
    3961.156	  7
    3962.228	  7
    3962.560	  7
    3963.066	  7
    3963.596	  7
    3963.754	  7
    3964.556	  7
    3966.198	  8
    3966.198	 20
    3966.198	 27
    3966.208	 28
    3966.208	 19
    3966.282	  8
    3966.308	 29
    3966.464	  8
    3966.478	  9
    3982.728	  8
    3982.860	  8
    3983.062	  8
    3986.096	  8
    3986.328	 52
    3986.338	 18
    3987.120	  8
    4072.370	  8
    4076.322	  8
    4076.646	  8
    4078.968	  8
    4079.576	  8
    4081.820	  8
    4082.170	  8
    4082.284	  8
    4082.692	  8
    4083.186	  8
    4083.540	  8
    4084.672	  8
    4088.228	  8
    4093.110	  8
    4095.222	  8
    4095.768	  8
    4096.206	  8
    4096.994	  8
    4097.826	  8
    4098.528	  8
    4101.394	  8
    4102.086	  8
    4102.966	  8
    4103.344	  8
    4103.714	  8
    4104.202	  8
    4104.884	  8
    4105.330	  8
    4105.814	  8
    4106.326	  8
    4106.338	 53
    4107.150	  8
    4107.150	 20
    4107.150	 27
    4107.160	 28
    4107.160	 19
    4107.260	 29
    4107.430	  9
    4107.468	  8
    4127.280	 50
    4127.290	 17
    4140.032	  8
    4140.202	  8
    4147.538	  7
    4157.290	 53
    4157.300	 20
    4157.300	 27
    4158.050	  7
    4158.612	  7
    4177.320	 51
    4177.330	 10
    4178.042	  7
    4178.572	  7
    4179.080	  7
    4186.046	  8
    4186.332	  8
    4186.870	  8
    4188.666	  8
    4213.152	  8
    4213.858	  8
    4214.418	  8
    4215.094	  8
    4215.656	  8
    4216.200	  8
    4216.940	  8
    4217.612	  8
    4218.222	  8
    4218.876	  8
    4219.614	  8
    4220.394	  8
    4221.170	  8
    4222.004	  8
    4222.658	  8
    4223.144	  8
    4223.746	  8
    4224.184	  8
    4224.886	  8
    4225.730	  8
    4226.094	  8
    4226.912	  8
    4227.454	  8
    4228.254	  8
    4230.760	  8
    4230.968	  8
    4231.316	  8
    4231.772	  8
    4232.560	  8
    4233.120	  8
    4233.422	  8
    4234.120	  8
    4234.724	  8
    4235.722	  8
    4236.852	  8
    4237.084	  8
    4237.330	 53
    4237.608	  8
    4237.608	 20
    4237.608	 27
    4237.618	 28
    4237.618	 19
    4237.718	 29
    4237.888	  9
    4257.738	 51
    4257.748	 10
    4294.664	  8
    4294.902	  8
    4295.452	  8
    4296.208	  8
    4296.776	  8
    4297.288	  8
    4297.786	  8
    4298.534	  8
    4299.276	  8
    4299.636	  8
    4299.972	  8
    4300.412	  8
    4300.912	  8
    4301.286	  8
    4301.940	  8
    4302.082	  8
    4302.984	  8
    4303.992	  8
    4304.152	  8
    4306.182	  8
    4306.600	  8
    4307.134	  8
    4307.542	  8
    4307.840	  8
    4308.296	  8
    4308.990	  8
    4309.588	  8
    4310.016	  8
    4310.748	  8
    4311.594	  8
    4311.998	  8
    4314.146	  8
    4314.398	  8
    4315.016	  8
    4315.408	  8
    4315.902	  8
    4315.950	  8
    4316.636	  8
    4316.994	  8
    4317.628	  8
    4317.748	 53
    4317.978	  8
    4317.978	 20
    4317.978	 27
    4317.988	 28
    4317.988	 19
    4318.088	 29
    4318.258	  9
    4338.108	 51
    4338.118	 10
    4385.112	  8
    4385.374	  8
    4385.532	  8
    4385.634	  8
    4386.718	  8
    4387.208	  8
    4387.594	  8
    4388.166	  8
    4388.790	  8
    4389.404	  8
    4389.914	  8
    4390.224	  8
    4390.538	  8
    4391.092	  8
    4391.472	  8
    4392.194	  8
    4392.580	  8
    4393.224	  8
    4393.626	  8
    4394.050	  8
    4394.860	  8
    4395.626	  8
    4398.118	 53
    4398.640	  8
    4398.640	 20
    4398.640	 27
    4398.650	 28
    4398.650	 19
    4398.750	 29
    4398.906	  8
    4398.920	  9
    4418.770	 50
    4418.780	 17
    4448.780	 53
    4448.790	 20
    4448.790	 27
    4468.810	 52
    4468.820	 18
    4554.148	  8
    4554.286	  8
    4555.380	  8
    4555.500	  8
    4556.234	  8
    4556.798	  8
    4557.194	  8
    4557.516	  8
    4558.250	  8
    4558.740	  8
    4559.332	  8
    4559.808	  8
    4560.354	  8
    4561.016	  8
    4561.664	  8
    4564.798	  8
    4565.164	  8
    4565.470	  8
    4566.104	  8
    4566.522	  8
    4566.814	  8
    4567.832	  8
    4568.492	  8
    4569.280	  8
    4569.780	  8
    4570.316	  8
    4570.798	  8
    4571.406	  8
    4571.764	  8
    4572.032	  8
    4572.130	  8
    4572.578	  8
    4573.124	  8
    4574.086	  8
    4574.520	  8
    4576.834	  8
    4577.188	  8
    4577.450	  8
    4577.888	  8
    4578.492	  8
    4579.154	  8
    4579.824	  8
    4580.204	  8
    4580.656	  8
    4581.484	  8
    4581.928	  8
    4582.546	  8
    4583.238	  8
    4583.532	  8
    4584.140	  8
    4584.754	  8
    4587.184	  8
    4587.660	  8
    4588.098	  8
    4588.408	  8
    4588.820	 53
    4589.156	  8
    4589.156	 20
    4589.156	 27
    4589.166	 28
    4589.166	 19
    4589.266	 29
    4589.434	  8
    4589.436	  9
    4609.286	 51
    4609.296	 10
    4619.762	  8
    4624.302	  8
    4624.750	  8
    4625.500	  8
    4625.596	  8
    4627.660	  8
    4628.488	  8
    4629.378	  8
    4631.130	  8
    4631.852	  8
    4632.726	  8
    4633.230	  8
    4633.764	  8
    4634.216	  8
    4634.706	  8
    4635.406	  8
    4635.738	  8
    4636.396	  8
    4636.816	  8
    4637.324	  8
    4639.998	  8
    4640.162	  8
    4640.984	  8
    4641.192	  8
    4641.556	  8
    4641.874	  8
    4642.344	  8
    4642.876	  8
    4643.968	  8
    4645.002	  8
    4646.114	  8
    4647.658	  8
    4648.698	  8
    4649.516	  8
    4649.880	  8
    4650.464	  8
    4651.212	  8
    4651.444	  8
    4651.882	  8
    4652.466	  8
    4656.806	  8
    4657.644	  8
    4658.256	  8
    4658.674	  8
    4659.034	  8
    4659.320	  8
    4659.958	  8
    4660.182	  8
    4660.500	  8
    4660.860	  8
    4661.246	  8
    4664.722	  8
    4665.778	  8
    4666.092	  8
    4666.472	  8
    4666.784	  8
    4667.206	  8
    4667.982	  8
    4668.312	  8
    4668.446	  8
    4668.852	  8
    4669.296	 53
    4669.706	  8
    4669.706	 20
    4669.706	 27
    4669.716	 28
    4669.716	 19
    4669.816	 29
    4669.986	  9
    4689.836	 51
    4689.846	 10
    4710.660	  8
    4725.080	  8
    4727.130	  8
    4727.660	  8
    4728.388	  8
    4728.780	  8
    4733.020	  8
    4734.084	  8
    4734.694	  8
    4735.442	  8
    4736.934	  8
    4737.048	  8
    4743.242	  8
    4743.692	  8
    4744.374	  8
    4744.712	  8
    4745.748	  8
    4746.048	  8
    4746.478	  8
    4747.118	  8
    4747.424	  8
    4748.012	  8
    4748.382	  8
    4748.708	  8
    4749.498	  8
    4749.846	 53
    4749.960	  8
    4749.960	 20
    4749.960	 27
    4749.970	 28
    4749.970	 19
    4750.070	 29
    4750.140	  8
    4750.240	  9
    4770.090	 52
    4770.100	 18
    4843.004	  8
    4846.632	  8
    4847.164	  8
    4847.566	  8
    4848.868	  8
    4851.482	  8
    4852.998	  8
    4853.374	  8
    4854.556	  8
    4855.306	  8
    4855.756	  8
    4856.726	  8
    4857.720	  8
    4859.380	  8
    4860.142	  8
    4860.386	  8
    4860.856	  8
    4861.740	  8
    4865.288	  8
    4865.458	  8
    4866.388	  8
    4867.344	  8
    4867.952	  8
    4868.266	  8
    4868.672	  8
    4869.062	  8
    4869.866	  8
    4870.228	  8
    4870.512	  8
    4871.278	  8
    4872.584	  8
    4872.932	  8
    4873.818	  8
    4874.624	  8
    4875.900	  8
    4876.580	  8
    4876.924	  8
    4877.562	  8
    4877.842	  8
    4878.440	  8
    4879.462	  8
    4881.556	  8
    4881.890	  8
    4882.544	  8
    4883.678	  8
    4884.184	  8
    4884.548	  8
    4884.932	  8
    4885.946	  8
    4886.306	  8
    4886.610	  8
    4887.446	  8
    4888.504	  8
    4888.948	  8
    4890.100	 53
    4891.720	  8
    4891.720	 20
    4891.720	 27
    4891.730	 28
    4891.730	 19
    4891.830	 29
    4892.000	  9
    4892.004	  8
    4910.922	  8
    4911.850	 52
    4911.860	 18
    4958.158	  8
    4958.552	  8
    4959.258	  8
    4959.512	  8
    4960.282	  8
    4960.672	  8
    4961.208	  8
    4961.810	  8
    4962.850	  8
    4963.208	  8
    4963.714	  8
    4964.902	  8
    4965.732	  8
    4966.212	  8
    4966.762	  8
    4974.212	  8
    4975.292	  8
    4975.700	  8
    4976.216	  8
    4976.828	  8
    4977.128	  8
    4977.766	  8
    4979.332	  8
    4979.858	  8
    4980.426	  8
    4981.126	  8
    4982.990	  8
    4983.666	  8
    4984.154	  8
    4984.202	  8
    4985.118	  8
    4985.246	  8
    4985.606	  8
    4986.768	  8
    4988.050	  8
    4988.530	  8
    4988.880	  8
    4989.418	  8
    4990.034	  8
    4990.438	  8
    4990.702	  8
    4991.040	  8
    4992.770	  8
    4993.530	  8
    4994.026	  8
    4995.304	  8
    4995.970	  8
    5004.432	  8
    5004.730	  8
    5005.090	  8
    5005.402	  8
    5005.994	  8
    5006.308	  8
    5006.416	  8
    5006.902	  8
    5007.580	  8
    5007.986	  8
    5008.572	  8
    5009.064	  8
    5009.408	  8
    5009.972	  8
    5010.924	  8
    5011.594	  8
    5011.932	  8
    5012.468	  8
    5013.218	  8
    5016.882	  8
    5017.564	  8
    5018.030	  8
    5018.336	  8
    5018.888	  8
    5019.118	  8
    5019.836	  8
    5020.606	  8
    5020.902	  8
    5021.750	  8
    5022.572	  8
    5027.124	  8
    5027.774	  8
    5028.404	  8
    5028.772	  8
    5029.172	  8
    5029.488	  8
    5030.236	  8
    5031.860	 53
    5037.172	  8
    5037.172	 20
    5037.172	 27
    5037.182	 28
    5037.182	 19
    5037.282	 29
    5037.364	  8
    5037.452	  9
    5057.302	 52
    5057.312	 18
    5121.712	  8
    5122.460	  8
    5123.026	  8
    5124.738	  8
    5125.360	  8
    5125.592	  8
    5129.560	  8
    5130.126	  8
    5131.200	  8
    5131.564	  8
    5132.750	  8
    5133.084	  8
    5133.642	  8
    5134.388	  8
    5135.100	  8
    5135.358	  8
    5135.410	  8
    5135.780	  8
    5136.248	  8
    5145.470	  8
    5146.044	  8
    5146.280	  8
    5147.040	  8
    5147.234	  8
    5147.614	  8
    5148.472	  8
    5149.204	  8
    5149.966	  8
    5150.760	  8
    5151.812	  8
    5152.150	  8
    5153.230	  8
    5153.856	  8
    5154.378	  8
    5154.972	  8
    5155.408	  8
    5155.824	  8
    5156.248	  8
    5156.646	  8
    5157.000	  8
    5157.744	  8
    5158.332	  8
    5158.696	  8
    5159.630	  8
    5160.060	  8
    5174.736	  8
    5174.828	  8
    5175.596	  8
    5176.106	  8
    5176.516	  8
    5176.996	  8
    5177.312	 53
    5177.496	  8
    5177.496	 20
    5177.496	 27
    5177.506	 28
    5177.506	 19
    5177.606	 29
    5177.776	  9
    5177.792	  8
    5197.626	 50
    5197.636	 17
    5222.568	  7
    5222.700	  7
    5222.870	  7
    5223.048	  7
    5223.196	  7
    5223.388	  7
    5223.550	  7
    5223.730	  7
    5223.890	  7
    5224.048	  7
    5224.226	  7
    5224.412	  7
    5224.598	  7
    5224.738	  7
    5224.872	  7
    5225.038	  7
    5225.200	  7
    5225.342	  7
    5225.510	  7
    5225.666	  7
    5225.872	  7
    5226.014	  7
    5226.152	  7
    5226.286	  7
    5226.446	  7
    5226.608	  7
    5226.764	  7
    5226.958	  7
    5227.092	  7
    5227.234	  7
    5227.378	  7
    5227.540	  7
    5227.636	 53
    5227.646	 20
    5227.646	 27
    5227.664	  7
    5227.802	  7
    5227.964	  7
    5228.126	  7
    5228.280	  7
    5228.442	  7
    5228.626	  7
    5228.774	  7
    5228.918	  7
    5229.078	  7
    5229.240	  7
    5229.406	  7
    5229.546	  7
    5229.692	  7
    5229.860	  7
    5229.990	  7
    5230.138	  7
    5230.296	  7
    5230.476	  7
    5230.636	  7
    5230.770	  7
    5230.928	  7
    5231.104	  7
    5231.266	  7
    5231.442	  7
    5231.584	  7
    5231.734	  7
    5231.870	  7
    5232.020	  7
    5232.176	  7
    5232.336	  7
    5232.506	  7
    5232.654	  7
    5232.814	  7
    5233.018	  7
    5233.148	  7
    5233.284	  7
    5233.428	  7
    5233.564	  7
    5233.722	  7
    5233.904	  7
    5234.074	  7
    5234.258	  7
    5234.414	  7
    5234.554	  7
    5234.720	  7
    5234.914	  7
    5235.066	  7
    5235.218	  7
    5235.370	  7
    5235.528	  7
    5235.702	  7
    5235.846	  7
    5235.988	  7
    5236.162	  7
    5236.302	  7
    5236.448	  7
    5236.642	  7
    5236.806	  7
    5236.964	  7
    5237.130	  7
    5237.276	  7
    5237.420	  7
    5237.564	  7
    5237.710	  7
    5237.864	  7
    5238.056	  7
    5238.214	  7
    5238.364	  7
    5238.528	  7
    5238.698	  7
    5238.850	  7
    5239.020	  7
    5239.190	  7
    5239.342	  7
    5239.476	  7
    5239.634	  7
    5239.770	  7
    5239.930	  7
    5240.098	  7
    5240.252	  7
    5240.398	  7
    5240.576	  7
    5240.756	  7
    5240.934	  7
    5241.090	  7
    5241.258	  7
    5241.400	  7
    5241.550	  7
    5241.754	  7
    5241.906	  7
    5242.064	  7
    5242.216	  7
    5242.386	  7
    5242.542	  7
    5242.686	  7
    5242.834	  7
    5242.996	  7
    5243.184	  7
    5243.362	  7
    5243.538	  7
    5243.704	  7
    5243.886	  7
    5244.068	  7
    5244.262	  7
    5244.426	  7
    5244.560	  7
    5244.720	  7
    5244.864	  7
    5245.004	  7
    5245.152	  7
    5245.316	  7
    5245.466	  7
    5245.644	  7
    5245.802	  7
    5245.974	  7
    5246.160	  7
    5246.310	  7
    5246.450	  7
    5246.596	  7
    5246.732	  7
    5247.004	  7
    5247.148	  7
    5247.308	  7
    5247.484	  7
    5247.662	  7
    5247.666	 51
    5247.676	 10
    5247.838	  7
    5248.012	  7
    5248.172	  7
    5248.316	  7
    5248.498	  7
    5248.624	  7
    5248.762	  7
    5248.938	  7
    5249.100	  7
    5249.272	  7
    5249.448	  7
    5249.614	  7
    5249.776	  7
    5249.910	  7
    5250.080	  7
    5250.278	  7
    5250.440	  7
    5250.586	  7
    5250.738	  7
    5250.888	  7
    5251.040	  7
    5251.182	  7
    5251.354	  7
    5251.526	  7
    5251.692	  7
    5251.868	  7
    5252.048	  7
    5252.210	  7
    5252.370	  7
    5252.514	  7
    5252.728	  7
    5252.892	  7
    5253.038	  7
    5253.178	  7
    5253.320	  7
    5253.498	  7
    5253.672	  7
    5253.860	  7
    5254.040	  7
    5254.216	  7
    5254.388	  7
    5254.560	  7
    5254.720	  7
    5254.898	  7
    5255.088	  7
    5255.224	  7
    5255.368	  7
    5255.514	  7
    5255.670	  7
    5255.826	  7
    5255.984	  7
    5256.142	  7
    5256.332	  7
    5256.490	  7
    5256.674	  7
    5256.868	  7
    5257.034	  7
    5257.176	  7
    5257.338	  7
    5257.488	  7
    5257.652	  7
    5257.816	  7
    5257.982	  7
    5258.136	  7
    5258.304	  7
    5258.454	  7
    5258.596	  7
    5258.758	  7
    5258.966	  7
    5259.130	  7
    5259.268	  7
    5259.410	  7
    5259.572	  7
    5259.726	  7
    5259.878	  7
    5260.026	  7
    5260.184	  7
    5260.386	  7
    5260.574	  7
    5260.798	  7
    5260.966	  7
    5261.114	  7
    5261.292	  7
    5261.458	  7
    5261.638	  7
    5261.810	  7
    5261.964	  7
    5262.130	  7
    5262.278	  7
    5262.436	  7
    5262.588	  7
    5262.774	  7
    5262.896	  7
    5263.038	  7
    5263.194	  7
    5263.350	  7
    5263.514	  7
    5263.692	  7
    5263.890	  7
    5264.064	  7
    5264.240	  7
    5264.416	  7
    5264.568	  7
    5264.746	  7
    5264.904	  7
    5265.060	  7
    5265.278	  7
    5265.428	  7
    5265.562	  7
    5265.734	  7
    5265.874	  7
    5266.038	  7
    5266.190	  7
    5266.362	  7
    5266.540	  7
    5266.714	  7
    5266.878	  7
    5267.026	  7
    5267.216	  7
    5267.354	  7
    5267.518	  7
    5267.670	  7
    5267.828	  7
    5268.038	  7
    5268.216	  7
    5268.404	  7
    5268.582	  7
    5268.732	  7
    5268.916	  7
    5269.092	  7
    5269.244	  7
    5269.468	  7
    5269.596	  7
    5269.742	  7
    5269.880	  7
    5270.024	  7
    5270.178	  7
    5270.336	  7
    5270.484	  7
    5270.650	  7
    5270.816	  7
    5270.958	  7
    5271.150	  7
    5271.366	  7
    5271.534	  7
    5271.712	  7
    5271.870	  7
    5272.050	  7
    5272.202	  7
    5272.366	  7
    5272.532	  7
    5272.762	  7
    5272.912	  7
    5273.090	  7
    5273.232	  7
    5273.436	  7
    5273.560	  7
    5273.700	  7
    5273.844	  7
    5273.988	  7
    5274.148	  7
    5274.312	  7
    5274.510	  7
    5274.692	  7
    5274.850	  7
    5275.032	  7
    5275.206	  7
    5275.368	  7
    5275.518	  7
    5275.674	  7
    5275.836	  7
    5276.004	  7
    5276.140	  7
    5276.312	  7
    5276.462	  7
    5276.616	  7
    5276.762	  7
    5276.912	  7
    5277.062	  7
    5277.252	  7
    5277.372	  7
    5277.542	  7
    5277.694	  7
    5277.838	  7
    5278.008	  7
    5278.200	  7
    5278.416	  7
    5278.578	  7
    5278.722	  7
    5278.906	  7
    5279.092	  7
    5279.278	  7
    5279.446	  7
    5279.620	  7
    5279.818	  7
    5279.960	  7
    5280.098	  7
    5280.244	  7
    5280.400	  7
    5280.544	  7
    5280.694	  7
    5280.872	  7
    5281.052	  7
    5281.258	  7
    5281.446	  7
    5281.624	  7
    5281.832	  7
    5282.018	  7
    5282.214	  7
    5282.392	  7
    5282.554	  7
    5282.726	  7
    5282.902	  7
    5283.060	  7
    5283.218	  7
    5283.366	  7
    5283.514	  7
    5283.696	  7
    5283.862	  7
    5284.064	  7
    5284.196	  7
    5284.342	  7
    5284.498	  7
    5284.648	  7
    5284.836	  7
    5285.002	  7
    5285.190	  7
    5285.376	  7
    5285.564	  7
    5285.748	  7
    5286.000	  7
    5286.246	  7
    5286.410	  7
    5286.590	  7
    5286.744	  7
    5286.908	  7
    5287.106	  7
    5287.262	  7
    5287.430	  7
    5287.608	  7
    5287.750	  7
    5287.920	  7
    5288.070	  7
    5288.260	  7
    5288.388	  7
    5288.540	  7
    5288.710	  7
    5288.872	  7
    5289.028	  7
    5289.180	  7
    5289.336	  7
    5289.512	  7
    5289.694	  7
    5289.916	  7
    5290.090	  7
    5290.256	  7
    5290.426	  7
    5290.578	  7
    5290.744	  7
    5290.888	  7
    5291.036	  7
    5291.190	  7
    5291.340	  7
    5291.498	  7
    5291.694	  7
    5291.882	  7
    5292.060	  7
    5292.246	  7
    5292.422	  7
    5292.578	  7
    5292.724	  7
    5292.866	  7
    5293.026	  7
    5293.174	  7
    5293.342	  7
    5293.528	  7
    5293.744	  7
    5293.928	  7
    5294.096	  7
    5294.260	  7
    5294.420	  7
    5294.574	  7
    5294.726	  7
    5294.888	  7
    5295.194	  7
    5295.338	  7
    5295.494	  7
    5295.652	  7
    5295.812	  7
    5295.988	  7
    5296.160	  7
    5296.332	  7
    5296.480	  7
    5296.630	  7
    5296.776	  7
    5296.926	  7
    5297.102	  7
    5297.284	  7
    5297.466	  7
    5297.652	  7
    5297.822	  7
    5298.016	  7
    5298.190	  7
    5298.344	  7
    5298.496	  7
    5298.650	  7
    5298.794	  7
    5298.938	  7
    5299.102	  7
    5299.264	  7
    5299.446	  7
    5299.584	  7
    5299.724	  7
    5299.894	  7
    5300.038	  7
    5300.220	  7
    5300.354	  7
    5300.502	  7
    5300.652	  7
    5300.826	  7
    5301.012	  7
    5301.180	  7
    5301.354	  7
    5301.522	  7
    5301.666	  7
    5301.868	  7
    5302.004	  7
    5302.144	  7
    5302.290	  7
    5302.440	  7
    5302.592	  7
    5302.742	  7
    5302.902	  7
    5303.052	  7
    5303.270	  7
    5303.440	  7
    5303.608	  7
    5303.784	  7
    5303.940	  7
    5304.082	  7
    5304.240	  7
    5304.402	  7
    5304.582	  7
    5304.744	  7
    5304.872	  7
    5305.082	  7
    5305.246	  7
    5305.394	  7
    5305.548	  7
    5305.690	  7
    5305.880	  7
    5306.066	  7
    5306.250	  7
    5306.442	  7
    5306.596	  7
    5306.750	  7
    5306.898	  7
    5307.046	  7
    5307.224	  7
    5307.394	  7
    5307.588	  7
    5307.676	 53
    5307.756	  7
    5307.922	  7
    5308.084	  7
    5308.232	  7
    5308.388	  7
    5308.560	  7
    5308.694	  7
    5308.850	  7
    5309.000	  7
    5309.214	  7
    5309.378	  7
    5309.554	  7
    5309.720	  7
    5309.898	  7
    5311.936	  8
    5311.936	 20
    5311.936	 27
    5311.946	 28
    5311.946	 19
    5312.046	 29
    5312.144	  8
    5312.216	  9
    5327.178	  7
    5327.350	  7
    5327.664	  7
    5329.074	  7
    5329.448	  7
    5329.640	  7
    5330.096	  7
    5330.354	  7
    5330.978	  7
    5331.370	  7
    5331.592	  7
    5331.824	  7
    5332.066	 52
    5332.072	  7
    5332.076	 18
    5332.322	  7
    5388.658	  8
    5390.986	  8
    5392.416	  8
    5393.726	  8
    5395.212	  8
    5396.876	  8
    5397.742	  8
    5398.506	  8
    5399.206	  8
    5399.614	  8
    5400.102	  8
    5400.962	  8
    5401.356	  8
    5402.136	  8
    5403.206	  8
    5403.794	  8
    5404.314	  8
    5407.948	  8
    5409.524	  8
    5410.090	  8
    5410.548	  8
    5410.994	  8
    5411.762	  8
    5411.940	  8
    5412.240	  8
    5412.842	  8
    5413.718	  8
    5414.346	  8
    5414.900	  8
    5414.944	  8
    5416.054	  8
    5416.500	  8
    5416.824	  8
    5417.194	  8
    5417.704	  8
    5420.366	  8
    5420.990	  8
    5421.636	  8
    5422.164	  8
    5422.582	  8
    5423.140	  8
    5423.714	  8
    5424.624	  8
    5431.052	  8
    5431.672	  8
    5432.154	  8
    5432.236	  8
    5432.914	  8
    5433.674	  8
    5434.186	  8
    5434.764	  8
    5435.788	  8
    5436.160	  8
    5436.840	  8
    5437.246	  8
    5437.656	  8
    5438.146	  8
    5439.316	  8
    5439.714	  8
    5440.566	  8
    5440.908	  8
    5441.514	  8
    5442.040	  8
    5442.672	  8
    5443.452	  8
    5447.852	  8
    5448.402	  8
    5449.350	  8
    5449.736	  8
    5450.052	  8
    5450.476	  8
    5451.118	  8
    5451.698	  8
    5452.076	 53
    5452.412	  8
    5452.412	 20
    5452.412	 27
    5452.422	 28
    5452.422	 19
    5452.522	 29
    5452.674	  8
    5452.692	  9
    5472.542	 52
    5472.552	 18
    5500.422	  8
    5500.482	  8
    5500.712	  8
    5514.690	  7
    5515.686	  7
    5516.044	  7
    5516.260	  7
    5516.448	  7
    5516.684	  7
    5516.898	  7
    5517.090	  7
    5517.344	  7
    5517.762	  7
    5517.970	  7
    5527.138	  8
    5527.314	  8
    5537.470	  8
    5537.638	  8
    5538.318	  8
    5539.442	  8
    5540.484	  8
    5542.154	  8
    5542.858	  8
    5543.458	  8
    5544.180	  8
    5544.388	  8
    5545.808	  8
    5553.918	  8
    5555.022	  8
    5555.964	  8
    5559.238	  8
    5559.346	  8
    5559.690	  8
    5559.986	  8
    5563.946	  8
    5563.978	  8
    5564.812	  8
    5565.278	  8
    5565.954	  8
    5570.002	  8
    5570.832	  8
    5571.636	  8
    5575.118	  8
    5576.224	  8
    5576.866	  8
    5577.168	  8
    5577.914	  8
    5578.258	  8
    5579.880	  8
    5580.406	  8
    5580.726	  8
    5581.426	  8
    5581.722	  8
    5582.116	  8
    5582.510	  8
    5582.886	  8
    5583.734	  8
    5584.106	  8
    5584.602	  8
    5585.006	  8
    5587.592	  8
    5588.184	  8
    5588.812	  8
    5589.172	  8
    5589.526	  8
    5589.872	  8
    5590.728	  8
    5591.404	  8
    5591.772	  8
    5592.224	  8
    5592.552	 53
    5592.652	  8
    5592.652	 20
    5592.652	 27
    5592.662	 28
    5592.662	 19
    5592.762	 29
    5592.932	  9
    5592.988	  8
    5612.782	 50
    5612.792	 17
    5618.268	  8
    5641.046	  7
    5641.416	  7
    5642.792	 53
    5642.802	 20
    5642.802	 27
    5662.822	 50
    5662.832	 17
    5674.586	  7
    5674.716	  7
    5674.878	  7
    5675.060	  7
    5675.256	  7
    5675.718	  7
    5675.930	  7
    5676.110	  7
    5676.290	  7
    5676.504	  7
    5676.652	  7
    5676.830	  7
    5676.968	  7
    5677.148	  7
    5677.318	  7
    5677.496	  7
    5677.674	  7
    5677.854	  7
    5678.054	  7
    5678.186	  7
    5678.344	  7
    5678.506	  7
    5678.644	  7
    5678.776	  7
    5678.924	  7
    5679.166	  7
    5679.310	  7
    5679.456	  7
    5679.678	  7
    5679.806	  7
    5679.940	  7
    5680.112	  7
    5680.242	  7
    5680.402	  7
    5680.570	  7
    5680.716	  7
    5680.876	  7
    5681.024	  7
    5681.180	  7
    5681.384	  7
    5681.552	  7
    5681.704	  7
    5681.884	  7
    5682.046	  7
    5682.208	  7
    5682.360	  7
    5682.516	  7
    5682.656	  7
    5682.832	  7
    5682.968	  7
    5683.118	  7
    5683.300	  7
    5683.446	  7
    5683.606	  7
    5683.772	  7
    5683.940	  7
    5684.108	  7
    5684.264	  7
    5684.406	  7
    5684.604	  7
    5684.748	  7
    5684.912	  7
    5685.074	  7
    5685.246	  7
    5685.420	  7
    5685.582	  7
    5685.748	  7
    5685.906	  7
    5686.056	  7
    5686.222	  7
    5686.344	  7
    5686.482	  7
    5686.632	  7
    5686.786	  7
    5686.956	  7
    5687.132	  7
    5687.328	  7
    5687.516	  7
    5687.692	  7
    5687.874	  7
    5688.044	  7
    5688.212	  7
    5688.388	  7
    5688.506	  7
    5688.648	  7
    5688.788	  7
    5688.940	  7
    5689.100	  7
    5689.280	  7
    5689.480	  7
    5689.654	  7
    5689.822	  7
    5689.996	  7
    5690.162	  7
    5690.330	  7
    5690.534	  7
    5690.650	  7
    5690.796	  7
    5690.946	  7
    5691.082	  7
    5691.272	  7
    5691.448	  7
    5691.640	  7
    5691.806	  7
    5691.954	  7
    5692.122	  7
    5692.288	  7
    5692.446	  7
    5692.642	  7
    5692.756	  7
    5692.832	 53
    5692.842	 20
    5692.842	 27
    5692.890	  7
    5693.026	  7
    5693.172	  7
    5693.352	  7
    5693.530	  7
    5693.720	  7
    5693.890	  7
    5694.112	  7
    5694.310	  7
    5694.498	  7
    5694.674	  7
    5694.864	  7
    5695.048	  7
    5695.426	  7
    5697.316	  7
    5697.454	  7
    5697.670	  7
    5697.804	  7
    5697.968	  7
    5698.156	  7
    5698.336	  7
    5698.574	  7
    5698.720	  7
    5698.894	  7
    5699.284	  7
    5699.426	  7
    5699.578	  7
    5699.740	  7
    5699.914	  7
    5700.092	  7
    5700.286	  7
    5700.404	  7
    5700.542	  7
    5700.698	  7
    5700.876	  7
    5701.052	  7
    5701.228	  7
    5701.408	  7
    5702.090	  7
    5702.248	  7
    5702.410	  7
    5702.562	  7
    5702.874	  7
    5703.022	  7
    5703.190	  7
    5703.332	  7
    5703.480	  7
    5703.654	  7
    5703.830	  7
    5704.014	  7
    5704.198	  7
    5704.388	  7
    5704.574	  7
    5704.728	  7
    5704.908	  7
    5705.044	  7
    5705.188	  7
    5705.330	  7
    5705.510	  7
    5705.754	  7
    5705.928	  7
    5706.100	  7
    5706.278	  7
    5706.452	  7
    5706.628	  7
    5706.796	  7
    5706.962	  7
    5707.102	  7
    5707.250	  7
    5707.400	  7
    5707.550	  7
    5707.702	  7
    5707.922	  7
    5708.060	  7
    5708.204	  7
    5708.388	  7
    5708.582	  7
    5708.758	  7
    5708.922	  7
    5709.228	  7
    5709.368	  7
    5709.516	  7
    5709.754	  7
    5709.890	  7
    5710.060	  7
    5710.248	  7
    5710.458	  7
    5710.630	  7
    5710.812	  7
    5710.984	  7
    5711.378	  7
    5711.514	  7
    5711.676	  7
    5711.834	  7
    5711.970	  7
    5712.178	  7
    5712.352	  7
    5712.534	  7
    5712.722	  7
    5712.862	 51
    5712.872	 10
    5712.888	  7
    5713.060	  7
    5713.240	  7
    5713.434	  7
    5713.554	  7
    5713.704	  7
    5713.868	  7
    5714.024	  7
    5714.142	  7
    5714.314	  7
    5714.502	  7
    5714.686	  7
    5715.096	  7
    5715.228	  7
    5715.442	  7
    5715.598	  7
    5715.776	  7
    5715.946	  7
    5716.126	  7
    5716.284	  7
    5716.468	  7
    5716.612	  7
    5716.760	  7
    5716.908	  7
    5717.118	  7
    5717.256	  7
    5717.730	  7
    5717.888	  7
    5718.084	  7
    5718.292	  7
    5718.498	  7
    5718.718	  7
    5718.896	  7
    5719.108	  7
    5719.290	  7
    5719.468	  7
    5719.610	  7
    5719.798	  7
    5719.946	  7
    5720.096	  7
    5720.248	  7
    5720.442	  7
    5720.580	  7
    5720.720	  7
    5720.872	  7
    5721.060	  7
    5721.246	  7
    5721.450	  7
    5721.666	  7
    5721.836	  7
    5722.010	  7
    5722.178	  7
    5722.352	  7
    5722.514	  7
    5722.672	  7
    5722.832	  7
    5722.990	  7
    5723.146	  7
    5723.342	  7
    5723.474	  7
    5723.618	  7
    5723.782	  7
    5724.088	  7
    5724.244	  7
    5724.428	  7
    5724.614	  7
    5724.802	  7
    5724.988	  7
    5725.174	  7
    5725.366	  7
    5725.558	  7
    5725.708	  7
    5725.866	  7
    5726.012	  7
    5726.176	  7
    5726.392	  7
    5726.582	  7
    5726.746	  7
    5726.932	  7
    5727.122	  7
    5727.320	  7
    5727.506	  7
    5727.652	  7
    5727.800	  7
    5727.976	  7
    5728.164	  7
    5728.340	  7
    5728.536	  7
    5728.692	  7
    5728.870	  7
    5729.068	  7
    5729.246	  7
    5729.436	  7
    5729.624	  7
    5729.782	  7
    5729.932	  7
    5730.080	  7
    5730.242	  7
    5730.390	  7
    5730.554	  7
    5730.732	  7
    5730.908	  7
    5731.094	  7
    5731.250	  7
    5731.414	  7
    5731.598	  7
    5731.856	  7
    5731.992	  7
    5732.130	  7
    5732.286	  7
    5732.440	  7
    5732.574	  7
    5732.756	  7
    5732.950	  7
    5733.114	  7
    5733.296	  7
    5733.466	  7
    5733.620	  7
    5733.794	  7
    5733.936	  7
    5734.094	  7
    5734.256	  7
    5734.480	  7
    5735.354	  7
    5735.504	  7
    5735.670	  7
    5735.874	  7
    5736.062	  7
    5736.268	  7
    5736.434	  7
    5736.642	  7
    5736.828	  7
    5737.028	  7
    5737.204	  7
    5737.388	  7
    5737.558	  7
    5737.706	  7
    5737.876	  7
    5738.038	  7
    5738.204	  7
    5738.408	  7
    5738.530	  7
    5738.682	  7
    5740.068	  7
    5740.172	  7
    5740.314	  7
    5740.470	  7
    5740.636	  7
    5740.816	  7
    5740.996	  7
    5741.124	  7
    5741.288	  7
    5741.442	  7
    5744.584	  8
    5744.952	  8
    5745.422	  8
    5746.216	  8
    5746.524	  8
    5747.074	  8
    5747.836	  8
    5748.604	  8
    5749.082	  8
    5749.702	  8
    5750.000	  8
    5750.480	  8
    5750.862	  8
    5751.738	  8
    5752.006	  8
    5752.342	  8
    5752.954	  8
    5753.250	  8
    5754.132	  8
    5754.566	  8
    5755.386	  8
    5757.554	  8
    5757.926	  8
    5758.334	  8
    5758.842	  8
    5759.226	  8
    5760.146	  8
    5760.430	  8
    5760.898	  8
    5761.478	  8
    5761.816	  8
    5762.870	  8
    5763.096	  8
    5763.296	  8
    5763.532	  8
    5764.034	  8
    5764.212	  8
    5764.736	  8
    5765.172	  8
    5765.900	  8
    5766.116	  8
    5768.038	  8
    5768.422	  8
    5768.904	  8
    5769.214	  8
    5769.570	  8
    5770.088	  8
    5770.692	  8
    5771.036	  8
    5771.138	  8
    5771.518	  8
    5772.462	  8
    5772.872	 53
    5772.922	  8
    5772.922	 20
    5772.922	 27
    5772.932	 28
    5772.932	 19
    5773.032	 29
    5773.042	 61
