       0.758	  8
       0.964	  8
       1.348	  8
       1.438	  8
       9.828	  8
      10.130	  8
      10.374	  8
      10.862	  8
      13.032	  8
      13.392	  8
      20.010	 52
      20.020	 18
      20.334	  8
      20.804	  8
      30.112	  8
      30.516	  8
      30.782	  8
      30.940	  8
      40.640	  8
      40.948	  8
      47.040	  8
      47.328	  8
      50.950	  7
      51.356	  7
      52.010	  7
      52.232	  7
      52.344	  7
      52.514	  7
      52.818	  7
      52.920	  7
      53.238	  7
      53.510	  7
      53.688	  7
      57.022	  7
      57.318	  7
      61.090	  7
      63.018	  7
      66.120	  7
      70.892	  8
      71.082	  8
      71.692	  8
      71.908	  8
      71.974	  8
      80.044	  8
      80.134	  8
      80.680	  8
      81.170	  8
      81.600	  8
      82.156	  8
      83.434	  8
      83.616	  8
      83.870	  8
      84.270	  8
      89.662	  8
      90.106	  8
      90.476	  8
      90.700	  8
      90.854	  8
      95.084	  8
      95.288	  8
      95.654	  8
      95.720	  8
      95.790	  8
      96.748	  8
      97.020	  8
     100.514	  8
     100.958	  8
     102.136	  8
     102.238	  8
     102.352	  8
     104.392	  8
     104.626	  8
     105.446	  8
     106.170	  8
     107.552	  8
     107.848	  8
     108.512	  8
     109.180	  8
     109.612	  8
     110.080	  8
     110.700	  8
     111.072	  8
     112.738	  8
     113.274	  8
     114.070	  8
     114.650	  8
     114.982	  8
     115.356	  8
     115.548	  8
     118.448	  8
     118.520	  8
     118.804	  8
     120.250	  8
     120.372	  8
     120.538	  8
     120.804	  8
     120.878	  8
     121.100	  8
     121.626	  8
     122.292	  8
     123.812	  8
     124.130	  8
     124.508	  8
     125.054	  8
     125.924	  8
     126.174	  8
     127.034	  8
     127.468	  8
     127.832	  8
     128.374	  8
     129.048	  8
     129.158	  8
     129.314	  8
     129.532	  8
     130.684	  8
     131.266	  8
     131.848	  8
     132.498	  8
     132.544	  8
     132.750	  8
     134.494	  8
     134.708	  8
     134.986	  8
     135.514	  8
     135.980	  8
     136.460	  8
     138.570	  8
     138.960	  8
     139.420	  8
     140.020	 53
     140.822	  8
     140.822	 20
     140.822	 27
     140.832	 28
     140.832	 19
     140.870	  8
     140.932	 29
     141.100	  9
     141.228	  8
     160.952	 50
     160.962	 10
     165.088	  7
     171.526	  8
     177.520	  8
     177.792	  8
     179.220	  8
     179.742	  8
     180.472	  8
     181.382	  8
     181.678	  8
     182.204	  8
     183.618	  8
     184.516	  8
     184.816	  8
     185.306	  8
     185.538	  8
     186.316	  8
     187.308	  8
     188.086	  8
     188.866	  8
     189.180	  8
     189.376	  8
     190.656	  8
     190.728	  8
     190.962	 53
     191.446	  8
     191.446	 20
     191.446	 27
     191.456	 28
     191.456	 19
     191.556	 29
     191.724	  9
     191.836	  8
     211.576	 51
     211.586	 17
     262.076	  8
     262.146	  8
     270.068	  8
     270.244	  8
     270.490	  8
     270.674	  8
     271.586	 53
     271.596	 20
     271.596	 27
     291.616	 51
     291.626	 17
     292.052	  8
     325.760	  7
     326.316	  7
     327.148	  7
     329.076	  7
     329.936	  7
     332.212	  8
     332.290	  8
     332.450	  8
     335.270	  8
     335.434	  8
     336.218	  8
     343.234	  8
     343.420	  8
     343.790	  8
     344.280	  8
     344.744	  8
     345.538	  8
     346.314	  8
     351.626	 53
     351.636	 20
     351.636	 27
     371.068	  8
     371.656	 51
     371.666	 17
     371.720	  8
     371.818	  8
     381.750	  8
     381.844	  8
     382.382	  8
     382.824	  8
     406.990	  8
     407.340	  8
     407.754	  8
     408.024	  8
     408.938	  8
     410.156	  8
     410.946	  8
     411.472	  8
     411.518	  8
     412.302	  8
     412.700	  8
     415.300	  8
     416.226	  8
     417.598	  8
     417.990	  8
     418.482	  8
     419.336	  8
     420.616	  8
     420.644	  8
     423.282	  8
     423.860	  8
     424.548	  8
     425.292	  8
     425.680	  8
     426.264	  8
     426.390	  8
     426.608	  8
     427.946	  8
     428.530	  8
     429.780	  8
     430.270	  8
     430.722	  8
     431.256	  8
     431.666	 53
     431.676	 20
     431.676	 27
     451.696	 51
     451.706	 17
     463.618	  8
     467.750	  8
     468.414	  8
     469.308	  8
     484.576	  8
     484.948	  8
     485.602	  8
     486.782	  8
     487.908	  8
     488.108	  8
     491.156	  8
     491.224	  8
     491.374	  8
     491.426	  8
     491.842	  8
     492.952	  8
     493.792	  8
     494.504	  8
     495.326	  8
     502.546	  8
     503.226	  8
     504.166	  8
     504.638	  8
     505.342	  8
     505.774	  8
     506.530	  8
     506.818	  8
     507.232	  8
     508.082	  8
     510.666	  8
     510.940	  8
     511.398	  8
     511.706	 53
     511.716	 20
     511.716	 27
     512.134	  8
     516.854	  7
     517.548	  7
     531.736	 50
     531.746	 10
     534.464	  8
     543.714	  8
     544.470	  8
     545.732	  8
     545.968	  8
     547.470	  8
     547.778	  8
     547.938	  8
     548.026	  8
     549.354	  8
     549.634	  8
     550.380	  8
     551.988	  8
     552.276	  8
     553.426	  8
     553.756	  8
     554.286	  8
     555.472	  8
     556.302	  8
     556.972	  8
     557.320	  8
     557.752	  8
     558.020	  8
     558.602	  8
     558.912	  8
     559.548	  8
     560.082	  8
     561.500	  8
     561.746	 53
     562.762	  8
     562.762	 20
     562.762	 27
     562.772	 28
     562.772	 19
     562.872	 29
     563.040	  9
     563.320	  8
     582.892	 51
     582.902	 17
     626.770	  8
     627.208	  8
     641.196	  7
     641.298	  7
     641.418	  7
     641.574	  7
     641.948	  7
     642.058	  7
     642.226	  7
     642.892	  7
     642.902	 53
     642.912	 20
     642.912	 27
     645.200	  7
     645.356	  7
     645.464	  7
     645.592	  7
     662.932	 52
     662.942	 18
     693.316	  7
     694.126	  7
     695.886	  7
     697.436	  7
     698.430	  7
     699.960	  7
     700.580	  7
     704.372	  7
     710.704	  7
     710.774	  7
     711.136	  7
     711.278	  7
     711.438	  7
     711.868	  7
     717.910	  7
     721.020	  7
     729.478	  8
     729.782	  8
     730.750	  8
     730.844	  8
     731.516	  8
     751.770	  8
     751.872	  8
     752.350	  8
     752.778	  8
     752.870	  8
     762.798	  8
     763.172	  8
     764.146	  8
     765.152	  8
     765.258	  8
     765.356	  8
     767.206	  8
     768.042	  8
     768.698	  8
     769.190	  8
     770.368	  8
     771.228	  8
     771.766	  8
     773.820	  8
     774.486	  8
     779.156	  8
     779.362	  8
     780.064	  8
     780.280	  8
     780.802	  8
     780.866	  8
     781.504	  8
     781.830	  8
     782.552	  8
     782.904	  8
     782.942	 53
     783.588	  8
     783.588	 20
     783.588	 27
     783.598	 28
     783.598	 19
     783.698	 29
     783.866	  9
     784.022	  8
     803.718	 52
     803.728	 18
     817.554	  8
     817.668	  8
     843.760	  8
     844.114	  8
     845.698	  8
     858.002	  8
     858.294	  8
     860.838	  8
     861.146	  8
     861.634	  8
     864.944	  8
     865.544	  8
     866.174	  8
     867.036	  8
     870.764	  8
     871.264	  8
     872.078	  8
     872.610	  8
     873.814	  8
     875.556	  8
     876.074	  8
     876.590	  8
     877.838	  8
     879.662	  8
     880.060	  8
     880.892	  8
     881.260	  8
     883.408	  8
     884.200	  8
     884.678	  8
     885.440	  8
     886.082	  8
     886.964	  8
     887.230	  8
     887.922	  8
     888.570	  8
     888.990	  8
     889.888	  8
     892.168	  8
     892.464	  8
     893.242	  8
     893.514	  8
     894.258	  8
     895.198	  8
     895.264	  8
     895.890	  8
     896.472	  8
     896.916	  8
     899.524	  8
     899.724	  8
     900.704	  8
     901.344	  8
     901.382	  8
     901.888	  8
     902.590	  8
     903.154	  8
     903.696	  8
     904.200	  8
     904.580	  8
     905.448	  8
     906.062	  8
     906.500	  8
     907.212	  8
     908.070	  8
     909.188	  8
     909.608	  8
     910.128	  8
     910.930	  8
     911.740	  8
     911.970	  8
     913.046	  8
     913.534	  8
     913.612	  8
     914.154	  8
     914.722	  8
     915.104	  8
     915.680	  8
     916.244	  8
     916.994	  8
     917.154	  8
     918.590	  8
     919.228	  8
     919.314	  8
     919.796	  8
     920.326	  8
     920.724	  8
     922.714	  8
     923.610	  8
     923.728	 53
     924.146	  8
     924.146	 20
     924.146	 27
     924.156	 28
     924.156	 19
     924.256	 29
     924.424	  9
     924.542	  8
     944.276	 51
     944.286	 17
     999.848	  8
    1000.130	  8
    1004.286	 53
    1004.296	 20
    1004.296	 27
    1024.316	 50
    1024.326	 10
    1031.102	  8
    1031.252	  8
    1038.350	  8
    1039.846	  8
    1043.168	  8
    1043.682	  8
    1044.096	  8
    1046.202	  8
    1046.662	  8
    1048.014	  8
    1048.904	  8
    1049.432	  8
    1049.876	  8
    1050.440	  8
    1050.648	  8
    1052.320	  8
    1053.036	  8
    1053.552	  8
    1054.182	  8
    1054.326	 53
    1054.606	  8
    1054.606	 20
    1054.606	 27
    1054.616	 28
    1054.616	 19
    1054.716	 29
    1054.860	  8
    1054.884	  9
    1074.736	 51
    1074.746	 17
    1134.746	 53
    1134.756	 20
    1134.756	 27
    1154.776	 51
    1154.786	 17
    1207.334	  8
    1207.404	  8
    1209.034	  8
    1214.786	 53
    1214.796	 20
    1214.796	 27
    1234.816	 50
    1234.826	 10
    1239.246	  7
    1239.354	  7
    1239.848	  7
    1239.974	  7
    1240.124	  7
    1240.266	  7
    1240.424	  7
    1240.628	  7
    1240.810	  7
    1241.028	  7
    1241.188	  7
    1241.844	  7
    1241.984	  7
    1242.152	  7
    1242.286	  7
    1242.422	  7
    1245.786	  7
    1249.140	  7
    1252.666	  7
    1252.742	  7
    1257.846	  8
    1258.444	  8
    1258.870	  8
    1259.786	  8
    1260.228	  8
    1260.912	  8
    1261.632	  8
    1262.762	  8
    1263.240	  8
    1263.738	  8
    1264.718	  8
    1264.826	 53
    1264.860	  8
    1264.860	 20
    1264.860	 27
    1264.870	 28
    1264.870	 19
    1264.970	 29
    1265.138	  9
    1265.178	  8
    1284.990	 52
    1285.000	 18
    1346.896	  8
    1347.344	  8
    1369.160	  8
    1369.250	  8
    1369.608	  8
    1370.196	  8
    1372.004	  8
    1372.384	  8
    1372.918	  8
    1374.112	  8
    1374.810	  8
    1375.922	  8
    1376.370	  8
    1376.462	  8
    1376.954	  8
    1377.868	  8
    1378.704	  8
    1379.430	  8
    1380.226	  8
    1380.668	  8
    1381.198	  8
    1381.916	  8
    1382.482	  8
    1383.418	  8
    1383.808	  8
    1384.264	  8
    1385.022	  8
    1385.418	  8
    1385.670	  8
    1386.462	  8
    1386.878	  8
    1387.602	  8
    1388.930	  8
    1389.420	  8
    1390.158	  8
    1390.694	  8
    1391.948	  8
    1392.244	  8
    1393.018	  8
    1393.358	  8
    1393.606	  8
    1394.968	  8
    1395.428	  8
    1395.812	  8
    1396.232	  8
    1397.422	  8
    1398.642	  8
    1399.728	  8
    1400.512	  8
    1400.654	  8
    1401.098	  8
    1401.696	  8
    1402.142	  8
    1402.928	  8
    1404.872	  8
    1405.000	 53
    1405.140	  8
    1405.140	 20
    1405.140	 27
    1405.150	 28
    1405.150	 19
    1405.250	 29
    1405.418	  9
    1405.528	  8
    1425.270	 52
    1425.280	 18
    1483.714	  8
    1484.934	  8
    1488.138	  8
    1488.426	  8
    1489.310	  8
    1489.772	  8
    1497.410	  8
    1499.516	  8
    1502.804	  8
    1503.886	  8
    1505.462	  8
    1505.652	  8
    1506.536	  8
    1507.004	  8
    1508.134	  8
    1508.746	  8
    1509.812	  8
    1513.814	  8
    1514.524	  8
    1515.532	  8
    1516.396	  8
    1516.952	  8
    1517.566	  8
    1517.840	  8
    1517.956	  8
    1518.334	  8
    1519.538	  8
    1519.878	  8
    1520.510	  8
    1521.536	  8
    1523.222	  8
    1523.488	  8
    1524.262	  8
    1524.652	  8
    1525.374	  8
    1525.894	  8
    1526.614	  8
    1528.778	  8
    1529.878	  8
    1530.030	  8
    1530.252	  8
    1530.750	  8
    1531.274	  8
    1531.770	  8
    1532.040	  8
    1533.266	  8
    1533.748	  8
    1534.278	  8
    1534.346	  8
    1534.920	  8
    1535.472	  8
    1535.796	  8
    1536.630	  8
    1536.742	  8
    1538.328	  8
    1538.908	  8
    1539.392	  8
    1539.638	  8
    1540.208	  8
    1541.132	  8
    1541.602	  8
    1542.206	  8
    1542.782	  8
    1543.596	  8
    1544.976	  8
    1545.280	 53
    1545.656	  8
    1545.656	 20
    1545.656	 27
    1545.666	 28
    1545.666	 19
    1545.766	 29
    1545.934	  9
    1546.076	  8
    1565.786	 51
    1565.796	 17
    1625.796	 53
    1625.806	 20
    1625.806	 27
    1645.826	 51
    1645.836	 17
    1659.710	  8
    1672.414	  7
    1672.756	  7
    1672.878	  7
    1673.014	  7
    1673.196	  7
    1682.502	  8
    1682.636	  8
    1698.036	  8
    1705.836	 53
    1705.846	 20
    1705.846	 27
    1725.866	 50
    1725.876	 10
    1732.894	  8
    1732.938	  8
    1735.840	  8
    1736.528	  8
    1737.658	  8
    1739.658	  8
    1740.052	  8
    1740.640	  8
    1741.230	  8
    1741.354	  8
    1743.264	  8
    1744.610	  8
    1744.862	  8
    1745.310	  8
    1746.290	  8
    1747.142	  8
    1748.830	  8
    1749.642	  8
    1750.640	  8
    1751.060	  8
    1751.296	  8
    1751.492	  8
    1752.134	  8
    1752.894	  8
    1753.958	  8
    1754.578	  8
    1754.868	  8
    1754.936	  8
    1755.876	 53
    1756.052	  8
    1756.052	 20
    1756.052	 27
    1756.062	 28
    1756.062	 19
    1756.162	 29
    1756.300	  8
    1756.330	  9
    1776.182	 50
    1776.192	 10
    1778.972	  8
    1779.302	  8
    1796.166	  8
    1796.416	  8
    1796.510	  8
    1798.500	  8
    1799.540	  8
    1800.028	  8
    1801.130	  8
    1802.866	  8
    1804.160	  8
    1804.396	  8
    1806.192	 53
    1806.520	  8
    1806.520	 20
    1806.520	 27
    1806.530	 28
    1806.530	 19
    1806.630	 29
    1806.774	  8
    1806.798	  9
    1826.650	 51
    1826.660	 17
    1878.776	  8
    1886.660	 53
    1886.670	 20
    1886.670	 27
    1895.546	  7
    1895.708	  7
    1896.386	  7
    1896.790	  7
    1898.446	  7
    1898.618	  7
    1899.050	  7
    1899.240	  7
    1901.736	  7
    1901.816	  7
    1906.690	 51
    1906.700	 17
    1908.856	  7
    1936.456	  8
    1953.748	  8
    1954.300	  8
    1955.314	  8
    1957.594	  8
    1958.118	  8
    1958.986	  8
    1960.100	  8
    1961.424	  8
    1966.700	 53
    1966.710	 20
    1966.710	 27
    1985.528	  8
    1986.014	  8
    1986.730	 51
    1986.740	 17
    1987.528	  8
    1989.064	  8
    1989.426	  8
    1990.288	  8
    1990.616	  8
    1993.802	  8
    1994.158	  8
    1997.788	  8
    1997.950	  8
    1998.716	  8
    1998.958	  8
    2008.860	  8
    2010.860	  8
    2012.318	  8
    2012.512	  8
    2012.636	  8
    2012.738	  8
    2015.668	  8
    2016.120	  8
    2016.530	  8
    2017.544	  8
    2017.652	  8
    2020.610	  8
    2024.944	  8
    2025.748	  8
    2026.978	  8
    2028.208	  8
    2029.698	  8
    2036.938	  8
    2038.082	  8
    2039.078	  8
    2040.542	  8
    2041.550	  8
    2041.948	  8
    2042.754	  8
    2043.256	  8
    2044.086	  8
    2045.440	  8
    2046.514	  8
    2046.740	 53
    2046.750	 20
    2046.750	 27
    2047.958	  8
    2063.276	  8
    2063.990	  8
    2064.346	  8
    2065.816	  8
    2066.770	 52
    2066.780	 18
    2067.810	  8
    2068.970	  8
    2069.504	  8
    2069.764	  8
    2082.960	  8
    2084.502	  8
    2086.644	  8
    2087.146	  8
    2088.062	  8
    2089.270	  8
    2090.776	  8
    2091.658	  8
    2092.430	  8
    2093.390	  8
    2100.612	  8
    2101.064	  8
    2101.534	  8
    2101.998	  8
    2102.534	  8
    2102.764	  8
    2103.240	  8
    2104.118	  8
    2104.502	  8
    2105.138	  8
    2105.688	  8
    2106.440	  8
    2106.740	  8
    2107.516	  8
    2108.254	  8
    2108.626	  8
    2109.362	  8
    2110.152	  8
    2110.548	  8
    2110.762	  8
    2111.684	  8
    2112.292	  8
    2113.590	  8
    2114.084	  8
    2114.588	  8
    2115.414	  8
    2116.448	  8
    2117.322	  8
    2117.988	  8
    2119.734	  8
    2120.136	  8
    2120.714	  8
    2121.434	  8
    2121.944	  8
    2122.548	  8
    2123.032	  8
    2123.634	  8
    2124.104	  8
    2125.200	  8
    2125.692	  8
    2126.052	  8
    2126.438	  8
    2127.446	  8
    2127.952	  8
    2128.644	  8
    2128.950	  8
    2130.248	  8
    2130.376	  8
    2131.246	  8
    2131.714	  8
    2132.792	  8
    2133.494	  8
    2133.766	  8
    2134.246	  8
    2134.856	  8
    2135.204	  8
    2135.280	  8
    2135.848	  8
    2136.084	  8
    2136.236	  8
    2136.406	  8
    2136.548	  8
    2138.028	  8
    2138.748	  8
    2140.124	  8
    2141.164	  8
    2141.880	  8
    2142.202	  8
    2142.608	  8
    2143.092	  8
    2144.880	  8
    2145.302	  8
    2145.756	  8
    2146.214	  8
    2147.616	  8
    2148.212	  8
    2148.512	  8
    2148.812	  8
    2148.832	  8
    2150.060	  8
    2150.644	  8
    2150.784	  8
    2151.138	  8
    2151.758	  8
    2152.136	  8
    2153.854	  8
    2154.504	  8
    2154.970	  8
    2155.752	  8
    2155.958	  8
    2156.436	  8
    2157.102	  8
    2157.492	  8
    2159.326	  8
    2159.538	  8
    2160.226	  8
    2160.548	  8
    2161.618	  8
    2162.544	  8
    2162.956	  8
    2164.366	  8
    2164.478	  8
    2165.706	  8
    2166.354	  8
    2166.544	  8
    2167.022	  8
    2167.530	  8
    2168.434	  8
    2168.718	  8
    2169.000	  8
    2170.096	  8
    2170.682	  8
    2171.090	  8
    2172.548	  8
    2172.576	  8
    2173.066	  8
    2173.522	  8
    2174.180	  8
    2174.764	  8
    2175.274	  8
    2175.734	  8
    2176.090	  8
    2176.818	  8
    2177.516	  8
    2179.124	  8
    2180.954	  8
    2181.282	  8
    2181.526	  8
    2183.270	  8
    2183.992	  8
    2184.454	  8
    2185.164	  8
    2185.436	  8
    2186.124	  8
    2186.290	  8
    2186.396	  8
    2186.780	 53
    2188.028	  8
    2188.028	 20
    2188.028	 27
    2188.038	 28
    2188.038	 19
    2188.138	 29
    2188.306	  9
    2188.370	  8
    2189.524	  8
    2208.158	 50
    2208.168	 10
    2220.938	  7
    2221.144	  7
    2221.264	  7
    2221.600	  7
    2221.734	  7
    2222.222	  7
    2222.344	  7
    2222.490	  7
    2222.638	  7
    2222.790	  7
    2222.960	  7
    2223.108	  7
    2223.244	  7
    2223.404	  7
    2223.582	  7
    2223.722	  7
    2224.426	  7
    2224.550	  7
    2224.712	  7
    2224.870	  7
    2225.030	  7
    2225.176	  7
    2225.330	  7
    2225.524	  7
    2225.630	  7
    2225.938	  7
    2226.104	  7
    2226.252	  7
    2226.446	  7
    2226.590	  7
    2226.740	  7
    2226.896	  7
    2227.052	  7
    2227.192	  7
    2227.376	  7
    2227.498	  7
    2227.672	  7
    2227.826	  7
    2227.948	  7
    2228.090	  7
    2228.244	  7
    2228.400	  7
    2228.566	  7
    2228.720	  7
    2228.882	  7
    2229.056	  7
    2229.194	  7
    2229.346	  7
    2229.494	  7
    2229.672	  7
    2229.816	  7
    2229.980	  7
    2230.332	  7
    2230.470	  7
    2230.614	  7
    2230.814	  7
    2230.950	  7
    2231.150	  7
    2231.290	  7
    2231.510	  7
    2231.982	  7
    2232.942	  7
    2233.036	  7
    2233.646	  7
    2233.772	  7
    2234.262	  7
    2234.320	  7
    2235.766	  7
    2235.840	  7
    2238.168	 53
    2238.786	  7
    2242.768	  7
    2244.478	  8
    2244.478	 20
    2244.478	 27
    2244.488	 28
    2244.488	 19
    2244.588	 29
    2244.756	  9
    2244.758	  8
    2264.608	 50
    2264.618	 10
    2285.426	  8
    2285.884	  8
    2286.674	  8
    2287.230	  8
    2287.832	  8
    2288.460	  8
    2289.054	  8
    2289.422	  8
    2289.922	  8
    2290.448	  8
    2291.542	  8
    2291.750	  8
    2292.288	  8
    2292.512	  8
    2292.924	  8
    2293.568	  8
    2294.134	  8
    2294.304	  8
    2294.618	 53
    2295.140	  8
    2295.140	 20
    2295.140	 27
    2295.150	 28
    2295.150	 19
    2295.250	 29
    2295.418	  9
    2295.528	  8
    2315.270	 51
    2315.280	 17
    2375.280	 53
    2375.290	 20
    2375.290	 27
    2395.310	 51
    2395.320	 17
    2455.320	 53
    2455.330	 20
    2455.330	 27
    2475.350	 52
    2475.360	 18
    2479.492	  8
    2480.526	  8
    2480.596	  8
    2483.686	  8
    2483.858	  8
    2484.134	  8
    2487.164	  8
    2494.138	  8
    2494.220	  8
    2495.592	  8
    2495.822	  8
    2496.628	  8
    2501.000	  8
    2510.092	  8
    2511.118	  8
    2512.140	  8
    2512.416	  8
    2513.614	  8
    2515.470	  8
    2516.042	  8
    2516.966	  8
    2517.528	  8
    2518.630	  8
    2518.918	  8
    2519.022	  8
    2519.784	  8
    2520.944	  8
    2521.354	  8
    2523.474	  8
    2524.152	  8
    2524.796	  8
    2525.354	  8
    2525.980	  8
    2526.824	  8
    2527.856	  8
    2528.014	  8
    2530.422	  8
    2530.698	  8
    2531.262	  8
    2531.990	  8
    2532.866	  8
    2533.082	  8
    2534.138	  8
    2534.484	  8
    2534.824	  8
    2535.232	  8
    2537.946	  8
    2538.284	  8
    2538.352	  8
    2539.888	  8
    2540.488	  8
    2541.158	  8
    2541.266	  8
    2541.778	  8
    2542.494	  8
    2542.924	  8
    2543.528	  8
    2543.788	  8
    2544.390	  8
    2546.526	  8
    2546.916	  8
    2547.502	  8
    2548.450	  8
    2549.134	  8
    2549.614	  8
    2549.974	  8
    2550.476	  8
    2550.754	  8
    2551.722	  8
    2552.190	  8
    2554.678	  8
    2554.748	  8
    2555.392	  8
    2555.986	  8
    2556.504	  8
    2556.722	  8
    2557.682	  8
    2557.794	  8
    2558.484	  8
    2558.798	  8
    2559.398	  8
    2560.486	  8
    2560.994	  8
    2561.680	  8
    2562.716	  8
    2563.224	  8
    2563.894	  8
    2564.960	  8
    2566.004	  8
    2566.284	  8
    2566.984	  8
    2567.688	  8
    2568.648	  8
    2569.156	  8
    2569.908	  8
    2571.582	  8
    2572.640	  8
    2573.778	  8
    2574.002	  8
    2576.002	  8
    2576.822	  8
    2576.900	  8
    2577.392	  8
    2577.700	  8
    2578.618	  8
    2579.568	  8
    2580.082	  8
    2580.882	  8
    2581.654	  8
    2582.114	  8
    2583.460	  8
    2584.190	  8
    2584.434	  8
    2585.904	  8
    2586.624	  8
    2587.134	  8
    2587.942	  8
    2588.432	  8
    2588.836	  8
    2588.914	  8
    2590.600	  8
    2591.598	  8
    2592.486	  8
    2592.818	  8
    2593.204	  8
    2595.254	  8
    2595.360	 53
    2596.090	  8
    2596.090	 20
    2596.090	 27
    2596.100	 28
    2596.100	 19
    2596.144	  8
    2596.200	 29
    2596.368	  9
    2596.490	  8
    2616.220	 50
    2616.230	 10
    2625.566	  8
    2643.104	  8
    2644.230	  8
    2644.572	  8
    2646.100	  8
    2646.230	 53
    2647.662	  8
    2647.662	 20
    2647.662	 27
    2647.672	 28
    2647.672	 19
    2647.772	 29
    2647.940	  9
    2648.176	  8
    2667.792	 50
    2667.802	 10
    2688.232	  8
    2689.616	  8
    2690.344	  8
    2690.846	  8
    2690.952	  8
    2691.726	  8
    2692.638	  8
    2692.996	  8
    2693.964	  8
    2694.186	  8
    2695.890	  8
    2696.170	  8
    2696.810	  8
    2697.258	  8
    2697.802	 53
    2698.456	  8
    2698.456	 20
    2698.456	 27
    2698.466	 28
    2698.466	 19
    2698.566	 29
    2698.696	  8
    2698.734	  9
    2718.586	 51
    2718.596	 17
    2747.754	  7
    2747.858	  7
    2748.178	  7
    2748.438	  7
    2748.866	  7
    2748.988	  7
    2749.432	  7
    2749.554	  7
    2749.870	  7
    2750.418	  7
    2750.902	  7
    2756.044	  7
    2756.152	  7
    2756.304	  7
    2756.434	  7
    2756.572	  7
    2756.716	  7
    2756.854	  7
    2757.008	  7
    2757.160	  7
    2757.294	  7
    2757.766	  7
    2758.168	  7
    2758.312	  7
    2758.474	  7
    2758.642	  7
    2758.782	  7
    2759.184	  7
    2762.358	  7
    2763.914	  7
    2770.736	  7
    2778.596	 53
    2778.606	 20
    2778.606	 27
    2779.170	  7
    2779.862	  7
    2798.626	 50
    2798.636	 10
    2810.722	  8
    2811.244	  8
    2812.762	  8
    2813.390	  8
    2813.486	  8
    2814.760	  8
    2815.336	  8
    2815.990	  8
    2817.282	  8
    2818.132	  8
    2818.758	  8
    2819.368	  8
    2819.804	  8
    2820.262	  8
    2820.642	  8
    2822.222	  8
    2822.784	  8
    2823.024	  8
    2824.668	  8
    2825.008	  8
    2826.238	  8
    2826.338	  8
    2827.590	  8
    2828.636	 53
    2828.984	  8
    2828.984	 20
    2828.984	 27
    2828.994	 28
    2828.994	 19
    2829.094	 29
    2829.262	  9
    2829.298	  8
    2849.114	 52
    2849.124	 18
    2863.010	  7
    2864.160	  7
    2866.190	  7
    2871.358	  7
    2873.814	  7
    2882.652	  7
    2886.208	  7
    2886.666	  7
    2889.902	  7
    2894.864	  7
    2900.078	  7
    2901.450	  7
    2903.454	  7
    2907.858	  7
    2908.944	  7
    2919.822	  7
    2929.214	  7
    2938.420	  7
    2948.040	  8
    2949.616	  8
    2962.848	  8
    2962.928	  8
    2963.090	  8
    2963.744	  8
    2964.694	  8
    2965.492	  8
    2966.068	  8
    2968.018	  8
    2969.124	 53
    2972.192	  8
    2972.192	 20
    2972.192	 27
    2972.202	 28
    2972.202	 19
    2972.302	 29
    2972.470	  9
    2972.638	  8
    2991.314	  8
    2991.910	  8
    2992.322	 51
    2992.332	 17
    3007.692	  7
    3008.604	  7
    3009.232	  7
    3009.348	  7
    3009.492	  7
    3009.650	  7
    3009.770	  7
    3011.278	  7
    3011.962	  7
    3012.728	  7
    3013.302	  7
    3016.948	  7
    3026.622	  7
    3026.752	  7
    3026.930	  7
    3027.206	  7
    3028.206	  7
    3033.044	  7
    3033.156	  7
    3033.326	  7
    3033.738	  7
    3046.680	  7
    3049.516	  7
    3051.450	  7
    3052.332	 53
    3052.342	 20
    3052.342	 27
    3052.868	  7
    3055.680	  7
    3055.856	  7
    3056.064	  7
    3056.298	  7
    3056.556	  7
    3056.778	  7
    3057.312	  7
    3064.132	  7
    3072.356	  7
    3072.362	 52
    3072.372	 18
    3073.446	  7
    3118.472	  8
    3119.302	  8
    3122.068	  8
    3123.560	  8
    3123.694	  8
    3124.380	  8
    3124.552	  8
    3126.054	  8
    3126.188	  8
    3126.452	  8
    3126.704	  8
    3127.544	  8
    3128.292	  8
    3128.904	  8
    3129.516	  8
    3130.050	  8
    3130.864	  8
    3133.990	  8
    3135.182	  8
    3135.674	  8
    3137.396	  8
    3138.450	  8
    3139.620	  8
    3140.854	  8
    3141.868	  8
    3142.534	  8
    3142.816	  8
    3143.808	  8
    3144.536	  8
    3144.998	  8
    3145.516	  8
    3145.990	  8
    3146.446	  8
    3147.418	  8
    3147.736	  8
    3149.638	  8
    3149.792	  8
    3150.392	  8
    3150.914	  8
    3151.772	  8
    3152.022	  8
    3152.352	  8
    3152.894	  8
    3153.578	  8
    3154.128	  8
    3154.854	  8
    3155.442	  8
    3155.916	  8
    3156.408	  8
    3157.252	  8
    3159.018	  8
    3159.520	  8
    3160.944	  8
    3161.298	  8
    3162.110	  8
    3162.662	  8
    3163.260	  8
    3165.478	  8
    3165.924	  8
    3166.416	  8
    3167.018	  8
    3167.682	  8
    3168.272	  8
    3168.570	  8
    3169.294	  8
    3169.718	  8
    3170.222	  8
    3171.066	  8
    3171.964	  8
    3172.260	  8
    3172.840	  8
    3175.250	  8
    3175.440	  8
    3176.178	  8
    3176.872	  8
    3177.080	  8
    3177.526	  8
    3178.254	  8
    3179.320	  8
    3179.722	  8
    3180.544	  8
    3180.898	  8
    3181.636	  8
    3182.018	  8
    3182.688	  8
    3183.402	  8
    3185.676	  8
    3186.162	  8
    3186.716	  8
    3187.174	  8
    3187.426	  8
    3187.908	  8
    3188.396	  8
    3188.902	  8
    3189.468	  8
    3190.070	  8
    3190.916	  8
    3191.206	  8
    3191.676	  8
    3192.238	  8
    3192.372	 53
    3193.012	  8
    3193.012	 20
    3193.012	 27
    3193.022	 28
    3193.022	 19
    3193.122	 29
    3193.290	  9
    3193.412	  8
    3213.142	 50
    3213.152	 10
    3224.736	  8
    3241.404	  8
    3241.542	  8
    3241.792	  8
    3242.814	  8
    3243.152	 53
    3244.596	  8
    3244.596	 20
    3244.596	 27
    3244.606	 28
    3244.606	 19
    3244.706	 29
    3244.874	  9
    3245.028	  8
    3264.726	 50
    3264.736	 10
    3286.150	  8
    3286.234	  8
    3287.828	  8
    3288.090	  8
    3290.134	  8
    3291.704	  8
    3292.278	  8
    3292.470	  8
    3293.858	  8
    3294.348	  8
    3294.736	 53
    3294.768	  8
    3294.768	 20
    3294.768	 27
    3294.778	 28
    3294.778	 19
    3294.878	 29
    3295.038	  9
    3295.052	  8
    3314.898	 50
    3314.908	 10
    3327.712	  8
    3334.032	  8
    3334.116	  8
    3336.570	  8
    3336.646	  8
    3337.228	  8
    3338.658	  8
    3339.258	  8
    3339.600	  8
    3341.974	  8
    3342.410	  8
    3343.790	  8
    3344.842	  8
    3344.908	 53
    3345.094	  8
    3345.094	 20
    3345.094	 27
    3345.104	 28
    3345.104	 19
    3345.204	 29
    3345.360	  8
    3345.372	  9
    3346.476	  8
    3346.550	  8
    3361.476	  8
    3365.224	 52
    3365.234	 18
    3365.472	  8
    3386.288	  8
    3387.490	  8
    3403.694	  8
    3412.798	  8
    3412.936	  8
    3413.010	  8
    3413.360	  8
    3413.958	  8
    3414.966	  8
    3425.676	  8
    3425.908	  8
    3436.100	  8
    3436.206	  8
    3436.422	  8
    3436.796	  8
    3438.052	  8
    3439.080	  8
    3440.530	  8
    3441.260	  8
    3442.388	  8
    3443.132	  8
    3443.740	  8
    3444.072	  8
    3445.662	  8
    3447.388	  8
    3451.944	  8
    3452.600	  8
    3452.922	  8
    3453.828	  8
    3454.614	  8
    3455.282	  8
    3455.890	  8
    3456.174	  8
    3456.858	  8
    3457.234	  8
    3458.024	  8
    3458.824	  8
    3459.584	  8
    3460.338	  8
    3461.700	  8
    3461.832	  8
    3462.290	  8
    3463.162	  8
    3463.442	  8
    3464.182	  8
    3465.314	  8
    3466.346	  8
    3466.942	  8
    3467.760	  8
    3468.038	  8
    3468.376	  8
    3469.160	  8
    3469.396	  8
    3469.834	  8
    3470.064	  8
    3470.458	  8
    3472.248	  8
    3472.570	  8
    3472.796	  8
    3472.844	  8
    3476.082	  8
    3476.484	  8
    3477.234	  8
    3478.224	  8
    3478.756	  8
    3479.304	  8
    3480.302	  8
    3481.342	  8
    3482.176	  8
    3483.322	  8
    3483.562	  8
    3484.882	  8
    3485.234	 53
    3485.348	  8
    3485.348	 20
    3485.348	 27
    3485.358	 28
    3485.358	 19
    3485.458	 29
    3485.626	  9
    3485.772	  8
    3505.478	 51
    3505.488	 17
    3565.488	 53
    3565.498	 20
    3565.498	 27
    3585.518	 51
    3585.528	 17
    3603.582	  7
    3603.712	  7
    3603.898	  7
    3626.826	  7
    3626.968	  7
    3627.180	  7
    3627.310	  7
    3627.486	  7
    3628.044	  7
    3628.192	  7
    3628.356	  7
    3630.484	  7
    3632.216	  7
    3632.422	  7
    3632.750	  7
    3634.262	  7
    3635.144	  7
    3636.034	  7
    3639.000	  7
    3639.118	  7
    3639.344	  7
    3642.580	  7
    3642.750	  7
    3643.334	  7
    3643.464	  7
    3645.528	 53
    3645.538	 20
    3645.538	 27
    3651.322	  7
    3651.936	  7
    3655.468	  7
    3661.924	  7
    3665.558	 52
    3665.568	 18
    3667.282	  7
    3669.168	  7
    3672.380	  7
    3674.288	  7
    3707.392	  8
    3707.490	  8
    3707.556	  8
    3707.954	  8
    3708.708	  8
    3710.650	  8
    3713.204	  8
    3714.658	  8
    3715.656	  8
    3716.530	  8
    3720.136	  8
    3720.904	  8
    3722.766	  8
    3724.356	  8
    3724.558	  8
    3725.114	  8
    3725.346	  8
    3726.476	  8
    3727.546	  8
    3727.896	  8
    3728.380	  8
    3730.036	  8
    3730.126	  8
    3730.816	  8
    3739.350	  8
    3739.456	  8
    3739.690	  8
    3740.132	  8
    3740.726	  8
    3740.916	  8
    3741.524	  8
    3742.538	  8
    3742.990	  8
    3743.470	  8
    3744.270	  8
    3744.532	  8
    3745.236	  8
    3745.978	  8
    3746.864	  8
    3747.184	  8
    3748.146	  8
    3748.630	  8
    3749.532	  8
    3750.222	  8
    3750.522	  8
    3751.534	  8
    3751.882	  8
    3752.376	  8
    3752.952	  8
    3753.772	  8
    3753.826	  8
    3754.358	  8
    3755.050	  8
    3755.562	  8
    3756.486	  8
    3756.782	  8
    3758.560	  8
    3759.286	  8
    3760.176	  8
    3760.644	  8
    3761.378	  8
    3762.164	  8
    3762.676	  8
    3763.612	  8
    3764.132	  8
    3764.652	  8
    3765.288	  8
    3765.532	  8
    3766.562	  8
    3768.672	  8
    3768.858	  8
    3769.798	  8
    3770.024	  8
    3770.570	  8
    3770.972	  8
    3771.636	  8
    3772.170	  8
    3772.606	  8
    3773.322	  8
    3773.728	  8
    3774.592	  8
    3776.718	  8
    3778.196	  8
    3778.886	  8
    3779.448	  8
    3779.898	  8
    3780.646	  8
    3780.840	  8
    3781.456	  8
    3781.774	  8
    3782.026	  8
    3782.162	  8
    3784.538	  8
    3784.772	  8
    3785.068	  8
    3785.128	  8
    3785.568	 53
    3785.596	  8
    3785.596	 20
    3785.596	 27
    3785.606	 28
    3785.606	 19
    3785.706	 29
    3785.874	  9
    3786.004	  8
    3787.914	  8
    3791.024	  8
    3802.860	  8
    3804.742	  8
    3805.726	 51
    3805.736	 17
    3819.916	  8
    3865.736	 53
    3865.746	 20
    3865.746	 27
    3885.766	 51
    3885.776	 17
    3945.776	 53
    3945.786	 20
    3945.786	 27
    3965.806	 52
    3965.816	 18
    4004.060	  8
    4004.480	  8
    4005.202	  8
    4006.436	  8
    4007.732	  8
    4008.722	  8
    4009.806	  8
    4010.930	  8
    4011.688	  8
    4013.718	  8
    4014.566	  8
    4015.336	  8
    4015.456	  8
    4015.662	  8
    4016.574	  8
    4016.646	  8
    4016.958	  8
    4017.482	  8
    4017.828	  8
    4018.508	  8
    4018.714	  8
    4019.708	  8
    4021.428	  8
    4023.166	  8
    4023.966	  8
    4024.034	  8
    4025.418	  8
    4026.398	  8
    4026.766	  8
    4027.034	  8
    4028.842	  8
    4029.048	  8
    4029.638	  8
    4030.268	  8
    4031.136	  8
    4031.928	  8
    4032.176	  8
    4032.734	  8
    4033.458	  8
    4033.928	  8
    4034.562	  8
    4034.662	  8
    4034.924	  8
    4038.020	  8
    4038.072	  8
    4038.224	  8
    4038.758	  8
    4039.606	  8
    4039.690	  8
    4039.780	  8
    4040.324	  8
    4040.912	  8
    4041.444	  8
    4042.118	  8
    4042.306	  8
    4042.970	  8
    4043.368	  8
    4043.586	  8
    4044.098	  8
    4044.990	  8
    4045.578	  8
    4046.094	  8
    4046.476	  8
    4047.330	  8
    4047.788	  8
    4048.346	  8
    4049.502	  8
    4050.274	  8
    4051.436	  8
    4051.866	  8
    4051.970	  8
    4052.768	  8
    4053.812	  8
    4055.028	  8
    4055.568	  8
    4056.400	  8
    4056.882	  8
    4057.422	  8
    4058.302	  8
    4058.822	  8
    4060.184	  8
    4061.216	  8
    4061.802	  8
    4062.080	  8
    4062.688	  8
    4063.006	  8
    4064.874	  8
    4065.032	  8
    4065.702	  8
    4066.134	  8
    4067.110	  8
    4067.684	  8
    4068.210	  8
    4069.002	  8
    4069.528	  8
    4069.960	  8
    4070.476	  8
    4071.736	  8
    4071.954	  8
    4073.822	  8
    4074.284	  8
    4075.490	  8
    4075.894	  8
    4076.666	  8
    4077.436	  8
    4077.706	  8
    4078.030	  8
    4078.116	  8
    4078.578	  8
    4079.358	  8
    4079.908	  8
    4080.254	  8
    4080.572	  8
    4081.254	  8
    4081.654	  8
    4082.250	  8
    4082.524	  8
    4083.584	  8
    4083.850	  8
    4085.758	  8
    4085.816	 53
    4085.976	  8
    4085.976	 20
    4085.976	 27
    4085.986	 28
    4085.986	 19
    4086.086	 29
    4086.254	  9
    4086.374	  8
    4106.106	 50
    4106.116	 10
    4113.924	  8
    4123.612	  8
    4123.772	  8
    4124.274	  8
    4124.730	  8
    4127.602	  8
    4127.796	  8
    4128.800	  8
    4129.052	  8
    4129.198	  8
    4129.848	  8
    4130.284	  8
    4130.648	  8
    4131.156	  8
    4132.138	  8
    4132.416	  8
    4134.456	  8
    4134.546	  8
    4135.354	  8
    4135.762	  8
    4136.116	 53
    4136.572	  8
    4136.572	 20
    4136.572	 27
    4136.582	 28
    4136.582	 19
    4136.682	 29
    4136.850	  9
    4136.908	  8
    4156.702	 51
    4156.712	 17
    4199.728	  8
    4216.712	 53
    4216.722	 20
    4216.722	 27
    4236.742	 52
    4236.752	 18
    4252.242	  8
    4272.546	  8
    4274.658	  8
    4284.760	  8
    4285.050	  8
    4286.398	  8
    4296.204	  8
    4296.988	  8
    4297.838	  8
    4299.410	  8
    4300.166	  8
    4301.078	  8
    4301.868	  8
    4302.824	  8
    4304.004	  8
    4316.332	  8
    4316.812	  8
    4317.188	  8
    4317.692	  8
    4318.928	  8
    4319.244	  8
    4320.028	  8
    4320.920	  8
    4321.188	  8
    4321.928	  8
    4322.532	  8
    4322.880	  8
    4323.542	  8
    4323.952	  8
    4324.422	  8
    4325.006	  8
    4325.992	  8
    4326.268	  8
    4326.956	  8
    4327.558	  8
    4328.088	  8
    4328.652	  8
    4329.734	  8
    4330.994	  8
    4331.180	  8
    4332.600	  8
    4333.020	  8
    4334.266	  8
    4334.466	  8
    4334.678	  8
    4335.082	  8
    4336.130	  8
    4336.578	  8
    4337.208	  8
    4337.876	  8
    4338.282	  8
    4338.658	  8
    4340.616	  8
    4341.278	  8
    4341.948	  8
    4342.302	  8
    4342.964	  8
    4343.500	  8
    4344.222	  8
    4344.456	  8
    4344.724	  8
    4345.622	  8
    4346.536	  8
    4346.684	  8
    4347.680	  8
    4347.952	  8
    4348.308	  8
    4348.698	  8
    4348.776	  8
    4351.030	  8
    4351.338	  8
    4351.978	  8
    4352.612	  8
    4352.714	  8
    4353.098	  8
    4354.092	  8
    4354.764	  8
    4354.886	  8
    4355.010	  8
    4356.596	  8
    4356.752	 53
    4357.262	  8
    4357.262	 20
    4357.262	 27
    4357.272	 28
    4357.272	 19
    4357.372	 29
    4357.540	  9
    4357.668	  8
    4377.392	 50
    4377.402	 10
    4398.680	  8
    4398.982	  8
    4401.524	  8
    4401.730	  8
    4403.636	  8
    4404.828	  8
    4405.264	  8
    4405.698	  8
    4406.268	  8
    4406.504	  8
    4407.402	 53
    4407.674	  8
    4407.674	 20
    4407.674	 27
    4407.684	 28
    4407.684	 19
    4407.784	 29
    4407.926	  8
    4407.952	  9
    4409.272	  8
    4427.804	 50
    4427.814	 10
    4442.642	  8
    4451.870	  8
    4453.750	  8
    4454.102	  8
    4454.504	  8
    4456.040	  8
    4457.578	  8
    4457.788	  8
    4457.814	 53
    4458.006	  8
    4458.006	 20
    4458.006	 27
    4458.016	 28
    4458.016	 19
    4458.116	 29
    4458.284	  9
    4458.652	  8
    4478.136	 52
    4478.146	 18
    4490.450	  8
    4554.640	  8
    4566.048	  8
    4574.612	  8
    4576.798	  8
    4598.146	 53
    4607.050	  8
    4607.050	 20
    4607.050	 27
    4607.060	 28
    4607.060	 19
    4607.160	 29
    4607.328	  9
    4607.452	  8
    4607.972	  8
    4627.180	 50
    4627.190	 10
    4627.812	  8
    4628.128	  8
    4628.528	  8
    4628.774	  8
    4643.178	  8
    4643.904	  8
    4645.818	  8
    4647.818	  8
    4649.068	  8
    4649.498	  8
    4649.946	  8
    4650.714	  8
    4651.396	  8
    4652.046	  8
    4652.466	  8
    4652.940	  8
    4653.060	  8
    4653.322	  8
    4653.392	  8
    4654.220	  8
    4654.458	  8
    4655.132	  8
    4655.654	  8
    4655.904	  8
    4656.998	  8
    4657.190	 53
    4657.602	  8
    4657.602	 20
    4657.602	 27
    4657.612	 28
    4657.612	 19
    4657.712	 29
    4657.846	  8
    4657.880	  9
    4677.732	 51
    4677.742	 17
    4737.742	 53
    4737.752	 20
    4737.752	 27
    4757.772	 51
    4757.782	 17
    4817.782	 53
    4817.792	 20
    4817.792	 27
    4827.928	  8
    4828.024	  8
    4837.812	 52
    4837.822	 18
    4898.388	  8
    4898.846	  8
    4899.438	  8
    4899.912	  8
    4900.504	  8
    4901.134	  8
    4901.632	  8
    4902.148	  8
    4906.304	  8
    4908.640	  8
    4915.160	  8
    4916.188	  8
    4917.332	  8
    4918.250	  8
    4922.166	  8
    4923.132	  8
    4924.248	  8
    4924.530	  8
    4928.354	  8
    4929.322	  8
    4930.918	  8
    4932.336	  8
    4934.058	  8
    4934.344	  8
    4935.740	  8
    4940.570	  8
    4941.126	  8
    4941.704	  8
    4942.402	  8
    4943.420	  8
    4943.834	  8
    4944.930	  8
    4945.828	  8
    4946.058	  8
    4946.916	  8
    4947.402	  8
    4948.324	  8
    4949.410	  8
    4950.192	  8
    4950.724	  8
    4951.444	  8
    4952.126	  8
    4952.924	  8
    4953.490	  8
    4955.130	  8
    4956.666	  8
    4957.026	  8
    4957.648	  8
    4957.822	 53
    4958.074	  8
    4958.074	 20
    4958.074	 27
    4958.084	 28
    4958.084	 19
    4958.184	 29
    4958.352	  9
    4958.480	  8
    4978.204	 52
    4978.214	 18
    5028.678	  8
    5035.176	  8
    5035.998	  8
    5068.938	  8
    5069.076	  8
    5069.436	  8
    5069.524	  8
    5071.700	  8
    5072.280	  8
    5073.246	  8
    5074.010	  8
    5091.018	  8
    5091.438	  8
    5093.016	  8
    5093.828	  8
    5094.878	  8
    5096.656	  8
    5097.628	  8
    5098.214	 53
    5099.128	  8
    5099.128	 20
    5099.128	 27
    5099.138	 28
    5099.138	 19
    5099.238	 29
    5099.406	  9
    5099.516	  8
    5119.258	 52
    5119.268	 18
    5129.498	  8
    5188.454	  8
    5188.602	  8
    5188.694	  8
    5192.500	  8
    5198.108	  8
    5198.382	  8
    5199.566	  8
    5200.960	  8
    5201.050	  8
    5201.696	  8
    5202.038	  8
    5202.092	  8
    5202.402	  8
    5202.884	  8
    5219.556	  8
    5219.610	  8
    5219.748	  8
    5219.840	  8
    5220.064	  8
    5220.460	  8
    5220.908	  8
    5221.172	  8
    5221.724	  8
    5222.050	  8
    5222.594	  8
    5222.812	  8
    5223.448	  8
    5224.514	  8
    5225.072	  8
    5225.866	  8
    5226.280	  8
    5227.172	  8
    5227.738	  8
    5228.308	  8
    5229.150	  8
    5229.808	  8
    5230.064	  8
    5231.162	  8
    5232.130	  8
    5232.402	  8
    5233.222	  8
    5233.498	  8
    5234.250	  8
    5234.752	  8
    5235.016	  8
    5235.122	  8
    5235.776	  8
    5236.022	  8
    5236.666	  8
    5237.816	  8
    5238.260	  8
    5239.008	  8
    5239.268	 53
    5239.306	  8
    5239.306	 20
    5239.306	 27
    5239.316	 28
    5239.316	 19
    5239.416	 29
    5239.584	  9
    5239.714	  8
    5259.436	 51
    5259.446	 17
    5298.666	  8
    5299.144	  8
    5299.864	  8
    5319.446	 53
    5319.456	 20
    5319.456	 27
    5319.466	 61
