      14.086	  8
      14.872	  8
      20.010	 52
      20.020	 10
      74.538	  8
      74.874	  8
      75.116	  8
      75.468	  8
      75.604	  8
      75.874	  8
      77.906	  8
      78.532	  8
     102.354	  8
     102.878	  8
     120.528	  8
     121.212	  8
     121.328	  8
     138.504	  8
     139.068	  8
     139.210	  8
     140.020	 53
     155.078	  8
     155.078	 20
     155.078	 27
     155.088	 28
     155.088	 19
     155.188	 29
     155.352	  9
     155.382	  8
     157.472	  8
     158.164	  8
     175.208	 51
     175.218	 18
     219.304	  7
     219.604	  7
     219.816	  7
     219.958	  7
     220.304	  7
     220.484	  7
     220.694	  7
     220.880	  7
     221.062	  7
     221.240	  7
     221.448	  7
     221.668	  7
     222.056	  7
     222.494	  7
     222.632	  7
     222.830	  7
     223.014	  7
     223.240	  7
     223.416	  7
     223.630	  7
     223.874	  7
     235.218	 53
     235.228	 20
     235.228	 27
     255.248	 52
     255.258	 10
     280.178	  8
     281.804	  8
     282.214	  8
     289.058	  8
     289.494	  8
     289.964	  8
     291.016	  8
     294.014	  8
     294.602	  8
     295.064	  8
     295.632	  8
     295.780	  8
     298.178	  8
     298.414	  8
     298.642	  8
     298.968	  8
     299.808	  8
     300.190	  8
     300.676	  8
     300.928	  8
     308.212	  8
     308.454	  8
     308.738	  8
     309.978	  8
     310.320	  8
     310.506	  8
     310.944	  8
     312.104	  8
     312.484	  8
     312.778	  8
     313.930	  8
     314.528	  8
     314.838	  8
     315.582	  8
     315.918	  8
     316.314	  8
     316.714	  8
     317.394	  8
     318.752	  8
     318.884	  8
     319.374	  8
     321.360	  8
     321.602	  8
     321.920	  8
     322.534	  8
     323.034	  8
     323.118	  8
     323.452	  8
     323.938	  8
     324.360	  8
     324.946	  8
     325.324	  8
     327.114	  8
     327.522	  8
     327.728	  8
     328.572	  8
     328.884	  8
     329.032	  8
     329.106	  8
     329.344	  8
     329.564	  8
     329.788	  8
     329.976	  8
     330.434	  8
     330.978	  8
     331.174	  8
     331.482	  8
     331.674	  8
     331.892	  8
     333.156	  8
     333.628	  8
     333.910	  8
     334.234	  8
     334.744	  8
     334.996	  8
     335.148	  8
     335.366	  8
     335.430	  8
     335.698	  8
     336.292	  8
     336.746	  8
     337.328	  8
     337.598	  8
     338.072	  8
     338.442	  8
     338.574	  8
     338.788	  8
     339.340	  8
     339.622	  8
     339.826	  8
     342.122	  8
     342.346	  8
     342.630	  8
     343.356	  8
     343.922	  8
     344.190	  8
     344.668	  8
     345.032	  8
     345.488	  8
     345.658	  8
     346.200	  8
     346.494	  8
     346.998	  8
     347.204	  8
     347.542	  8
     347.990	  8
     348.298	  8
     350.008	  8
     351.468	  8
     351.666	  8
     351.914	  8
     353.346	  8
     354.242	  8
     354.562	  8
     354.976	  8
     355.234	  8
     356.194	  8
     358.568	  8
     358.978	  8
     359.324	  8
     359.634	  8
     359.894	  8
     360.152	  8
     360.430	  8
     360.524	  8
     361.862	  8
     362.286	  8
     362.638	  8
     364.626	  8
     364.774	  8
     365.098	  8
     365.410	  8
     365.662	  8
     366.012	  8
     366.852	  8
     367.128	  8
     368.626	  8
     369.326	  8
     369.552	  8
     369.812	  8
     370.148	  8
     372.532	  8
     373.668	  8
     373.784	  8
     374.258	  8
     374.524	  8
     375.258	 53
     375.582	  8
     375.582	 20
     375.582	 27
     375.592	 28
     375.592	 19
     375.692	 29
     375.856	  9
     375.900	  8
     377.098	  8
     395.712	 52
     395.722	 10
     452.568	  8
     452.982	  8
     453.442	  8
     453.868	  8
     455.016	  8
     455.254	  8
     455.562	  8
     456.218	  8
     456.572	  8
     457.284	  8
     457.528	  8
     459.738	  8
     461.174	  8
     461.878	  8
     462.054	  8
     462.448	  8
     462.820	  8
     463.118	  8
     463.264	  8
     463.852	  8
     464.410	  8
     466.000	  8
     466.218	  8
     468.472	  8
     468.724	  8
     469.148	  8
     472.864	  8
     473.000	  8
     473.418	  8
     474.052	  8
     474.674	  8
     475.310	  8
     475.604	  8
     476.102	  8
     477.596	  8
     477.908	  8
     478.126	  8
     478.408	  8
     478.730	  8
     479.128	  8
     479.528	  8
     479.882	  8
     480.192	  8
     480.592	  8
     481.212	  8
     481.348	  8
     481.658	  8
     481.826	  8
     482.202	  8
     482.394	  8
     485.316	  8
     485.634	  8
     486.014	  8
     486.582	  8
     486.998	  8
     487.442	  8
     487.750	  8
     488.278	  8
     488.410	  8
     488.694	  8
     488.922	  8
     489.698	  8
     490.176	  8
     490.648	  8
     490.912	  8
     491.486	  8
     492.206	  8
     492.418	  8
     492.934	  8
     493.422	  8
     493.788	  8
     493.960	  8
     494.166	  8
     494.410	  8
     495.344	  8
     495.538	  8
     496.460	  8
     496.628	  8
     497.724	  8
     498.252	  8
     498.724	  8
     499.008	  8
     501.300	  8
     501.496	  8
     501.666	  8
     502.660	  8
     503.766	  8
     504.666	  8
     504.836	  8
     505.782	  8
     505.804	  8
     505.828	  8
     506.074	  8
     506.482	  8
     506.748	  8
     506.996	  8
     507.194	  8
     507.390	  8
     507.800	  8
     508.252	  8
     508.624	  8
     510.062	  8
     510.556	  8
     511.156	  8
     511.478	  8
     511.722	  8
     512.040	  8
     512.298	  8
     512.612	  8
     513.130	  8
     513.980	  8
     514.260	  8
     514.710	  8
     514.948	  8
     515.722	 53
     515.758	  8
     515.758	 20
     515.758	 27
     515.768	 28
     515.768	 19
     515.868	 29
     516.032	  9
     516.072	  8
     534.956	  7
     535.888	 52
     535.898	 10
     536.610	  7
     591.798	  8
     593.570	  8
     593.968	  8
     594.312	  8
     594.822	  8
     595.264	  8
     595.686	  8
     596.042	  8
     596.240	  8
     597.058	  8
     597.332	  8
     606.352	  8
     606.916	  8
     607.312	  8
     607.756	  8
     608.436	  8
     608.766	  8
     609.234	  8
     624.558	  8
     625.378	  8
     626.006	  8
     626.280	  8
     627.252	  8
     627.628	  8
     628.376	  8
     629.004	  8
     629.416	  8
     629.802	  8
     630.244	  8
     630.474	  8
     630.566	  8
     630.784	  8
     630.868	  8
     630.986	  8
     631.264	  8
     631.758	  8
     631.984	  8
     632.378	  8
     633.084	  8
     633.326	  8
     633.784	  8
     635.644	  8
     635.826	  8
     636.108	  8
     636.516	  8
     636.632	  8
     638.102	  8
     638.756	  8
     639.108	  8
     639.428	  8
     639.708	  8
     640.104	  8
     640.224	  8
     640.904	  8
     641.208	  8
     643.400	  8
     643.934	  8
     644.552	  8
     646.678	  8
     646.790	  8
     647.160	  8
     647.546	  8
     647.822	  8
     648.008	  8
     648.076	  8
     649.036	  8
     649.490	  8
     649.844	  8
     651.504	  8
     651.760	  8
     651.936	  8
     652.312	  8
     652.648	  8
     653.130	  8
     653.426	  8
     653.828	  8
     653.966	  8
     655.680	  8
     655.898	 53
     656.156	  8
     656.156	 20
     656.156	 27
     656.166	 28
     656.166	 19
     656.266	 29
     656.430	  9
     656.456	  8
     676.286	 51
     676.296	 18
     702.718	  7
     703.030	  7
     703.548	  7
     703.832	  7
     703.944	  7
     704.152	  7
     704.262	  7
     704.846	  7
     708.554	  7
     719.956	  8
     736.296	 53
     736.306	 20
     736.306	 27
     756.326	 50
     756.336	 17
     771.972	  8
     772.204	  8
     772.470	  8
     773.344	  8
     773.646	  8
     773.808	  8
     773.874	  8
     774.210	  8
     775.048	  8
     775.648	  8
     776.866	  8
     777.084	  8
     777.272	  8
     777.594	  8
     778.812	  8
     779.038	  8
     779.512	  8
     779.960	  8
     780.150	  8
     780.506	  8
     782.000	  8
     782.344	  8
     783.244	  8
     783.342	  8
     783.634	  8
     784.188	  8
     784.690	  8
     784.828	  8
     785.394	  8
     785.702	  8
     785.790	  8
     786.336	 53
     787.106	  8
     787.106	 20
     787.106	 27
     787.116	 28
     787.116	 19
     787.216	 29
     787.380	  9
     787.406	  8
     788.570	  8
     807.236	 51
     807.246	 18
     814.618	  7
     867.246	 53
     867.256	 20
     867.256	 27
     887.276	 51
     887.286	 18
     927.394	  8
     927.724	  8
     928.344	  8
     947.286	 53
     947.296	 20
     947.296	 27
     947.768	  8
     948.204	  8
     948.470	  8
     949.152	  8
     967.316	 52
     967.326	 10
     976.026	  8
     976.674	  8
     993.106	  8
     993.410	  8
     993.970	  8
     994.292	  8
     994.826	  8
    1001.116	  8
    1001.720	  8
    1002.508	  8
    1002.954	  8
    1003.308	  8
    1003.658	  8
    1003.952	  8
    1004.486	  8
    1004.746	  8
    1005.090	  8
    1005.274	  8
    1005.816	  8
    1006.096	  8
    1006.708	  8
    1006.946	  8
    1009.856	  8
    1010.172	  8
    1010.510	  8
    1010.894	  8
    1011.518	  8
    1011.768	  8
    1012.188	  8
    1012.468	  8
    1013.064	  8
    1013.448	  8
    1014.016	  8
    1015.760	  8
    1016.058	  8
    1016.256	  8
    1017.586	  8
    1017.934	  8
    1017.966	  8
    1018.360	  8
    1018.548	  8
    1020.606	  8
    1022.088	  8
    1022.398	  8
    1022.804	  8
    1023.002	  8
    1023.222	  8
    1023.494	  8
    1024.734	  8
    1024.928	  8
    1025.808	  8
    1026.134	  8
    1026.394	  8
    1026.802	  8
    1027.090	  8
    1028.900	  8
    1029.190	  8
    1029.404	  8
    1029.810	  8
    1030.482	  8
    1030.646	  8
    1031.150	  8
    1031.504	  8
    1031.822	  8
    1034.458	  8
    1034.744	  8
    1035.366	  8
    1035.982	  8
    1036.664	  8
    1037.106	  8
    1037.718	  8
    1037.976	  8
    1038.254	  8
    1038.690	  8
    1038.978	  8
    1039.132	  8
    1039.410	  8
    1039.848	  8
    1040.982	  8
    1042.272	  8
    1042.446	  8
    1043.106	  8
    1043.968	  8
    1044.360	  8
    1044.830	  8
    1045.052	  8
    1046.898	  8
    1047.312	  8
    1047.840	  8
    1048.368	  8
    1048.492	  8
    1048.974	  8
    1049.432	  8
    1049.878	  8
    1049.948	  8
    1050.128	  8
    1050.666	  8
    1051.436	  8
    1051.928	  8
    1052.170	  8
    1052.954	  8
    1053.242	  8
    1053.454	  8
    1055.168	  8
    1055.424	  8
    1055.704	  8
    1055.812	  8
    1057.030	  8
    1057.712	  8
    1057.742	  8
    1059.836	  8
    1060.238	  8
    1060.530	  8
    1060.904	  8
    1061.548	  8
    1061.794	  8
    1062.776	  8
    1063.172	  8
    1063.560	  8
    1064.168	  8
    1064.480	  8
    1065.012	  8
    1065.150	  8
    1065.590	  8
    1065.826	  8
    1066.050	  8
    1066.194	  8
    1066.434	  8
    1066.624	  8
    1067.014	  8
    1068.226	  8
    1068.546	  8
    1069.296	  8
    1070.016	  8
    1070.260	  8
    1071.384	  8
    1071.674	  8
    1071.996	  8
    1074.092	  8
    1074.346	  8
    1074.708	  8
    1075.440	  8
    1076.406	  8
    1077.052	  8
    1077.858	  8
    1079.238	  8
    1079.368	  8
    1079.916	  8
    1080.088	  8
    1080.618	  8
    1080.882	  8
    1080.968	  8
    1081.942	  8
    1082.868	  8
    1083.716	  8
    1083.874	  8
    1084.210	  8
    1084.632	  8
    1085.036	  8
    1085.314	  8
    1085.894	  8
    1087.326	 53
    1087.544	  8
    1087.544	 20
    1087.544	 27
    1087.554	 28
    1087.554	 19
    1087.654	 29
    1087.818	  9
    1087.858	  8
    1088.982	  8
    1107.674	 52
    1107.684	 10
    1138.344	  8
    1139.466	  8
    1139.928	  8
    1142.154	  8
    1142.626	  8
    1143.384	  8
    1144.530	  8
    1145.282	  8
    1145.574	  8
    1146.258	  8
    1147.232	  8
    1148.184	  8
    1148.490	  8
    1148.762	  8
    1148.944	  8
    1149.302	  8
    1149.460	  8
    1149.798	  8
    1150.150	  8
    1150.490	  8
    1152.212	  8
    1152.522	  8
    1152.846	  8
    1153.184	  8
    1153.914	  8
    1154.182	  8
    1155.504	  8
    1156.178	  8
    1157.184	  8
    1158.216	  8
    1158.818	  8
    1159.280	  8
    1159.786	  8
    1160.440	  8
    1160.752	  8
    1160.872	  8
    1164.080	  8
    1164.572	  8
    1165.012	  8
    1165.466	  8
    1166.226	  8
    1166.712	  8
    1166.954	  8
    1167.414	  8
    1167.716	  8
    1168.520	  8
    1168.640	  8
    1169.942	  8
    1170.280	  8
    1170.668	  8
    1171.060	  8
    1171.834	  8
    1172.654	  8
    1173.160	  8
    1173.520	  8
    1173.716	  8
    1174.674	  8
    1175.006	  8
    1176.008	  8
    1176.358	  8
    1178.240	  8
    1178.542	  8
    1178.936	  8
    1179.420	  8
    1179.644	  8
    1179.968	  8
    1180.318	  8
    1181.058	  8
    1181.736	  8
    1182.058	  8
    1182.258	  8
    1182.596	  8
    1182.938	  8
    1183.196	  8
    1183.530	  8
    1184.214	  8
    1184.670	  8
    1185.304	  8
    1185.936	  8
    1186.178	  8
    1186.696	  8
    1186.746	  8
    1186.964	  8
    1187.262	  8
    1187.722	  8
    1188.524	  8
    1188.776	  8
    1189.600	  8
    1189.716	  8
    1190.230	  8
    1190.432	  8
    1190.784	  8
    1191.242	  8
    1191.458	  8
    1191.786	  8
    1192.004	  8
    1192.242	  8
    1192.424	  8
    1192.476	  8
    1193.924	  8
    1194.576	  8
    1195.204	  8
    1195.606	  8
    1196.060	  8
    1196.378	  8
    1197.350	  8
    1197.478	  8
    1197.704	  8
    1197.842	  8
    1198.506	  8
    1198.998	  8
    1200.056	  8
    1200.438	  8
    1200.958	  8
    1201.204	  8
    1201.454	  8
    1201.670	  8
    1202.282	  8
    1202.354	  8
    1202.640	  8
    1202.998	  8
    1203.358	  8
    1203.712	  8
    1203.772	  8
    1206.008	  8
    1206.826	  8
    1207.466	  8
    1207.782	  8
    1208.692	  8
    1209.072	  8
    1209.802	  8
    1210.426	  8
    1211.048	  8
    1211.362	  8
    1212.400	  8
    1213.166	  8
    1213.444	  8
    1213.734	  8
    1213.930	  8
    1214.154	  8
    1214.448	  8
    1214.950	  8
    1215.322	  8
    1216.340	  8
    1216.620	  8
    1217.204	  8
    1217.458	  8
    1217.774	  8
    1218.226	  8
    1218.408	  8
    1219.114	  8
    1219.390	  8
    1221.106	  8
    1221.516	  8
    1222.092	  8
    1222.488	  8
    1223.318	  8
    1224.330	  8
    1224.870	  8
    1224.962	  8
    1225.388	  8
    1225.774	  8
    1226.010	  8
    1226.322	  8
    1226.608	  8
    1226.858	  8
    1227.192	  8
    1227.684	 53
    1228.032	  8
    1228.032	 20
    1228.032	 27
    1228.042	 28
    1228.042	 19
    1228.142	 29
    1228.254	  8
    1228.306	  9
    1229.932	  8
    1231.748	  8
    1234.414	  8
    1248.162	 51
    1248.172	 18
    1308.172	 53
    1308.182	 20
    1308.182	 27
    1323.692	  8
    1323.754	  8
    1324.202	  8
    1328.202	 50
    1328.212	 17
    1334.452	  8
    1334.906	  8
    1341.064	  8
    1341.390	  8
    1346.672	  8
    1347.014	  8
    1347.830	  8
    1348.520	  8
    1349.492	  8
    1349.758	  8
    1350.118	  8
    1351.100	  8
    1351.280	  8
    1352.374	  8
    1352.608	  8
    1353.420	  8
    1353.644	  8
    1354.552	  8
    1355.336	  8
    1355.608	  8
    1355.780	  8
    1356.834	  8
    1357.178	  8
    1358.212	 53
    1358.794	  8
    1358.794	 20
    1358.794	 27
    1358.804	 28
    1358.804	 19
    1358.904	 29
    1359.068	  9
    1359.118	  8
    1360.786	  8
    1361.046	  8
    1378.924	 50
    1378.934	 17
    1396.398	  8
    1397.062	  8
    1397.368	  8
    1398.182	  8
    1398.572	  8
    1398.962	  8
    1399.528	  8
    1400.646	  8
    1400.936	  8
    1401.538	  8
    1401.726	  8
    1401.924	  8
    1402.252	  8
    1402.898	  8
    1403.298	  8
    1404.574	  8
    1405.548	  8
    1405.790	  8
    1406.508	  8
    1406.892	  8
    1408.754	  8
    1408.934	 53
    1409.252	  8
    1409.252	 20
    1409.252	 27
    1409.262	 28
    1409.262	 19
    1409.362	 29
    1409.526	  9
    1409.576	  8
    1429.382	 50
    1429.392	 17
    1444.060	  8
    1444.566	  8
    1444.956	  8
    1445.326	  8
    1447.804	  8
    1448.052	  8
    1448.290	  8
    1449.632	  8
    1449.898	  8
    1450.492	  8
    1450.620	  8
    1451.242	  8
    1452.010	  8
    1452.272	  8
    1452.812	  8
    1453.106	  8
    1453.366	  8
    1453.700	  8
    1454.168	  8
    1454.484	  8
    1454.854	  8
    1455.024	  8
    1455.182	  8
    1456.330	  8
    1456.656	  8
    1458.552	  8
    1459.392	 53
    1459.828	  8
    1459.828	 20
    1459.828	 27
    1459.838	 28
    1459.838	 19
    1459.938	 29
    1460.102	  9
    1460.122	  8
    1479.958	 52
    1479.968	 10
    1522.540	  8
    1522.874	  8
    1538.082	  8
    1538.226	  8
    1539.134	  8
    1541.542	  8
    1545.612	  8
    1546.640	  8
    1546.710	  8
    1547.168	  8
    1557.596	  8
    1558.046	  8
    1558.196	  8
    1558.896	  8
    1559.300	  8
    1560.102	  8
    1560.488	  8
    1560.948	  8
    1561.216	  8
    1561.708	  8
    1563.506	  8
    1563.774	  8
    1564.280	  8
    1564.642	  8
    1565.230	  8
    1567.732	  8
    1568.252	  8
    1575.526	  8
    1575.850	  8
    1576.226	  8
    1576.736	  8
    1577.272	  8
    1577.506	  8
    1578.030	  8
    1578.588	  8
    1578.868	  8
    1579.244	  8
    1580.378	  8
    1581.024	  8
    1581.688	  8
    1582.420	  8
    1582.746	  8
    1582.930	  8
    1583.658	  8
    1584.744	  8
    1586.320	  8
    1586.864	  8
    1587.364	  8
    1587.740	  8
    1589.024	  8
    1589.748	  8
    1590.058	  8
    1590.566	  8
    1591.090	  8
    1591.954	  8
    1592.440	  8
    1592.998	  8
    1593.320	  8
    1593.614	  8
    1594.192	  8
    1594.670	  8
    1595.716	  8
    1597.050	  8
    1599.206	  8
    1599.588	  8
    1599.968	 53
    1602.290	  8
    1602.290	 20
    1602.290	 27
    1602.300	 28
    1602.300	 19
    1602.400	 29
    1602.564	  9
    1602.616	  8
    1613.656	  8
    1614.096	  8
    1619.888	  8
    1622.420	 51
    1622.430	 18
    1682.430	 53
    1682.440	 20
    1682.440	 27
    1694.056	  7
    1694.582	  7
    1694.994	  7
    1695.126	  7
    1695.366	  7
    1695.552	  7
    1695.784	  7
    1696.028	  7
    1702.460	 50
    1702.470	 17
    1719.258	  7
    1721.610	  8
    1721.814	  8
    1722.250	  8
    1722.956	  8
    1723.416	  8
    1724.136	  8
    1725.844	  8
    1726.416	  8
    1727.044	  8
    1727.302	  8
    1728.400	  8
    1728.768	  8
    1728.906	  8
    1729.066	  8
    1729.262	  8
    1729.672	  8
    1731.442	  8
    1732.156	  8
    1732.470	 53
    1733.132	  8
    1733.132	 20
    1733.132	 27
    1733.142	 28
    1733.142	 19
    1733.242	 29
    1733.406	  9
    1733.460	  8
    1740.756	  8
    1753.262	 52
    1753.272	 10
    1806.250	  8
    1806.674	  8
    1807.190	  8
    1829.320	  8
    1829.610	  8
    1829.748	  8
    1830.700	  8
    1831.174	  8
    1832.502	  8
    1832.904	  8
    1833.442	  8
    1833.968	  8
    1834.866	  8
    1835.486	  8
    1835.854	  8
    1837.840	  8
    1838.756	  8
    1839.084	  8
    1839.726	  8
    1840.434	  8
    1841.582	  8
    1841.944	  8
    1842.242	  8
    1842.780	  8
    1843.120	  8
    1844.108	  8
    1845.026	  8
    1848.710	  8
    1848.942	  8
    1849.852	  8
    1850.746	  8
    1851.074	  8
    1851.860	  8
    1852.258	  8
    1852.702	  8
    1853.440	  8
    1854.848	  8
    1855.622	  8
    1856.560	  8
    1857.150	  8
    1857.508	  8
    1857.700	  8
    1858.042	  8
    1858.360	  8
    1858.590	  8
    1858.902	  8
    1859.278	  8
    1859.720	  8
    1860.002	  8
    1860.514	  8
    1861.350	  8
    1861.830	  8
    1863.516	  8
    1863.730	  8
    1864.128	  8
    1864.376	  8
    1864.786	  8
    1865.568	  8
    1865.770	  8
    1866.554	  8
    1867.320	  8
    1868.056	  8
    1868.928	  8
    1869.148	  8
    1869.238	  8
    1869.754	  8
    1870.010	  8
    1870.448	  8
    1872.180	  8
    1872.968	  8
    1873.210	  8
    1873.272	 53
    1873.526	  8
    1873.526	 20
    1873.526	 27
    1873.536	 28
    1873.536	 19
    1873.636	 29
    1873.800	  8
    1875.302	  8
    1877.072	  8
    1878.088	  8
    1889.210	  8
    1893.656	 51
    1893.666	 18
    1953.666	 53
    1953.676	 20
    1953.676	 27
    1954.600	  7
    1956.200	  7
    1956.570	  7
    1958.438	  7
    1962.040	  7
    1968.086	  7
    1968.504	  7
    1973.696	 52
    1973.706	 10
    1977.554	  7
    1977.944	  7
    1984.794	  8
    1984.904	  8
    1985.754	  8
    1991.934	  8
    1992.410	  8
    2029.806	  8
    2029.972	  8
    2030.250	  8
    2030.882	  8
    2031.542	  8
    2031.904	  8
    2037.176	  8
    2038.312	  8
    2038.552	  8
    2039.116	  8
    2041.720	  8
    2041.946	  8
    2042.580	  8
    2093.706	 53
    2095.698	  8
    2095.698	 20
    2095.698	 27
    2095.708	 28
    2095.708	 19
    2095.808	 29
    2095.964	  8
    2095.972	  9
    2115.828	 52
    2115.838	 10
    2128.238	  8
    2128.674	  8
    2129.056	  8
    2129.430	  8
    2129.960	  8
    2130.160	  8
    2130.320	  8
    2130.710	  8
    2131.866	  8
    2132.008	  8
    2146.054	  8
    2146.394	  8
    2146.838	  8
    2147.430	  8
    2148.064	  8
    2148.750	  8
    2149.362	  8
    2149.798	  8
    2150.574	  8
    2210.400	  8
    2210.734	  8
    2211.322	  8
    2211.980	  8
    2212.442	  8
    2213.798	  8
    2214.278	  8
    2214.528	  8
    2214.804	  8
    2215.372	  8
    2215.798	  8
    2216.322	  8
    2224.376	  8
    2224.586	  8
    2224.882	  8
    2225.914	  8
    2226.340	  8
    2226.948	  8
    2227.372	  8
    2227.668	  8
    2228.028	  8
    2228.454	  8
    2231.276	  8
    2231.450	  8
    2231.912	  8
    2232.318	  8
    2233.048	  8
    2234.078	  8
    2234.372	  8
    2234.610	  8
    2234.684	  8
    2235.024	  8
    2235.252	  8
    2235.558	  8
    2235.838	 53
    2235.852	  8
    2235.852	 20
    2235.852	 27
    2235.862	 28
    2235.862	 19
    2235.962	 29
    2236.126	  9
    2236.200	  8
    2255.982	 51
    2255.992	 18
    2315.992	 53
    2316.002	 20
    2316.002	 27
    2336.022	 51
    2336.032	 18
    2355.740	  8
    2357.012	  8
    2396.032	 53
    2396.042	 20
    2396.042	 27
    2409.360	  8
    2409.896	  8
    2410.540	  8
    2411.424	  8
    2411.884	  8
    2412.400	  8
    2413.386	  8
    2413.624	  8
    2414.106	  8
    2415.866	  8
    2416.062	 52
    2416.072	 10
    2416.286	  8
    2416.684	  8
    2416.938	  8
    2417.082	  8
    2452.294	  8
    2452.518	  8
    2462.898	  8
    2463.652	  8
    2464.082	  8
    2464.902	  8
    2465.624	  8
    2465.930	  8
    2503.450	  8
    2503.782	  8
    2503.888	  8
    2504.376	  8
    2505.116	  8
    2505.482	  8
    2505.606	  8
    2506.358	  8
    2507.162	  8
    2507.624	  8
    2507.882	  8
    2508.432	  8
    2510.396	  8
    2511.330	  8
    2511.724	  8
    2511.978	  8
    2513.322	  8
    2513.938	  8
    2519.532	  8
    2520.076	  8
    2520.764	  8
    2521.430	  8
    2521.548	  8
    2522.184	  8
    2522.356	  8
    2536.072	 53
    2611.206	  8
    2611.206	 20
    2611.206	 27
    2611.216	 28
    2611.216	 19
    2611.316	 29
    2611.480	  9
    2611.532	  8
    2631.336	 51
    2631.346	 18
    2639.354	  8
    2639.516	  8
    2640.384	  8
    2643.332	  8
    2644.428	  8
    2645.234	  8
    2691.346	 53
    2691.356	 20
    2691.356	 27
    2711.376	 50
    2711.386	 17
    2712.572	  7
    2712.820	  7
    2712.948	  7
    2714.350	  7
    2714.682	  7
    2717.586	  8
    2718.642	  8
    2719.662	  8
    2720.506	  8
    2720.984	  8
    2721.292	  8
    2722.286	  8
    2722.544	  8
    2723.000	  8
    2723.400	  8
    2723.580	  8
    2724.430	  8
    2724.780	  8
    2725.542	  8
    2726.560	  8
    2727.544	  8
    2729.048	  8
    2729.380	  8
    2729.964	  8
    2730.190	  8
    2730.462	  8
    2730.900	  8
    2731.252	  8
    2731.394	  8
    2731.602	  8
    2733.384	  8
    2733.612	  8
    2734.518	  8
    2734.972	  8
    2735.350	  8
    2737.282	  8
    2737.890	  8
    2738.146	  8
    2738.348	  8
    2738.566	  8
    2739.600	  8
    2739.862	  8
    2740.224	  8
    2740.430	  8
    2740.712	  8
    2740.756	  8
    2740.938	  8
    2741.386	 53
    2742.022	  8
    2742.022	 20
    2742.022	 27
    2742.032	 28
    2742.032	 19
    2742.132	 29
    2742.296	  9
    2743.898	  8
    2744.046	  8
    2747.814	  8
    2762.152	 51
    2762.162	 18
    2808.200	  5
    2822.162	 53
    2822.172	 20
    2822.172	 27
    2842.192	 50
    2842.202	 17
    2862.134	  8
    2862.686	  8
    2863.586	  8
    2864.188	  8
    2865.100	  8
    2865.518	  8
    2866.408	  8
    2866.760	  8
    2867.796	  8
    2868.234	  8
    2868.600	  8
    2868.748	  8
    2871.090	  8
    2871.752	  8
    2872.106	  8
    2872.202	 53
    2873.230	  8
    2873.230	 20
    2873.230	 27
    2873.240	 28
    2873.240	 19
    2873.340	 29
    2873.504	  9
    2873.584	  8
    2893.360	 50
    2893.370	 17
    2923.370	 53
    2924.520	  8
    2924.520	 20
    2924.520	 27
    2924.530	 28
    2924.530	 19
    2924.630	 29
    2924.794	  9
    2924.848	  8
    2944.650	 50
    2944.660	 17
    2951.308	  8
    2963.300	  8
    2963.660	  8
    2964.552	  8
    2964.972	  8
    2965.520	  8
    2966.426	  8
    2966.814	  8
    2968.306	  8
    2968.418	  8
    2968.842	  8
    2968.978	  8
    2969.320	  8
    2969.678	  8
    2970.666	  8
    2971.684	  8
    2972.002	  8
    2972.274	  8
    2972.538	  8
    2973.146	  8
    2973.390	  8
    2973.632	  8
    2974.558	  8
    2974.660	 53
    2974.806	  8
    2974.806	 20
    2974.806	 27
    2974.816	 28
    2974.816	 19
    2974.916	 29
    2975.078	  8
    2975.080	  9
    2976.264	  8
    2994.936	 50
    2994.946	 17
    3008.540	  8
    3008.872	  8
    3009.260	  8
    3010.418	  8
    3013.778	  8
    3014.462	  8
    3014.680	  8
    3015.430	  8
    3015.846	  8
    3016.102	  8
    3016.590	  8
    3016.746	  8
    3017.200	  8
    3017.400	  8
    3017.538	  8
    3017.798	  8
    3018.188	  8
    3018.380	  8
    3019.114	  8
    3019.224	  8
    3019.588	  8
    3020.412	  8
    3020.648	  8
    3021.322	  8
    3021.646	  8
    3022.344	  8
    3022.470	  8
    3022.620	  8
    3023.012	  8
    3023.326	  8
    3023.706	  8
    3023.896	  8
    3024.166	  8
    3024.366	  8
    3024.690	  8
    3024.946	 53
    3025.582	  8
    3025.582	 20
    3025.582	 27
    3025.592	 28
    3025.592	 19
    3025.692	 29
    3025.856	  9
    3026.730	  8
    3027.164	  8
    3027.454	  8
    3028.588	  8
    3029.250	  8
    3029.414	  8
    3045.712	 50
    3045.722	 17
    3054.688	  8
    3055.476	  8
    3055.820	  8
    3058.706	  8
    3060.974	  8
    3061.760	  8
    3064.784	  8
    3065.224	  8
    3067.030	  8
    3068.566	  8
    3069.208	  8
    3069.822	  8
    3070.602	  8
    3070.960	  8
    3071.158	  8
    3072.010	  8
    3072.246	  8
    3072.776	  8
    3072.894	  8
    3074.240	  8
    3074.836	  8
    3075.514	  8
    3075.722	 53
    3075.866	  8
    3075.866	 20
    3075.866	 27
    3075.876	 28
    3075.876	 19
    3075.976	 29
    3076.140	  9
    3076.182	  8
    3095.996	 50
    3096.006	 17
    3111.772	  8
    3112.142	  8
    3113.506	  8
    3113.882	  8
    3114.220	  8
    3114.684	  8
    3116.154	  8
    3116.746	  8
    3117.596	  8
    3117.836	  8
    3118.136	  8
    3119.216	  8
    3119.548	  8
    3120.036	  8
    3120.188	  8
    3120.770	  8
    3120.854	  8
    3121.426	  8
    3121.566	  8
    3122.294	  8
    3123.188	  8
    3123.704	  8
    3124.334	  8
    3125.066	  8
    3125.774	  8
    3126.006	 53
    3126.950	  8
    3126.950	 20
    3126.950	 27
    3126.960	 28
    3126.960	 19
    3127.060	 29
    3127.174	  8
    3127.224	  9
    3147.080	 50
    3147.090	 17
    3154.896	  7
    3157.082	  7
    3157.276	  7
    3157.432	  7
    3157.676	  7
    3157.856	  7
    3159.220	  7
    3159.628	  7
    3159.790	  7
    3167.190	  8
    3167.962	  8
    3168.300	  8
    3168.714	  8
    3168.998	  8
    3169.334	  8
    3169.874	  8
    3170.350	  8
    3170.850	  8
    3171.744	  8
    3172.082	  8
    3172.662	  8
    3173.742	  8
    3174.276	  8
    3174.862	  8
    3175.198	  8
    3175.314	  8
    3175.578	  8
    3176.502	  8
    3176.712	  8
    3176.916	  8
    3177.090	 53
    3177.270	  8
    3177.270	 20
    3177.270	 27
    3177.280	 28
    3177.280	 19
    3177.380	 29
    3177.514	  8
    3177.544	  9
    3178.726	  8
    3197.400	 51
    3197.410	 18
    3207.314	  7
    3228.286	  6
    3249.162	  5
    3256.144	  7
    3257.410	 53
    3257.420	 20
    3257.420	 27
    3277.440	 52
    3277.450	 10
    3312.358	  8
    3331.834	  8
    3332.464	  8
    3332.878	  8
    3333.298	  8
    3333.840	  8
    3334.058	  8
    3334.470	  8
    3350.410	  8
    3351.132	  8
    3351.472	  8
    3384.452	  8
    3385.384	  8
    3385.544	  8
    3386.018	  8
    3386.438	  8
    3386.506	  8
    3387.192	  8
    3387.492	  8
    3397.450	 53
    3415.778	  8
    3415.778	 20
    3415.778	 27
    3415.788	 28
    3415.788	 19
    3415.888	 29
    3416.052	  9
    3416.134	  8
    3435.908	 52
    3435.918	 10
    3469.764	  8
    3470.690	  8
    3471.036	  8
    3472.730	  8
    3474.422	  8
    3475.778	  8
    3476.372	  8
    3481.030	  8
    3481.114	  8
    3481.710	  8
    3482.434	  8
    3482.904	  8
    3484.526	  8
    3486.754	  8
    3487.238	  8
    3488.028	  8
    3488.332	  8
    3489.174	  8
    3491.900	  8
    3494.200	  8
    3494.654	  8
    3495.704	  8
    3497.532	  8
    3498.380	  8
    3499.688	  8
    3499.968	  8
    3500.338	  8
    3500.524	  8
    3501.600	  8
    3502.012	  8
    3502.512	  8
    3505.126	  8
    3505.592	  8
    3505.900	  8
    3508.808	  8
    3509.672	  8
    3510.214	  8
    3510.988	  8
    3511.472	  8
    3511.576	  8
    3512.244	  8
    3512.994	  8
    3513.584	  8
    3514.086	  8
    3516.850	  8
    3517.076	  8
    3517.498	  8
    3517.978	  8
    3518.508	  8
    3518.780	  8
    3519.438	  8
    3519.856	  8
    3519.998	  8
    3520.570	  8
    3521.202	  8
    3521.448	  8
    3521.578	  8
    3522.096	  8
    3522.378	  8
    3522.644	  8
    3524.306	  8
    3526.662	  8
    3526.832	  8
    3527.998	  8
    3528.254	  8
    3528.768	  8
    3528.876	  8
    3529.664	  8
    3529.878	  8
    3530.152	  8
    3530.918	  8
    3531.534	  8
    3531.724	  8
    3532.078	  8
    3532.464	  8
    3536.474	  8
    3537.108	  8
    3537.654	  8
    3538.018	  8
    3538.228	  8
    3538.888	  8
    3539.168	  8
    3539.502	  8
    3539.840	  8
    3540.620	  8
    3540.906	  8
    3541.190	  8
    3541.630	  8
    3551.418	  7
    3551.512	  7
    3552.272	  7
    3553.650	  8
    3553.946	  8
    3554.970	  8
    3555.918	 53
    3556.078	  8
    3556.078	 20
    3556.078	 27
    3556.088	 28
    3556.088	 19
    3556.188	 29
    3556.352	  9
    3556.378	  8
    3576.208	 50
    3576.218	 17
    3577.146	  5
    3584.188	  5
    3595.906	  8
    3597.148	  8
    3599.396	  8
    3600.342	  8
    3601.022	  8
    3601.754	  8
    3602.662	  8
    3603.298	  8
    3603.484	  8
    3604.140	  8
    3604.436	  8
    3604.754	  8
    3605.152	  8
    3605.230	  8
    3605.598	  8
    3605.834	  8
    3606.218	 53
    3606.578	  8
    3606.578	 20
    3606.578	 27
    3606.588	 28
    3606.588	 19
    3606.688	 29
    3606.852	  9
    3606.944	  8
    3608.110	  8
    3626.708	 52
    3626.718	 10
    3638.554	  7
    3639.384	  7
    3639.550	  7
    3643.038	  8
    3674.406	  8
    3684.192	  8
    3689.964	  8
    3695.056	  8
    3695.750	  8
    3707.146	  8
    3707.432	  8
    3707.508	  8
    3708.490	  8
    3709.906	  8
    3712.378	  8
    3714.206	  8
    3715.996	  8
    3716.944	  8
    3717.826	  8
    3718.336	  8
    3718.868	  8
    3719.404	  8
    3720.306	  8
    3721.302	  8
    3722.030	  8
    3724.154	  8
    3724.310	  8
    3724.646	  8
    3725.042	  8
    3726.576	  8
    3728.002	  8
    3728.252	  8
    3728.484	  8
    3729.160	  8
    3729.640	  8
    3729.812	  8
    3729.956	  8
    3730.624	  8
    3730.848	  8
    3733.022	  8
    3733.178	  8
    3733.484	  8
    3733.736	  8
    3734.842	  8
    3736.032	  8
    3736.608	  8
    3737.076	  8
    3737.310	  8
    3737.546	  8
    3737.934	  8
    3738.610	  8
    3739.042	  8
    3739.550	  8
    3746.718	 53
    3749.784	  8
    3749.784	 20
    3749.784	 27
    3749.794	 28
    3749.794	 19
    3749.894	 29
    3750.058	  9
    3750.092	  8
    3769.914	 50
    3769.924	 17
    3784.332	  8
    3784.650	  8
    3785.374	  8
    3788.350	  8
    3789.070	  8
    3792.802	  8
    3793.330	  8
    3793.912	  8
    3794.240	  8
    3795.290	  8
    3796.068	  8
    3797.178	  8
    3797.594	  8
    3797.740	  8
    3798.076	  8
    3798.272	  8
    3799.924	 53
    3800.196	  8
    3800.196	 20
    3800.196	 27
    3800.206	 28
    3800.206	 19
    3800.306	 29
    3800.466	  8
    3800.470	  9
    3801.934	  8
    3809.066	  8
    3820.326	 52
    3820.336	 10
    3824.040	  7
    3904.918	  8
    3905.968	  8
    3907.050	  8
    3907.940	  8
    3909.300	  8
    3909.692	  8
    3910.212	  8
    3913.442	  8
    3914.508	  8
    3914.760	  8
    3914.810	  8
    3914.924	  8
    3915.366	  8
    3916.846	  8
    3917.456	  8
    3918.078	  8
    3919.448	  8
    3921.248	  8
    3921.912	  8
    3923.210	  8
    3923.766	  8
    3927.490	  8
    3927.714	  8
    3927.780	  8
    3929.442	  8
    3930.266	  8
    3930.776	  8
    3931.118	  8
    3931.294	  8
    3931.958	  8
    3932.840	  8
    3933.946	  8
    3934.548	  8
    3935.308	  8
    3935.618	  8
    3936.566	  8
    3937.322	  8
    3937.684	  8
    3940.076	  8
    3940.244	  8
    3940.336	 53
    3940.786	  8
    3940.786	 20
    3940.786	 27
    3940.796	 28
    3940.796	 19
    3940.896	 29
    3941.060	  9
    3941.126	  8
    3960.916	 50
    3960.926	 17
    3976.902	  8
    3979.166	  8
    3981.576	  8
    3982.482	  8
    3982.762	  8
    3983.470	  8
    3984.562	  8
    3984.866	  8
    3985.414	  8
    3986.598	  8
    3987.294	  8
    3990.138	  8
    3990.582	  8
    3990.926	 53
    3991.254	  8
    3991.254	 20
    3991.254	 27
    3991.264	 28
    3991.264	 19
    3991.364	 29
    3991.422	  8
    3991.528	  9
    3992.762	  8
    4003.892	  8
    4011.384	 51
    4011.394	 18
    4061.012	  8
    4061.558	  8
    4062.264	  8
    4067.826	  8
    4070.144	  8
    4071.394	 53
    4071.404	 20
    4071.404	 27
    4072.932	  8
    4075.894	  8
    4076.330	  8
    4076.896	  8
    4077.456	  8
    4091.424	 50
    4091.434	 17
    4109.000	  8
    4109.468	  8
    4109.936	  8
    4112.840	  8
    4113.372	  8
    4117.168	  8
    4119.402	  8
    4119.986	  8
    4120.402	  8
    4121.434	 53
    4122.456	  8
    4122.456	 20
    4122.456	 27
    4122.466	 28
    4122.466	 19
    4122.566	 29
    4122.730	  9
    4122.794	  8
    4124.040	  8
    4134.722	  8
    4135.090	  8
    4142.586	 50
    4142.596	 17
    4151.124	  8
    4156.612	  8
    4157.212	  8
    4160.734	  8
    4160.986	  8
    4161.498	  8
    4162.320	  8
    4165.224	  8
    4166.532	  8
    4167.154	  8
    4167.470	  8
    4167.978	  8
    4168.524	  8
    4168.742	  8
    4171.888	  8
    4172.142	  8
    4172.596	 53
    4173.366	  8
    4173.366	 20
    4173.366	 27
    4173.376	 28
    4173.376	 19
    4173.476	 29
    4173.640	  9
    4173.708	  8
    4193.496	 51
    4193.506	 18
    4253.506	 53
    4253.516	 20
    4253.516	 27
    4273.536	 52
    4273.546	 10
    4352.134	  8
    4352.386	  8
    4352.932	  8
    4354.390	  8
    4355.016	  8
    4355.724	  8
    4356.036	  8
    4356.554	  8
    4357.158	  8
    4358.432	  8
    4358.864	  8
    4359.154	  8
    4359.392	  8
    4360.492	  8
    4360.588	  8
    4361.566	  8
    4361.948	  8
    4362.404	  8
    4362.960	  8
    4363.616	  8
    4363.982	  8
    4364.888	  8
    4365.556	  8
    4366.338	  8
    4366.388	  8
    4367.058	  8
    4367.908	  8
    4368.454	  8
    4368.796	  8
    4368.906	  8
    4369.116	  8
    4369.612	  8
    4369.754	  8
    4371.584	  8
    4372.296	  8
    4372.852	  8
    4373.084	  8
    4374.064	  8
    4374.990	  8
    4375.850	  8
    4376.214	  8
    4376.674	  8
    4377.314	  8
    4377.532	  8
    4377.796	  8
    4378.346	  8
    4378.576	  8
    4379.200	  8
    4379.600	  8
    4380.420	  8
    4380.628	  8
    4381.252	  8
    4381.410	  8
    4382.056	  8
    4382.200	  8
    4382.700	  8
    4382.832	  8
    4384.238	  8
    4385.398	  8
    4385.662	  8
    4386.090	  8
    4386.296	  8
    4386.866	  8
    4387.340	  8
    4387.808	  8
    4388.064	  8
    4389.324	  8
    4389.692	  8
    4390.296	  8
    4390.862	  8
    4391.518	  8
    4391.720	  8
    4392.168	  8
    4392.232	  8
    4392.612	  8
    4392.888	  8
    4393.186	  8
    4393.372	  8
    4393.546	 53
    4394.336	  8
    4394.336	 20
    4394.336	 27
    4394.346	 28
    4394.346	 19
    4394.446	 29
    4394.610	  8
    4414.466	 51
    4414.476	 18
    4474.476	 53
    4474.486	 20
    4474.486	 27
    4494.506	 50
    4494.516	 17
    4505.278	  8
    4505.790	  8
    4506.186	  8
    4506.876	  8
    4507.688	  8
    4508.020	  8
    4508.394	  8
    4509.038	  8
    4511.616	  8
    4512.022	  8
    4512.798	  8
    4513.010	  8
    4513.800	  8
    4513.972	  8
    4514.330	  8
    4515.020	  8
    4515.310	  8
    4515.590	  8
    4515.966	  8
    4516.412	  8
    4516.648	  8
    4516.782	  8
    4517.030	  8
    4517.444	  8
    4517.706	  8
    4518.876	  8
    4519.050	  8
    4519.592	  8
    4519.796	  8
    4520.320	  8
    4520.762	  8
    4521.090	  8
    4521.462	  8
    4522.034	  8
    4522.650	  8
    4522.828	  8
    4523.090	  8
    4523.440	  8
    4523.942	  8
    4524.200	  8
    4524.516	 53
    4525.786	  8
    4525.786	 20
    4525.786	 27
    4525.796	 28
    4525.796	 19
    4525.896	 29
    4525.904	  8
    4526.060	  9
    4526.084	  8
    4527.412	  8
    4545.916	 52
    4545.926	 10
    4575.166	  7
    4577.132	  7
    4578.372	  7
    4578.800	  7
    4583.576	  7
    4583.806	  7
    4607.390	  8
    4607.594	  8
    4608.140	  8
    4608.896	  8
    4611.044	  8
    4612.120	  8
    4612.168	  8
    4614.456	  8
    4616.256	  8
    4616.642	  8
    4616.808	  8
    4617.716	  8
    4618.100	  8
    4618.758	  8
    4619.526	  8
    4650.738	  8
    4651.158	  8
    4651.750	  8
    4652.068	  8
    4653.284	  8
    4653.940	  8
    4654.472	  8
    4654.918	  8
    4656.010	  8
    4656.744	  8
    4657.180	  8
    4657.652	  8
    4658.074	  8
    4659.300	  8
    4659.638	  8
    4660.928	  8
    4661.434	  8
    4662.118	  8
    4662.886	  8
    4663.180	  8
    4663.432	  8
    4664.146	  8
    4664.472	  8
    4665.174	  8
    4665.540	  8
    4665.926	 53
    4667.206	  8
    4667.206	 20
    4667.206	 27
    4667.216	 28
    4667.216	 19
    4667.316	 29
    4667.480	  9
    4667.524	  8
    4687.336	 52
    4687.346	 10
    4737.072	  8
    4737.438	  8
    4737.822	  8
    4739.938	  8
    4740.912	  8
    4741.548	  8
    4747.090	  8
    4747.224	  8
    4747.430	  8
    4747.872	  8
    4748.378	  8
    4748.496	  8
    4749.442	  8
    4750.454	  8
    4751.066	  8
    4753.192	  8
    4753.836	  8
    4754.640	  8
    4756.586	  8
    4757.164	  8
    4757.240	  8
    4759.048	  8
    4759.614	  8
    4760.560	  8
    4761.612	  8
    4761.940	  8
    4762.092	  8
    4762.750	  8
    4764.592	  8
    4765.700	  8
    4767.084	  8
    4767.402	  8
    4768.326	  8
    4768.706	  8
    4769.000	  8
    4769.456	  8
    4770.010	  8
    4772.176	  8
    4772.374	  8
    4772.782	  8
    4774.892	  8
    4775.276	  8
    4775.668	  8
    4776.074	  8
    4777.208	  8
    4777.484	  8
    4777.756	  8
    4778.442	  8
    4778.694	  8
    4778.976	  8
    4779.932	  8
    4780.408	  8
    4780.818	  8
    4781.092	  8
    4781.404	  8
    4782.020	  8
    4783.092	  8
    4783.900	  8
    4784.194	  8
    4784.692	  8
    4785.282	  8
    4785.712	  8
    4787.406	  8
    4787.532	  8
    4787.926	  8
    4788.420	  8
    4788.814	  8
    4789.490	  8
    4790.012	  8
    4792.828	  8
    4793.310	  8
    4793.472	  8
    4794.190	  8
    4794.396	  8
    4794.628	  8
    4794.908	  8
    4795.268	  8
    4795.654	  8
    4797.034	  8
    4797.190	  8
    4797.744	  8
    4798.216	  8
    4798.306	  8
    4799.504	  8
    4799.774	  8
    4799.966	  8
    4800.308	  8
    4800.584	  8
    4800.772	  8
    4800.996	  8
    4801.214	  8
    4801.354	  8
    4802.158	  8
    4802.276	  8
    4802.570	  8
    4803.732	  8
    4804.244	  8
    4804.670	  8
    4804.994	  8
    4805.302	  8
    4805.602	  8
    4806.654	  8
    4806.962	  8
    4807.346	 53
    4807.354	  8
    4807.354	 20
    4807.354	 27
    4807.364	 28
    4807.364	 19
    4807.464	 29
    4807.628	  9
    4807.660	  8
    4812.964	  8
    4827.484	 52
    4827.494	 10
    4935.696	  8
    4936.260	  8
    4937.160	  8
    4937.738	  8
    4938.658	  8
    4938.930	  8
    4939.264	  8
    4939.596	  8
    4940.132	  8
    4940.622	  8
    4941.094	  8
    4941.798	  8
    4942.198	  8
    4942.676	  8
    4943.280	  8
    4944.918	  8
    4945.358	  8
    4947.494	 53
    4949.162	  8
    4949.162	 20
    4949.162	 27
    4949.172	 28
    4949.172	 19
    4949.272	 29
    4949.436	  9
    4949.496	  8
    4969.292	 51
    4969.302	 18
    5029.302	 53
    5029.312	 20
    5029.312	 27
    5037.494	  8
    5038.010	  8
    5049.332	 51
    5049.342	 18
    5068.758	  8
    5099.470	  8
    5100.474	  8
    5102.276	  8
    5109.342	 53
    5109.352	 20
    5109.352	 27
    5129.372	 51
    5129.382	 18
    5137.012	  8
    5137.148	  8
    5137.560	  8
    5138.462	  8
    5138.886	  8
    5139.092	  8
    5141.960	  8
    5146.238	  8
    5147.550	  8
    5152.758	  8
    5152.946	  8
    5153.316	  8
    5161.740	  7
    5166.154	  8
    5167.198	  8
    5189.382	 53
    5189.392	 20
    5189.392	 27
    5209.412	 51
    5209.422	 18
    5269.422	 53
    5269.432	 20
    5269.432	 27
    5289.452	 52
    5289.462	 10
    5316.108	  8
    5316.358	  8
    5317.042	  8
    5323.314	  8
    5323.856	  8
    5324.664	  8
    5327.360	  8
    5328.948	  8
    5330.068	  8
    5330.412	  8
    5333.178	  8
    5334.070	  8
    5334.562	  8
    5336.716	  8
    5337.252	  8
    5339.424	  8
    5342.694	  8
    5344.204	  8
    5345.042	  8
    5345.516	  8
    5346.302	  8
    5346.494	  8
    5346.888	  8
    5347.850	  8
    5348.348	  8
    5348.744	  8
    5349.178	  8
    5349.630	  8
    5350.298	  8
    5350.780	  8
    5351.136	  8
    5351.634	  8
    5351.890	  8
    5352.616	  8
    5352.844	  8
    5354.162	  8
    5354.846	  8
    5357.786	  8
    5358.300	  8
    5359.756	  8
    5360.462	  8
    5360.920	  8
    5361.092	  8
    5362.022	  8
    5362.302	  8
    5362.800	  8
    5363.498	  8
    5365.672	  8
    5365.864	  8
    5366.182	  8
    5366.790	  8
    5367.360	  8
    5368.010	  8
    5368.184	  8
    5368.580	  8
    5369.594	  8
    5369.832	  8
    5370.346	  8
    5370.670	  8
    5371.168	  8
    5371.342	  8
    5371.778	  8
    5373.068	  8
    5373.388	  8
    5374.026	  8
    5374.242	  8
    5374.550	  8
    5374.834	  8
    5375.080	  8
    5377.224	  8
    5377.462	  8
    5377.984	  8
    5378.280	  8
    5378.708	  8
    5379.054	  8
    5379.174	  8
    5379.642	  8
    5380.006	  8
    5380.322	  8
    5380.810	  8
    5381.016	  8
    5381.328	  8
    5381.584	  8
    5382.178	  8
    5383.518	  8
    5384.214	  8
    5384.560	  8
    5385.192	  8
    5385.696	  8
    5385.996	  8
    5386.632	  8
    5386.848	  8
    5387.600	  8
    5388.776	  8
    5389.116	  8
    5389.274	  8
    5391.274	  8
    5391.640	  8
    5392.114	  8
    5392.752	  8
    5393.318	  8
    5393.442	  8
    5394.114	  8
    5394.216	  8
    5394.298	  8
    5395.202	  8
    5395.602	  8
    5395.808	  8
    5396.120	  8
    5396.178	  8
    5396.416	  8
    5396.604	  8
    5397.088	  8
    5397.416	  8
    5398.300	  8
    5398.386	  8
    5398.990	  8
    5399.824	  8
    5399.964	  8
    5400.730	  8
    5401.030	  8
    5401.552	  8
    5402.044	  8
    5404.908	  8
    5405.310	  8
    5405.790	  8
    5406.234	  8
    5406.884	  8
    5407.356	  8
    5408.426	  8
    5408.634	  8
    5409.130	  8
    5409.462	 53
    5409.468	  8
    5409.468	 20
    5409.468	 27
    5409.478	 28
    5409.478	 19
    5409.578	 29
    5409.742	  9
    5409.758	  8
    5429.598	 50
    5429.608	 17
    5448.086	  8
    5450.010	  8
    5450.252	  8
    5450.740	  8
    5450.814	  8
    5450.930	  8
    5451.780	  8
    5453.916	  8
    5454.774	  8
    5455.244	  8
    5455.394	  8
    5456.184	  8
    5456.350	  8
    5458.260	  8
    5458.426	  8
    5458.964	  8
    5459.608	 53
    5460.050	  8
    5460.050	 20
    5460.050	 27
    5460.060	 28
    5460.060	 19
    5460.160	 29
    5460.324	  9
    5460.432	  8
    5480.180	 50
    5480.190	 17
    5481.638	  7
    5484.200	  7
    5487.012	  7
    5487.152	  7
    5487.290	  7
    5487.430	  7
    5487.580	  7
    5487.720	  7
    5488.190	  7
    5488.336	  7
    5488.482	  7
    5488.622	  7
    5488.770	  7
    5489.080	  7
    5489.216	  7
    5489.390	  7
    5489.586	  7
    5489.710	  7
    5489.860	  7
    5490.004	  7
    5490.138	  7
    5490.312	  7
    5490.446	  7
    5490.602	  7
    5490.740	  7
    5490.894	  7
    5491.120	  7
    5491.246	  7
    5491.396	  7
    5491.540	  7
    5491.672	  7
    5491.836	  7
    5491.988	  7
    5492.166	  7
    5492.296	  7
    5492.438	  7
    5492.578	  7
    5492.722	  7
    5492.856	  7
    5493.002	  7
    5493.152	  7
    5493.294	  7
    5493.440	  7
    5493.610	  7
    5493.740	  7
    5493.870	  7
    5494.022	  7
    5494.162	  7
    5494.312	  7
    5494.460	  7
    5494.616	  7
    5494.774	  7
    5494.900	  7
    5495.066	  7
    5495.216	  7
    5495.358	  7
    5495.508	  7
    5495.658	  7
    5495.834	  7
    5495.966	  7
    5496.114	  7
    5496.412	  7
    5497.028	  7
    5497.180	  7
    5497.486	  7
    5497.664	  7
    5497.836	  7
    5498.188	  7
    5498.470	  7
    5499.040	  7
    5499.212	  7
    5499.384	  7
    5499.558	  7
    5499.710	  7
    5499.872	  7
    5500.056	  7
    5500.222	  7
    5500.676	  7
    5500.992	  7
    5501.190	  7
    5501.628	  7
    5501.700	  7
    5505.040	  7
    5505.146	  7
    5505.314	  7
    5509.734	  7
    5510.190	 53
    5511.712	  8
    5511.712	 20
    5511.712	 27
    5511.722	 28
    5511.722	 19
    5511.822	 29
    5511.832	 61
