       5.292	  7
       6.178	  7
       6.376	  7
       6.578	  7
       6.780	  7
      10.478	  7
      10.622	  7
      10.878	  7
      11.028	  7
      11.194	  7
      11.412	  7
      11.630	  7
      13.214	  7
      13.566	  7
      13.700	  7
      13.904	  7
      14.908	  7
      15.058	  7
      15.216	  7
      15.652	  7
      15.864	  7
      16.040	  7
      20.010	 51
      20.020	 18
      22.078	  7
      22.200	  7
      22.362	  7
      22.462	  7
      22.652	  7
      23.244	  7
      44.008	  8
      44.368	  8
      44.652	  8
      53.360	  8
      53.526	  8
      54.600	  8
      63.538	  7
      67.270	  7
      68.000	  7
      68.558	  7
      69.924	  7
      70.326	  7
      70.684	  7
      70.886	  7
      71.032	  7
      80.020	 53
      80.030	 20
      80.030	 27
      84.762	  5
      92.764	  5
      97.364	  8
     100.050	 52
     100.060	 10
     161.274	  8
     161.544	  8
     161.848	  8
     162.822	  8
     169.334	  8
     170.062	  8
     179.722	  8
     179.862	  8
     180.206	  8
     220.060	 53
     235.080	  8
     235.080	 20
     235.080	 27
     235.090	 28
     235.090	 19
     235.190	 29
     235.354	  9
     235.410	  8
     236.456	  8
     252.192	  8
     252.482	  8
     252.682	  8
     255.210	 52
     255.220	 10
     279.574	  8
     295.318	  8
     301.360	  8
     301.916	  8
     302.306	  8
     302.972	  8
     318.322	  8
     319.114	  8
     319.496	  8
     319.932	  8
     320.402	  8
     321.314	  8
     321.936	  8
     322.038	  8
     339.592	  8
     339.676	  8
     340.140	  8
     340.626	  8
     340.978	  8
     341.144	  8
     341.882	  8
     342.308	  8
     343.114	  8
     343.448	  8
     348.040	  8
     348.358	  8
     348.504	  8
     348.802	  8
     349.270	  8
     349.748	  8
     349.908	  8
     350.384	  8
     350.674	  8
     365.734	  8
     365.902	  8
     366.650	  8
     367.232	  8
     368.302	  8
     368.978	  8
     369.316	  8
     369.538	  8
     369.910	  8
     370.182	  8
     371.350	  8
     372.160	  8
     373.028	  8
     373.156	  8
     373.656	  8
     373.924	  8
     374.180	  8
     374.466	  8
     374.638	  8
     374.868	  8
     375.220	 53
     375.268	  8
     375.268	 20
     375.268	 27
     375.278	 28
     375.278	 19
     375.378	 29
     375.542	  9
     395.398	 51
     395.408	 18
     403.916	  7
     404.026	  7
     404.236	  7
     404.336	  7
     404.566	  7
     404.670	  7
     404.876	  7
     405.104	  7
     405.260	  7
     405.498	  7
     405.662	  7
     405.884	  7
     406.062	  7
     406.274	  7
     455.408	 53
     455.418	 20
     455.418	 27
     475.438	 51
     475.448	 18
     493.586	  8
     535.448	 53
     535.458	 20
     535.458	 27
     555.478	 51
     555.488	 18
     563.620	  8
     563.884	  8
     564.234	  8
     565.098	  8
     565.536	  8
     566.534	  8
     567.548	  8
     567.660	  8
     568.466	  8
     599.536	  8
     600.570	  8
     615.488	 53
     615.498	 20
     615.498	 27
     635.518	 50
     635.528	 17
     652.118	  8
     652.718	  8
     653.258	  8
     653.804	  8
     654.046	  8
     654.336	  8
     654.942	  8
     655.172	  8
     655.908	  8
     656.250	  8
     656.500	  8
     657.046	  8
     657.338	  8
     658.462	  8
     658.584	  8
     658.968	  8
     659.598	  8
     659.852	  8
     660.244	  8
     660.544	  8
     660.838	  8
     660.960	  8
     661.196	  8
     661.314	  8
     661.656	  8
     661.964	  8
     662.606	  8
     663.388	  8
     663.554	  8
     664.754	  8
     664.884	  8
     665.528	 53
     666.288	  8
     666.288	 20
     666.288	 27
     666.298	 28
     666.298	 19
     666.398	 29
     666.562	  9
     666.570	  8
     686.418	 52
     686.428	 10
     759.248	  8
     759.694	  8
     760.036	  8
     760.382	  8
     760.596	  8
     775.616	  8
     775.844	  8
     776.202	  8
     776.580	  8
     777.206	  8
     777.832	  8
     778.084	  8
     778.842	  8
     779.552	  8
     779.760	  8
     780.726	  8
     781.236	  8
     781.524	  8
     783.010	  8
     783.638	  8
     783.884	  8
     784.654	  8
     785.116	  8
     786.334	  8
     786.626	  8
     786.960	  8
     787.466	  8
     787.620	  8
     787.946	  8
     793.548	  8
     793.900	  8
     794.340	  8
     795.280	  8
     795.768	  8
     795.992	  8
     796.232	  8
     796.498	  8
     797.156	  8
     797.958	  8
     798.226	  8
     798.592	  8
     798.780	  8
     801.200	  8
     801.644	  8
     802.190	  8
     802.738	  8
     803.278	  8
     803.974	  8
     804.194	  8
     804.710	  8
     804.876	  8
     805.378	  8
     805.904	  8
     806.328	  8
     806.428	 53
     806.874	  8
     806.874	 20
     806.874	 27
     806.884	 28
     806.884	 19
     806.984	 29
     807.140	  8
     808.244	  8
     827.004	 52
     827.014	 10
     837.882	  7
     838.024	  7
     840.296	  7
     840.840	  7
     843.774	  7
     844.836	  7
     848.780	  7
     848.852	  7
     859.696	  7
     864.052	  7
     864.236	  7
     864.364	  7
     867.020	  7
     870.292	  7
     877.696	  7
     882.078	  7
     883.770	  7
     883.990	  7
     891.016	  7
     896.316	  7
     900.578	  7
     900.712	  7
     900.976	  7
     901.116	  7
     904.502	  7
     914.676	  8
     915.204	  8
     915.380	  8
     915.870	  8
     916.200	  8
     916.402	  8
     916.508	  8
     916.828	  8
     917.314	  8
     917.554	  8
     918.346	  8
     918.954	  8
     919.054	  8
     919.168	  8
     919.326	  8
     919.536	  8
     919.922	  8
     920.376	  8
     920.600	  8
     921.028	  8
     921.342	  8
     921.732	  8
     921.916	  8
     924.040	  8
     925.024	  8
     925.472	  8
     926.152	  8
     926.462	  8
     926.630	  8
     927.386	  8
     927.918	  8
     929.404	  8
     930.676	  8
     930.736	  8
     931.038	  8
     931.450	  8
     931.726	  8
     932.054	  8
     933.988	  8
     934.372	  8
     934.550	  8
     934.950	  8
     935.652	  8
     936.296	  8
     936.956	  8
     937.206	  8
     938.516	  8
     938.588	  8
     938.916	  8
     940.012	  8
     940.458	  8
     941.188	  8
     941.514	  8
     941.874	  8
     942.264	  8
     942.408	  8
     943.468	  8
     944.464	  8
     944.648	  8
     944.858	  8
     945.112	  8
     945.972	  8
     946.920	  8
     947.014	 53
     947.888	  8
     947.888	 20
     947.888	 27
     947.898	 28
     947.898	 19
     947.998	 29
     948.048	  8
     948.078	  9
     968.018	 51
     968.028	 18
    1028.028	 53
    1028.038	 20
    1028.038	 27
    1033.858	  5
    1048.058	 50
    1048.068	 17
    1078.068	 53
    1089.908	  8
    1089.908	 20
    1089.908	 27
    1089.918	 28
    1089.918	 19
    1090.018	 29
    1090.120	  8
    1090.182	  9
    1110.038	 52
    1110.048	 10
    1125.318	  7
    1125.974	  7
    1126.262	  7
    1126.408	  7
    1126.542	  7
    1126.690	  7
    1139.510	  8
    1216.400	  8
    1216.678	  8
    1217.136	  8
    1217.534	  8
    1218.574	  8
    1219.174	  8
    1220.006	  8
    1223.094	  8
    1230.048	 53
    1267.158	  8
    1267.158	 20
    1267.158	 27
    1267.168	 28
    1267.168	 19
    1267.268	 29
    1267.428	  8
    1267.432	  9
    1287.288	 51
    1287.298	 18
    1306.320	  8
    1308.506	  8
    1308.852	  8
    1313.930	  8
    1314.444	  8
    1315.078	  8
    1317.810	  8
    1319.872	  8
    1321.470	  8
    1321.938	  8
    1322.220	  8
    1322.294	  8
    1322.916	  8
    1323.352	  8
    1347.298	 53
    1347.308	 20
    1347.308	 27
    1367.328	 52
    1367.338	 10
    1420.258	  8
    1420.618	  8
    1420.800	  8
    1421.052	  8
    1421.534	  8
    1422.130	  8
    1422.642	  8
    1422.912	  8
    1422.966	  8
    1423.040	  8
    1423.408	  8
    1423.856	  8
    1425.742	  8
    1430.262	  8
    1430.500	  8
    1431.186	  8
    1431.792	  8
    1432.104	  8
    1439.052	  8
    1465.514	  8
    1465.974	  8
    1466.272	  8
    1466.800	  8
    1467.166	  8
    1467.846	  8
    1468.172	  8
    1468.834	  8
    1469.596	  8
    1470.360	  8
    1470.666	  8
    1471.140	  8
    1471.404	  8
    1471.684	  8
    1471.924	  8
    1472.480	  8
    1473.600	  8
    1474.046	  8
    1474.744	  8
    1476.378	  8
    1476.684	  8
    1477.366	  8
    1477.598	  8
    1477.698	  8
    1477.932	  8
    1478.530	  8
    1479.018	  8
    1479.308	  8
    1479.736	  8
    1480.454	  8
    1480.708	  8
    1480.798	  8
    1481.038	  8
    1481.410	  8
    1481.836	  8
    1481.902	  8
    1482.338	  8
    1482.482	  8
    1482.798	  8
    1483.320	  8
    1484.084	  8
    1485.222	  8
    1485.284	  8
    1485.724	  8
    1486.066	  8
    1487.338	 53
    1488.656	  8
    1488.656	 20
    1488.656	 27
    1488.666	 28
    1488.666	 19
    1488.766	 29
    1488.930	  9
    1488.948	  8
    1508.786	 52
    1508.796	 10
    1513.660	  7
    1513.914	  7
    1592.970	  8
    1593.244	  8
    1593.520	  8
    1594.242	  8
    1594.848	  8
    1595.876	  8
    1596.308	  8
    1596.524	  8
    1600.794	  8
    1601.494	  8
    1601.932	  8
    1602.350	  8
    1602.960	  8
    1603.360	  8
    1603.648	  8
    1604.126	  8
    1604.998	  8
    1608.254	  8
    1608.458	  8
    1609.426	  8
    1609.974	  8
    1610.528	  8
    1610.864	  8
    1611.432	  8
    1611.816	  8
    1612.370	  8
    1613.044	  8
    1615.732	  8
    1615.960	  8
    1616.330	  8
    1617.696	  8
    1618.292	  8
    1619.296	  8
    1619.682	  8
    1619.778	  8
    1619.896	  8
    1620.282	  8
    1620.910	  8
    1621.204	  8
    1621.776	  8
    1622.212	  8
    1622.570	  8
    1622.990	  8
    1623.238	  8
    1623.744	  8
    1624.720	  8
    1625.042	  8
    1626.624	  8
    1626.886	  8
    1627.360	  8
    1627.554	  8
    1627.716	  8
    1628.796	 53
    1628.900	  8
    1628.900	 20
    1628.900	 27
    1628.910	 28
    1628.910	 19
    1629.010	 29
    1629.174	  9
    1629.198	  8
    1630.368	  8
    1642.086	  8
    1649.030	 51
    1649.040	 18
    1709.040	 53
    1709.050	 20
    1709.050	 27
    1729.070	 51
    1729.080	 18
    1789.080	 53
    1789.090	 20
    1789.090	 27
    1804.432	  8
    1809.110	 51
    1809.120	 18
    1849.864	  8
    1850.104	  8
    1859.282	  7
    1859.848	  7
    1860.014	  7
    1860.178	  7
    1860.424	  7
    1860.522	  7
    1860.748	  7
    1860.960	  7
    1864.910	  7
    1865.084	  7
    1865.678	  7
    1869.120	 53
    1869.130	 20
    1869.130	 27
    1889.150	 52
    1889.160	 10
    1894.768	  7
    1902.834	  7
    1906.996	  7
    1907.150	  7
    1910.236	  7
    1910.520	  7
    1914.494	  7
    1914.650	  7
    1916.898	  7
    1917.006	  7
    1932.808	  7
    1932.936	  7
    1938.522	  7
    1954.790	  7
    1955.152	  7
    1958.314	  8
    1958.638	  8
    1959.108	  8
    1960.182	  8
    1960.692	  8
    1961.346	  8
    1961.972	  8
    1963.362	  8
    1963.966	  8
    1964.188	  8
    1965.412	  8
    1965.766	  8
    1983.114	  8
    1983.614	  8
    1984.688	  8
    1985.186	  8
    1986.008	  8
    1986.708	  8
    1986.918	  8
    1987.200	  8
    1987.538	  8
    1987.840	  8
    1988.534	  8
    1988.882	  8
    1989.328	  8
    1989.428	  8
    1990.350	  8
    1990.722	  8
    1990.944	  8
    1991.306	  8
    1991.656	  8
    1992.504	  8
    1993.254	  8
    1993.634	  8
    1995.072	  8
    1995.526	  8
    1996.394	  8
    1996.808	  8
    1997.458	  8
    1998.268	  8
    1998.418	  8
    1998.890	  8
    1999.188	  8
    1999.582	  8
    1999.770	  8
    2000.036	  8
    2000.326	  8
    2000.676	  8
    2002.280	  8
    2002.470	  8
    2004.136	  8
    2004.258	  8
    2004.760	  8
    2004.928	  8
    2005.234	  8
    2005.834	  8
    2006.056	  8
    2006.332	  8
    2006.760	  8
    2007.244	  8
    2008.852	  8
    2009.160	 53
    2009.338	  8
    2009.338	 20
    2009.338	 27
    2009.348	 28
    2009.348	 19
    2009.448	 29
    2009.510	  8
    2009.612	  9
    2028.248	  8
    2029.468	 51
    2029.478	 18
    2089.478	 53
    2089.488	 20
    2089.488	 27
    2109.508	 52
    2109.518	 10
    2122.050	  8
    2149.062	  8
    2149.516	  8
    2149.962	  8
    2150.762	  8
    2151.494	  8
    2152.462	  8
    2152.884	  8
    2153.298	  8
    2153.740	  8
    2153.904	  8
    2154.262	  8
    2154.732	  8
    2154.806	  8
    2155.044	  8
    2160.654	  8
    2161.318	  8
    2161.396	  8
    2162.106	  8
    2162.370	  8
    2163.246	  8
    2163.702	  8
    2164.158	  8
    2167.422	  8
    2167.726	  8
    2168.198	  8
    2168.610	  8
    2169.048	  8
    2169.110	  8
    2173.928	  8
    2174.094	  8
    2174.740	  8
    2175.188	  8
    2175.246	  8
    2177.738	  8
    2178.078	  8
    2178.902	  8
    2180.200	  8
    2180.478	  8
    2180.648	  8
    2181.064	  8
    2181.736	  8
    2182.352	  8
    2182.956	  8
    2183.586	  8
    2183.810	  8
    2184.058	  8
    2184.174	  8
    2184.412	  8
    2184.560	  8
    2184.694	  8
    2184.854	  8
    2186.458	  8
    2186.734	  8
    2187.190	  8
    2187.688	  8
    2187.866	  8
    2188.270	  8
    2188.486	  8
    2188.882	  8
    2190.152	  8
    2190.270	  8
    2190.668	  8
    2191.078	  8
    2191.396	  8
    2191.686	  8
    2191.880	  8
    2192.734	  8
    2194.424	  8
    2194.702	  8
    2194.858	  8
    2195.196	  8
    2196.768	  8
    2197.528	  8
    2198.668	  8
    2199.104	  8
    2200.856	  8
    2201.134	  8
    2201.464	  8
    2201.906	  8
    2203.800	  8
    2204.626	  8
    2204.894	  8
    2205.144	  8
    2205.418	  8
    2205.762	  8
    2206.598	  8
    2206.842	  8
    2207.630	  8
    2208.172	  8
    2209.214	  8
    2209.388	  8
    2209.622	  8
    2210.018	  8
    2210.434	  8
    2210.556	  8
    2211.392	  8
    2211.730	  8
    2212.546	  8
    2213.610	  8
    2213.832	  8
    2214.308	  8
    2214.668	  8
    2214.798	  8
    2215.576	  8
    2216.002	  8
    2216.210	  8
    2216.932	  8
    2218.736	  8
    2218.920	  8
    2219.900	  8
    2220.070	  8
    2220.616	  8
    2220.958	  8
    2221.390	  8
    2221.732	  8
    2221.960	  8
    2223.290	  8
    2223.652	  8
    2223.918	  8
    2224.378	  8
    2224.732	  8
    2225.062	  8
    2225.236	  8
    2225.436	  8
    2227.370	  8
    2227.812	  8
    2228.400	  8
    2228.674	  8
    2229.374	  8
    2229.518	 53
    2230.304	  8
    2230.304	 20
    2230.304	 27
    2230.314	 28
    2230.314	 19
    2230.414	 29
    2230.568	  8
    2230.578	  9
    2250.434	 52
    2250.444	 10
    2326.702	  8
    2327.472	  8
    2328.138	  8
    2333.940	  8
    2335.010	  8
    2336.594	  8
    2337.636	  8
    2343.096	  8
    2343.316	  8
    2344.002	  8
    2344.438	  8
    2345.044	  8
    2345.776	  8
    2345.834	  8
    2346.702	  8
    2347.156	  8
    2347.774	  8
    2348.348	  8
    2348.708	  8
    2349.234	  8
    2349.910	  8
    2352.124	  8
    2352.772	  8
    2353.030	  8
    2353.598	  8
    2353.668	  8
    2353.998	  8
    2354.316	  8
    2355.010	  8
    2355.384	  8
    2356.698	  8
    2357.460	  8
    2357.652	  8
    2357.902	  8
    2358.528	  8
    2358.732	  8
    2358.984	  8
    2359.956	  8
    2360.246	  8
    2360.592	  8
    2360.924	  8
    2361.674	  8
    2362.340	  8
    2362.860	  8
    2363.692	  8
    2363.954	  8
    2364.130	  8
    2365.618	  8
    2365.964	  8
    2367.096	  8
    2367.342	  8
    2367.518	  8
    2367.992	  8
    2368.372	  8
    2370.080	  8
    2370.426	  8
    2370.444	 53
    2370.844	  8
    2370.844	 20
    2370.844	 27
    2370.854	 28
    2370.854	 19
    2370.954	 29
    2371.118	  9
    2371.184	  8
    2390.974	 50
    2390.984	 17
    2405.404	  8
    2405.458	  8
    2409.396	  8
    2410.214	  8
    2411.056	  8
    2411.418	  8
    2412.472	  8
    2413.230	  8
    2413.502	  8
    2414.130	  8
    2416.084	  8
    2416.698	  8
    2417.130	  8
    2417.322	  8
    2417.868	  8
    2418.452	  8
    2418.628	  8
    2418.890	  8
    2419.150	  8
    2420.064	  8
    2420.424	  8
    2420.984	 53
    2421.446	  8
    2421.446	 20
    2421.446	 27
    2421.456	 28
    2421.456	 19
    2421.556	 29
    2421.664	  8
    2421.720	  9
    2423.166	  8
    2441.576	 52
    2441.586	 10
    2525.138	  8
    2525.202	  8
    2526.262	  8
    2531.954	  8
    2532.480	  8
    2532.952	  8
    2533.360	  8
    2533.886	  8
    2534.166	  8
    2534.780	  8
    2535.590	  8
    2536.150	  8
    2536.734	  8
    2537.132	  8
    2537.546	  8
    2537.888	  8
    2538.050	  8
    2541.558	  8
    2541.976	  8
    2543.380	  8
    2545.208	  8
    2545.500	  8
    2546.160	  8
    2546.676	  8
    2547.170	  8
    2547.662	  8
    2547.878	  8
    2548.302	  8
    2548.712	  8
    2549.160	  8
    2550.526	  8
    2550.680	  8
    2551.064	  8
    2551.300	  8
    2551.554	  8
    2551.938	  8
    2553.520	  8
    2553.910	  8
    2554.280	  8
    2554.884	  8
    2555.248	  8
    2555.540	  8
    2555.598	  8
    2555.854	  8
    2556.482	  8
    2556.832	  8
    2557.490	  8
    2558.294	  8
    2558.490	  8
    2558.984	  8
    2559.286	  8
    2559.728	  8
    2561.056	  8
    2561.186	  8
    2561.346	  8
    2561.586	 53
    2562.572	  8
    2562.572	 20
    2562.572	 27
    2562.582	 28
    2562.582	 19
    2562.682	 29
    2562.846	  9
    2562.866	  8
    2563.932	  8
    2580.480	  8
    2580.808	  8
    2581.250	  8
    2582.702	 51
    2582.712	 18
    2642.712	 53
    2642.722	 20
    2642.722	 27
    2662.742	 52
    2662.752	 10
    2754.084	  8
    2754.286	  8
    2754.660	  8
    2755.402	  8
    2755.780	  8
    2756.412	  8
    2756.742	  8
    2758.114	  8
    2758.262	  8
    2761.526	  8
    2761.752	  8
    2762.526	  8
    2763.444	  8
    2764.020	  8
    2764.576	  8
    2765.558	  8
    2765.956	  8
    2766.236	  8
    2766.754	  8
    2767.480	  8
    2768.644	  8
    2771.104	  8
    2771.252	  8
    2771.340	  8
    2772.218	  8
    2772.356	  8
    2773.076	  8
    2773.350	  8
    2773.918	  8
    2774.396	  8
    2774.888	  8
    2775.940	  8
    2776.156	  8
    2777.322	  8
    2779.346	  8
    2779.578	  8
    2779.852	  8
    2780.638	  8
    2780.990	  8
    2781.606	  8
    2782.022	  8
    2782.216	  8
    2782.478	  8
    2782.752	 53
    2782.800	  8
    2782.800	 20
    2782.800	 27
    2782.810	 28
    2782.810	 19
    2782.910	 29
    2783.060	  8
    2783.074	  9
    2784.186	  8
    2790.564	  8
    2795.356	  8
    2796.724	  8
    2797.206	  8
    2797.320	  8
    2797.578	  8
    2797.914	  8
    2802.492	  8
    2802.930	 52
    2802.940	 10
    2833.578	  8
    2852.986	  8
    2853.962	  8
    2858.798	  8
    2862.672	  8
    2863.104	  8
    2863.838	  8
    2866.488	  8
    2866.752	  8
    2867.366	  8
    2867.848	  8
    2868.988	  8
    2871.114	  8
    2872.694	  8
    2879.910	  8
    2880.986	  8
    2882.528	  8
    2883.174	  8
    2883.636	  8
    2884.368	  8
    2886.554	  8
    2886.982	  8
    2887.786	  8
    2888.300	  8
    2888.820	  8
    2889.312	  8
    2890.484	  8
    2890.802	  8
    2891.114	  8
    2891.500	  8
    2892.098	  8
    2892.590	  8
    2892.850	  8
    2894.200	  8
    2894.636	  8
    2896.134	  8
    2897.086	  8
    2897.504	  8
    2897.734	  8
    2898.504	  8
    2898.638	  8
    2899.402	  8
    2899.562	  8
    2899.848	  8
    2900.166	  8
    2900.606	  8
    2902.426	  8
    2903.110	  8
    2904.532	  8
    2904.854	  8
    2905.212	  8
    2905.518	  8
    2906.186	  8
    2906.630	  8
    2907.168	  8
    2907.770	  8
    2908.540	  8
    2908.870	  8
    2910.916	  8
    2911.322	  8
    2911.490	  8
    2911.774	  8
    2913.014	  8
    2913.554	  8
    2913.686	  8
    2914.214	  8
    2914.560	  8
    2914.986	  8
    2915.314	  8
    2916.010	  8
    2916.292	  8
    2916.580	  8
    2916.932	  8
    2917.146	  8
    2918.534	  8
    2919.398	  8
    2920.002	  8
    2920.894	  8
    2922.028	  8
    2922.234	  8
    2922.536	  8
    2922.680	  8
    2922.940	 53
    2923.300	  8
    2923.300	 20
    2923.300	 27
    2923.310	 28
    2923.310	 19
    2923.410	 29
    2923.536	  8
    2923.574	  9
    2924.624	  8
    2943.430	 50
    2943.440	 17
    2955.408	  7
    2957.684	  8
    2957.868	  8
    2958.138	  8
    2958.988	  8
    2961.652	  8
    2962.392	  8
    2962.872	  8
    2964.004	  8
    2964.798	  8
    2965.084	  8
    2965.374	  8
    2965.676	  8
    2966.110	  8
    2966.580	  8
    2968.092	  8
    2968.302	  8
    2969.464	  8
    2969.518	  8
    2969.718	  8
    2970.538	  8
    2970.856	  8
    2971.034	  8
    2971.380	  8
    2971.618	  8
    2971.840	  8
    2972.044	  8
    2972.594	  8
    2972.906	  8
    2973.204	  8
    2973.440	 53
    2974.854	  8
    2974.854	 20
    2974.854	 27
    2974.864	 28
    2974.864	 19
    2974.964	 29
    2975.004	  8
    2975.128	  9
    2994.984	 51
    2994.994	 18
    2995.248	  6
    3026.244	  8
    3054.994	 53
    3055.004	 20
    3055.004	 27
    3075.024	 50
    3075.034	 17
    3091.322	  8
    3091.630	  8
    3091.714	  8
    3092.062	  8
    3095.114	  8
    3095.490	  8
    3096.922	  8
    3097.276	  8
    3097.420	  8
    3097.910	  8
    3098.262	  8
    3099.198	  8
    3099.274	  8
    3099.388	  8
    3099.544	  8
    3099.798	  8
    3100.856	  8
    3101.140	  8
    3101.776	  8
    3104.096	  8
    3105.034	 53
    3105.208	  8
    3105.208	 20
    3105.208	 27
    3105.218	 28
    3105.218	 19
    3105.248	  8
    3105.318	 29
    3105.476	  8
    3105.482	  9
    3106.758	  8
    3106.890	  8
    3125.338	 52
    3125.348	 10
    3219.848	  8
    3220.316	  8
    3221.392	  8
    3221.866	  8
    3223.220	  8
    3223.610	  8
    3227.308	  8
    3228.244	  8
    3229.562	  8
    3231.440	  8
    3232.548	  8
    3233.948	  8
    3234.392	  8
    3235.090	  8
    3235.748	  8
    3236.468	  8
    3239.454	  8
    3240.974	  8
    3245.348	 53
    3264.156	  8
    3264.156	 20
    3264.156	 27
    3264.166	 28
    3264.166	 19
    3264.266	 29
    3264.430	  8
    3284.286	 52
    3284.296	 10
    3315.922	  8
    3375.674	  8
    3376.534	  8
    3377.046	  8
    3377.310	  8
    3377.910	  8
    3378.632	  8
    3379.310	  8
    3379.988	  8
    3380.152	  8
    3380.786	  8
    3381.176	  8
    3385.310	  8
    3385.468	  8
    3386.438	  8
    3387.136	  8
    3387.678	  8
    3388.386	  8
    3389.194	  8
    3389.696	  8
    3390.318	  8
    3390.898	  8
    3390.990	  8
    3391.448	  8
    3391.980	  8
    3392.312	  8
    3392.510	  8
    3394.576	  8
    3394.618	  8
    3395.302	  8
    3395.550	  8
    3395.990	  8
    3396.338	  8
    3397.368	  8
    3397.640	  8
    3398.130	  8
    3398.792	  8
    3399.542	  8
    3399.910	  8
    3400.182	  8
    3400.642	  8
    3401.586	  8
    3402.906	  8
    3403.114	  8
    3403.566	  8
    3403.872	  8
    3404.296	 53
    3404.336	  8
    3404.336	 20
    3404.336	 27
    3404.346	 28
    3404.346	 19
    3404.446	 29
    3404.584	  8
    3404.610	  9
    3405.732	  8
    3424.466	 50
    3424.476	 17
    3434.594	  8
    3437.186	  8
    3437.662	  8
    3438.108	  8
    3438.414	  8
    3438.936	  8
    3439.682	  8
    3439.984	  8
    3440.616	  8
    3441.250	  8
    3443.616	  8
    3444.730	  8
    3446.728	  8
    3447.014	  8
    3447.152	  8
    3448.438	  8
    3448.594	  8
    3449.166	  8
    3449.316	  8
    3449.584	  8
    3449.726	  8
    3450.094	  8
    3450.894	  8
    3451.196	  8
    3451.662	  8
    3452.378	  8
    3452.626	  8
    3454.320	  8
    3454.476	 53
    3454.716	  8
    3454.716	 20
    3454.716	 27
    3454.726	 28
    3454.726	 19
    3454.826	 29
    3454.990	  9
    3455.028	  8
    3474.846	 50
    3474.856	 17
    3493.516	  8
    3494.856	  8
    3496.692	  8
    3497.172	  8
    3498.296	  8
    3499.718	  8
    3500.566	  8
    3501.116	  8
    3501.600	  8
    3501.750	  8
    3502.322	  8
    3503.646	  8
    3503.756	  8
    3504.572	  8
    3504.856	 53
    3504.882	  8
    3504.882	 20
    3504.882	 27
    3504.892	 28
    3504.892	 19
    3504.992	 29
    3505.138	  8
    3505.156	  9
    3506.300	  8
    3506.956	  8
    3507.140	  8
    3525.012	 50
    3525.022	 17
    3546.368	  8
    3552.248	  8
    3552.694	  8
    3554.830	  8
    3555.022	 53
    3555.054	  8
    3555.054	 20
    3555.054	 27
    3555.064	 28
    3555.064	 19
    3555.164	 29
    3555.290	  8
    3555.328	  9
    3575.184	 52
    3575.194	 10
    3632.930	  8
    3633.218	  8
    3633.674	  8
    3634.104	  8
    3634.398	  8
    3634.966	  8
    3635.766	  8
    3636.462	  8
    3637.288	  8
    3644.058	  8
    3645.732	  8
    3647.156	  8
    3647.988	  8
    3649.294	  8
    3649.626	  8
    3650.666	  8
    3651.274	  8
    3651.880	  8
    3652.182	  8
    3658.188	  8
    3658.404	  8
    3659.450	  8
    3660.008	  8
    3660.924	  8
    3661.384	  8
    3662.172	  8
    3662.502	  8
    3663.380	  8
    3663.736	  8
    3663.930	  8
    3664.678	  8
    3665.240	  8
    3665.404	  8
    3665.792	  8
    3672.498	  8
    3672.540	  8
    3675.130	  8
    3681.202	  8
    3681.856	  8
    3682.376	  8
    3687.318	  8
    3687.472	  8
    3688.268	  8
    3688.532	  8
    3688.692	  8
    3689.266	  8
    3689.954	  8
    3690.660	  8
    3690.898	  8
    3691.472	  8
    3691.794	  8
    3692.002	  8
    3692.368	  8
    3694.990	  8
    3695.194	 53
    3695.382	  8
    3695.382	 20
    3695.382	 27
    3695.392	 28
    3695.392	 19
    3695.492	 29
    3695.546	  8
    3695.656	  9
    3715.512	 52
    3715.522	 10
    3762.082	  8
    3768.760	  8
    3768.826	  8
    3769.216	  8
    3769.904	  8
    3770.650	  8
    3771.728	  8
    3773.350	  8
    3773.886	  8
    3775.746	  8
    3776.086	  8
    3777.730	  8
    3778.988	  8
    3779.338	  8
    3780.206	  8
    3780.810	  8
    3781.968	  8
    3782.592	  8
    3783.692	  8
    3783.852	  8
    3784.122	  8
    3784.400	  8
    3784.888	  8
    3785.096	  8
    3785.360	  8
    3786.056	  8
    3787.242	  8
    3787.820	  8
    3789.168	  8
    3789.574	  8
    3792.450	  8
    3792.702	  8
    3794.562	  8
    3795.182	  8
    3796.484	  8
    3796.860	  8
    3797.112	  8
    3797.530	  8
    3797.904	  8
    3799.754	  8
    3800.024	  8
    3800.446	  8
    3800.598	  8
    3800.906	  8
    3801.032	  8
    3801.374	  8
    3801.890	  8
    3802.312	  8
    3802.486	  8
    3802.864	  8
    3804.990	  8
    3805.422	  8
    3805.572	  8
    3805.894	  8
    3806.072	  8
    3807.300	  8
    3807.564	  8
    3807.772	  8
    3808.086	  8
    3808.334	  8
    3808.658	  8
    3809.832	  8
    3809.908	  8
    3810.224	  8
    3810.504	  8
    3810.726	  8
    3811.152	  8
    3811.568	  8
    3811.842	  8
    3812.906	  8
    3813.238	  8
    3813.316	  8
    3813.518	  8
    3813.670	  8
    3814.312	  8
    3814.964	  8
    3815.148	  8
    3815.606	  8
    3815.828	  8
    3815.906	  8
    3816.058	  8
    3816.598	  8
    3817.546	  8
    3818.876	  8
    3818.986	  8
    3819.194	  8
    3819.346	  8
    3819.552	  8
    3820.234	  8
    3820.742	  8
    3820.938	  8
    3821.124	  8
    3821.442	  8
    3821.720	  8
    3823.016	  8
    3823.280	  8
    3823.754	  8
    3824.066	  8
    3824.772	  8
    3825.386	  8
    3825.534	  8
    3825.820	  8
    3826.068	  8
    3826.166	  8
    3826.316	  8
    3826.528	  8
    3826.850	  8
    3827.290	  8
    3829.046	  8
    3829.360	  8
    3829.604	  8
    3829.878	  8
    3830.242	  8
    3830.554	  8
    3830.598	  8
    3830.852	  8
    3831.458	  8
    3832.902	  8
    3833.030	  8
    3833.242	  8
    3833.648	  8
    3834.486	  8
    3834.588	  8
    3835.298	  8
    3835.522	 53
    3836.694	  8
    3836.694	 20
    3836.694	 27
    3836.704	 28
    3836.704	 19
    3836.804	 29
    3836.918	  8
    3836.960	  9
    3856.824	 52
    3856.834	 10
    3911.946	  8
    3912.238	  8
    3913.304	  8
    3913.922	  8
    3914.976	  8
    3915.430	  8
    3916.042	  8
    3916.330	  8
    3916.908	  8
    3916.994	  8
    3917.526	  8
    3918.068	  8
    3918.522	  8
    3919.752	  8
    3919.984	  8
    3924.892	  8
    3925.978	  8
    3927.024	  8
    3927.090	  8
    3927.592	  8
    3929.500	  8
    3929.970	  8
    3931.256	  8
    3932.000	  8
    3932.674	  8
    3933.178	  8
    3933.516	  8
    3933.954	  8
    3935.726	  8
    3936.456	  8
    3937.118	  8
    3937.866	  8
    3938.222	  8
    3938.744	  8
    3938.960	  8
    3939.464	  8
    3939.754	  8
    3941.688	  8
    3943.536	  8
    3943.760	  8
    3944.796	  8
    3945.098	  8
    3945.730	  8
    3946.210	  8
    3946.484	  8
    3946.702	  8
    3947.114	  8
    3947.934	  8
    3948.640	  8
    3948.902	  8
    3950.526	  8
    3952.040	  8
    3952.172	  8
    3952.418	  8
    3952.818	  8
    3953.198	  8
    3953.474	  8
    3954.070	  8
    3954.882	  8
    3955.108	  8
    3955.492	  8
    3955.782	  8
    3956.212	  8
    3956.318	  8
    3957.062	  8
    3957.516	  8
    3957.702	  8
    3958.190	  8
    3958.636	  8
    3958.816	  8
    3959.678	  8
    3959.768	  8
    3961.494	  8
    3961.620	  8
    3961.900	  8
    3962.060	  8
    3962.458	  8
    3962.800	  8
    3963.312	  8
    3964.964	  8
    3965.156	  8
    3965.882	  8
    3966.308	  8
    3966.832	  8
    3968.238	  8
    3968.598	  8
    3969.702	  8
    3969.976	  8
    3970.232	  8
    3970.410	  8
    3970.748	  8
    3971.202	  8
    3971.446	  8
    3972.352	  8
    3972.514	  8
    3972.738	  8
    3973.214	  8
    3973.872	  8
    3975.604	  8
    3975.692	  8
    3976.650	  8
    3976.834	 53
    3977.076	  8
    3977.076	 20
    3977.076	 27
    3977.086	 28
    3977.086	 19
    3977.186	 29
    3977.350	  9
    3977.394	  8
    3997.206	 50
    3997.216	 17
    4013.378	  8
    4016.594	  8
    4017.046	  8
    4017.790	  8
    4018.444	  8
    4018.480	  8
    4019.644	  8
    4020.314	  8
    4020.476	  8
    4020.986	  8
    4021.466	  8
    4021.756	  8
    4022.438	  8
    4022.914	  8
    4023.516	  8
    4024.954	  8
    4025.316	  8
    4025.706	  8
    4025.978	  8
    4026.690	  8
    4027.068	  8
    4027.216	 53
    4027.496	  8
    4027.496	 20
    4027.496	 27
    4027.506	 28
    4027.506	 19
    4027.606	 29
    4027.766	  8
    4027.770	  9
    4028.902	  8
    4047.626	 51
    4047.636	 18
    4057.460	  7
    4057.832	  7
    4058.238	  7
    4059.670	  7
    4060.062	  7
    4107.636	 53
    4107.646	 20
    4107.646	 27
    4127.666	 51
    4127.676	 18
    4187.676	 53
    4187.686	 20
    4187.686	 27
    4207.706	 51
    4207.716	 18
    4267.716	 53
    4267.726	 20
    4267.726	 27
    4287.746	 50
    4287.756	 17
    4291.916	  8
    4292.030	  8
    4295.240	  8
    4295.568	  8
    4296.252	  8
    4296.686	  8
    4298.074	  8
    4298.198	  8
    4298.734	  8
    4301.578	  8
    4301.748	  8
    4302.214	  8
    4302.280	  8
    4303.098	  8
    4303.590	  8
    4304.082	  8
    4305.050	  8
    4305.578	  8
    4306.464	  8
    4307.270	  8
    4307.518	  8
    4307.972	  8
    4308.510	  8
    4309.070	  8
    4309.912	  8
    4310.146	  8
    4310.448	  8
    4310.832	  8
    4311.462	  8
    4312.262	  8
    4312.384	  8
    4312.734	  8
    4313.760	  8
    4313.982	  8
    4314.418	  8
    4315.242	  8
    4315.750	  8
    4315.900	  8
    4316.004	  8
    4316.582	  8
    4317.580	  8
    4317.756	 53
    4317.772	  8
    4317.772	 20
    4317.772	 27
    4317.782	 28
    4317.782	 19
    4317.882	 29
    4318.036	  8
    4318.046	  9
    4319.372	  8
    4319.482	  8
    4337.902	 51
    4337.912	 18
    4343.016	  7
    4343.496	  7
    4343.714	  7
    4343.888	  7
    4344.094	  7
    4344.262	  7
    4344.482	  7
    4344.688	  7
    4344.936	  7
    4345.126	  7
    4345.352	  7
    4345.850	  7
    4397.912	 53
    4397.922	 20
    4397.922	 27
    4417.942	 50
    4417.952	 17
    4428.758	  8
    4429.140	  8
    4429.760	  8
    4437.082	  8
    4437.928	  8
    4438.736	  8
    4439.712	  8
    4441.278	  8
    4441.532	  8
    4441.960	  8
    4442.140	  8
    4442.764	  8
    4443.494	  8
    4443.774	  8
    4445.072	  8
    4445.314	  8
    4447.774	  8
    4447.952	 53
    4447.960	  8
    4447.960	 20
    4447.960	 27
    4447.970	 28
    4447.970	 19
    4448.070	 29
    4448.234	  9
    4448.254	  8
    4468.090	 50
    4468.100	 17
    4498.100	 53
    4505.966	  8
    4505.966	 20
    4505.966	 27
    4505.976	 28
    4505.976	 19
    4506.076	 29
    4506.200	  8
    4506.240	  9
    4526.096	 50
    4526.106	 17
    4536.196	  8
    4537.138	  8
    4538.812	  8
    4539.492	  8
    4539.972	  8
    4540.530	  8
    4542.780	  8
    4543.168	  8
    4543.774	  8
    4544.022	  8
    4544.316	  8
    4544.668	  8
    4546.350	  8
    4546.576	  8
    4546.862	  8
    4547.246	  8
    4547.528	  8
    4547.724	  8
    4548.252	  8
    4550.372	  8
    4550.770	  8
    4551.666	  8
    4551.846	  8
    4552.146	  8
    4552.406	  8
    4552.892	  8
    4553.392	  8
    4553.456	  8
    4554.120	  8
    4555.520	  8
    4555.624	  8
    4555.950	  8
    4556.106	 53
    4556.190	  8
    4556.190	 20
    4556.190	 27
    4556.200	 28
    4556.200	 19
    4556.300	 29
    4556.464	  9
    4556.466	  8
    4571.394	  8
    4576.320	 51
    4576.330	 18
    4636.330	 53
    4636.340	 20
    4636.340	 27
    4656.360	 51
    4656.370	 18
    4680.184	  8
    4680.388	  8
    4681.006	  8
    4716.370	 53
    4716.380	 20
    4716.380	 27
    4736.400	 50
    4736.410	 17
    4740.852	  8
    4744.506	  8
    4745.010	  8
    4745.758	  8
    4746.748	  8
    4747.274	  8
    4747.964	  8
    4748.644	  8
    4749.158	  8
    4749.856	  8
    4750.258	  8
    4751.380	  8
    4751.684	  8
    4752.234	  8
    4754.012	  8
    4754.538	  8
    4754.982	  8
    4757.322	  8
    4757.530	  8
    4758.166	  8
    4759.108	  8
    4759.924	  8
    4760.446	  8
    4761.040	  8
    4761.556	  8
    4762.616	  8
    4762.690	  8
    4764.170	  8
    4764.466	  8
    4765.682	  8
    4766.410	 53
    4766.496	  8
    4766.496	 20
    4766.496	 27
    4766.506	 28
    4766.506	 19
    4766.606	 29
    4766.732	  8
    4766.770	  9
    4768.494	  8
    4786.626	 51
    4786.636	 18
    4846.636	 53
    4846.646	 20
    4846.646	 27
    4866.666	 52
    4866.676	 10
    4881.398	  8
    4907.660	  8
    4908.544	  8
    4909.198	  8
    4909.772	  8
    4921.682	  8
    4922.288	  8
    4922.700	  8
    4923.660	  8
    4924.422	  8
    4925.336	  8
    4926.164	  8
    4927.366	  8
    4930.594	  8
    4930.880	  8
    4931.866	  8
    4932.270	  8
    4932.838	  8
    4933.762	  8
    4934.256	  8
    4935.170	  8
    4935.472	  8
    4935.938	  8
    4936.736	  8
    4937.132	  8
    4937.494	  8
    4941.052	  8
    4941.154	  8
    4941.566	  8
    4941.672	  8
    4942.728	  8
    4943.370	  8
    4943.692	  8
    4944.120	  8
    4944.610	  8
    4945.528	  8
    4945.938	  8
    4946.346	  8
    4946.630	  8
    4946.928	  8
    4947.486	  8
    4948.304	  8
    4949.570	  8
    4950.068	  8
    4950.528	  8
    4950.686	  8
    4951.004	  8
    4951.308	  8
    4952.176	  8
    4952.512	  8
    4952.798	  8
    4953.002	  8
    4953.516	  8
    4953.824	  8
    4954.088	  8
    4954.610	  8
    4954.802	  8
    4955.060	  8
    4957.454	  8
    4957.642	  8
    4958.306	  8
    4958.538	  8
    4958.616	  8
    4959.372	  8
    4959.702	  8
    4960.042	  8
    4960.346	  8
    4960.670	  8
    4961.178	  8
    4961.614	  8
    4963.156	  8
    4963.354	  8
    4963.970	  8
    4964.414	  8
    4964.860	  8
    4965.156	  8
    4965.300	  8
    4965.420	  8
    4966.138	  8
    4966.492	  8
    4967.106	  8
    4968.182	  8
    4968.428	  8
    4968.802	  8
    4969.222	  8
    4969.364	  8
    4969.906	  8
    4972.024	  8
    4972.130	  8
    4974.298	  8
    4975.766	  8
    4975.926	  8
    4976.566	  8
    4978.026	  8
    4978.394	  8
    4978.756	  8
    4979.086	  8
    4979.352	  8
    4979.802	  8
    4980.694	  8
    4981.394	  8
    4981.702	  8
    4981.864	  8
    4982.136	  8
    4982.866	  8
    4983.086	  8
    4983.434	  8
    4983.862	  8
    4984.030	  8
    4985.838	  8
    4986.676	 53
    4987.310	  8
    4987.310	 20
    4987.310	 27
    4987.320	 28
    4987.320	 19
    4987.420	 29
    4987.584	  9
    4987.786	  8
    4989.178	  8
    5007.440	 52
    5007.450	 10
    5082.462	  8
    5082.604	  8
    5083.518	  8
    5084.096	  8
    5084.330	  8
    5084.956	  8
    5085.106	  8
    5087.016	  8
    5087.580	  8
    5088.356	  8
    5089.102	  8
    5089.700	  8
    5090.238	  8
    5090.956	  8
    5092.008	  8
    5093.552	  8
    5094.232	  8
    5094.366	  8
    5099.774	  8
    5099.916	  8
    5100.958	  8
    5101.398	  8
    5101.990	  8
    5102.638	  8
    5103.606	  8
    5104.400	  8
    5104.950	  8
    5105.508	  8
    5106.864	  8
    5107.818	  8
    5108.110	  8
    5109.126	  8
    5109.272	  8
    5109.324	  8
    5109.422	  8
    5109.836	  8
    5112.658	  8
    5113.236	  8
    5113.780	  8
    5114.174	  8
    5114.852	  8
    5115.204	  8
    5115.728	  8
    5115.934	  8
    5116.236	  8
    5117.150	  8
    5117.580	  8
    5118.368	  8
    5118.656	  8
    5119.936	  8
    5120.294	  8
    5120.746	  8
    5121.376	  8
    5121.666	  8
    5122.052	  8
    5122.804	  8
    5123.050	  8
    5123.448	  8
    5123.802	  8
    5123.992	  8
    5124.316	  8
    5125.194	  8
    5126.646	  8
    5127.450	 53
    5128.072	  8
    5128.072	 20
    5128.072	 27
    5128.082	 28
    5128.082	 19
    5128.182	 29
    5128.292	  8
    5128.338	  9
    5148.202	 52
    5148.212	 10
    5185.350	  8
    5187.924	  8
    5190.928	  8
    5191.092	  8
    5192.158	  8
    5192.934	  8
    5193.750	  8
    5194.654	  8
    5195.196	  8
    5196.150	  8
    5200.366	  8
    5200.598	  8
    5204.478	  8
    5207.080	  8
    5209.476	  8
    5209.842	  8
    5211.754	  8
    5212.884	  8
    5213.400	  8
    5214.472	  8
    5215.044	  8
    5215.656	  8
    5218.518	  8
    5219.254	  8
    5219.780	  8
    5220.606	  8
    5221.020	  8
    5222.392	  8
    5222.982	  8
    5223.686	  8
    5224.242	  8
    5224.506	  8
    5224.566	  8
    5226.386	  8
    5226.864	  8
    5227.296	  8
    5230.270	  8
    5230.404	  8
    5231.514	  8
    5232.014	  8
    5232.334	  8
    5232.970	  8
    5233.794	  8
    5234.938	  8
    5235.380	  8
    5236.018	  8
    5236.828	  8
    5237.268	  8
    5237.610	  8
    5239.292	  8
    5239.784	  8
    5240.480	  8
    5241.100	  8
    5241.964	  8
    5242.914	  8
    5243.712	  8
    5243.896	  8
    5244.058	  8
    5244.120	  8
    5244.732	  8
    5244.980	  8
    5245.424	  8
    5245.890	  8
    5246.224	  8
    5246.464	  8
    5246.936	  8
    5247.256	  8
    5247.474	  8
    5248.820	  8
    5248.938	  8
    5249.248	  8
    5249.496	  8
    5249.570	  8
    5249.854	  8
    5250.584	  8
    5250.670	  8
    5250.964	  8
    5251.206	  8
    5251.672	  8
    5252.408	  8
    5252.724	  8
    5253.064	  8
    5253.638	  8
    5253.764	  8
    5253.830	  8
    5254.152	  8
    5254.682	  8
    5255.194	  8
    5255.486	  8
    5256.028	  8
    5256.444	  8
    5256.642	  8
    5256.874	  8
    5257.186	  8
    5257.392	  8
    5257.908	  8
    5258.758	  8
    5259.270	  8
    5259.784	  8
    5260.414	  8
    5260.910	  8
    5261.810	  8
    5262.336	  8
    5262.426	  8
    5262.862	  8
    5263.308	  8
    5263.502	  8
    5263.630	  8
    5263.814	  8
    5264.142	  8
    5264.580	  8
    5265.174	  8
    5266.424	  8
    5266.562	  8
    5266.938	  8
    5267.264	  8
    5267.390	  8
    5267.558	  8
    5267.650	  8
    5267.974	  8
    5268.078	  8
    5268.212	 53
    5268.534	  8
    5268.534	 20
    5268.534	 27
    5268.544	 28
    5268.544	 19
    5268.644	 29
    5268.808	  9
    5268.844	  8
    5288.664	 52
    5288.674	 10
    5336.824	  8
    5337.006	  8
    5339.848	  8
    5340.946	  8
    5341.744	  8
    5350.872	  8
    5351.390	  8
    5352.408	  8
    5352.962	  8
    5353.780	  8
    5354.432	  8
    5354.878	  8
    5355.576	  8
    5355.666	  8
    5363.450	  8
    5364.672	  8
    5364.938	  8
    5367.520	  8
    5367.694	  8
    5367.934	  8
    5368.268	  8
    5368.660	  8
    5368.902	  8
    5369.388	  8
    5369.720	  8
    5370.136	  8
    5370.722	  8
    5371.338	  8
    5371.622	  8
    5372.092	  8
    5373.072	  8
    5373.632	  8
    5374.158	  8
    5374.384	  8
    5374.740	  8
    5375.332	  8
    5375.616	  8
    5375.908	  8
    5376.116	  8
    5376.420	  8
    5376.924	  8
    5377.126	  8
    5377.342	  8
    5377.748	  8
    5377.876	  8
    5378.280	  8
    5378.972	  8
    5379.660	  8
    5380.184	  8
    5380.582	  8
    5381.084	  8
    5381.462	  8
    5381.774	  8
    5383.840	  8
    5384.206	  8
    5384.666	  8
    5385.086	  8
    5385.290	  8
    5385.718	  8
    5385.976	  8
    5386.210	  8
    5386.400	  8
    5386.734	  8
    5387.158	  8
    5387.768	  8
    5388.040	  8
    5388.580	  8
    5389.086	  8
    5389.290	  8
    5389.526	  8
    5389.754	  8
    5389.960	  8
    5390.148	  8
    5390.382	  8
    5390.748	  8
    5390.930	  8
    5392.070	  8
    5392.292	  8
    5392.378	  8
    5392.804	  8
    5394.474	  8
    5394.918	  8
    5395.314	  8
    5395.628	  8
    5396.208	  8
    5396.918	  8
    5397.186	  8
    5397.332	  8
    5397.596	  8
    5398.226	  8
    5398.472	  8
    5398.766	  8
    5399.232	  8
    5399.462	  8
    5400.010	  8
    5400.320	  8
    5400.472	  8
    5401.374	  8
    5401.754	  8
    5402.116	  8
    5402.252	  8
    5402.374	  8
    5402.484	  8
    5403.998	  8
    5405.108	  8
    5405.496	  8
    5405.714	  8
    5405.982	  8
    5406.412	  8
    5406.796	  8
    5407.048	  8
    5407.804	  8
    5407.862	  8
    5408.674	 53
    5410.400	  8
    5410.400	 20
    5410.400	 27
    5410.410	 28
    5410.410	 19
    5410.510	 29
    5410.634	  8
    5410.674	  9
    5430.530	 52
    5430.540	 10
    5518.212	  8
    5519.122	  8
    5519.582	  8
    5520.594	  8
    5526.636	  8
    5526.970	  8
    5527.322	  8
    5527.796	  8
    5528.220	  8
    5528.718	  8
    5529.018	  8
    5529.430	  8
    5530.038	  8
    5530.224	  8
    5531.442	  8
    5531.820	  8
    5534.630	  8
    5535.104	  8
    5535.366	  8
    5535.746	  8
    5536.382	  8
    5536.674	  8
    5541.390	  8
    5542.210	  8
    5542.446	  8
    5542.988	  8
    5543.422	  8
    5544.908	  8
    5545.606	  8
    5546.224	  8
    5546.424	  8
    5547.370	  8
    5547.440	  8
    5547.968	  8
    5548.448	  8
    5548.882	  8
    5549.068	  8
    5549.622	  8
    5549.970	  8
    5550.100	  8
    5550.412	  8
    5550.540	 53
    5553.044	  8
    5553.044	 20
    5553.044	 27
    5553.054	 28
    5553.054	 19
    5553.154	 29
    5553.288	  8
    5553.318	  9
    5554.296	  8
    5573.174	 52
    5573.184	 10
    5629.450	  8
    5629.822	  8
    5632.726	  8
    5635.178	  8
    5635.880	  8
    5643.800	  8
    5643.872	  8
    5644.200	  8
    5644.568	  8
    5645.146	  8
    5645.634	  8
    5646.170	  8
    5646.578	  8
    5651.392	  8
    5652.870	  8
    5653.432	  8
    5660.228	  8
    5660.400	  8
    5661.580	  8
    5662.298	  8
    5663.214	  8
    5663.928	  8
    5664.508	  8
    5664.994	  8
    5665.682	  8
    5668.816	  8
    5669.432	  8
    5669.910	  8
    5670.288	  8
    5670.646	  8
    5670.830	  8
    5671.964	  8
    5672.412	  8
    5672.932	  8
    5674.046	  8
    5674.918	  8
    5675.076	  8
    5675.570	  8
    5676.280	  8
    5678.058	  8
    5678.182	  8
    5678.676	  8
    5678.946	  8
    5679.368	  8
    5679.864	  8
    5680.580	  8
    5680.802	  8
    5681.266	  8
    5681.434	  8
    5681.834	  8
    5682.488	  8
    5683.030	  8
    5683.440	  8
    5683.900	  8
    5684.196	  8
    5684.320	  8
    5685.052	  8
    5685.308	  8
    5685.870	  8
    5686.258	  8
    5686.422	  8
    5686.812	  8
    5686.984	  8
    5687.408	  8
    5687.614	  8
    5688.152	  8
    5690.048	  8
    5690.348	  8
    5690.746	  8
    5691.040	  8
    5691.082	  8
    5691.270	  8
    5691.564	  8
    5692.004	  8
    5692.352	  8
    5693.044	  8
    5693.184	 53
    5693.524	  8
    5693.524	 20
    5693.524	 27
    5693.534	 28
    5693.534	 19
    5693.634	 29
    5693.798	  9
    5693.810	  8
    5713.654	 51
    5713.664	 18
    5773.664	 53
    5773.674	 20
    5773.674	 27
    5793.694	 50
    5793.704	 17
    5798.690	  8
    5798.852	  8
    5798.958	  8
    5803.600	  8
    5804.220	  8
    5804.834	  8
    5809.052	  8
    5809.558	  8
    5810.238	  8
    5810.688	  8
    5811.724	  8
    5812.160	  8
    5812.464	  8
    5813.000	  8
    5813.826	  8
    5815.904	  8
    5816.418	  8
    5817.056	  8
    5817.618	  8
    5818.090	  8
    5818.632	  8
    5819.390	  8
    5819.608	  8
    5819.826	  8
    5820.246	  8
    5821.562	  8
    5821.742	  8
    5822.538	  8
    5822.814	  8
    5823.506	  8
    5823.704	 53
    5824.186	  8
    5824.186	 20
    5824.186	 27
    5824.196	 28
    5824.196	 19
    5824.296	 29
    5824.460	  9
    5824.496	  8
    5844.316	 51
    5844.326	 18
    5904.326	 53
    5904.336	 20
    5904.336	 27
    5904.346	 61
