       3.430	  7
       3.550	  7
       3.676	  7
       3.828	  7
       4.368	  7
       4.486	  7
       4.780	  7
       5.080	  7
       6.778	  7
      20.010	 52
      20.020	 17
      66.928	  7
      67.074	  7
      67.234	  7
      68.194	  7
      68.638	  7
      69.936	  7
      71.152	  7
      71.562	  7
      71.712	  7
      71.866	  7
      72.014	  7
      72.130	  7
      72.186	  7
      72.432	  7
      73.162	  7
      73.262	  7
      77.848	  7
      88.158	  7
     101.390	  8
     101.816	  8
     102.216	  8
     103.176	  8
     103.450	  8
     104.400	  8
     104.848	  8
     104.916	  8
     105.376	  8
     105.780	  8
     105.882	  8
     106.618	  8
     106.996	  8
     107.148	  8
     107.858	  8
     108.096	  8
     111.248	  8
     111.494	  8
     112.226	  8
     112.516	  8
     112.802	  8
     112.874	  8
     113.510	  8
     113.776	  8
     114.330	  8
     114.502	  8
     115.048	  8
     115.344	  8
     115.510	  8
     115.710	  8
     116.106	  8
     116.818	  8
     118.404	  8
     119.270	  8
     119.508	  8
     119.692	  8
     119.940	  8
     120.352	  8
     121.972	  8
     122.446	  8
     123.230	  8
     123.500	  8
     123.634	  8
     123.702	  8
     124.010	  8
     124.370	  8
     126.342	  8
     126.794	  8
     127.240	  8
     127.464	  8
     127.698	  8
     128.080	  8
     128.366	  8
     130.258	  8
     130.572	  8
     131.082	  8
     133.658	  8
     134.070	  8
     134.548	  8
     134.736	  8
     135.038	  8
     135.300	  8
     135.402	  8
     135.448	  8
     135.562	  8
     135.982	  8
     136.242	  8
     136.600	  8
     136.698	  8
     136.784	  8
     136.876	  8
     137.438	  8
     137.716	  8
     138.158	  8
     138.448	  8
     138.700	  8
     139.056	  8
     139.944	  8
     140.020	 53
     142.622	  8
     142.622	 20
     142.622	 27
     142.632	 28
     142.632	 19
     142.732	 29
     142.772	  8
     142.902	  9
     144.880	  8
     145.064	  8
     162.752	 52
     162.762	 17
     180.728	  8
     186.826	  7
     186.912	  7
     187.056	  7
     187.262	  7
     187.428	  7
     187.572	  7
     190.304	  7
     191.216	  7
     191.602	  7
     191.752	  7
     191.938	  7
     193.044	  7
     193.420	  7
     193.576	  7
     193.774	  7
     194.162	  7
     194.306	  7
     194.466	  7
     194.642	  7
     195.060	  7
     195.164	  7
     195.224	  7
     195.380	  7
     195.572	  7
     195.850	  7
     196.058	  7
     196.440	  7
     197.060	  7
     197.752	  7
     197.852	  7
     197.986	  7
     198.132	  7
     198.282	  7
     198.432	  7
     198.568	  7
     198.720	  7
     198.880	  7
     199.020	  7
     199.156	  7
     199.298	  7
     199.446	  7
     199.602	  7
     199.748	  7
     199.890	  7
     200.032	  7
     200.182	  7
     200.326	  7
     200.472	  7
     200.616	  7
     200.760	  7
     200.926	  7
     201.058	  7
     201.204	  7
     201.346	  7
     201.492	  7
     201.638	  7
     201.788	  7
     201.934	  7
     202.084	  7
     202.432	  7
     202.538	  7
     203.400	  7
     203.544	  7
     203.686	  7
     203.830	  7
     203.974	  7
     204.106	  7
     204.252	  7
     204.388	  7
     204.520	  7
     204.656	  7
     204.788	  7
     204.966	  7
     205.084	  7
     205.226	  7
     205.780	  7
     205.906	  7
     205.994	  7
     207.650	  7
     207.776	  7
     207.908	  7
     208.056	  7
     208.204	  7
     208.350	  7
     208.462	  7
     208.586	  7
     208.754	  7
     208.870	  7
     209.002	  7
     209.134	  7
     209.286	  7
     209.446	  7
     210.048	  7
     211.410	  7
     211.550	  7
     211.682	  7
     211.820	  7
     211.952	  7
     212.108	  7
     212.246	  7
     212.384	  7
     212.518	  7
     212.664	  7
     212.790	  7
     212.924	  7
     213.068	  7
     213.204	  7
     213.344	  7
     213.490	  7
     213.632	  7
     213.944	  7
     214.018	  7
     214.222	  7
     214.958	  7
     215.066	  7
     215.214	  7
     215.370	  7
     215.660	  7
     217.250	  7
     217.572	  7
     218.676	  7
     237.270	  8
     237.820	  8
     241.586	  7
     244.066	  7
     246.222	  7
     246.672	  7
     248.082	  8
     248.356	  8
     249.674	  8
     250.052	  8
     251.294	  8
     251.516	  8
     251.838	  8
     252.260	  8
     252.816	  8
     253.260	  8
     253.558	  8
     253.890	  8
     256.410	  8
     256.692	  8
     257.316	  8
     257.576	  8
     257.866	  8
     258.248	  8
     258.594	  8
     258.970	  8
     259.414	  8
     259.834	  8
     259.940	  8
     260.500	  8
     260.978	  8
     263.660	  8
     263.976	  8
     264.538	  8
     264.978	  8
     265.730	  8
     266.376	  8
     266.706	  8
     266.898	  8
     267.074	  8
     269.032	  8
     269.366	  8
     269.936	  8
     270.296	  8
     270.612	  8
     270.804	  8
     271.020	  8
     271.306	  8
     271.440	  8
     271.522	  8
     271.882	  8
     272.068	  8
     272.416	  8
     272.952	  8
     273.270	  8
     276.502	  8
     277.032	  8
     277.204	  8
     277.510	  8
     277.928	  8
     278.336	  8
     278.758	  8
     279.132	  8
     279.502	  8
     279.828	  8
     280.116	  8
     280.470	  8
     281.162	  8
     282.762	 53
     283.536	  8
     283.536	 20
     283.536	 27
     283.546	 28
     283.546	 19
     283.646	 29
     283.744	  8
     283.816	  9
     285.660	  8
     303.666	 52
     303.676	 17
     309.684	  7
     329.748	  7
     329.894	  7
     330.190	  7
     331.110	  7
     333.348	  7
     335.268	  7
     345.878	  7
     360.474	  7
     375.036	  7
     390.142	  8
     390.402	  8
     390.864	  8
     391.532	  8
     391.934	  8
     392.144	  8
     392.636	  8
     393.450	  8
     393.768	  8
     394.024	  8
     394.496	  8
     395.076	  8
     395.752	  8
     396.078	  8
     396.628	  8
     398.486	  8
     399.126	  8
     399.544	  8
     399.980	  8
     400.252	  8
     400.602	  8
     401.018	  8
     401.652	  8
     401.840	  8
     402.186	  8
     402.736	  8
     403.272	  8
     403.422	  8
     403.722	  8
     404.212	  8
     404.574	  8
     406.792	  8
     407.184	  8
     408.156	  8
     408.530	  8
     408.698	  8
     409.360	  8
     410.354	  8
     411.016	  8
     411.446	  8
     411.998	  8
     412.204	  8
     412.494	  8
     413.242	  8
     413.856	  8
     416.342	  8
     416.562	  8
     417.182	  8
     417.860	  8
     418.220	  8
     418.508	  8
     419.378	  8
     419.898	  8
     420.240	  8
     420.454	  8
     420.768	  8
     421.022	  8
     421.700	  8
     422.066	  8
     422.342	  8
     422.466	  8
     423.676	 53
     424.142	  8
     424.142	 20
     424.142	 27
     424.152	 28
     424.152	 19
     424.252	 29
     424.422	  9
     426.816	  8
     444.272	 50
     444.282	 18
     464.370	  8
     464.828	  8
     465.170	  8
     465.788	  8
     466.200	  8
     466.934	  8
     467.328	  8
     467.526	  8
     467.780	  8
     468.288	  8
     468.688	  8
     469.066	  8
     471.204	  8
     471.622	  8
     472.064	  8
     472.400	  8
     472.754	  8
     473.192	  8
     473.494	  8
     474.046	  8
     474.282	 53
     474.708	  8
     474.708	 20
     474.708	 27
     474.718	 28
     474.718	 19
     474.818	 29
     474.988	  9
     476.470	  8
     476.866	  8
     494.838	 50
     494.848	 18
     514.218	  8
     514.452	  8
     520.742	  8
     521.380	  8
     522.124	  8
     522.664	  8
     523.310	  8
     523.774	  8
     524.118	  8
     524.462	  8
     524.778	  8
     524.848	 53
     525.062	  8
     525.062	 20
     525.062	 27
     525.072	 28
     525.072	 19
     525.172	 29
     525.342	  9
     545.192	 50
     545.202	 18
     564.074	  8
     570.026	  8
     570.512	  8
     570.572	  8
     570.808	  8
     571.270	  8
     571.824	  8
     572.546	  8
     573.236	  8
     573.960	  8
     574.348	  8
     574.718	  8
     575.202	 53
     576.552	  8
     576.552	 20
     576.552	 27
     576.562	 28
     576.562	 19
     576.662	 29
     576.758	  8
     576.832	  9
     578.322	  8
     596.682	 50
     596.692	 18
     612.286	  8
     613.132	  8
     616.720	  8
     618.322	  8
     618.752	  8
     619.072	  8
     619.634	  8
     620.430	  8
     625.334	  8
     625.862	  8
     625.992	  8
     626.384	  8
     626.692	 53
     627.190	  8
     627.190	 20
     627.190	 27
     627.200	 28
     627.200	 19
     627.300	 29
     627.470	  9
     647.320	 51
     647.330	 10
     707.330	 53
     707.340	 20
     707.340	 27
     727.360	 52
     727.370	 17
     733.890	  8
     740.034	  7
     740.166	  7
     740.874	  7
     741.024	  7
     741.220	  7
     741.410	  7
     741.624	  7
     742.070	  7
     742.220	  7
     742.424	  7
     743.088	  7
     743.234	  7
     743.396	  7
     743.740	  7
     743.922	  7
     744.374	  7
     744.810	  7
     744.966	  7
     745.330	  7
     745.500	  7
     746.600	  7
     746.722	  7
     746.870	  7
     747.008	  7
     747.228	  7
     747.344	  7
     748.030	  7
     748.168	  7
     748.318	  7
     748.452	  7
     748.602	  7
     748.750	  7
     748.902	  7
     749.046	  7
     749.194	  7
     749.330	  7
     749.470	  7
     749.596	  7
     749.724	  7
     749.862	  7
     750.022	  7
     750.172	  7
     750.356	  7
     750.506	  7
     750.668	  7
     750.824	  7
     750.984	  7
     751.134	  7
     751.280	  7
     751.426	  7
     751.572	  7
     751.720	  7
     751.862	  7
     752.010	  7
     752.152	  7
     752.302	  7
     752.430	  7
     752.578	  7
     752.728	  7
     752.872	  7
     753.026	  7
     753.182	  7
     753.340	  7
     753.488	  7
     753.630	  7
     753.812	  7
     753.954	  7
     754.098	  7
     754.246	  7
     754.398	  7
     754.550	  7
     754.704	  7
     754.844	  7
     754.990	  7
     755.152	  7
     755.312	  7
     755.488	  7
     755.632	  7
     755.798	  7
     755.952	  7
     756.110	  7
     756.280	  7
     756.442	  7
     756.630	  7
     756.894	  7
     757.068	  7
     757.278	  7
     758.638	  7
     758.768	  7
     758.924	  7
     759.106	  7
     761.334	  7
     761.468	  7
     761.744	  7
     761.894	  7
     762.024	  7
     762.154	  7
     762.278	  7
     762.406	  7
     762.594	  7
     762.734	  7
     762.886	  7
     763.032	  7
     763.172	  7
     763.310	  7
     763.440	  7
     763.576	  7
     763.710	  7
     763.856	  7
     764.028	  7
     764.182	  7
     764.334	  7
     764.500	  7
     764.648	  7
     764.794	  7
     764.950	  7
     765.102	  7
     765.262	  7
     765.404	  7
     765.570	  7
     765.712	  7
     765.858	  7
     766.020	  7
     766.188	  7
     766.330	  7
     766.528	  7
     767.234	  7
     767.348	  7
     767.470	  7
     767.654	  7
     767.816	  7
     768.126	  7
     768.388	  7
     769.026	  7
     769.182	  7
     769.328	  7
     769.484	  7
     769.634	  7
     769.912	  7
     770.064	  7
     770.214	  7
     770.350	  7
     770.488	  7
     770.626	  7
     770.762	  7
     770.910	  7
     771.080	  7
     771.242	  7
     771.378	  7
     771.512	  7
     771.648	  7
     771.786	  7
     771.922	  7
     772.062	  7
     772.200	  7
     772.338	  7
     772.512	  7
     772.652	  7
     772.812	  7
     772.964	  7
     773.112	  7
     773.248	  7
     773.394	  7
     773.524	  7
     773.688	  7
     773.842	  7
     773.996	  7
     774.146	  7
     774.300	  7
     774.634	  7
     775.812	  7
     775.930	  7
     776.084	  7
     776.226	  7
     776.398	  7
     777.580	  7
     777.746	  7
     777.852	  7
     777.996	  7
     778.146	  7
     778.286	  7
     778.418	  7
     778.554	  7
     778.698	  7
     778.834	  7
     778.974	  7
     779.114	  7
     779.246	  7
     779.376	  7
     779.510	  7
     779.678	  7
     779.816	  7
     779.958	  7
     780.108	  7
     780.254	  7
     780.420	  7
     780.566	  7
     780.722	  7
     780.872	  7
     781.010	  7
     781.172	  7
     781.306	  7
     781.452	  7
     781.622	  7
     781.802	  7
     781.980	  7
     782.182	  7
     782.792	  7
     783.270	  7
     783.460	  7
     783.590	  7
     783.744	  7
     783.886	  7
     784.042	  7
     784.194	  7
     784.328	  7
     784.478	  7
     784.606	  7
     784.732	  7
     784.872	  7
     785.006	  7
     785.144	  7
     785.296	  7
     785.542	  7
     787.294	  7
     787.376	  7
     787.564	  7
     787.714	  7
     787.868	  7
     788.018	  7
     788.158	  7
     788.288	  7
     788.422	  7
     788.566	  7
     788.714	  7
     788.898	  7
     789.034	  7
     789.220	  7
     789.346	  7
     789.478	  7
     789.632	  7
     789.778	  7
     789.918	  7
     790.068	  7
     790.218	  7
     790.366	  7
     790.516	  7
     790.660	  7
     790.818	  7
     790.964	  7
     791.110	  7
     791.250	  7
     791.402	  7
     791.792	  7
     791.888	  7
     792.394	  7
     793.474	  7
     793.622	  7
     793.784	  7
     793.922	  7
     794.064	  7
     794.208	  7
     794.348	  7
     794.488	  7
     794.642	  7
     794.792	  7
     794.936	  7
     795.080	  7
     795.236	  7
     795.388	  7
     795.550	  7
     795.698	  7
     795.854	  7
     796.018	  7
     796.190	  7
     796.352	  7
     796.498	  7
     796.686	  7
     796.842	  7
     797.000	  7
     797.156	  7
     797.304	  7
     797.456	  7
     797.616	  7
     797.780	  7
     798.572	  7
     798.652	  7
     798.834	  7
     799.228	  7
     801.210	  7
     801.304	  7
     801.548	  7
     801.840	  7
     801.988	  7
     802.130	  7
     802.274	  7
     802.404	  7
     802.554	  7
     802.704	  7
     802.830	  7
     802.956	  7
     803.116	  7
     803.276	  7
     803.422	  7
     803.572	  7
     803.882	  7
     804.222	  7
     805.598	  7
     805.712	  7
     805.806	  7
     806.002	  7
     806.150	  7
     806.298	  7
     806.436	  7
     806.556	  7
     806.688	  7
     806.836	  7
     806.984	  7
     807.122	  7
     807.270	  7
     807.416	  7
     807.570	  7
     807.728	  7
     807.892	  7
     808.036	  7
     808.194	  7
     808.358	  7
     808.526	  7
     808.682	  7
     808.882	  7
     809.052	  7
     809.146	  7
     809.340	  7
     809.766	  7
     810.194	  7
     810.626	  7
     810.794	  7
     810.956	  7
     811.120	  7
     811.260	  7
     811.384	  7
     811.514	  7
     811.648	  7
     811.786	  7
     811.932	  7
     812.094	  7
     812.240	  7
     812.380	  7
     812.524	  7
     812.664	  7
     812.818	  7
     812.956	  7
     813.104	  7
     813.254	  7
     813.404	  7
     813.542	  7
     813.688	  7
     813.864	  7
     814.006	  7
     814.170	  7
     814.302	  7
     814.456	  7
     814.616	  7
     814.788	  7
     814.948	  7
     815.108	  7
     815.260	  7
     815.424	  7
     816.348	  7
     816.522	  7
     816.796	  7
     817.244	  7
     845.784	  8
     846.034	  8
     846.392	  8
     847.370	 53
     847.776	  8
     847.776	 20
     847.776	 27
     847.786	 28
     847.786	 19
     847.886	 29
     848.056	  9
     867.906	 50
     867.916	 18
     890.958	  8
     891.368	  8
     892.144	  8
     892.406	  8
     892.646	  8
     892.742	  8
     893.154	  8
     893.874	  8
     894.374	  8
     894.734	  8
     897.170	  8
     897.590	  8
     897.916	 53
     898.036	  8
     898.036	 20
     898.036	 27
     898.046	 28
     898.046	 19
     898.146	 29
     898.234	  8
     898.316	  9
     918.166	 51
     918.176	 10
     922.824	  8
     922.880	  8
     969.644	  8
     978.176	 53
     978.186	 20
     978.186	 27
     998.206	 50
     998.216	 18
    1018.486	  8
    1019.992	  8
    1021.918	  8
    1022.576	  8
    1023.216	  8
    1024.004	  8
    1024.330	  8
    1025.074	  8
    1025.652	  8
    1026.380	  8
    1028.216	 53
    1028.482	  8
    1028.482	 20
    1028.482	 27
    1028.492	 28
    1028.492	 19
    1028.592	 29
    1028.762	  9
    1030.374	  8
    1048.612	 51
    1048.622	 10
    1063.590	  8
    1067.984	  8
    1106.968	  8
    1108.622	 53
    1108.632	 20
    1108.632	 27
    1128.652	 52
    1128.662	 17
    1139.420	  7
    1140.212	  7
    1140.724	  7
    1141.420	  7
    1141.850	  7
    1142.050	  7
    1142.928	  7
    1143.118	  7
    1143.730	  7
    1143.864	  7
    1144.774	  7
    1144.908	  7
    1145.076	  7
    1145.216	  7
    1145.378	  7
    1145.538	  7
    1145.728	  7
    1145.834	  7
    1145.930	  7
    1146.086	  7
    1146.528	  7
    1146.748	  7
    1146.920	  7
    1148.498	  7
    1148.630	  7
    1148.772	  7
    1148.906	  7
    1149.042	  7
    1149.188	  7
    1149.334	  7
    1149.476	  7
    1149.614	  7
    1149.754	  7
    1149.900	  7
    1150.032	  7
    1150.166	  7
    1150.298	  7
    1150.442	  7
    1150.590	  7
    1150.764	  7
    1150.914	  7
    1151.072	  7
    1151.222	  7
    1151.366	  7
    1151.502	  7
    1151.630	  7
    1151.772	  7
    1151.930	  7
    1152.088	  7
    1152.232	  7
    1152.386	  7
    1152.540	  7
    1152.682	  7
    1152.824	  7
    1152.966	  7
    1153.092	  7
    1153.228	  7
    1153.384	  7
    1153.962	  7
    1154.102	  7
    1154.258	  7
    1155.382	  7
    1155.530	  7
    1155.802	  7
    1155.954	  7
    1156.090	  7
    1156.230	  7
    1156.352	  7
    1156.478	  7
    1156.630	  7
    1156.778	  7
    1156.918	  7
    1157.054	  7
    1157.192	  7
    1157.342	  7
    1157.470	  7
    1157.602	  7
    1157.736	  7
    1157.882	  7
    1158.036	  7
    1158.206	  7
    1158.366	  7
    1158.556	  7
    1158.668	  7
    1158.844	  7
    1159.182	  7
    1159.452	  7
    1159.892	  7
    1160.058	  7
    1160.238	  7
    1160.398	  7
    1160.568	  7
    1160.724	  7
    1160.890	  7
    1161.156	  7
    1161.514	  7
    1161.932	  7
    1162.096	  7
    1162.348	  7
    1162.628	  7
    1162.838	  7
    1163.860	  7
    1163.996	  7
    1164.134	  7
    1164.278	  7
    1164.422	  7
    1164.550	  7
    1164.686	  7
    1164.814	  7
    1164.972	  7
    1165.110	  7
    1165.250	  7
    1165.406	  7
    1165.560	  7
    1165.702	  7
    1165.830	  7
    1165.976	  7
    1166.124	  7
    1166.280	  7
    1166.432	  7
    1166.610	  7
    1166.758	  7
    1166.910	  7
    1167.054	  7
    1167.204	  7
    1167.364	  7
    1167.522	  7
    1167.680	  7
    1167.836	  7
    1167.988	  7
    1168.174	  7
    1168.500	  7
    1168.666	  7
    1168.838	  7
    1169.026	  7
    1169.710	  7
    1169.998	  7
    1170.624	  7
    1170.754	  7
    1170.902	  7
    1171.164	  7
    1171.312	  7
    1171.458	  7
    1171.598	  7
    1171.742	  7
    1171.908	  7
    1172.068	  7
    1172.198	  7
    1172.334	  7
    1172.478	  7
    1172.642	  7
    1172.810	  7
    1173.122	  7
    1173.386	  7
    1173.676	  7
    1175.560	  7
    1175.970	  7
    1176.326	  7
    1185.614	  7
    1196.472	  7
    1213.346	  7
    1213.524	  7
    1243.358	  8
    1244.720	  8
    1245.506	  8
    1245.810	  8
    1245.874	  8
    1245.942	  8
    1246.238	  8
    1246.702	  8
    1247.364	  8
    1248.124	  8
    1248.524	  8
    1248.662	 53
    1249.104	  8
    1249.104	 20
    1249.104	 27
    1249.114	 28
    1249.114	 19
    1249.214	 29
    1249.242	  8
    1249.384	  9
    1269.234	 51
    1269.244	 10
    1272.488	  8
    1297.876	  7
    1298.488	  7
    1304.610	  8
    1329.244	 53
    1329.254	 20
    1329.254	 27
    1349.274	 51
    1349.284	 10
    1366.380	  8
    1384.968	  8
    1409.284	 53
    1409.294	 20
    1409.294	 27
    1429.314	 52
    1429.324	 17
    1440.128	  7
    1441.722	  7
    1441.960	  7
    1442.100	  7
    1442.282	  7
    1442.472	  7
    1442.776	  7
    1444.922	  7
    1445.140	  7
    1445.386	  7
    1446.126	  7
    1447.170	  7
    1447.298	  7
    1447.882	  7
    1448.178	  7
    1449.108	  7
    1449.226	  7
    1449.604	  7
    1450.566	  7
    1450.816	  7
    1452.452	  7
    1454.208	  7
    1459.524	  7
    1489.708	  7
    1517.124	  7
    1544.746	  8
    1545.242	  8
    1545.586	  8
    1545.650	  8
    1546.542	  8
    1547.696	  8
    1548.158	  8
    1548.892	  8
    1549.184	  8
    1549.324	 53
    1549.616	  8
    1549.616	 20
    1549.616	 27
    1549.626	 28
    1549.626	 19
    1549.726	 29
    1549.874	  8
    1549.896	  9
    1569.746	 51
    1569.756	 10
    1572.156	  8
    1597.886	  7
    1598.248	  7
    1598.410	  7
    1598.592	  7
    1598.778	  7
    1598.934	  7
    1599.116	  7
    1599.304	  7
    1599.500	  7
    1600.290	  7
    1600.650	  7
    1601.408	  7
    1608.484	  8
    1629.756	 53
    1629.766	 20
    1629.766	 27
    1632.930	  7
    1636.950	  7
    1646.516	  7
    1649.786	 52
    1649.796	 17
    1652.756	  7
    1652.898	  7
    1653.012	  7
    1653.114	  7
    1654.176	  7
    1654.398	  7
    1654.544	  7
    1654.708	  7
    1654.896	  7
    1655.092	  7
    1655.286	  7
    1655.458	  7
    1655.652	  7
    1655.874	  7
    1656.086	  7
    1656.304	  7
    1656.492	  7
    1656.686	  7
    1656.880	  7
    1657.076	  7
    1657.272	  7
    1657.440	  7
    1657.648	  7
    1657.820	  7
    1657.998	  7
    1658.166	  7
    1659.312	  7
    1659.510	  7
    1660.698	  7
    1662.032	  7
    1662.380	  7
    1662.558	  7
    1663.096	  7
    1663.482	  7
    1663.652	  7
    1663.834	  7
    1664.028	  7
    1664.216	  7
    1664.408	  7
    1664.590	  7
    1664.766	  7
    1664.950	  7
    1665.128	  7
    1665.312	  7
    1666.112	  7
    1666.952	  7
    1666.992	  7
    1667.656	  7
    1668.040	  7
    1668.108	  7
    1668.246	  7
    1669.972	  7
    1670.226	  7
    1670.324	  7
    1671.382	  7
    1674.204	  7
    1674.996	  7
    1676.814	  7
    1677.196	  7
    1677.578	  7
    1679.230	  7
    1679.414	  7
    1679.490	  7
    1681.796	  7
    1681.884	  7
    1682.168	  7
    1682.508	  7
    1682.668	  7
    1683.356	  7
    1690.782	  7
    1705.538	  7
    1712.230	  7
    1753.848	  7
    1753.962	  7
    1754.100	  7
    1754.280	  7
    1754.462	  7
    1756.486	  8
    1757.240	  8
    1757.712	  8
    1758.120	  8
    1758.246	  8
    1758.978	  8
    1759.192	  8
    1759.392	  8
    1760.334	  8
    1760.710	  8
    1761.026	  8
    1761.392	  8
    1761.696	  8
    1762.074	  8
    1762.786	  8
    1763.184	  8
    1763.386	  8
    1763.728	  8
    1763.882	  8
    1764.300	  8
    1766.540	  8
    1767.824	  8
    1768.294	  8
    1768.806	  8
    1769.164	  8
    1769.716	  8
    1769.796	 53
    1770.160	  8
    1770.160	 20
    1770.160	 27
    1770.170	 28
    1770.170	 19
    1770.270	 29
    1770.440	  9
    1772.050	  8
    1790.290	 50
    1790.300	 18
    1811.352	  8
    1812.186	  8
    1813.384	  8
    1813.596	  8
    1814.104	  8
    1814.182	  8
    1814.780	  8
    1814.840	  8
    1815.376	  8
    1815.496	  8
    1815.854	  8
    1816.172	  8
    1816.902	  8
    1817.530	  8
    1817.894	  8
    1818.364	  8
    1818.424	  8
    1818.726	  8
    1820.300	 53
    1820.806	  8
    1820.806	 20
    1820.806	 27
    1820.816	 28
    1820.816	 19
    1820.916	 29
    1821.086	  9
    1822.588	  8
    1823.008	  8
    1823.240	  8
    1823.380	  8
    1840.936	 52
    1840.946	 17
    1844.762	  8
    1857.288	  7
    1857.590	  7
    1857.694	  7
    1858.162	  7
    1858.852	  7
    1861.468	  7
    1863.130	  7
    1863.710	  7
    1864.082	  7
    1864.294	  7
    1864.926	  7
    1865.836	  7
    1865.992	  7
    1866.150	  7
    1866.412	  7
    1866.534	  7
    1866.894	  7
    1867.124	  7
    1868.042	  7
    1868.184	  7
    1868.364	  7
    1868.506	  7
    1868.656	  7
    1868.820	  7
    1869.000	  7
    1869.158	  7
    1869.308	  7
    1869.462	  7
    1869.622	  7
    1869.776	  7
    1869.928	  7
    1870.074	  7
    1870.218	  7
    1870.352	  7
    1870.494	  7
    1870.654	  7
    1870.826	  7
    1870.984	  7
    1871.130	  7
    1871.288	  7
    1871.456	  7
    1871.598	  7
    1871.730	  7
    1871.868	  7
    1872.008	  7
    1872.146	  7
    1872.288	  7
    1872.460	  7
    1872.594	  7
    1872.762	  7
    1872.936	  7
    1873.124	  7
    1873.278	  7
    1873.422	  7
    1873.600	  7
    1873.756	  7
    1873.938	  7
    1874.060	  7
    1874.212	  7
    1874.350	  7
    1874.488	  7
    1874.630	  7
    1874.760	  7
    1874.898	  7
    1875.056	  7
    1875.194	  7
    1875.352	  7
    1875.564	  7
    1876.254	  7
    1876.922	  7
    1877.078	  7
    1877.258	  7
    1877.396	  7
    1877.760	  7
    1878.774	  7
    1879.118	  7
    1880.392	  7
    1880.530	  7
    1880.886	  7
    1881.198	  7
    1882.208	  7
    1882.372	  7
    1883.296	  7
    1883.430	  7
    1883.582	  7
    1883.738	  7
    1884.054	  7
    1884.202	  7
    1884.348	  7
    1884.488	  7
    1884.632	  7
    1884.752	  7
    1884.902	  7
    1885.048	  7
    1885.188	  7
    1885.320	  7
    1885.466	  7
    1885.632	  7
    1885.800	  7
    1885.942	  7
    1886.088	  7
    1886.214	  7
    1886.356	  7
    1886.488	  7
    1886.628	  7
    1886.764	  7
    1886.914	  7
    1887.054	  7
    1887.184	  7
    1887.332	  7
    1887.492	  7
    1887.660	  7
    1887.862	  7
    1887.980	  7
    1888.110	  7
    1888.254	  7
    1888.392	  7
    1888.540	  7
    1888.696	  7
    1889.108	  7
    1889.514	  7
    1889.724	  7
    1889.952	  7
    1890.858	  7
    1891.000	  7
    1891.168	  7
    1891.746	  7
    1891.894	  7
    1892.102	  7
    1893.402	  7
    1893.550	  7
    1893.702	  7
    1893.842	  7
    1894.014	  7
    1894.164	  7
    1894.312	  7
    1894.470	  7
    1894.632	  7
    1894.774	  7
    1894.910	  7
    1895.056	  7
    1895.186	  7
    1895.314	  7
    1895.452	  7
    1895.594	  7
    1895.736	  7
    1895.902	  7
    1896.044	  7
    1896.202	  7
    1896.340	  7
    1896.844	  7
    1897.390	  7
    1897.604	  7
    1897.754	  7
    1897.876	  7
    1897.984	  7
    1898.486	  7
    1898.664	  7
    1898.806	  7
    1898.972	  7
    1899.122	  7
    1899.308	  7
    1899.462	  7
    1899.596	  7
    1899.730	  7
    1899.858	  7
    1900.004	  7
    1900.126	  7
    1900.266	  7
    1900.404	  7
    1900.560	  7
    1900.698	  7
    1901.474	  7
    1903.010	  7
    1903.562	  7
    1904.092	  7
    1911.758	  7
    1915.470	  7
    1923.698	  7
    1923.808	  7
    1925.474	  7
    1925.502	  7
    1925.666	  7
    1925.890	  7
    1925.962	  7
    1926.166	  7
    1927.514	  7
    1943.610	  7
    1953.204	  7
    1956.146	  8
    1956.436	  8
    1956.770	  8
    1957.394	  8
    1957.906	  8
    1958.996	  8
    1959.358	  8
    1959.478	  8
    1959.970	  8
    1960.610	  8
    1960.728	  8
    1960.946	 53
    1961.036	  8
    1961.036	 20
    1961.036	 27
    1961.046	 28
    1961.046	 19
    1961.146	 29
    1961.316	  9
    1981.166	 51
    1981.176	 10
    2041.176	 53
    2041.186	 20
    2041.186	 27
    2061.206	 52
    2061.216	 17
    2098.930	  7
    2099.338	  7
    2100.302	  7
    2100.612	  7
    2101.018	  7
    2102.224	  7
    2103.026	  7
    2103.134	  7
    2103.302	  7
    2103.462	  7
    2103.892	  7
    2104.036	  7
    2104.594	  7
    2124.756	  7
    2132.772	  7
    2160.696	  7
    2178.176	  7
    2181.216	 53
    2189.886	  8
    2189.886	 20
    2189.886	 27
    2189.896	 28
    2189.896	 19
    2189.996	 29
    2190.050	  8
    2190.166	  9
    2210.016	 52
    2210.026	 17
    2219.044	  7
    2219.168	  7
    2219.524	  7
    2219.774	  7
    2219.902	  7
    2220.122	  7
    2220.262	  7
    2220.516	  7
    2220.654	  7
    2221.290	  7
    2221.686	  7
    2224.368	  7
    2225.576	  7
    2225.634	  7
    2225.958	  7
    2226.326	  7
    2226.570	  7
    2229.844	  7
    2233.054	  7
    2242.828	  7
    2245.722	  7
    2245.908	  7
    2246.100	  7
    2246.180	  7
    2246.574	  7
    2247.196	  7
    2248.310	  7
    2248.406	  7
    2249.294	  7
    2262.902	  7
    2263.042	  7
    2305.540	  8
    2306.296	  8
    2306.708	  8
    2306.986	  8
    2307.502	  8
    2308.036	  8
    2308.834	  8
    2309.456	  8
    2309.890	  8
    2310.490	  8
    2310.864	  8
    2311.346	  8
    2311.870	  8
    2312.152	  8
    2312.678	  8
    2314.944	  8
    2315.404	  8
    2315.608	  8
    2315.946	  8
    2316.270	  8
    2316.532	  8
    2316.992	  8
    2317.220	  8
    2317.306	  8
    2317.768	  8
    2318.216	  8
    2318.754	  8
    2318.866	  8
    2319.220	  8
    2319.836	  8
    2320.060	  8
    2322.380	  8
    2322.644	  8
    2323.480	  8
    2324.060	  8
    2324.222	  8
    2324.348	  8
    2324.790	  8
    2325.408	  8
    2325.758	  8
    2325.926	  8
    2326.538	  8
    2326.802	  8
    2327.278	  8
    2328.070	  8
    2328.378	  8
    2329.216	  8
    2330.026	 53
    2331.798	  8
    2331.798	 20
    2331.798	 27
    2331.808	 28
    2331.808	 19
    2331.908	 29
    2332.078	  9
    2334.820	  8
    2351.928	 50
    2351.938	 18
    2369.680	  8
    2370.120	  8
    2370.266	  8
    2370.526	  8
    2372.670	  8
    2373.062	  8
    2373.376	  8
    2373.886	  8
    2374.420	  8
    2375.012	  8
    2375.930	  8
    2376.472	  8
    2376.960	  8
    2377.174	  8
    2378.994	  8
    2379.610	  8
    2379.746	  8
    2379.868	  8
    2380.446	  8
    2380.786	  8
    2381.408	  8
    2381.450	  8
    2381.926	  8
    2381.938	 53
    2382.044	  8
    2382.044	 20
    2382.044	 27
    2382.054	 28
    2382.054	 19
    2382.154	 29
    2382.324	  9
    2402.174	 52
    2402.184	 17
    2421.830	  8
    2445.970	  7
    2446.156	  7
    2451.412	  7
    2451.720	  7
    2451.956	  7
    2452.212	  7
    2452.336	  7
    2454.398	  7
    2454.582	  7
    2454.768	  7
    2455.262	  7
    2455.398	  7
    2456.386	  7
    2456.576	  7
    2456.718	  7
    2456.904	  7
    2457.046	  7
    2457.206	  7
    2457.374	  7
    2457.538	  7
    2457.706	  7
    2458.218	  7
    2458.358	  7
    2458.838	  7
    2459.334	  7
    2459.502	  7
    2459.654	  7
    2459.798	  7
    2459.950	  7
    2460.096	  7
    2460.250	  7
    2460.408	  7
    2460.578	  7
    2460.734	  7
    2460.880	  7
    2461.024	  7
    2461.172	  7
    2461.334	  7
    2462.178	  7
    2462.314	  7
    2462.464	  7
    2462.608	  7
    2462.742	  7
    2462.892	  7
    2463.034	  7
    2463.182	  7
    2463.324	  7
    2463.474	  7
    2463.636	  7
    2463.784	  7
    2463.930	  7
    2464.072	  7
    2464.254	  7
    2464.412	  7
    2464.570	  7
    2464.756	  7
    2464.848	  7
    2464.970	  7
    2465.418	  7
    2465.970	  7
    2466.204	  7
    2467.150	  7
    2467.334	  7
    2467.756	  7
    2469.532	  7
    2470.410	  7
    2470.700	  7
    2471.072	  7
    2471.346	  7
    2471.954	  7
    2472.154	  7
    2472.336	  7
    2472.494	  7
    2472.654	  7
    2472.816	  7
    2473.454	  7
    2473.814	  7
    2475.168	  7
    2475.318	  7
    2475.854	  7
    2475.966	  7
    2476.678	  7
    2476.870	  7
    2477.012	  7
    2477.166	  7
    2477.304	  7
    2477.442	  7
    2477.584	  7
    2477.738	  7
    2477.880	  7
    2478.004	  7
    2478.162	  7
    2478.306	  7
    2478.452	  7
    2478.600	  7
    2478.752	  7
    2478.928	  7
    2479.092	  7
    2479.242	  7
    2479.442	  7
    2480.076	  7
    2480.316	  7
    2480.420	  7
    2480.992	  7
    2481.186	  7
    2481.338	  7
    2481.696	  7
    2483.598	  7
    2483.892	  7
    2484.214	  7
    2484.636	  7
    2487.906	  7
    2489.168	  7
    2490.600	  7
    2491.546	  7
    2505.826	  8
    2506.236	  8
    2506.592	  8
    2507.140	  8
    2507.710	  8
    2508.006	  8
    2508.274	  8
    2509.176	  8
    2509.334	  8
    2509.958	  8
    2510.752	  8
    2511.036	  8
    2511.798	  8
    2512.232	  8
    2512.374	  8
    2513.046	  8
    2513.378	  8
    2513.880	  8
    2514.568	  8
    2515.058	  8
    2515.570	  8
    2516.214	  8
    2516.562	  8
    2516.972	  8
    2519.406	  8
    2520.342	  8
    2522.004	  8
    2522.184	 53
    2522.252	  8
    2522.252	 20
    2522.252	 27
    2522.262	 28
    2522.262	 19
    2522.362	 29
    2522.434	  8
    2522.532	  9
    2542.382	 50
    2542.392	 18
    2557.798	  8
    2561.494	  8
    2561.760	  8
    2561.860	  8
    2561.962	  8
    2562.266	  8
    2562.854	  8
    2563.536	  8
    2563.740	  8
    2564.384	  8
    2564.888	  8
    2566.848	  8
    2567.102	  8
    2567.482	  8
    2567.986	  8
    2568.094	  8
    2568.390	  8
    2568.916	  8
    2569.210	  8
    2569.648	  8
    2570.068	  8
    2570.440	  8
    2571.056	  8
    2571.232	  8
    2571.444	  8
    2572.372	  8
    2572.392	 53
    2572.624	  8
    2572.624	 20
    2572.624	 27
    2572.634	 28
    2572.634	 19
    2572.734	 29
    2572.904	  9
    2575.074	  8
    2592.754	 52
    2592.764	 17
    2619.388	  7
    2619.524	  7
    2619.668	  7
    2619.894	  7
    2619.976	  7
    2620.176	  7
    2620.532	  7
    2626.988	  7
    2632.184	  8
    2632.582	  8
    2650.286	  8
    2655.818	  8
    2656.348	  8
    2660.286	  8
    2660.352	  8
    2660.930	  8
    2685.874	  7
    2686.014	  7
    2686.152	  7
    2686.330	  7
    2686.528	  7
    2686.710	  7
    2686.896	  7
    2687.098	  7
    2687.484	  7
    2688.864	  7
    2689.100	  7
    2689.922	  7
    2690.126	  7
    2691.704	  8
    2691.914	  8
    2692.232	  8
    2692.848	  8
    2693.208	  8
    2693.406	  8
    2693.778	  8
    2694.724	  8
    2695.018	  8
    2695.594	  8
    2696.062	  8
    2696.342	  8
    2696.660	  8
    2696.996	  8
    2697.068	  8
    2697.672	  8
    2698.008	  8
    2698.552	  8
    2698.988	  8
    2699.376	  8
    2699.848	  8
    2700.276	  8
    2701.522	  8
    2701.820	  8
    2702.164	  8
    2702.276	  8
    2702.704	  8
    2705.314	  8
    2705.644	  8
    2705.754	  8
    2706.290	  8
    2706.710	  8
    2707.044	  8
    2707.484	  8
    2707.826	  8
    2708.010	  8
    2708.568	  8
    2708.688	  8
    2709.170	  8
    2709.442	  8
    2710.076	  8
    2710.368	  8
    2710.452	  8
    2712.764	 53
    2712.942	  8
    2712.942	 20
    2712.942	 27
    2712.952	 28
    2712.952	 19
    2713.052	 29
    2713.158	  8
    2713.222	  9
    2715.202	  8
    2715.380	  8
    2715.512	  8
    2733.072	 52
    2733.082	 17
    2751.362	  7
    2751.500	  7
    2754.230	  7
    2755.320	  7
    2773.008	  7
    2779.236	  7
    2790.842	  7
    2806.916	  7
    2807.032	  7
    2837.574	  7
    2839.296	  7
    2839.472	  7
    2841.014	  7
    2845.810	  7
    2849.854	  7
    2853.082	 53
    2869.276	  8
    2869.276	 20
    2869.276	 27
    2869.286	 28
    2869.286	 19
    2869.386	 29
    2869.556	  9
    2889.406	 52
    2889.416	 17
    2901.534	  7
    2907.018	  8
    2908.374	  8
    2922.532	  7
    2923.066	  7
    2925.278	  7
    2925.668	  7
    2930.672	  8
    2931.118	  8
    2931.832	  8
    2932.960	  8
    2933.890	  8
    2934.512	  8
    2938.304	  8
    2939.216	  8
    2939.848	  8
    2940.566	  8
    2941.236	  8
    2942.560	  8
    2949.556	  8
    2949.622	  8
    2951.436	  8
    2951.992	  8
    2952.536	  8
    2953.180	  8
    2954.560	  8
    2955.536	  8
    2955.806	  8
    2956.320	  8
    2957.348	  8
    2957.728	  8
    2958.544	  8
    2958.768	  8
    2959.390	  8
    2959.962	  8
    2960.652	  8
    2960.788	  8
    2962.578	  8
    2962.770	  8
    2963.260	  8
    2963.792	  8
    2964.252	  8
    2964.458	  8
    2964.916	  8
    2965.528	  8
    2966.690	  8
    2966.816	  8
    2967.188	  8
    2967.442	  8
    2967.606	  8
    2970.504	  8
    2970.966	  8
    2971.598	  8
    2972.902	  8
    2973.864	  8
    2974.124	  8
    2974.698	  8
    2975.234	  8
    2975.674	  8
    2976.006	  8
    2976.678	  8
    2976.984	  8
    2977.600	  8
    2978.800	  8
    2980.750	  8
    2981.532	  8
    2981.872	  8
    2982.684	  8
    2983.164	  8
    2983.448	  8
    2983.692	  8
    2984.186	  8
    2984.610	  8
    2984.994	  8
    2985.564	  8
    2986.092	  8
    2986.902	  8
    2987.188	  8
    2989.754	  8
    2990.072	  8
    2990.490	  8
    2990.976	  8
    2991.202	  8
    2991.968	  8
    2992.266	  8
    2992.452	  8
    2993.130	  8
    2993.448	  8
    2993.758	  8
    2994.284	  8
    2994.498	  8
    2994.832	  8
    2995.392	  8
    2996.162	  8
    2997.574	  8
    2997.642	  8
    2998.066	  8
    2999.066	  8
    3000.728	  8
    3001.460	  8
    3002.530	  8
    3002.838	  8
    3002.930	  8
    3003.304	  8
    3004.038	  8
    3006.646	  8
    3007.214	  8
    3007.382	  8
    3007.596	  8
    3008.090	  8
    3008.634	  8
    3009.416	 53
    3012.868	  8
    3012.868	 20
    3012.868	 27
    3012.878	 28
    3012.878	 19
    3012.978	 29
    3013.052	  8
    3013.148	  9
    3015.022	  8
    3032.998	 50
    3033.008	 18
    3054.050	  8
    3057.174	  8
    3057.654	  8
    3058.014	  8
    3058.432	  8
    3059.034	  8
    3059.356	  8
    3059.398	  8
    3059.784	  8
    3060.120	  8
    3060.404	  8
    3062.888	  8
    3063.008	 53
    3063.066	  8
    3063.066	 20
    3063.066	 27
    3063.076	 28
    3063.076	 19
    3063.176	 29
    3063.346	  9
    3064.906	  8
    3065.446	  8
    3083.196	 50
    3083.206	 18
    3112.232	  8
    3112.584	  8
    3112.904	  8
    3112.968	  8
    3113.196	  8
    3113.206	 53
    3114.224	  8
    3114.224	 20
    3114.224	 27
    3114.234	 28
    3114.234	 19
    3114.334	 29
    3114.504	  9
    3134.354	 52
    3134.364	 17
    3161.076	  7
    3166.348	  7
    3166.420	  7
    3166.644	  7
    3166.804	  7
    3166.980	  7
    3167.078	  7
    3167.264	  7
    3168.150	  7
    3168.800	  7
    3168.966	  7
    3170.060	  7
    3170.222	  7
    3170.614	  7
    3170.994	  7
    3171.150	  7
    3171.316	  7
    3171.484	  7
    3171.642	  7
    3171.846	  7
    3172.006	  7
    3172.158	  7
    3172.326	  7
    3172.474	  7
    3172.624	  7
    3172.776	  7
    3172.926	  7
    3173.078	  7
    3173.222	  7
    3173.358	  7
    3173.496	  7
    3173.650	  7
    3173.804	  7
    3173.954	  7
    3174.108	  7
    3174.262	  7
    3174.430	  7
    3174.562	  7
    3174.718	  7
    3174.874	  7
    3175.042	  7
    3175.204	  7
    3175.362	  7
    3175.516	  7
    3175.674	  7
    3175.836	  7
    3175.988	  7
    3176.144	  7
    3176.282	  7
    3176.486	  7
    3176.640	  7
    3176.808	  7
    3176.970	  7
    3177.346	  7
    3177.476	  7
    3177.686	  7
    3178.854	  7
    3178.996	  7
    3179.150	  7
    3179.302	  7
    3179.450	  7
    3179.584	  7
    3179.732	  7
    3179.868	  7
    3180.012	  7
    3180.180	  7
    3180.322	  7
    3180.486	  7
    3180.638	  7
    3180.790	  7
    3180.942	  7
    3181.070	  7
    3181.218	  7
    3181.350	  7
    3181.484	  7
    3181.624	  7
    3181.762	  7
    3181.914	  7
    3182.068	  7
    3182.228	  7
    3182.402	  7
    3182.544	  7
    3182.702	  7
    3182.860	  7
    3183.024	  7
    3183.170	  7
    3183.334	  7
    3183.488	  7
    3183.652	  7
    3183.802	  7
    3183.952	  7
    3184.118	  7
    3184.296	  7
    3184.466	  7
    3184.652	  7
    3184.802	  7
    3184.966	  7
    3185.128	  7
    3185.296	  7
    3185.436	  7
    3185.594	  7
    3185.754	  7
    3185.928	  7
    3186.068	  7
    3186.238	  7
    3186.392	  7
    3187.060	  7
    3187.362	  7
    3187.546	  7
    3189.060	  7
    3189.184	  7
    3189.344	  7
    3189.496	  7
    3189.648	  7
    3190.434	  7
    3191.192	  7
    3191.442	  7
    3192.154	  7
    3192.746	  7
    3194.024	  7
    3194.182	  7
    3194.346	  7
    3194.518	  7
    3194.690	  7
    3194.942	  7
    3196.188	  7
    3196.624	  7
    3196.778	  7
    3196.886	  7
    3197.040	  7
    3197.476	  7
    3197.620	  7
    3197.688	  7
    3198.480	  7
    3198.652	  7
    3198.796	  7
    3198.950	  7
    3199.092	  7
    3199.246	  7
    3199.388	  7
    3199.606	  7
    3199.770	  7
    3199.920	  7
    3200.080	  7
    3200.230	  7
    3200.390	  7
    3200.540	  7
    3200.692	  7
    3200.848	  7
    3201.004	  7
    3201.172	  7
    3201.488	  7
    3201.642	  7
    3201.792	  7
    3201.964	  7
    3202.108	  7
    3202.246	  7
    3202.394	  7
    3202.558	  7
    3202.702	  7
    3202.864	  7
    3203.030	  7
    3203.172	  7
    3203.464	  7
    3203.606	  7
    3203.788	  7
    3203.952	  7
    3204.152	  7
    3204.304	  7
    3204.874	  7
    3205.142	  7
    3205.218	  7
    3205.618	  7
    3206.562	  7
    3206.690	  7
    3206.826	  7
    3206.962	  7
    3207.086	  7
    3207.214	  7
    3207.500	  7
    3207.642	  7
    3207.812	  7
    3207.970	  7
    3208.108	  7
    3208.248	  7
    3208.370	  7
    3208.504	  7
    3208.638	  7
    3208.790	  7
    3208.960	  7
    3209.094	  7
    3209.228	  7
    3209.360	  7
    3209.502	  7
    3209.638	  7
    3209.776	  7
    3209.944	  7
    3210.118	  7
    3210.284	  7
    3211.290	  7
    3212.528	  7
    3213.262	  7
    3213.380	  7
    3213.530	  7
    3213.676	  7
    3213.832	  7
    3214.138	  7
    3214.582	  7
    3214.676	  7
    3214.750	  7
    3215.566	  7
    3215.702	  7
    3215.864	  7
    3216.008	  7
    3216.168	  7
    3216.324	  7
    3216.466	  7
    3216.606	  7
    3216.742	  7
    3216.868	  7
    3217.004	  7
    3217.158	  7
    3217.340	  7
    3217.466	  7
    3217.630	  7
    3217.930	  7
    3220.426	  7
    3221.026	  7
    3221.434	  7
    3222.068	  7
    3222.168	  7
    3222.320	  7
    3222.664	  7
    3235.432	  8
    3235.592	  8
    3235.882	  8
    3236.038	  8
    3236.488	  8
    3237.170	  8
    3237.868	  8
    3238.552	  8
    3239.152	  8
    3239.902	  8
    3240.150	  8
    3240.830	  8
    3241.104	  8
    3241.918	  8
    3242.016	  8
    3242.422	  8
    3242.998	  8
    3245.298	  8
    3245.988	  8
    3246.154	  8
    3246.412	  8
    3246.824	  8
    3247.390	  8
    3247.622	  8
    3247.956	  8
    3248.682	  8
    3249.034	  8
    3249.190	  8
    3249.700	  8
    3250.306	  8
    3250.844	  8
    3251.128	  8
    3253.348	  8
    3253.720	  8
    3254.248	  8
    3254.364	 53
    3254.706	  8
    3254.706	 20
    3254.706	 27
    3254.716	 28
    3254.716	 19
    3254.816	 29
    3254.926	  8
    3254.986	  9
    3256.444	  8
    3256.874	  8
    3274.836	 50
    3274.846	 18
    3303.570	  8
    3303.922	  8
    3304.382	  8
    3304.786	  8
    3304.846	 53
    3305.110	  8
    3305.110	 20
    3305.110	 27
    3305.120	 28
    3305.120	 19
    3305.166	  8
    3305.220	 29
    3305.292	  8
    3305.390	  9
    3325.240	 51
    3325.250	 10
    3327.678	  7
    3385.250	 53
    3385.260	 20
    3385.260	 27
    3405.280	 51
    3405.290	 10
    3433.246	  8
    3434.278	  8
    3465.132	  8
    3465.290	 53
    3465.300	 20
    3465.300	 27
    3485.320	 52
    3485.330	 17
    3487.306	  8
    3498.712	  7
    3499.162	  7
    3499.490	  7
    3500.136	  7
    3501.050	  7
    3502.828	  7
    3503.368	  7
    3503.488	  7
    3503.720	  7
    3504.870	  7
    3505.088	  7
    3505.148	  7
    3505.326	  7
    3505.532	  7
    3507.536	  7
    3507.690	  7
    3507.846	  7
    3508.720	  7
    3509.960	  7
    3510.136	  7
    3510.280	  7
    3510.426	  7
    3510.568	  7
    3510.712	  7
    3510.862	  7
    3511.012	  7
    3511.172	  7
    3511.326	  7
    3511.474	  7
    3511.642	  7
    3511.802	  7
    3511.970	  7
    3512.130	  7
    3512.304	  7
    3512.478	  7
    3512.656	  7
    3512.814	  7
    3512.962	  7
    3513.110	  7
    3514.454	  7
    3514.592	  7
    3514.734	  7
    3514.874	  7
    3515.030	  7
    3515.178	  7
    3515.330	  7
    3515.472	  7
    3515.612	  7
    3515.750	  7
    3515.886	  7
    3516.032	  7
    3516.172	  7
    3516.322	  7
    3516.464	  7
    3516.602	  7
    3516.756	  7
    3516.924	  7
    3517.082	  7
    3517.258	  7
    3517.386	  7
    3517.522	  7
    3517.662	  7
    3517.798	  7
    3517.942	  7
    3518.080	  7
    3518.226	  7
    3518.372	  7
    3518.520	  7
    3518.652	  7
    3518.788	  7
    3518.954	  7
    3519.088	  7
    3519.228	  7
    3519.372	  7
    3519.512	  7
    3519.652	  7
    3519.804	  7
    3519.966	  7
    3520.120	  7
    3520.276	  7
    3520.424	  7
    3520.564	  7
    3520.730	  7
    3520.864	  7
    3521.018	  7
    3522.216	  7
    3522.446	  7
    3522.662	  7
    3522.972	  7
    3523.136	  7
    3524.528	  7
    3524.688	  7
    3524.872	  7
    3525.028	  7
    3525.172	  7
    3525.820	  7
    3526.274	  7
    3526.454	  7
    3526.708	  7
    3527.722	  7
    3527.864	  7
    3527.990	  7
    3528.162	  7
    3528.534	  7
    3528.906	  7
    3530.992	  7
    3532.494	  7
    3534.830	  7
    3534.978	  7
    3535.186	  7
    3535.476	  7
    3535.594	  7
    3536.172	  7
    3536.406	  7
    3536.738	  7
    3539.672	  7
    3540.032	  7
    3540.632	  7
    3572.382	  7
    3605.330	 53
    3608.944	  8
    3608.944	 20
    3608.944	 27
    3608.954	 28
    3608.954	 19
    3609.054	 29
    3609.224	  9
    3629.074	 52
    3629.084	 17
    3646.600	  8
    3671.354	  8
    3676.158	  8
    3676.738	  8
    3685.080	  8
    3686.616	  8
    3690.862	  8
    3692.468	  8
    3692.538	  8
    3692.662	  8
    3694.178	  8
    3694.454	  8
    3696.208	  8
    3697.400	  8
    3698.018	  8
    3699.386	  8
    3701.680	  8
    3702.224	  8
    3703.900	  8
    3704.772	  8
    3706.038	  8
    3707.036	  8
    3709.432	  8
    3709.968	  8
    3710.914	  8
    3711.110	  8
    3711.590	  8
    3711.978	  8
    3712.054	  8
    3712.638	  8
    3712.704	  8
    3715.440	  8
    3715.644	  8
    3715.890	  8
    3716.040	  8
    3716.392	  8
    3716.830	  8
    3717.230	  8
    3717.716	  8
    3718.122	  8
    3719.016	  8
    3719.488	  8
    3720.658	  8
    3720.754	  8
    3721.064	  8
    3721.908	  8
    3722.242	  8
    3722.574	  8
    3723.346	  8
    3724.154	  8
    3724.530	  8
    3725.424	  8
    3725.992	  8
    3726.322	  8
    3727.088	  8
    3727.462	  8
    3727.836	  8
    3729.782	  8
    3729.980	  8
    3730.396	  8
    3730.914	  8
    3731.120	  8
    3731.678	  8
    3732.386	  8
    3732.688	  8
    3733.072	  8
    3733.172	  8
    3733.768	  8
    3734.064	  8
    3734.294	  8
    3735.076	  8
    3735.446	  8
    3736.614	  8
    3739.082	  8
    3739.338	  8
    3739.802	  8
    3740.046	  8
    3740.212	  8
    3740.556	  8
    3741.610	  8
    3742.266	  8
    3742.600	  8
    3743.092	  8
    3744.952	  8
    3745.236	  8
    3745.750	  8
    3746.198	  8
    3748.684	  8
    3749.084	 53
    3749.442	  8
    3749.442	 20
    3749.442	 27
    3749.452	 28
    3749.452	 19
    3749.552	 29
    3749.572	  8
    3749.722	  9
    3753.264	  8
    3769.572	 51
    3769.582	 10
    3829.582	 53
    3829.592	 20
    3829.592	 27
    3849.612	 51
    3849.622	 10
    3909.622	 53
    3909.632	 20
    3909.632	 27
    3929.652	 52
    3929.662	 17
    3967.780	  8
    3969.452	  8
    3970.890	  8
    3971.842	  8
    3975.936	  8
    3983.726	  8
    3983.910	  8
    3984.122	  8
    3984.690	  8
    3985.748	  8
    3986.050	  8
    3986.204	  8
    3987.532	  8
    3988.116	  8
    3989.712	  8
    3990.536	  8
    3992.320	  8
    3993.772	  8
    3995.702	  8
    3996.506	  8
    3998.796	  8
    3999.056	  8
    4000.102	  8
    4000.228	  8
    4001.688	  8
    4001.860	  8
    4002.144	  8
    4004.058	  8
    4004.688	  8
    4005.602	  8
    4006.344	  8
    4006.650	  8
    4007.318	  8
    4010.320	  8
    4010.452	  8
    4011.166	  8
    4012.120	  8
    4012.182	  8
    4012.816	  8
    4013.534	  8
    4014.404	  8
    4014.962	  8
    4015.734	  8
    4016.334	  8
    4017.746	  8
    4018.404	  8
    4019.936	  8
    4020.758	  8
    4021.464	  8
    4021.932	  8
    4022.868	  8
    4025.000	  8
    4025.174	  8
    4026.310	  8
    4026.538	  8
    4027.010	  8
    4027.336	  8
    4028.404	  8
    4028.908	  8
    4029.680	  8
    4029.824	  8
    4032.072	  8
    4032.818	  8
    4032.992	  8
    4033.576	  8
    4034.248	  8
    4034.310	  8
    4034.998	  8
    4035.352	  8
    4035.842	  8
    4038.384	  8
    4038.626	  8
    4039.514	  8
    4040.132	  8
    4041.454	  8
    4041.862	  8
    4042.354	  8
    4042.532	  8
    4043.018	  8
    4043.298	  8
    4043.722	  8
    4045.288	  8
    4045.596	  8
    4045.872	  8
    4047.860	  8
    4048.102	  8
    4048.572	  8
    4048.738	  8
    4049.662	 53
    4049.702	  8
    4049.702	 20
    4049.702	 27
    4049.712	 28
    4049.712	 19
    4049.812	 29
    4049.934	  8
    4049.982	  9
    4052.400	  8
    4069.832	 50
    4069.842	 18
    4089.576	  8
    4090.134	  8
    4092.004	  8
    4092.276	  8
    4092.352	  8
    4093.092	  8
    4093.860	  8
    4094.014	  8
    4094.330	  8
    4094.728	  8
    4095.126	  8
    4095.536	  8
    4095.936	  8
    4096.282	  8
    4097.586	  8
    4097.882	  8
    4098.366	  8
    4098.722	  8
    4098.978	  8
    4099.312	  8
    4099.676	  8
    4099.842	 53
    4100.454	  8
    4100.454	 20
    4100.454	 27
    4100.464	 28
    4100.464	 19
    4100.564	 29
    4100.596	  8
    4100.734	  9
    4103.428	  8
    4103.626	  8
    4120.584	 51
    4120.594	 10
    4180.594	 53
    4180.604	 20
    4180.604	 27
    4200.624	 50
    4200.634	 18
    4209.178	  8
    4209.734	  8
    4210.138	  8
    4210.514	  8
    4211.140	  8
    4211.818	  8
    4212.038	  8
    4212.790	  8
    4214.196	  8
    4214.982	  8
    4215.242	  8
    4215.494	  8
    4216.070	  8
    4216.412	  8
    4216.524	  8
    4216.862	  8
    4217.218	  8
    4218.338	  8
    4218.812	  8
    4220.334	  8
    4220.740	  8
    4221.062	  8
    4221.334	  8
    4221.486	  8
    4222.024	  8
    4222.406	  8
    4222.598	  8
    4223.166	  8
    4223.376	  8
    4223.946	  8
    4224.256	  8
    4224.412	  8
    4225.428	  8
    4226.146	  8
    4227.994	  8
    4228.246	  8
    4228.528	  8
    4229.076	  8
    4229.160	  8
    4229.422	  8
    4229.604	  8
    4229.866	  8
    4230.178	  8
    4230.478	  8
    4230.634	 53
    4231.218	  8
    4231.218	 20
    4231.218	 27
    4231.228	 28
    4231.228	 19
    4231.328	 29
    4231.378	  8
    4231.498	  9
    4234.380	  8
    4234.998	  8
    4235.212	  8
    4235.794	  8
    4235.892	  8
    4237.778	  8
    4251.348	 51
    4251.358	 10
    4311.358	 53
    4311.368	 20
    4311.368	 27
    4331.388	 50
    4331.398	 18
    4342.628	  8
    4343.362	  8
    4343.926	  8
    4344.338	  8
    4344.960	  8
    4346.006	  8
    4346.878	  8
    4347.192	  8
    4347.302	  8
    4347.838	  8
    4348.168	  8
    4348.850	  8
    4349.332	  8
    4349.620	  8
    4350.298	  8
    4350.456	  8
    4350.730	  8
    4350.988	  8
    4352.920	  8
    4353.362	  8
    4354.200	  8
    4354.834	  8
    4354.918	  8
    4355.434	  8
    4356.054	  8
    4356.242	  8
    4356.560	  8
    4356.722	  8
    4357.142	  8
    4357.446	  8
    4358.088	  8
    4358.710	  8
    4360.292	  8
    4360.568	  8
    4361.040	  8
    4361.366	  8
    4361.398	 53
    4361.588	  8
    4361.588	 20
    4361.588	 27
    4361.598	 28
    4361.598	 19
    4361.630	  8
    4361.698	 29
    4361.742	  8
    4361.868	  9
    4364.186	  8
    4364.516	  8
    4365.336	  8
    4365.398	  8
    4381.718	 52
    4381.728	 17
    4399.506	  7
    4399.722	  7
    4399.854	  7
    4400.058	  7
    4400.280	  7
    4400.512	  7
    4400.726	  7
    4400.948	  7
    4401.170	  7
    4401.396	  7
    4401.792	  7
    4408.802	  7
    4408.940	  7
    4409.096	  7
    4409.266	  7
    4409.472	  7
    4409.718	  7
    4409.850	  7
    4410.258	  7
    4410.884	  7
    4411.036	  7
    4411.878	  7
    4412.064	  7
    4412.268	  7
    4412.516	  7
    4412.954	  7
    4413.904	  7
    4414.030	  7
    4414.178	  7
    4414.332	  7
    4414.490	  7
    4414.804	  7
    4414.964	  7
    4415.132	  7
    4415.294	  7
    4415.456	  7
    4415.616	  7
    4415.772	  7
    4415.934	  7
    4416.086	  7
    4416.244	  7
    4416.390	  7
    4416.544	  7
    4416.696	  7
    4416.842	  7
    4416.996	  7
    4417.158	  7
    4417.310	  7
    4417.464	  7
    4417.608	  7
    4417.768	  7
    4417.926	  7
    4418.082	  7
    4418.234	  7
    4418.386	  7
    4418.538	  7
    4418.682	  7
    4418.834	  7
    4418.972	  7
    4419.120	  7
    4419.260	  7
    4419.412	  7
    4419.560	  7
    4419.720	  7
    4419.880	  7
    4420.042	  7
    4420.194	  7
    4420.364	  7
    4420.516	  7
    4420.676	  7
    4420.830	  7
    4420.986	  7
    4421.108	  7
    4421.266	  7
    4421.418	  7
    4421.570	  7
    4421.726	  7
    4421.884	  7
    4422.030	  7
    4422.184	  7
    4422.332	  7
    4422.496	  7
    4422.652	  7
    4422.848	  7
    4422.996	  7
    4423.190	  7
    4423.336	  7
    4423.488	  7
    4423.648	  7
    4423.806	  7
    4423.946	  7
    4424.098	  7
    4424.250	  7
    4425.240	  7
    4425.370	  7
    4425.568	  7
    4425.750	  7
    4428.890	  7
    4429.048	  7
    4429.308	  7
    4429.606	  7
    4429.802	  7
    4430.710	  7
    4430.976	  7
    4431.114	  7
    4431.288	  7
    4431.460	  7
    4431.854	  7
    4431.988	  7
    4432.124	  7
    4432.254	  7
    4432.400	  7
    4432.542	  7
    4432.702	  7
    4432.884	  7
    4433.022	  7
    4433.184	  7
    4433.334	  7
    4433.494	  7
    4433.648	  7
    4433.798	  7
    4433.942	  7
    4434.084	  7
    4434.238	  7
    4434.392	  7
    4434.542	  7
    4434.696	  7
    4434.846	  7
    4434.990	  7
    4435.142	  7
    4435.306	  7
    4435.450	  7
    4435.598	  7
    4435.784	  7
    4435.918	  7
    4436.064	  7
    4436.220	  7
    4436.388	  7
    4436.564	  7
    4436.722	  7
    4436.886	  7
    4437.056	  7
    4437.202	  7
    4437.354	  7
    4437.526	  7
    4437.678	  7
    4437.872	  7
    4438.016	  7
    4438.168	  7
    4438.320	  7
    4438.476	  7
    4438.642	  7
    4438.810	  7
    4438.984	  7
    4439.160	  7
    4440.626	  7
    4440.804	  7
    4441.208	  7
    4441.860	  7
    4441.988	  7
    4442.120	  7
    4442.266	  7
    4442.400	  7
    4442.524	  7
    4442.664	  7
    4442.788	  7
    4442.914	  7
    4443.042	  7
    4443.188	  7
    4443.340	  7
    4443.486	  7
    4443.622	  7
    4443.764	  7
    4443.946	  7
    4444.108	  7
    4444.262	  7
    4444.398	  7
    4444.542	  7
    4444.704	  7
    4444.864	  7
    4445.008	  7
    4445.140	  7
    4445.290	  7
    4445.436	  7
    4445.572	  7
    4445.710	  7
    4445.846	  7
    4445.974	  7
    4446.124	  7
    4446.334	  7
    4446.466	  7
    4446.624	  7
    4446.804	  7
    4446.958	  7
    4447.112	  7
    4447.266	  7
    4447.446	  7
    4447.596	  7
    4447.738	  7
    4447.866	  7
    4447.998	  7
    4448.158	  7
    4448.336	  7
    4448.510	  7
    4448.656	  7
    4448.814	  7
    4448.938	  7
    4449.078	  7
    4449.220	  7
    4449.382	  7
    4449.524	  7
    4449.660	  7
    4449.814	  7
    4449.952	  7
    4450.100	  7
    4450.258	  7
    4450.432	  7
    4450.600	  7
    4450.778	  7
    4450.916	  7
    4451.060	  7
    4451.228	  7
    4451.378	  7
    4451.524	  7
    4451.670	  7
    4451.836	  7
    4451.978	  7
    4452.128	  7
    4452.280	  7
    4452.432	  7
    4452.572	  7
    4452.706	  7
    4452.870	  7
    4453.002	  7
    4453.142	  7
    4453.276	  7
    4453.424	  7
    4453.574	  7
    4453.728	  7
    4454.286	  7
    4454.400	  7
    4454.644	  7
    4454.846	  7
    4454.946	  7
    4456.000	  7
    4456.148	  7
    4456.324	  7
    4456.450	  7
    4456.602	  7
    4456.758	  7
    4456.898	  7
    4457.040	  7
    4457.202	  7
    4457.334	  7
    4457.472	  7
    4457.628	  7
    4457.778	  7
    4457.924	  7
    4458.064	  7
    4458.202	  7
    4458.372	  7
    4458.536	  7
    4458.722	  7
    4458.898	  7
    4459.074	  7
    4459.218	  7
    4459.380	  7
    4459.498	  7
    4459.652	  7
    4459.782	  7
    4459.914	  7
    4460.052	  7
    4460.194	  7
    4460.350	  7
    4460.554	  7
    4460.708	  7
    4461.832	  7
    4462.000	  7
    4462.224	  7
    4462.446	  7
    4463.300	  7
    4463.434	  7
    4463.594	  7
    4463.732	  7
    4463.868	  7
    4464.012	  7
    4464.158	  7
    4464.306	  7
    4464.450	  7
    4464.582	  7
    4464.712	  7
    4464.848	  7
    4465.000	  7
    4465.138	  7
    4465.294	  7
    4465.422	  7
    4465.568	  7
    4465.704	  7
    4465.846	  7
    4465.992	  7
    4466.154	  7
    4466.314	  7
    4466.464	  7
    4466.638	  7
    4466.780	  7
    4466.936	  7
    4467.090	  7
    4467.250	  7
    4467.414	  7
    4467.578	  7
    4467.740	  7
    4467.912	  7
    4468.074	  7
    4468.260	  7
    4468.418	  7
    4469.252	  7
    4469.436	  7
    4469.566	  7
    4469.716	  7
    4469.912	  7
    4470.124	  7
    4470.402	  7
    4470.596	  7
    4470.968	  7
    4471.104	  7
    4471.246	  7
    4471.406	  7
    4471.578	  7
    4471.722	  7
    4471.860	  7
    4471.994	  7
    4472.136	  7
    4472.292	  7
    4472.440	  7
    4472.576	  7
    4472.726	  7
    4472.858	  7
    4473.010	  7
    4473.178	  7
    4473.344	  7
    4473.512	  7
    4473.668	  7
    4473.820	  7
    4473.976	  7
    4474.120	  7
    4474.264	  7
    4474.422	  7
    4474.548	  7
    4474.696	  7
    4474.840	  7
    4474.984	  7
    4475.148	  7
    4475.762	  7
    4475.986	  7
    4477.084	  7
    4477.766	  7
    4477.890	  7
    4478.394	  7
    4478.568	  7
    4479.330	  7
    4496.844	  8
    4497.936	  8
    4498.234	  8
    4498.782	  8
    4499.254	  8
    4499.620	  8
    4500.368	  8
    4500.794	  8
    4501.100	  8
    4501.728	 53
    4502.238	  8
    4502.238	 20
    4502.238	 27
    4502.248	 28
    4502.248	 19
    4502.348	 29
    4502.436	  8
    4502.518	  9
    4503.738	  8
    4504.726	  8
    4504.824	  8
    4522.368	 51
    4522.378	 10
    4582.378	 53
    4582.388	 20
    4582.388	 27
    4602.408	 52
    4602.418	 17
    4631.124	  8
    4642.352	  7
    4642.504	  7
    4642.674	  7
    4642.824	  7
    4643.010	  7
    4643.186	  7
    4643.440	  7
    4643.806	  7
    4644.016	  7
    4644.156	  7
    4644.358	  7
    4648.766	  7
    4649.504	  7
    4649.696	  7
    4651.588	  7
    4651.826	  7
    4652.024	  7
    4652.236	  7
    4652.488	  7
    4652.686	  7
    4653.264	  7
    4653.378	  7
    4653.536	  7
    4653.694	  7
    4653.842	  7
    4654.008	  7
    4654.130	  7
    4654.288	  7
    4654.440	  7
    4654.594	  7
    4654.740	  7
    4654.880	  7
    4655.024	  7
    4655.178	  7
    4655.338	  7
    4655.464	  7
    4655.610	  7
    4655.758	  7
    4655.918	  7
    4656.090	  7
    4656.244	  7
    4656.408	  7
    4656.564	  7
    4656.710	  7
    4656.846	  7
    4656.984	  7
    4657.126	  7
    4657.284	  7
    4657.426	  7
    4657.578	  7
    4657.742	  7
    4657.898	  7
    4658.046	  7
    4658.214	  7
    4658.350	  7
    4658.488	  7
    4658.634	  7
    4658.784	  7
    4658.922	  7
    4659.066	  7
    4659.220	  7
    4659.366	  7
    4659.536	  7
    4659.670	  7
    4659.824	  7
    4659.974	  7
    4660.126	  7
    4660.316	  7
    4661.654	  7
    4661.928	  7
    4662.130	  7
    4662.570	  7
    4663.400	  7
    4663.546	  7
    4663.696	  7
    4663.856	  7
    4664.012	  7
    4664.130	  7
    4664.252	  7
    4664.400	  7
    4664.560	  7
    4664.698	  7
    4664.840	  7
    4664.970	  7
    4665.100	  7
    4665.238	  7
    4665.406	  7
    4665.552	  7
    4665.696	  7
    4665.834	  7
    4665.984	  7
    4666.112	  7
    4666.248	  7
    4666.400	  7
    4666.560	  7
    4666.718	  7
    4666.870	  7
    4667.024	  7
    4667.166	  7
    4667.308	  7
    4667.450	  7
    4667.584	  7
    4667.726	  7
    4667.900	  7
    4668.068	  7
    4668.256	  7
    4668.376	  7
    4668.518	  7
    4668.690	  7
    4668.968	  7
    4669.048	  7
    4669.196	  7
    4670.552	  7
    4670.688	  7
    4670.818	  7
    4670.964	  7
    4671.108	  7
    4671.244	  7
    4671.374	  7
    4671.504	  7
    4671.632	  7
    4671.776	  7
    4671.912	  7
    4672.042	  7
    4672.168	  7
    4672.298	  7
    4672.430	  7
    4672.590	  7
    4672.726	  7
    4672.872	  7
    4673.022	  7
    4673.164	  7
    4673.310	  7
    4673.450	  7
    4673.602	  7
    4673.762	  7
    4673.906	  7
    4674.064	  7
    4674.200	  7
    4674.340	  7
    4674.480	  7
    4674.636	  7
    4674.758	  7
    4674.886	  7
    4675.036	  7
    4675.178	  7
    4675.326	  7
    4675.466	  7
    4675.616	  7
    4675.744	  7
    4675.894	  7
    4676.040	  7
    4676.218	  7
    4676.350	  7
    4676.494	  7
    4676.634	  7
    4676.798	  7
    4677.614	  7
    4677.830	  7
    4678.420	  7
    4678.826	  7
    4679.216	  7
    4679.594	  7
    4680.062	  7
    4680.742	  7
    4680.934	  7
    4682.070	  7
    4682.260	  7
    4682.410	  7
    4682.582	  7
    4682.740	  7
    4682.878	  7
    4683.010	  7
    4683.152	  7
    4683.292	  7
    4683.432	  7
    4683.584	  7
    4683.728	  7
    4683.874	  7
    4684.018	  7
    4684.154	  7
    4684.300	  7
    4684.458	  7
    4684.602	  7
    4684.738	  7
    4684.900	  7
    4685.072	  7
    4685.208	  7
    4685.356	  7
    4685.540	  7
    4685.816	  7
    4685.916	  7
    4686.672	  7
    4686.834	  7
    4686.982	  7
    4687.144	  7
    4687.276	  7
    4687.404	  7
    4687.532	  7
    4687.674	  7
    4687.814	  7
    4687.952	  7
    4688.110	  7
    4688.234	  7
    4688.374	  7
    4688.510	  7
    4688.666	  7
    4688.820	  7
    4688.978	  7
    4689.116	  7
    4689.266	  7
    4689.416	  7
    4689.560	  7
    4689.702	  7
    4689.890	  7
    4690.022	  7
    4690.182	  7
    4690.346	  7
    4690.480	  7
    4691.348	  7
    4691.530	  7
    4691.660	  7
    4692.302	  7
    4692.844	  7
    4692.974	  7
    4693.128	  7
    4693.294	  7
    4693.454	  7
    4693.592	  7
    4693.728	  7
    4693.860	  7
    4693.992	  7
    4694.124	  7
    4694.266	  7
    4694.404	  7
    4694.562	  7
    4694.706	  7
    4694.850	  7
    4694.992	  7
    4695.164	  7
    4695.298	  7
    4695.442	  7
    4695.672	  7
    4695.866	  7
    4695.994	  7
    4696.130	  7
    4696.268	  7
    4696.406	  7
    4696.556	  7
    4696.730	  7
    4696.904	  7
    4697.038	  7
    4697.208	  7
    4697.320	  7
    4697.466	  7
    4697.602	  7
    4697.742	  7
    4697.882	  7
    4698.034	  7
    4698.180	  7
    4698.324	  7
    4698.512	  7
    4699.040	  7
    4700.598	  7
    4701.512	  7
    4702.078	  7
    4703.554	  7
    4703.976	  7
    4704.912	  7
    4707.998	  7
    4708.314	  7
    4708.472	  7
    4708.676	  7
    4708.892	  7
    4722.418	 53
    4730.890	  8
    4730.890	 20
    4730.890	 27
    4730.900	 28
    4730.900	 19
    4731.000	 29
    4731.018	  8
    4731.170	  9
    4751.020	 50
    4751.030	 18
    4771.086	  8
    4771.484	  8
    4771.826	  8
    4772.140	  8
    4772.702	  8
    4773.636	  8
    4774.516	  8
    4775.076	  8
    4775.544	  8
    4775.984	  8
    4776.404	  8
    4776.494	  8
    4776.822	  8
    4777.064	  8
    4777.544	  8
    4778.864	  8
    4779.134	  8
    4779.728	  8
    4780.256	  8
    4780.370	  8
    4780.904	  8
    4781.004	  8
    4781.030	 53
    4781.256	  8
    4781.256	 20
    4781.256	 27
    4781.266	 28
    4781.266	 19
    4781.330	  8
    4781.366	 29
    4781.436	  8
    4781.536	  9
    4783.454	  8
    4801.386	 51
    4801.396	 10
    4805.240	  8
    4805.530	  8
    4861.396	 53
    4861.406	 20
    4861.406	 27
    4881.426	 52
    4881.436	 17
    4886.920	  7
    4887.674	  7
    4889.104	  7
    4889.528	  7
    4889.672	  7
    4889.870	  7
    4890.900	  7
    4891.922	  7
    4892.104	  7
    4892.262	  7
    4893.698	  7
    4893.840	  7
    4895.320	  7
    4905.996	  7
    4906.162	  7
    4906.464	  7
    4906.686	  7
    4906.860	  7
    4915.830	  7
    4917.546	  7
    4917.872	  7
    4918.138	  7
    4918.492	  7
    4919.212	  7
    4922.332	  7
    4922.514	  7
    4923.210	  7
    4924.526	  7
    4924.908	  7
    4928.308	  7
    4928.650	  7
    4929.728	  7
    4931.014	  7
    4931.064	  7
    4931.226	  7
    4931.458	  7
    4932.180	  7
    4932.366	  7
    4933.996	  7
    4935.284	  7
    4935.618	  7
    4962.868	  7
    4977.682	  7
    4990.902	  8
    4991.222	  8
    4991.682	  8
    4992.292	  8
    4993.126	  8
    4994.490	  8
    4995.030	  8
    4995.074	  8
    4995.420	  8
    4996.032	  8
    4996.440	  8
    4997.022	  8
    4997.784	  8
    4998.810	  8
    4999.530	  8
    4999.878	  8
    5000.296	  8
    5001.436	 53
    5002.304	  8
    5002.304	 20
    5002.304	 27
    5002.314	 28
    5002.314	 19
    5002.414	 29
    5002.584	  9
    5022.434	 51
    5022.444	 10
    5082.444	 53
    5082.454	 20
    5082.454	 27
    5102.474	 51
    5102.484	 10
    5162.484	 53
    5162.494	 20
    5162.494	 27
    5182.514	 51
    5182.524	 10
    5216.828	  7
    5217.138	  7
    5217.496	  7
    5217.920	  7
    5220.948	  7
    5242.524	 53
    5242.534	 20
    5242.534	 27
    5253.822	  7
    5256.186	  7
    5256.482	  7
    5256.656	  7
    5256.842	  7
    5256.956	  7
    5257.338	  7
    5262.554	 52
    5262.564	 17
    5263.152	  7
    5263.252	  7
    5263.422	  7
    5263.784	  7
    5296.824	  8
    5305.478	  8
    5315.884	  7
    5317.642	  7
    5317.798	  7
    5320.558	  7
    5320.698	  7
    5320.874	  7
    5321.018	  7
    5321.084	  7
    5321.404	  7
    5322.286	  7
    5323.588	  7
    5324.244	  7
    5324.476	  7
    5326.632	  7
    5326.990	  7
    5327.726	  7
    5329.770	  7
    5332.044	  7
    5332.176	  7
    5332.358	  7
    5332.870	  7
    5333.090	  7
    5333.238	  7
    5333.410	  7
    5333.596	  7
    5333.730	  7
    5333.908	  7
    5334.070	  7
    5334.752	  7
    5334.880	  7
    5335.052	  7
    5335.572	  7
    5335.748	  7
    5335.888	  7
    5336.270	  7
    5336.334	  7
    5338.064	  7
    5338.236	  7
    5338.430	  7
    5339.416	  7
    5339.964	  7
    5340.982	  7
    5341.144	  7
    5341.378	  7
    5341.888	  7
    5342.734	  7
    5344.108	  7
    5344.246	  7
    5344.502	  7
    5345.522	  7
    5348.346	  7
    5348.998	  7
    5349.738	  7
    5351.260	  7
    5352.678	  7
    5352.800	  7
    5352.972	  7
    5353.156	  7
    5353.334	  7
    5355.122	  7
    5355.872	  7
    5356.036	  7
    5356.178	  7
    5356.326	  7
    5356.446	  7
    5356.590	  7
    5356.722	  7
    5356.864	  7
    5357.022	  7
    5357.130	  7
    5357.274	  7
    5357.410	  7
    5357.534	  7
    5357.678	  7
    5357.818	  7
    5357.962	  7
    5358.102	  7
    5358.226	  7
    5358.360	  7
    5358.502	  7
    5358.654	  7
    5358.908	  7
    5359.426	  7
    5359.608	  7
    5359.774	  7
    5360.260	  7
    5361.108	  7
    5361.300	  7
    5361.448	  7
    5361.604	  7
    5361.742	  7
    5361.902	  7
    5362.036	  7
    5362.200	  7
    5362.326	  7
    5362.498	  7
    5362.608	  7
    5362.740	  7
    5362.884	  7
    5363.026	  7
    5363.164	  7
    5363.294	  7
    5363.436	  7
    5363.574	  7
    5363.708	  7
    5363.884	  7
    5364.012	  7
    5364.172	  7
    5364.334	  7
    5364.510	  7
    5364.682	  7
    5364.920	  7
    5365.044	  7
    5365.198	  7
    5365.346	  7
    5365.482	  7
    5365.614	  7
    5365.764	  7
    5365.900	  7
    5366.042	  7
    5366.196	  7
    5366.358	  7
    5367.280	  7
    5367.480	  7
    5367.728	  7
    5367.976	  7
    5368.404	  7
    5369.120	  7
    5369.610	  7
    5369.732	  7
    5369.938	  7
    5370.152	  7
    5370.602	  7
    5371.110	  7
    5371.258	  7
    5371.434	  7
    5371.596	  7
    5371.758	  7
    5371.910	  7
    5372.076	  7
    5372.226	  7
    5372.366	  7
    5372.510	  7
    5372.634	  7
    5372.760	  7
    5372.922	  7
    5373.072	  7
    5373.222	  7
    5373.384	  7
    5373.546	  7
    5373.684	  7
    5373.836	  7
    5373.984	  7
    5374.138	  7
    5374.286	  7
    5374.448	  7
    5374.642	  7
    5374.750	  7
    5374.902	  7
    5375.056	  7
    5375.228	  7
    5375.396	  7
    5375.560	  7
    5375.732	  7
    5375.920	  7
    5376.058	  7
    5376.228	  7
    5376.364	  7
    5376.504	  7
    5376.636	  7
    5376.780	  7
    5376.920	  7
    5377.080	  7
    5377.208	  7
    5377.342	  7
    5379.190	  8
    5379.996	  8
    5381.024	  8
    5381.126	  8
    5382.078	  8
    5382.564	 53
    5382.580	  8
    5382.580	 20
    5382.580	 27
    5382.590	 28
    5382.590	 19
    5382.690	 29
    5382.860	  9
    5385.002	  8
    5385.574	  8
    5402.710	 52
    5402.720	 17
    5434.244	  7
    5434.760	  7
    5434.824	  7
    5439.516	  7
    5441.392	  7
    5441.776	  7
    5444.012	  7
    5444.158	  7
    5444.336	  7
    5444.652	  7
    5444.882	  7
    5445.528	  7
    5446.536	  7
    5447.278	  7
    5451.472	  7
    5453.046	  7
    5453.248	  7
    5453.774	  7
    5453.994	  7
    5454.258	  7
    5454.408	  7
    5454.736	  7
    5458.430	  7
    5458.650	  7
    5458.770	  7
    5458.938	  7
    5459.422	  7
    5460.122	  7
    5463.902	  7
    5465.422	  7
    5467.336	  8
    5471.004	  8
    5471.534	  8
    5476.318	  8
    5485.096	  8
    5485.286	  8
    5485.638	  8
    5486.004	  8
    5487.308	  8
    5487.398	  8
    5488.224	  8
    5489.578	  8
    5490.738	  8
    5491.012	  8
    5491.966	  8
    5492.414	  8
    5492.924	  8
    5493.206	  8
    5494.268	  8
    5495.336	  8
    5495.808	  8
    5496.372	  8
    5496.896	  8
    5497.056	  8
    5499.742	  8
    5500.108	  8
    5500.228	  8
    5500.582	  8
    5500.878	  8
    5502.068	  8
    5503.100	  8
    5503.528	  8
    5504.248	  8
    5504.516	  8
    5504.832	  8
    5505.576	  8
    5505.834	  8
    5506.026	  8
    5506.108	  8
    5506.596	  8
    5508.218	  8
    5508.722	  8
    5512.096	  8
    5512.342	  8
    5513.212	  8
    5514.126	  8
    5514.770	  8
    5515.152	  8
    5515.340	  8
    5515.856	  8
    5516.764	  8
    5516.902	  8
    5517.270	  8
    5517.486	  8
    5517.740	  8
    5518.892	  8
    5519.098	  8
    5519.574	  8
    5519.914	  8
    5522.720	 53
    5522.790	  8
    5522.790	 20
    5522.790	 27
    5522.800	 28
    5522.800	 19
    5522.900	 29
    5522.962	  8
    5523.070	  9
    5542.920	 52
    5542.930	 17
    5573.256	  7
    5573.392	  7
    5573.546	  7
    5573.866	  7
    5578.394	  7
    5578.564	  7
    5578.672	  7
    5578.834	  7
    5579.012	  7
    5579.392	  7
    5580.938	  7
    5580.976	  7
    5582.332	  7
    5582.552	  7
    5582.838	  7
    5584.944	  7
    5585.818	  7
    5585.926	  7
    5587.924	  7
    5587.962	  7
    5589.518	  7
    5589.718	  7
    5589.960	  7
    5590.182	  7
    5590.370	  7
    5591.444	  7
    5591.822	  7
    5593.182	  7
    5593.392	  7
    5593.508	  7
    5593.684	  7
    5593.828	  7
    5593.990	  7
    5594.142	  7
    5594.300	  7
    5594.466	  7
    5594.632	  7
    5594.794	  7
    5594.952	  7
    5595.114	  7
    5595.300	  7
    5595.452	  7
    5595.612	  7
    5595.762	  7
    5595.922	  7
    5596.084	  7
    5596.716	  7
    5596.924	  7
    5597.188	  7
    5597.452	  7
    5597.614	  7
    5597.800	  7
    5597.940	  7
    5598.080	  7
    5598.232	  7
    5598.388	  7
    5598.512	  7
    5599.772	  7
    5600.098	  7
    5600.224	  7
    5600.468	  7
    5600.642	  7
    5601.140	  7
    5603.178	  7
    5603.328	  7
    5604.466	  7
    5605.246	  7
    5605.442	  7
    5605.822	  7
    5606.460	  7
    5606.732	  7
    5607.212	  7
    5607.648	  7
    5609.102	  7
    5609.612	  7
    5612.222	  7
    5612.922	  7
    5613.286	  7
    5613.432	  7
    5615.074	  8
    5615.748	  8
    5616.540	  8
    5617.992	  8
    5619.114	  8
    5619.220	  8
    5620.466	  8
    5623.350	  8
    5623.602	  8
    5623.758	  8
    5623.828	  8
    5624.900	  8
    5625.772	  8
    5626.054	  8
    5626.522	  8
    5627.338	  8
    5627.548	  8
    5628.282	  8
    5628.604	  8
    5629.770	  8
    5629.918	  8
    5630.350	  8
    5635.720	  8
    5636.562	  8
    5636.770	  8
    5637.936	  8
    5638.382	  8
    5639.168	  8
    5639.764	  8
    5640.580	  8
    5641.294	  8
    5641.606	  8
    5641.912	  8
    5642.140	  8
    5643.064	  8
    5644.152	  8
    5644.456	  8
    5644.748	  8
    5645.174	  8
    5646.052	  8
    5646.208	  8
    5646.304	  8
    5648.234	  8
    5648.400	  8
    5649.512	  8
    5650.226	  8
    5650.476	  8
    5650.684	  8
    5651.182	  8
    5651.692	  8
    5652.332	  8
    5652.462	  8
    5652.960	  8
    5653.554	  8
    5656.028	  8
    5656.412	  8
    5657.062	  8
    5657.362	  8
    5657.602	  8
    5657.790	  8
    5658.428	  8
    5658.552	  8
    5659.010	  8
    5659.288	  8
    5659.850	  8
    5660.422	  8
    5660.720	  8
    5661.050	  8
    5661.152	  8
    5661.582	  8
    5662.930	 53
    5664.896	  8
    5664.896	 20
    5664.896	 27
    5664.906	 28
    5664.906	 19
    5665.006	 29
    5665.076	  8
    5665.176	  9
    5685.026	 50
    5685.036	 18
    5713.726	  8
    5714.338	  8
    5714.728	  8
    5715.036	 53
    5716.442	  8
    5716.442	 20
    5716.442	 27
    5716.452	 28
    5716.452	 19
    5716.552	 29
    5716.722	  9
    5736.572	 50
    5736.582	 18
    5748.884	  8
    5750.368	  8
    5750.562	  8
    5753.878	  8
    5754.208	  8
    5754.486	  8
    5755.010	  8
    5755.522	  8
    5756.114	  8
    5756.220	  8
    5758.434	  8
    5759.248	  8
    5759.644	  8
    5760.096	  8
    5760.236	  8
    5760.582	  8
    5760.892	  8
    5761.124	  8
    5761.162	  8
    5761.682	  8
    5761.732	  8
    5762.406	  8
    5762.790	  8
    5763.124	  8
    5764.322	  8
    5764.550	  8
    5764.854	  8
    5765.166	  8
    5765.422	  8
    5765.748	  8
    5765.874	  8
    5765.968	  8
    5766.206	  8
    5766.434	  8
    5766.496	  8
    5766.582	 53
    5766.812	  8
    5766.812	 20
    5766.812	 27
    5766.822	 28
    5766.822	 19
    5766.922	 29
    5766.932	 61
