      20.010	 50
      20.020	 10
      26.270	  8
      26.596	  8
      28.878	  8
      29.490	  8
      29.732	  8
      29.940	  8
      30.370	  8
      32.254	  7
      49.890	  8
      50.020	 53
      50.424	  8
      50.424	 20
      50.424	 27
      50.434	 28
      50.434	 19
      50.534	 29
      50.556	  8
      50.728	  9
      61.828	  7
      61.920	  7
      62.030	  7
      62.170	  7
      62.296	  7
      62.430	  7
      62.608	  7
      62.758	  7
      62.914	  7
      63.098	  7
      63.260	  7
      63.382	  7
      63.526	  7
      63.670	  7
      63.946	  7
      64.088	  7
      64.216	  7
      64.690	  7
      64.822	  7
      65.000	  7
      65.748	  7
      70.554	 50
      70.564	 10
      71.260	  7
      71.414	  7
      71.522	  7
      72.000	  7
      72.258	  7
      72.740	  7
      72.880	  7
      73.370	  7
      74.184	  7
      74.372	  7
      74.514	  7
      74.818	  7
      75.006	  7
      75.132	  7
      75.284	  7
      75.406	  7
      75.916	  7
      76.058	  7
      76.168	  7
      76.382	  7
      76.458	  7
      76.596	  7
      76.748	  7
      76.918	  7
      77.058	  7
      77.206	  7
     100.564	 53
     101.378	  8
     101.378	 20
     101.378	 27
     101.388	 28
     101.388	 19
     101.488	 29
     101.682	  9
     121.508	 51
     121.518	 17
     142.900	  8
     145.472	  7
     158.474	  8
     166.294	  8
     166.558	  8
     166.986	  8
     181.518	 53
     190.252	  8
     190.252	 20
     190.252	 27
     190.262	 28
     190.262	 19
     190.362	 29
     190.556	  9
     201.398	  5
     210.382	 52
     210.392	 18
     227.028	  7
     228.176	  7
     228.742	  7
     229.542	  7
     229.710	  7
     229.862	  7
     229.958	  7
     230.090	  7
     230.224	  7
     230.366	  7
     230.520	  7
     230.696	  7
     230.854	  7
     231.066	  7
     231.186	  7
     231.338	  7
     231.502	  7
     231.672	  7
     231.832	  7
     231.964	  7
     232.158	  7
     232.276	  7
     232.468	  7
     232.792	  7
     232.946	  7
     233.124	  7
     233.272	  7
     233.410	  7
     233.600	  7
     233.902	  7
     234.040	  7
     234.546	  7
     234.888	  7
     235.046	  7
     235.814	  7
     236.426	  7
     236.582	  7
     237.512	  7
     238.374	  7
     238.982	  7
     239.110	  7
     239.560	  7
     240.350	  7
     241.284	  7
     241.448	  7
     241.726	  7
     241.888	  7
     242.534	  7
     242.964	  7
     243.322	  7
     243.608	  7
     243.968	  7
     244.278	  7
     244.418	  7
     244.568	  7
     245.488	  7
     245.626	  7
     245.808	  7
     245.954	  7
     246.262	  7
     246.348	  7
     249.060	  7
     249.436	  7
     249.564	  7
     249.714	  7
     322.612	  8
     330.392	 53
     330.402	 20
     330.402	 27
     350.422	 52
     350.432	 18
     359.250	  8
     381.930	  8
     382.000	  8
     470.432	 53
     470.442	 20
     470.442	 27
     490.462	 51
     490.472	 17
     494.926	  8
     496.722	  8
     496.770	  8
     504.558	  8
     511.174	  8
     511.874	  8
     512.526	  8
     515.752	  8
     516.172	  8
     516.602	  8
     517.908	  8
     525.058	  8
     525.988	  8
     526.504	  8
     526.584	  8
     528.578	  8
     531.040	  8
     532.664	  8
     532.744	  8
     533.108	  8
     533.444	  8
     535.156	  8
     536.032	  8
     537.744	  8
     547.548	  8
     547.828	  8
     549.288	  8
     550.472	 53
     550.724	  8
     550.724	 20
     550.724	 27
     550.734	 28
     550.734	 19
     550.834	 29
     551.028	  9
     570.854	 51
     570.864	 17
     592.032	  8
     592.312	  8
     594.746	  8
     597.244	  8
     597.968	  8
     598.300	  8
     604.444	  8
     605.030	  8
     605.712	  8
     606.104	  8
     606.406	  8
     606.952	  8
     607.438	  8
     607.978	  8
     608.378	  8
     608.698	  8
     609.622	  8
     610.330	  8
     610.754	  8
     611.040	  8
     611.330	  8
     611.774	  8
     612.162	  8
     612.378	  8
     613.084	  8
     613.834	  8
     614.020	  8
     614.118	  8
     614.538	  8
     614.982	  8
     615.346	  8
     615.730	  8
     616.294	  8
     616.618	  8
     617.182	  8
     618.492	  8
     618.786	  8
     619.026	  8
     619.340	  8
     619.674	  8
     620.056	  8
     620.486	  8
     620.896	  8
     621.334	  8
     621.658	  8
     622.162	  8
     622.510	  8
     622.886	  8
     623.524	  8
     623.778	  8
     624.080	  8
     624.344	  8
     624.818	  8
     625.146	  8
     625.326	  8
     626.090	  8
     626.460	  8
     626.908	  8
     627.000	  8
     627.440	  8
     627.844	  8
     628.258	  8
     628.606	  8
     628.952	  8
     629.650	  8
     629.982	  8
     630.864	 53
     630.894	  8
     630.894	 20
     630.894	 27
     630.904	 28
     630.904	 19
     631.004	 29
     631.198	  9
     646.362	  7
     646.470	  7
     646.612	  7
     646.750	  7
     646.910	  7
     647.052	  7
     647.210	  7
     647.352	  7
     647.602	  7
     647.796	  7
     647.946	  7
     648.102	  7
     648.262	  7
     648.444	  7
     648.606	  7
     648.774	  7
     648.938	  7
     649.082	  7
     649.234	  7
     649.406	  7
     649.576	  7
     649.898	  7
     650.048	  7
     650.194	  7
     650.364	  7
     650.518	  7
     650.690	  7
     650.854	  7
     651.010	  7
     651.024	 51
     651.034	 17
     651.184	  7
     651.344	  7
     651.512	  7
     651.696	  7
     651.850	  7
     652.010	  7
     652.166	  7
     652.332	  7
     652.490	  7
     652.650	  7
     652.814	  7
     652.970	  7
     653.150	  7
     653.472	  7
     653.596	  7
     653.744	  7
     653.898	  7
     654.052	  7
     654.220	  7
     654.372	  7
     655.304	  7
     655.454	  7
     655.604	  7
     655.756	  7
     655.910	  7
     656.064	  7
     656.256	  7
     656.386	  7
     656.528	  7
     656.690	  7
     656.862	  7
     657.012	  7
     657.166	  7
     657.324	  7
     657.474	  7
     657.668	  7
     657.806	  7
     657.958	  7
     658.116	  7
     658.282	  7
     658.432	  7
     658.596	  7
     658.764	  7
     658.908	  7
     659.062	  7
     659.220	  7
     659.394	  7
     659.552	  7
     659.708	  7
     659.868	  7
     662.098	  7
     662.256	  7
     662.396	  7
     662.550	  7
     662.706	  7
     662.868	  7
     663.020	  7
     663.192	  7
     663.348	  7
     663.502	  7
     663.656	  7
     663.810	  7
     663.966	  7
     664.124	  7
     664.416	  7
     664.558	  7
     664.706	  7
     664.862	  7
     665.018	  7
     665.184	  7
     665.346	  7
     665.534	  7
     665.666	  7
     665.806	  7
     665.968	  7
     666.136	  7
     666.298	  7
     666.460	  7
     666.616	  7
     666.788	  7
     666.928	  7
     667.086	  7
     667.252	  7
     667.390	  7
     667.518	  7
     667.646	  7
     667.802	  7
     667.960	  7
     668.128	  7
     668.284	  7
     668.446	  7
     668.614	  7
     668.760	  7
     670.238	  7
     670.376	  7
     670.494	  7
     670.642	  7
     670.798	  7
     670.966	  7
     671.132	  7
     671.276	  7
     671.436	  7
     671.594	  7
     671.748	  7
     671.910	  7
     672.096	  7
     672.236	  7
     672.394	  7
     672.550	  7
     672.704	  7
     672.864	  7
     673.022	  7
     673.204	  7
     673.326	  7
     673.476	  7
     673.632	  7
     673.778	  7
     673.930	  7
     674.104	  7
     674.268	  7
     674.382	  7
     674.504	  7
     674.632	  7
     674.786	  7
     674.944	  7
     675.102	  7
     675.270	  7
     676.220	  7
     676.342	  7
     676.490	  7
     676.628	  7
     676.800	  7
     676.956	  7
     677.628	  7
     677.804	  7
     677.914	  7
     678.074	  7
     678.230	  7
     678.392	  7
     678.556	  7
     678.716	  7
     678.874	  7
     679.064	  7
     679.182	  7
     679.328	  7
     679.478	  7
     679.628	  7
     679.786	  7
     679.962	  7
     682.178	  7
     682.326	  7
     682.474	  7
     682.626	  7
     682.780	  7
     682.944	  7
     683.106	  7
     683.270	  7
     683.438	  7
     683.586	  7
     683.750	  7
     683.896	  7
     684.044	  7
     684.196	  7
     684.348	  7
     684.510	  7
     684.676	  7
     684.820	  7
     684.978	  7
     685.150	  7
     685.556	  7
     685.666	  7
     685.806	  7
     685.962	  7
     686.144	  7
     686.260	  7
     686.410	  7
     686.564	  7
     686.720	  7
     686.866	  7
     687.032	  7
     687.232	  7
     687.384	  7
     687.542	  7
     687.704	  7
     687.860	  7
     688.016	  7
     688.174	  7
     688.362	  7
     688.508	  7
     688.660	  7
     688.818	  7
     688.968	  7
     689.122	  7
     689.284	  7
     689.442	  7
     689.612	  7
     689.762	  7
     689.912	  7
     690.064	  7
     690.536	  7
     690.650	  7
     690.792	  7
     690.940	  7
     691.120	  7
     691.252	  7
     691.412	  7
     691.572	  7
     691.772	  7
     691.886	  7
     692.026	  7
     692.180	  7
     692.332	  7
     692.488	  7
     692.640	  7
     692.824	  7
     692.966	  7
     693.120	  7
     693.266	  7
     693.446	  7
     693.580	  7
     693.744	  7
     693.894	  7
     694.064	  7
     694.206	  7
     694.330	  7
     694.464	  7
     694.606	  7
     694.776	  7
     694.914	  7
     695.068	  7
     695.232	  7
     695.394	  7
     695.554	  7
     695.692	  7
     695.850	  7
     696.014	  7
     696.142	  7
     696.306	  7
     696.772	  7
     698.588	  8
     698.952	  8
     699.066	  8
     699.170	  8
     699.598	  8
     699.928	  8
     700.024	  8
     700.358	  8
     700.926	  8
     701.380	  8
     701.744	  8
     702.460	  8
     702.816	  8
     703.440	  8
     703.982	  8
     704.066	  8
     704.488	  8
     705.522	  8
     705.850	  8
     706.326	  8
     706.608	  8
     707.138	  8
     707.520	  8
     707.946	  8
     708.100	  8
     708.530	  8
     709.280	  8
     709.482	  8
     709.972	  8
     710.258	  8
     710.670	  8
     711.034	 53
     711.394	  8
     711.394	 20
     711.394	 27
     711.404	 28
     711.404	 19
     711.504	 29
     711.644	  8
     711.698	  9
     731.524	 50
     731.534	 10
     734.906	  7
     735.034	  7
     735.170	  7
     735.392	  7
     735.486	  7
     735.652	  7
     735.818	  7
     735.974	  7
     736.146	  7
     736.338	  7
     736.464	  7
     736.520	  7
     736.680	  7
     736.862	  7
     737.032	  7
     737.182	  7
     737.338	  7
     737.508	  7
     737.674	  7
     737.846	  7
     738.016	  7
     738.182	  7
     738.336	  7
     738.532	  7
     738.682	  7
     738.836	  7
     739.150	  7
     739.306	  7
     739.468	  7
     739.630	  7
     739.788	  7
     739.954	  7
     740.108	  7
     740.286	  7
     740.448	  7
     740.622	  7
     740.782	  7
     740.946	  7
     741.106	  7
     741.266	  7
     741.426	  7
     741.586	  7
     741.744	  7
     741.906	  7
     742.074	  7
     742.532	  7
     742.680	  7
     742.842	  7
     743.002	  7
     743.176	  7
     743.342	  7
     743.506	  7
     743.670	  7
     743.822	  7
     743.988	  7
     744.138	  7
     744.304	  7
     744.468	  7
     744.624	  7
     744.772	  7
     744.932	  7
     745.080	  7
     745.248	  7
     745.406	  7
     745.568	  7
     745.716	  7
     745.878	  7
     746.040	  7
     746.184	  7
     746.338	  7
     746.494	  7
     746.640	  7
     746.824	  7
     746.976	  7
     747.134	  7
     747.460	  7
     747.634	  7
     747.802	  7
     747.962	  7
     748.118	  7
     748.288	  7
     748.474	  7
     748.620	  7
     748.788	  7
     748.942	  7
     749.110	  7
     749.268	  7
     749.426	  7
     749.580	  7
     749.742	  7
     750.100	  7
     750.216	  7
     750.388	  7
     750.554	  7
     750.694	  7
     750.858	  7
     751.016	  7
     751.192	  7
     751.318	  7
     751.428	  7
     751.568	  7
     751.722	  7
     751.870	  7
     752.024	  7
     752.170	  7
     752.320	  7
     752.472	  7
     752.628	  7
     752.788	  7
     752.962	  7
     753.118	  7
     753.268	  7
     753.440	  7
     753.596	  7
     753.750	  7
     753.908	  7
     754.108	  7
     754.242	  7
     754.392	  7
     754.546	  7
     754.722	  7
     754.880	  7
     755.032	  7
     755.198	  7
     755.354	  7
     755.524	  7
     755.840	  7
     756.026	  7
     756.174	  7
     756.330	  7
     756.486	  7
     756.646	  7
     756.738	  7
     756.758	  7
     756.924	  7
     757.294	  7
     757.418	  7
     757.564	  7
     758.030	  7
     758.198	  7
     758.338	  7
     758.866	  7
     759.014	  7
     759.798	  7
     759.986	  7
     760.128	  7
     760.282	  7
     760.426	  7
     760.574	  7
     760.710	  7
     760.864	  7
     761.018	  7
     761.178	  7
     761.534	 53
     762.690	  8
     762.690	 20
     762.690	 27
     762.700	 28
     762.700	 19
     762.800	 29
     762.994	  9
     782.820	 52
     782.830	 18
     901.412	  8
     902.830	 53
     902.840	 20
     902.840	 27
     903.132	  8
     922.860	 50
     922.870	 10
     932.116	  8
     932.504	  8
     932.836	  8
     933.356	  8
     933.424	  8
     933.892	  8
     934.612	  8
     935.002	  8
     935.842	  8
     936.364	  8
     937.176	  8
     937.526	  8
     938.586	  8
     939.012	  8
     941.128	  8
     941.350	  8
     941.432	  8
     941.670	  8
     941.736	  8
     942.268	  8
     942.958	  8
     943.710	  8
     944.438	  8
     945.466	  8
     945.788	  8
     946.064	  8
     946.752	  8
     947.070	  8
     947.548	  8
     948.018	  8
     948.462	  8
     948.656	  8
     948.988	  8
     949.296	  8
     949.676	  8
     950.306	  8
     950.640	  8
     951.008	  8
     951.402	  8
     952.074	  8
     952.348	  8
     952.648	  8
     952.870	 53
     952.978	  8
     952.978	 20
     952.978	 27
     952.988	 28
     952.988	 19
     953.088	 29
     953.282	  9
     973.108	 52
     973.118	 18
    1001.484	  7
    1001.574	  7
    1001.936	  7
    1002.512	  7
    1002.662	  7
    1003.040	  7
    1003.538	  7
    1003.644	  7
    1003.780	  7
    1003.930	  7
    1004.098	  7
    1004.304	  7
    1004.750	  7
    1005.256	  7
    1005.306	  7
    1005.490	  7
    1005.684	  7
    1005.810	  7
    1005.960	  7
    1006.112	  7
    1006.262	  7
    1006.422	  7
    1006.602	  7
    1006.766	  7
    1006.934	  7
    1007.094	  7
    1007.260	  7
    1007.426	  7
    1007.586	  7
    1007.756	  7
    1007.916	  7
    1008.082	  7
    1008.238	  7
    1008.392	  7
    1008.556	  7
    1008.716	  7
    1009.056	  7
    1009.228	  7
    1009.388	  7
    1009.558	  7
    1009.710	  7
    1009.880	  7
    1010.040	  7
    1010.192	  7
    1010.348	  7
    1010.528	  7
    1010.672	  7
    1010.822	  7
    1010.986	  7
    1011.156	  7
    1011.322	  7
    1011.504	  7
    1011.656	  7
    1011.820	  7
    1012.006	  7
    1012.134	  7
    1012.280	  7
    1012.426	  7
    1012.582	  7
    1012.744	  7
    1012.898	  7
    1013.060	  7
    1013.226	  7
    1013.378	  7
    1013.536	  7
    1013.698	  7
    1013.856	  7
    1014.010	  7
    1014.170	  7
    1014.322	  7
    1014.496	  7
    1014.638	  7
    1014.794	  7
    1014.972	  7
    1015.104	  7
    1015.240	  7
    1015.396	  7
    1015.558	  7
    1016.046	  7
    1016.204	  7
    1016.366	  7
    1016.536	  7
    1016.690	  7
    1019.228	  7
    1019.420	  7
    1019.558	  7
    1019.704	  7
    1019.852	  7
    1020.010	  7
    1020.162	  7
    1020.284	  7
    1020.462	  7
    1020.608	  7
    1020.754	  7
    1020.906	  7
    1021.064	  7
    1021.220	  7
    1021.384	  7
    1021.554	  7
    1021.704	  7
    1021.854	  7
    1022.458	  7
    1022.620	  7
    1022.770	  7
    1022.924	  7
    1023.080	  7
    1078.824	  8
    1079.018	  8
    1088.560	  8
    1092.604	  8
    1093.118	 53
    1093.128	 20
    1093.128	 27
    1105.802	  7
    1106.544	  7
    1106.678	  7
    1108.348	  8
    1109.228	  8
    1109.444	  8
    1113.148	 51
    1113.158	 17
    1117.098	  8
    1125.652	  8
    1126.076	  8
    1126.394	  8
    1126.674	  8
    1129.124	  8
    1135.922	  8
    1136.584	  8
    1138.606	  8
    1139.602	  8
    1140.988	  8
    1141.430	  8
    1141.980	  8
    1142.064	  8
    1143.192	  8
    1143.614	  8
    1145.440	  8
    1145.580	  8
    1145.688	  8
    1145.888	  8
    1146.084	  8
    1146.152	  8
    1146.434	  8
    1147.106	  8
    1148.418	  8
    1148.934	  8
    1149.622	  8
    1150.092	  8
    1150.630	  8
    1150.858	  8
    1151.274	  8
    1152.804	  8
    1153.298	  8
    1153.744	  8
    1154.290	  8
    1155.622	  8
    1156.196	  8
    1156.256	  8
    1157.524	  8
    1160.094	  8
    1160.252	  8
    1161.084	  8
    1161.480	  8
    1161.888	  8
    1162.166	  8
    1162.536	  8
    1162.942	  8
    1163.368	  8
    1163.722	  8
    1164.038	  8
    1164.580	  8
    1164.942	  8
    1165.346	  8
    1165.638	  8
    1166.142	  8
    1166.386	  8
    1166.574	  8
    1166.848	  8
    1167.244	  8
    1167.606	  8
    1167.968	  8
    1168.402	  8
    1169.214	  8
    1169.442	  8
    1169.518	  8
    1169.968	  8
    1170.236	  8
    1170.534	  8
    1170.710	  8
    1171.072	  8
    1171.456	  8
    1171.988	  8
    1172.286	  8
    1172.930	  8
    1173.158	 53
    1173.260	  8
    1173.260	 20
    1173.260	 27
    1173.270	 28
    1173.270	 19
    1173.370	 29
    1173.564	  9
    1193.390	 51
    1193.400	 17
    1232.352	  8
    1232.598	  8
    1233.382	  8
    1234.004	  8
    1234.654	  8
    1235.564	  8
    1236.250	  8
    1237.388	  8
    1238.532	  8
    1238.800	  8
    1239.040	  8
    1239.562	  8
    1240.540	  8
    1240.926	  8
    1241.644	  8
    1242.284	  8
    1242.694	  8
    1243.028	  8
    1243.368	  8
    1243.732	  8
    1244.544	  8
    1244.836	  8
    1245.166	  8
    1245.386	  8
    1245.656	  8
    1245.820	  8
    1246.410	  8
    1246.960	  8
    1247.214	  8
    1247.560	  8
    1247.900	  8
    1248.360	  8
    1248.616	  8
    1249.270	  8
    1249.600	  8
    1249.972	  8
    1250.270	  8
    1250.614	  8
    1250.796	  8
    1251.044	  8
    1251.432	  8
    1251.800	  8
    1252.068	  8
    1252.412	  8
    1252.672	  8
    1252.936	  8
    1253.400	 53
    1253.676	  8
    1253.676	 20
    1253.676	 27
    1253.686	 28
    1253.686	 19
    1253.786	 29
    1253.980	  9
    1273.806	 52
    1273.816	 18
    1287.722	  7
    1287.826	  7
    1288.080	  7
    1288.440	  7
    1393.816	 53
    1393.826	 20
    1393.826	 27
    1413.846	 51
    1413.856	 17
    1431.504	  8
    1432.028	  8
    1439.138	  8
    1444.944	  8
    1447.526	  8
    1456.232	  8
    1456.640	  8
    1457.380	  8
    1459.242	  8
    1459.284	  8
    1463.712	  8
    1464.132	  8
    1465.698	  8
    1466.558	  8
    1469.494	  8
    1470.840	  8
    1471.934	  8
    1472.550	  8
    1473.124	  8
    1473.762	  8
    1473.856	 53
    1474.414	  8
    1474.414	 20
    1474.414	 27
    1474.424	 28
    1474.424	 19
    1474.524	 29
    1474.718	  9
    1494.544	 50
    1494.554	 10
    1504.762	  7
    1504.872	  7
    1505.012	  7
    1505.174	  7
    1505.342	  7
    1505.524	  7
    1505.706	  7
    1505.880	  7
    1506.048	  7
    1506.238	  7
    1506.402	  7
    1506.562	  7
    1506.740	  7
    1506.906	  7
    1507.066	  7
    1507.240	  7
    1507.406	  7
    1507.606	  7
    1507.774	  7
    1507.924	  7
    1508.088	  7
    1508.258	  7
    1508.434	  7
    1508.590	  7
    1508.758	  7
    1508.926	  7
    1509.090	  7
    1509.284	  7
    1509.426	  7
    1509.582	  7
    1509.734	  7
    1509.898	  7
    1510.050	  7
    1510.208	  7
    1510.366	  7
    1510.544	  7
    1510.716	  7
    1510.872	  7
    1511.028	  7
    1511.188	  7
    1511.356	  7
    1511.538	  7
    1511.704	  7
    1511.864	  7
    1512.046	  7
    1512.188	  7
    1512.342	  7
    1512.506	  7
    1512.658	  7
    1512.772	  7
    1512.960	  7
    1513.132	  7
    1513.300	  7
    1513.470	  7
    1513.616	  7
    1513.772	  7
    1513.934	  7
    1514.102	  7
    1514.270	  7
    1514.430	  7
    1514.584	  7
    1514.766	  7
    1514.902	  7
    1515.060	  7
    1515.214	  7
    1515.372	  7
    1515.524	  7
    1515.686	  7
    1515.838	  7
    1516.052	  7
    1516.170	  7
    1516.304	  7
    1516.464	  7
    1516.618	  7
    1516.774	  7
    1516.924	  7
    1517.072	  7
    1517.270	  7
    1517.418	  7
    1517.568	  7
    1517.718	  7
    1517.880	  7
    1518.048	  7
    1518.328	  7
    1518.512	  7
    1518.654	  7
    1518.806	  7
    1518.964	  7
    1519.132	  7
    1519.288	  7
    1519.672	  7
    1519.840	  7
    1519.984	  7
    1520.130	  7
    1520.280	  7
    1520.426	  7
    1520.576	  7
    1520.724	  7
    1520.874	  7
    1521.030	  7
    1521.212	  7
    1521.340	  7
    1521.494	  7
    1521.646	  7
    1521.790	  7
    1521.938	  7
    1522.094	  7
    1522.236	  7
    1522.396	  7
    1522.566	  7
    1522.714	  7
    1522.866	  7
    1523.016	  7
    1523.164	  7
    1523.320	  7
    1523.478	  7
    1523.628	  7
    1523.780	  7
    1523.910	  7
    1524.060	  7
    1524.204	  7
    1524.360	  7
    1524.522	  7
    1524.554	 53
    1524.676	  7
    1524.834	  7
    1525.026	  7
    1525.182	  7
    1525.340	  7
    1525.484	  7
    1525.640	  7
    1525.788	  7
    1525.944	  7
    1526.104	  7
    1526.270	  7
    1526.406	  7
    1526.562	  7
    1526.718	  7
    1526.898	  7
    1527.260	  7
    1527.408	  7
    1527.562	  7
    1527.742	  7
    1527.872	  7
    1528.030	  7
    1528.192	  7
    1528.364	  7
    1528.492	  7
    1528.638	  7
    1528.996	  7
    1529.114	  7
    1529.256	  7
    1529.408	  7
    1529.562	  7
    1529.712	  7
    1529.868	  7
    1530.794	  7
    1530.934	  7
    1531.088	  7
    1531.242	  7
    1531.422	  7
    1531.552	  7
    1531.842	  7
    1532.000	  7
    1532.152	  7
    1532.324	  7
    1532.450	  7
    1532.600	  7
    1532.738	  7
    1532.892	  7
    1533.038	  7
    1533.200	  7
    1533.374	  7
    1533.550	  7
    1533.692	  7
    1533.860	  7
    1534.002	  7
    1534.154	  7
    1534.318	  7
    1534.676	  7
    1534.892	  7
    1535.028	  7
    1535.188	  7
    1535.528	  7
    1535.646	  7
    1535.788	  7
    1535.934	  7
    1536.094	  7
    1536.248	  7
    1536.650	  7
    1536.762	  7
    1536.930	  7
    1538.120	  8
    1538.120	 20
    1538.120	 27
    1538.130	 28
    1538.130	 19
    1538.230	 29
    1538.424	  9
    1539.262	  8
    1558.250	 51
    1558.260	 17
    1562.560	  7
    1562.722	  7
    1562.932	  7
    1563.342	  7
    1572.266	  8
    1575.024	  8
    1576.234	  8
    1580.046	  8
    1581.012	  8
    1581.506	  8
    1582.456	  8
    1583.924	  8
    1584.514	  8
    1585.954	  8
    1586.656	  8
    1586.928	  8
    1587.608	  8
    1588.982	  8
    1589.118	  8
    1589.228	  8
    1590.164	  8
    1590.588	  8
    1590.994	  8
    1591.580	  8
    1591.972	  8
    1592.286	  8
    1592.688	  8
    1593.126	  8
    1593.624	  8
    1594.064	  8
    1594.190	  8
    1594.258	  8
    1594.606	  8
    1595.090	  8
    1595.446	  8
    1595.824	  8
    1596.128	  8
    1596.660	  8
    1597.396	  8
    1597.582	  8
    1597.828	  8
    1598.146	  8
    1598.820	  8
    1599.796	  8
    1600.154	  8
    1600.388	  8
    1600.738	  8
    1601.036	  8
    1601.430	  8
    1601.894	  8
    1602.400	  8
    1602.592	  8
    1602.826	  8
    1603.276	  8
    1604.064	  8
    1604.376	  8
    1604.804	  8
    1604.970	  8
    1605.308	  8
    1605.604	  8
    1605.890	  8
    1606.344	  8
    1606.604	  8
    1607.010	  8
    1607.128	  8
    1607.228	  8
    1607.530	  8
    1607.916	  8
    1608.130	  8
    1608.406	  8
    1608.762	  8
    1609.248	  8
    1609.888	  8
    1610.128	  8
    1610.846	  8
    1611.566	  8
    1611.886	  8
    1612.086	  8
    1612.464	  8
    1612.776	  8
    1612.938	  8
    1613.272	  8
    1613.722	  8
    1614.116	  8
    1614.564	  8
    1615.424	  8
    1615.760	  8
    1615.980	  8
    1616.434	  8
    1617.250	  8
    1617.866	  8
    1618.124	  8
    1618.260	 53
    1618.666	  8
    1618.666	 20
    1618.666	 27
    1618.676	 28
    1618.676	 19
    1618.776	 29
    1618.858	  8
    1618.970	  9
    1619.946	  8
    1620.484	  8
    1620.612	  8
    1622.272	  8
    1623.122	  8
    1623.226	  8
    1626.252	  8
    1638.796	 50
    1638.806	 10
    1651.548	  8
    1653.434	  8
    1653.718	  8
    1657.084	  8
    1657.728	  8
    1658.204	  8
    1658.956	  8
    1659.274	  8
    1659.760	  8
    1660.164	  8
    1660.448	  8
    1660.852	  8
    1661.322	  8
    1661.762	  8
    1662.346	  8
    1662.582	  8
    1662.940	  8
    1663.548	  8
    1663.814	  8
    1664.052	  8
    1664.532	  8
    1665.040	  8
    1665.320	  8
    1665.586	  8
    1665.772	  8
    1666.192	  8
    1666.510	  8
    1666.744	  8
    1666.862	  8
    1666.994	  8
    1667.340	  8
    1667.448	  8
    1667.668	  8
    1668.016	  8
    1668.422	  8
    1668.806	 53
    1668.966	  8
    1668.966	 20
    1668.966	 27
    1668.976	 28
    1668.976	 19
    1669.076	 29
    1669.270	  9
    1689.096	 50
    1689.106	 10
    1713.552	  8
    1713.880	  8
    1714.452	  8
    1715.402	  8
    1716.000	  8
    1716.802	  8
    1716.986	  8
    1717.486	  8
    1717.736	  8
    1718.122	  8
    1718.686	  8
    1719.106	 53
    1719.510	  8
    1719.510	 20
    1719.510	 27
    1719.520	 28
    1719.520	 19
    1719.620	 29
    1719.814	  9
    1739.640	 52
    1739.650	 18
    1771.696	  7
    1772.304	  7
    1772.418	  7
    1772.882	  7
    1773.004	  7
    1773.280	  7
    1774.392	  7
    1774.520	  7
    1774.694	  7
    1774.874	  7
    1775.054	  7
    1775.220	  7
    1775.400	  7
    1775.582	  7
    1775.750	  7
    1775.924	  7
    1776.088	  7
    1776.248	  7
    1776.416	  7
    1776.582	  7
    1776.736	  7
    1776.896	  7
    1777.102	  7
    1777.260	  7
    1777.436	  7
    1777.610	  7
    1777.784	  7
    1777.948	  7
    1778.124	  7
    1778.292	  7
    1778.478	  7
    1778.642	  7
    1778.810	  7
    1778.984	  7
    1779.176	  7
    1779.330	  7
    1779.500	  7
    1779.650	  7
    1779.822	  7
    1779.984	  7
    1780.144	  7
    1780.302	  7
    1780.472	  7
    1780.648	  7
    1780.820	  7
    1781.020	  7
    1781.180	  7
    1781.332	  7
    1781.510	  7
    1781.676	  7
    1781.852	  7
    1782.018	  7
    1782.192	  7
    1782.358	  7
    1782.522	  7
    1782.726	  7
    1782.880	  7
    1783.056	  7
    1783.224	  7
    1783.400	  7
    1783.564	  7
    1783.730	  7
    1783.896	  7
    1784.064	  7
    1784.236	  7
    1784.406	  7
    1784.594	  7
    1784.732	  7
    1784.902	  7
    1785.052	  7
    1785.220	  7
    1785.396	  7
    1785.570	  7
    1785.740	  7
    1785.916	  7
    1786.090	  7
    1786.264	  7
    1786.436	  7
    1786.650	  7
    1786.786	  7
    1786.928	  7
    1787.064	  7
    1787.222	  7
    1787.382	  7
    1787.546	  7
    1787.744	  7
    1787.894	  7
    1788.058	  7
    1788.220	  7
    1788.380	  7
    1788.554	  7
    1788.726	  7
    1788.892	  7
    1789.064	  7
    1789.240	  7
    1789.396	  7
    1789.564	  7
    1789.750	  7
    1789.906	  7
    1790.068	  7
    1790.232	  7
    1790.404	  7
    1790.574	  7
    1790.742	  7
    1790.908	  7
    1791.072	  7
    1791.234	  7
    1791.404	  7
    1791.558	  7
    1791.730	  7
    1791.900	  7
    1792.058	  7
    1792.234	  7
    1792.406	  7
    1792.580	  7
    1792.730	  7
    1792.882	  7
    1793.088	  7
    1793.230	  7
    1793.386	  7
    1794.362	  7
    1794.532	  7
    1794.716	  7
    1794.866	  7
    1795.028	  7
    1795.198	  7
    1795.354	  7
    1795.522	  7
    1795.682	  7
    1795.834	  7
    1796.016	  7
    1796.134	  7
    1796.302	  7
    1796.466	  7
    1796.638	  7
    1796.816	  7
    1796.976	  7
    1797.148	  7
    1797.320	  7
    1797.484	  7
    1797.656	  7
    1797.820	  7
    1797.960	  7
    1798.098	  7
    1798.236	  7
    1798.398	  7
    1798.568	  7
    1798.742	  7
    1798.912	  7
    1799.076	  7
    1799.248	  7
    1799.424	  7
    1799.570	  7
    1799.712	  7
    1799.842	  7
    1799.982	  7
    1800.360	  7
    1800.514	  7
    1800.674	  7
    1800.848	  7
    1801.024	  7
    1801.208	  7
    1801.372	  7
    1801.548	  7
    1801.710	  7
    1801.874	  7
    1802.054	  7
    1802.180	  7
    1802.308	  7
    1802.446	  7
    1802.606	  7
    1802.776	  7
    1802.944	  7
    1803.116	  7
    1803.320	  7
    1803.458	  7
    1803.638	  7
    1803.804	  7
    1803.964	  7
    1804.106	  7
    1804.236	  7
    1804.402	  7
    1804.782	  7
    1804.934	  7
    1805.104	  7
    1805.290	  7
    1805.450	  7
    1805.630	  7
    1805.830	  7
    1806.024	  7
    1806.160	  7
    1806.304	  7
    1806.440	  7
    1806.600	  7
    1806.762	  7
    1806.930	  7
    1807.072	  7
    1807.218	  7
    1807.394	  7
    1807.532	  7
    1807.690	  7
    1807.836	  7
    1807.972	  7
    1808.114	  7
    1808.290	  7
    1808.474	  7
    1808.658	  7
    1808.840	  7
    1808.984	  7
    1809.696	  7
    1809.872	  7
    1810.030	  7
    1810.214	  7
    1810.414	  7
    1810.584	  7
    1810.768	  7
    1810.958	  7
    1811.176	  7
    1811.318	  7
    1811.492	  7
    1811.650	  7
    1811.846	  7
    1812.432	  7
    1812.596	  7
    1812.996	  7
    1813.338	  7
    1813.458	  7
    1813.598	  7
    1813.804	  7
    1813.946	  7
    1814.064	  7
    1814.226	  7
    1814.404	  7
    1814.580	  7
    1814.842	  7
    1814.988	  7
    1815.166	  7
    1815.338	  7
    1817.372	  7
    1817.518	  7
    1817.688	  7
    1817.872	  7
    1818.054	  7
    1818.216	  7
    1818.384	  7
    1818.562	  7
    1818.700	  7
    1818.876	  7
    1819.066	  7
    1819.232	  7
    1819.368	  7
    1819.522	  7
    1819.648	  7
    1819.802	  7
    1820.344	  7
    1820.496	  7
    1820.642	  7
    1822.824	  7
    1824.184	  7
    1824.660	  7
    1824.870	  7
    1825.052	  7
    1825.268	  7
    1825.294	  7
    1825.454	  7
    1825.620	  7
    1825.830	  7
    1826.028	  7
    1826.250	  7
    1826.416	  7
    1826.796	  7
    1859.650	 53
    1859.660	 20
    1859.660	 27
    1879.680	 50
    1879.690	 10
    1888.846	  8
    1889.188	  8
    1890.012	  8
    1894.310	  8
    1894.694	  8
    1895.220	  8
    1896.196	  8
    1896.820	  8
    1897.626	  8
    1898.492	  8
    1899.048	  8
    1899.798	  8
    1900.538	  8
    1901.720	  8
    1903.110	  8
    1903.860	  8
    1904.366	  8
    1904.930	  8
    1905.234	  8
    1905.532	  8
    1906.000	  8
    1906.396	  8
    1906.594	  8
    1907.198	  8
    1908.070	  8
    1908.254	  8
    1909.264	  8
    1909.690	 53
    1909.862	  8
    1909.862	 20
    1909.862	 27
    1909.872	 28
    1909.872	 19
    1909.972	 29
    1910.166	  9
    1913.726	  8
    1929.992	 50
    1930.002	 10
    1947.462	  8
    1948.196	  8
    1948.868	  8
    1949.228	  8
    1950.036	  8
    1950.848	  8
    1951.230	  8
    1952.048	  8
    1952.572	  8
    1953.242	  8
    1953.574	  8
    1954.282	  8
    1954.636	  8
    1954.756	  8
    1955.058	  8
    1955.402	  8
    1955.900	  8
    1956.354	  8
    1956.726	  8
    1957.136	  8
    1957.518	  8
    1957.692	  8
    1958.058	  8
    1958.698	  8
    1958.870	  8
    1959.648	  8
    1959.960	  8
    1960.002	 53
    1960.176	  8
    1960.176	 20
    1960.176	 27
    1960.186	 28
    1960.186	 19
    1960.286	 29
    1960.480	  9
    1980.306	 51
    1980.316	 17
    2000.092	  8
    2000.886	  8
    2001.188	  8
    2003.144	  8
    2017.944	  8
    2019.250	  8
    2023.248	  8
    2026.910	  8
    2027.348	  8
    2028.812	  8
    2030.044	  8
    2030.842	  8
    2031.972	  8
    2032.716	  8
    2032.990	  8
    2033.718	  8
    2034.710	  8
    2036.114	  8
    2036.208	  8
    2036.472	  8
    2037.430	  8
    2038.040	  8
    2038.330	  8
    2039.370	  8
    2040.316	 53
    2044.272	  8
    2044.272	 20
    2044.272	 27
    2044.282	 28
    2044.282	 19
    2044.382	 29
    2044.576	  9
    2064.402	 50
    2064.412	 10
    2075.500	  7
    2075.728	  7
    2075.844	  7
    2075.980	  7
    2076.138	  7
    2076.290	  7
    2076.462	  7
    2076.620	  7
    2076.778	  7
    2076.964	  7
    2077.262	  7
    2077.408	  7
    2077.564	  7
    2077.724	  7
    2077.768	  7
    2077.880	  7
    2078.040	  7
    2078.200	  7
    2078.354	  7
    2078.550	  7
    2078.688	  7
    2078.854	  7
    2079.014	  7
    2079.172	  7
    2079.336	  7
    2079.494	  7
    2079.658	  7
    2079.822	  7
    2079.980	  7
    2080.148	  7
    2080.338	  7
    2080.468	  7
    2080.628	  7
    2080.792	  7
    2080.938	  7
    2081.100	  7
    2081.264	  7
    2081.420	  7
    2081.572	  7
    2081.726	  7
    2081.890	  7
    2082.054	  7
    2082.218	  7
    2082.396	  7
    2082.542	  7
    2082.704	  7
    2082.860	  7
    2083.018	  7
    2083.170	  7
    2083.312	  7
    2083.464	  7
    2083.612	  7
    2083.768	  7
    2083.916	  7
    2084.088	  7
    2084.228	  7
    2084.380	  7
    2084.534	  7
    2084.684	  7
    2084.832	  7
    2084.984	  7
    2085.140	  7
    2085.288	  7
    2085.438	  7
    2085.596	  7
    2085.754	  7
    2085.900	  7
    2086.054	  7
    2086.226	  7
    2086.386	  7
    2086.544	  7
    2086.704	  7
    2086.864	  7
    2087.004	  7
    2087.162	  7
    2087.380	  7
    2087.500	  7
    2087.658	  7
    2087.806	  7
    2087.966	  7
    2088.130	  7
    2088.276	  7
    2088.430	  7
    2088.592	  7
    2088.756	  7
    2088.914	  7
    2089.076	  7
    2089.238	  7
    2089.390	  7
    2089.540	  7
    2089.690	  7
    2089.848	  7
    2090.002	  7
    2090.156	  7
    2090.302	  7
    2090.446	  7
    2090.596	  7
    2090.774	  7
    2090.902	  7
    2091.054	  7
    2091.204	  7
    2091.362	  7
    2091.514	  7
    2091.668	  7
    2091.816	  7
    2091.972	  7
    2092.118	  7
    2092.268	  7
    2092.428	  7
    2092.570	  7
    2092.720	  7
    2092.862	  7
    2093.016	  7
    2093.166	  7
    2093.314	  7
    2093.462	  7
    2093.614	  7
    2093.774	  7
    2093.934	  7
    2094.126	  7
    2094.252	  7
    2094.376	  7
    2094.412	 53
    2094.532	  7
    2094.692	  7
    2094.856	  7
    2095.010	  7
    2095.170	  7
    2095.328	  7
    2095.484	  7
    2095.658	  7
    2095.834	  7
    2095.978	  7
    2096.124	  7
    2096.284	  7
    2096.428	  7
    2096.584	  7
    2096.738	  7
    2096.890	  7
    2097.044	  7
    2097.204	  7
    2097.370	  7
    2097.520	  7
    2097.668	  7
    2097.816	  7
    2097.984	  7
    2098.108	  7
    2098.330	  7
    2098.458	  7
    2098.602	  7
    2098.754	  7
    2098.916	  7
    2099.070	  7
    2099.234	  7
    2099.386	  7
    2099.548	  7
    2099.700	  7
    2099.868	  7
    2100.166	  7
    2100.310	  7
    2100.478	  7
    2100.710	  7
    2101.066	  7
    2101.552	  7
    2101.674	  7
    2101.820	  7
    2101.986	  7
    2102.156	  7
    2102.298	  7
    2102.448	  7
    2102.590	  7
    2102.746	  7
    2102.906	  7
    2103.210	  7
    2103.362	  7
    2103.506	  7
    2103.662	  7
    2103.826	  7
    2103.994	  7
    2104.146	  7
    2104.296	  7
    2104.450	  7
    2104.600	  7
    2104.774	  7
    2105.962	  8
    2105.962	 20
    2105.962	 27
    2105.972	 28
    2105.972	 19
    2106.072	 29
    2106.266	  9
    2107.298	  8
    2107.666	  8
    2126.092	 51
    2126.102	 17
    2155.728	  7
    2156.106	  7
    2156.682	  7
    2156.800	  7
    2156.948	  7
    2157.204	  7
    2157.482	  7
    2157.676	  7
    2157.822	  7
    2157.998	  7
    2158.214	  7
    2158.388	  7
    2158.568	  7
    2158.760	  7
    2158.932	  7
    2159.114	  7
    2159.282	  7
    2159.454	  7
    2159.630	  7
    2159.784	  7
    2159.950	  7
    2160.144	  7
    2160.296	  7
    2160.452	  7
    2160.630	  7
    2160.806	  7
    2160.968	  7
    2161.136	  7
    2161.304	  7
    2161.462	  7
    2161.632	  7
    2161.792	  7
    2161.958	  7
    2162.124	  7
    2162.292	  7
    2162.450	  7
    2162.622	  7
    2162.808	  7
    2162.974	  7
    2163.310	  7
    2163.484	  7
    2163.636	  7
    2163.802	  7
    2163.966	  7
    2164.140	  7
    2164.302	  7
    2164.476	  7
    2164.644	  7
    2164.814	  7
    2164.974	  7
    2165.140	  7
    2165.300	  7
    2165.456	  7
    2165.624	  7
    2165.818	  7
    2165.964	  7
    2166.088	  7
    2166.252	  7
    2166.412	  7
    2166.572	  7
    2166.748	  7
    2166.900	  7
    2167.060	  7
    2167.224	  7
    2167.390	  7
    2167.556	  7
    2167.712	  7
    2167.870	  7
    2168.030	  7
    2168.194	  7
    2168.352	  7
    2168.514	  7
    2168.676	  7
    2168.844	  7
    2168.996	  7
    2169.164	  7
    2169.322	  7
    2169.486	  7
    2169.656	  7
    2169.816	  7
    2169.980	  7
    2170.146	  7
    2170.308	  7
    2170.472	  7
    2170.656	  7
    2170.814	  7
    2171.144	  7
    2171.346	  7
    2171.478	  7
    2171.638	  7
    2171.790	  7
    2171.970	  7
    2172.112	  7
    2172.266	  7
    2172.432	  7
    2172.596	  7
    2172.762	  7
    2172.932	  7
    2173.096	  7
    2173.258	  7
    2173.434	  7
    2173.634	  7
    2173.774	  7
    2173.936	  7
    2174.098	  7
    2174.258	  7
    2174.424	  7
    2174.588	  7
    2174.762	  7
    2175.080	  7
    2175.260	  7
    2175.432	  7
    2175.594	  7
    2175.782	  7
    2175.934	  7
    2176.102	  7
    2176.274	  7
    2176.436	  7
    2176.626	  7
    2176.756	  7
    2176.898	  7
    2177.068	  7
    2177.238	  7
    2177.400	  7
    2177.554	  7
    2177.738	  7
    2177.876	  7
    2178.036	  7
    2178.198	  7
    2178.358	  7
    2178.520	  7
    2178.718	  7
    2178.862	  7
    2179.020	  7
    2179.180	  7
    2179.338	  7
    2179.476	  7
    2179.656	  7
    2179.808	  7
    2179.972	  7
    2180.130	  7
    2180.288	  7
    2180.444	  7
    2180.610	  7
    2180.792	  7
    2180.946	  7
    2181.104	  7
    2181.268	  7
    2181.422	  7
    2181.586	  7
    2181.746	  7
    2181.930	  7
    2182.074	  7
    2182.246	  7
    2182.420	  7
    2182.590	  7
    2182.760	  7
    2183.082	  7
    2183.258	  7
    2183.426	  7
    2183.588	  7
    2183.744	  7
    2183.916	  7
    2184.084	  7
    2184.258	  7
    2184.454	  7
    2184.572	  7
    2184.726	  7
    2184.890	  7
    2185.054	  7
    2185.218	  7
    2185.362	  7
    2185.550	  7
    2185.706	  7
    2186.030	  7
    2186.102	 53
    2186.190	  7
    2186.346	  7
    2186.502	  7
    2186.672	  7
    2186.822	  7
    2186.978	  7
    2187.130	  7
    2187.282	  7
    2187.436	  7
    2187.610	  7
    2187.748	  7
    2187.896	  7
    2188.058	  7
    2188.216	  7
    2188.362	  7
    2188.530	  7
    2188.666	  7
    2188.810	  7
    2188.956	  7
    2189.106	  7
    2189.264	  7
    2189.416	  7
    2189.558	  7
    2189.708	  7
    2189.860	  7
    2190.018	  7
    2190.178	  7
    2190.340	  7
    2190.506	  7
    2190.696	  7
    2190.806	  7
    2190.842	  7
    2191.162	  7
    2191.464	  7
    2191.670	  7
    2192.788	  7
    2192.948	  7
    2193.088	  7
    2193.238	  7
    2193.386	  7
    2193.536	  7
    2193.692	  7
    2193.862	  7
    2194.004	  7
    2194.160	  7
    2194.316	  7
    2194.470	  7
    2194.626	  7
    2194.806	  7
    2194.932	  7
    2195.078	  7
    2195.232	  7
    2196.356	  7
    2196.504	  7
    2196.654	  7
    2196.830	  7
    2196.956	  7
    2197.108	  7
    2197.260	  7
    2197.414	  7
    2197.606	  7
    2197.748	  7
    2197.832	  7
    2197.848	  7
    2197.990	  7
    2198.154	  7
    2198.302	  7
    2198.480	  7
    2198.946	  7
    2199.112	  7
    2199.268	  7
    2200.212	  7
    2200.382	  7
    2200.528	  7
    2200.672	  7
    2200.820	  7
    2200.970	  7
    2201.124	  7
    2201.282	  7
    2201.448	  7
    2201.588	  7
    2201.734	  7
    2201.884	  7
    2202.042	  7
    2202.230	  7
    2202.372	  7
    2203.872	  8
    2203.872	 20
    2203.872	 27
    2203.882	 28
    2203.882	 19
    2203.982	 29
    2204.176	  9
    2205.918	  8
    2206.904	  8
    2224.002	 52
    2224.012	 18
    2261.514	  7
    2263.486	  7
    2263.662	  7
    2263.912	  7
    2266.260	  7
    2266.598	  7
    2266.798	  7
    2267.196	  7
    2267.376	  7
    2267.544	  7
    2267.924	  7
    2268.598	  7
    2268.814	  7
    2269.040	  7
    2269.156	  7
    2269.552	  7
    2269.882	  7
    2270.054	  7
    2270.238	  7
    2270.428	  7
    2271.006	  7
    2271.206	  7
    2271.386	  7
    2271.554	  7
    2272.622	  7
    2273.018	  7
    2273.140	  7
    2273.262	  7
    2273.460	  7
    2273.574	  7
    2273.726	  7
    2273.878	  7
    2274.046	  7
    2274.220	  7
    2274.370	  7
    2274.488	  7
    2274.610	  7
    2274.780	  7
    2274.938	  7
    2275.106	  7
    2275.274	  7
    2275.436	  7
    2275.654	  7
    2275.802	  7
    2275.958	  7
    2276.124	  7
    2276.282	  7
    2276.452	  7
    2276.670	  7
    2276.762	  7
    2276.930	  7
    2277.110	  7
    2277.280	  7
    2277.452	  7
    2277.620	  7
    2277.832	  7
    2277.964	  7
    2278.114	  7
    2278.282	  7
    2278.448	  7
    2278.616	  7
    2278.782	  7
    2278.958	  7
    2279.114	  7
    2279.272	  7
    2279.446	  7
    2279.616	  7
    2279.768	  7
    2279.934	  7
    2280.150	  7
    2280.300	  7
    2280.428	  7
    2280.584	  7
    2280.746	  7
    2280.918	  7
    2281.078	  7
    2281.252	  7
    2281.422	  7
    2281.590	  7
    2281.758	  7
    2281.940	  7
    2282.112	  7
    2282.282	  7
    2282.438	  7
    2282.934	  7
    2283.092	  7
    2283.518	  7
    2283.686	  7
    2283.858	  7
    2284.028	  7
    2284.196	  7
    2284.362	  7
    2284.528	  7
    2284.742	  7
    2284.900	  7
    2285.044	  7
    2285.214	  7
    2285.390	  7
    2285.562	  7
    2285.730	  7
    2285.854	  7
    2286.018	  7
    2286.200	  7
    2286.330	  7
    2286.502	  7
    2286.658	  7
    2286.814	  7
    2286.984	  7
    2287.130	  7
    2287.442	  7
    2287.562	  7
    2287.730	  7
    2287.896	  7
    2288.062	  7
    2288.230	  7
    2288.394	  7
    2288.564	  7
    2288.784	  7
    2288.912	  7
    2289.066	  7
    2289.236	  7
    2289.742	  7
    2289.914	  7
    2290.056	  7
    2290.244	  7
    2290.420	  7
    2290.634	  7
    2290.782	  7
    2290.936	  7
    2291.120	  7
    2291.620	  7
    2291.774	  7
    2291.934	  7
    2292.100	  7
    2292.266	  7
    2292.412	  7
    2292.552	  7
    2292.706	  7
    2292.866	  7
    2293.038	  7
    2293.208	  7
    2293.364	  7
    2293.542	  7
    2293.726	  7
    2293.876	  7
    2294.044	  7
    2294.390	  7
    2294.530	  7
    2294.660	  7
    2294.826	  7
    2294.992	  7
    2295.150	  7
    2295.326	  7
    2295.490	  7
    2295.660	  7
    2295.828	  7
    2296.032	  7
    2296.284	  7
    2296.420	  7
    2296.566	  7
    2296.738	  7
    2296.896	  7
    2297.048	  7
    2297.198	  7
    2297.368	  7
    2297.530	  7
    2297.688	  7
    2298.242	  7
    2344.012	 53
    2344.022	 20
    2344.022	 27
    2364.042	 50
    2364.052	 10
    2376.108	  8
    2376.550	  8
    2376.900	  8
    2377.648	  8
    2378.548	  8
    2379.056	  8
    2379.666	  8
    2380.190	  8
    2380.822	  8
    2381.694	  8
    2382.320	  8
    2382.944	  8
    2383.434	  8
    2383.848	  8
    2385.400	  8
    2385.846	  8
    2386.222	  8
    2386.680	  8
    2387.032	  8
    2387.426	  8
    2387.844	  8
    2388.726	  8
    2389.322	  8
    2389.508	  8
    2389.964	  8
    2390.076	  8
    2390.310	  8
    2390.620	  8
    2391.010	  8
    2391.258	  8
    2391.474	  8
    2391.708	  8
    2392.074	  8
    2392.508	  8
    2392.782	  8
    2393.036	  8
    2393.366	  8
    2393.696	  8
    2393.958	  8
    2394.052	 53
    2394.272	  8
    2394.272	 20
    2394.272	 27
    2394.282	 28
    2394.282	 19
    2394.382	 29
    2394.576	  9
    2414.402	 51
    2414.412	 17
    2451.360	  8
    2451.578	  8
    2452.036	  8
    2452.486	  8
    2456.028	  8
    2456.384	  8
    2460.224	  8
    2461.200	  8
    2463.676	  8
    2465.830	  8
    2466.498	  8
    2467.742	  8
    2468.572	  8
    2473.812	  8
    2474.020	  8
    2474.412	 53
    2474.538	  8
    2474.538	 20
    2474.538	 27
    2474.548	 28
    2474.548	 19
    2474.648	 29
    2474.708	  8
    2474.842	  9
    2494.668	 51
    2494.678	 17
    2517.948	  8
    2518.704	  8
    2519.094	  8
    2519.318	  8
    2519.736	  8
    2521.226	  8
    2523.048	  8
    2523.434	  8
    2525.334	  8
    2525.954	  8
    2526.670	  8
    2527.100	  8
    2527.614	  8
    2527.936	  8
    2529.622	  8
    2531.186	  8
    2531.778	  8
    2532.072	  8
    2532.492	  8
    2532.832	  8
    2533.144	  8
    2533.610	  8
    2534.150	  8
    2534.518	  8
    2538.454	  8
    2538.614	  8
    2539.088	  8
    2539.898	  8
    2540.192	  8
    2541.062	  8
    2541.736	  8
    2542.166	  8
    2542.642	  8
    2543.024	  8
    2543.930	  8
    2544.320	  8
    2544.838	  8
    2545.218	  8
    2545.896	  8
    2546.316	  8
    2546.734	  8
    2547.080	  8
    2547.256	  8
    2547.674	  8
    2548.058	  8
    2549.342	  8
    2549.610	  8
    2550.076	  8
    2550.506	  8
    2550.864	  8
    2551.008	  8
    2551.554	  8
    2551.804	  8
    2552.140	  8
    2552.350	  8
    2552.658	  8
    2552.932	  8
    2553.124	  8
    2553.560	  8
    2553.980	  8
    2554.190	  8
    2554.678	 53
    2554.892	  8
    2554.892	 20
    2554.892	 27
    2554.902	 28
    2554.902	 19
    2555.002	 29
    2555.134	  8
    2555.196	  9
    2575.022	 52
    2575.032	 18
    2674.670	  8
    2695.032	 53
    2695.042	 20
    2695.042	 27
    2706.310	  7
    2706.968	  7
    2707.158	  7
    2711.406	  8
    2715.062	 50
    2715.072	 10
    2715.248	  8
    2717.172	  8
    2717.528	  8
    2718.258	  8
    2719.896	  8
    2722.058	  8
    2722.746	  8
    2723.000	  8
    2726.300	  8
    2726.754	  8
    2726.962	  8
    2727.118	  8
    2727.562	  8
    2728.102	  8
    2729.266	  8
    2730.134	  8
    2731.058	  8
    2732.134	  8
    2732.718	  8
    2733.276	  8
    2733.814	  8
    2734.112	  8
    2734.524	  8
    2734.810	  8
    2735.202	  8
    2735.560	  8
    2736.428	  8
    2737.098	  8
    2737.776	  8
    2738.166	  8
    2738.600	  8
    2738.852	  8
    2739.118	  8
    2739.230	  8
    2739.364	  8
    2739.660	  8
    2739.972	  8
    2740.022	  8
    2740.162	  8
    2740.654	  8
    2741.024	  8
    2741.476	  8
    2741.936	  8
    2742.274	  8
    2743.014	  8
    2743.126	  8
    2743.520	  8
    2743.838	  8
    2744.304	  8
    2744.688	  8
    2744.986	  8
    2745.072	 53
    2745.430	  8
    2745.430	 20
    2745.430	 27
    2745.440	 28
    2745.440	 19
    2745.540	 29
    2745.734	  9
    2765.560	 51
    2765.570	 17
    2782.442	  8
    2787.742	  8
    2788.250	  8
    2790.402	  8
    2793.036	  8
    2797.666	  8
    2798.372	  8
    2798.846	  8
    2802.418	  8
    2803.486	  8
    2804.582	  8
    2804.724	  8
    2804.902	  8
    2805.346	  8
    2806.592	  8
    2807.430	  8
    2807.912	  8
    2808.480	  8
    2809.804	  8
    2811.476	  8
    2811.784	  8
    2812.104	  8
    2812.944	  8
    2813.774	  8
    2814.378	  8
    2814.740	  8
    2815.626	  8
    2816.062	  8
    2816.484	  8
    2817.772	  8
    2818.014	  8
    2818.354	  8
    2818.872	  8
    2819.368	  8
    2820.432	  8
    2820.706	  8
    2821.982	  8
    2822.368	  8
    2823.034	  8
    2823.226	  8
    2823.544	  8
    2824.290	  8
    2824.574	  8
    2824.924	  8
    2825.570	 53
    2826.478	  8
    2826.478	 20
    2826.478	 27
    2826.488	 28
    2826.488	 19
    2826.588	 29
    2826.782	  9
    2827.610	  8
    2846.608	 50
    2846.618	 10
    2854.148	  8
    2854.538	  8
    2855.014	  8
    2855.538	  8
    2855.946	  8
    2856.492	  8
    2856.956	  8
    2857.348	  8
    2858.052	  8
    2858.180	  8
    2858.498	  8
    2859.600	  8
    2859.964	  8
    2860.284	  8
    2860.694	  8
    2860.960	  8
    2861.346	  8
    2861.724	  8
    2862.080	  8
    2862.330	  8
    2862.744	  8
    2863.106	  8
    2863.472	  8
    2863.762	  8
    2864.036	  8
    2864.382	  8
    2864.742	  8
    2865.046	  8
    2865.516	  8
    2865.896	  8
    2866.170	  8
    2866.580	  8
    2867.310	  8
    2867.468	  8
    2867.822	  8
    2868.130	  8
    2868.422	  8
    2868.618	  8
    2869.040	  8
    2869.344	  8
    2869.658	  8
    2869.946	  8
    2870.270	  8
    2870.348	  8
    2870.728	  8
    2870.942	  8
    2871.292	  8
    2871.684	  8
    2872.016	  8
    2872.222	  8
    2872.430	  8
    2872.700	  8
    2872.978	  8
    2873.310	  8
    2873.538	  8
    2873.914	  8
    2874.376	  8
    2874.916	  8
    2875.196	  8
    2875.582	  8
    2875.834	  8
    2875.954	  8
    2876.206	  8
    2876.466	  8
    2876.618	 53
    2877.226	  8
    2877.226	 20
    2877.226	 27
    2877.236	 28
    2877.236	 19
    2877.336	 29
    2877.374	  8
    2877.530	  9
    2897.356	 52
    2897.366	 18
    3017.366	 53
    3017.376	 20
    3017.376	 27
    3037.396	 50
    3037.406	 10
    3040.228	  8
    3040.486	  8
    3041.370	  8
    3042.692	  8
    3043.886	  8
    3045.970	  8
    3047.990	  8
    3050.232	  8
    3050.584	  8
    3052.440	  8
    3053.476	  8
    3053.638	  8
    3054.576	  8
    3056.128	  8
    3056.358	  8
    3056.990	  8
    3057.502	  8
    3058.504	  8
    3058.642	  8
    3059.256	  8
    3059.650	  8
    3059.830	  8
    3060.750	  8
    3061.428	  8
    3061.758	  8
    3062.038	  8
    3062.430	  8
    3062.592	  8
    3062.846	  8
    3063.126	  8
    3063.566	  8
    3064.080	  8
    3064.466	  8
    3064.740	  8
    3065.222	  8
    3065.534	  8
    3065.776	  8
    3066.176	  8
    3066.628	  8
    3066.942	  8
    3067.382	  8
    3067.406	 53
    3067.814	  8
    3067.814	 20
    3067.814	 27
    3067.824	 28
    3067.824	 19
    3067.924	 29
    3068.118	  9
    3087.944	 50
    3087.954	 10
    3094.980	  8
    3097.382	  8
    3099.820	  8
    3100.054	  8
    3100.150	  8
    3101.030	  8
    3101.798	  8
    3102.588	  8
    3103.614	  8
    3103.978	  8
    3105.032	  8
    3105.344	  8
    3105.746	  8
    3106.054	  8
    3106.408	  8
    3106.662	  8
    3106.994	  8
    3107.516	  8
    3107.848	  8
    3108.162	  8
    3108.466	  8
    3109.096	  8
    3109.146	  8
    3109.552	  8
    3109.962	  8
    3110.096	  8
    3110.574	  8
    3110.932	  8
    3111.152	  8
    3111.654	  8
    3111.980	  8
    3112.270	  8
    3112.536	  8
    3112.826	  8
    3113.166	  8
    3113.452	  8
    3113.736	  8
    3114.052	  8
    3114.374	  8
    3114.412	  8
    3114.922	  8
    3115.538	  8
    3115.788	  8
    3116.204	  8
    3116.478	  8
    3116.752	  8
    3117.076	  8
    3117.384	  8
    3117.954	 53
    3117.960	  8
    3117.960	 20
    3117.960	 27
    3117.970	 28
    3117.970	 19
    3118.070	 29
    3118.264	  9
    3138.090	 50
    3138.100	 10
    3144.022	  8
    3145.392	  8
    3146.264	  8
    3146.900	  8
    3163.952	  8
    3164.462	  8
    3164.780	  8
    3164.834	  8
    3165.138	  8
    3165.550	  8
    3166.454	  8
    3167.144	  8
    3167.820	  8
    3168.098	  8
    3168.100	 53
    3168.466	  8
    3168.466	 20
    3168.466	 27
    3168.476	 28
    3168.476	 19
    3168.576	 29
    3168.770	  9
    3188.596	 50
    3188.606	 10
    3195.154	  8
    3196.986	  8
    3197.066	  8
    3198.242	  8
    3199.394	  8
    3201.460	  8
    3205.296	  8
    3205.988	  8
    3206.486	  8
    3209.848	  8
    3210.242	  8
    3210.730	  8
    3211.366	  8
    3212.484	  8
    3213.198	  8
    3213.520	  8
    3213.904	  8
    3214.604	  8
    3214.918	  8
    3215.480	  8
    3216.186	  8
    3216.318	  8
    3216.682	  8
    3217.100	  8
    3217.316	  8
    3217.670	  8
    3218.148	  8
    3218.426	  8
    3218.606	 53
    3218.734	  8
    3218.734	 20
    3218.734	 27
    3218.744	 28
    3218.744	 19
    3218.844	 29
    3219.038	  9
    3238.864	 50
    3238.874	 10
    3244.676	  8
    3246.714	  8
    3248.272	  8
    3248.858	  8
    3249.594	  8
    3250.324	  8
    3250.710	  8
    3251.156	  8
    3251.634	  8
    3252.246	  8
    3254.412	  8
    3255.420	  8
    3257.898	  8
    3258.696	  8
    3259.258	  8
    3260.142	  8
    3261.238	  8
    3261.708	  8
    3262.056	  8
    3262.490	  8
    3262.856	  8
    3263.298	  8
    3264.000	  8
    3264.542	  8
    3264.926	  8
    3265.016	  8
    3265.358	  8
    3265.686	  8
    3266.132	  8
    3266.376	  8
    3266.834	  8
    3267.184	  8
    3267.486	  8
    3268.062	  8
    3268.398	  8
    3268.874	 53
    3268.954	  8
    3268.954	 20
    3268.954	 27
    3268.964	 28
    3268.964	 19
    3269.064	 29
    3269.258	  9
    3289.084	 51
    3289.094	 17
    3312.326	  7
    3312.424	  7
    3312.522	  7
    3312.642	  7
    3312.782	  7
    3312.934	  7
    3313.124	  7
    3313.292	  7
    3313.448	  7
    3313.618	  7
    3313.780	  7
    3313.942	  7
    3314.112	  7
    3314.270	  7
    3314.436	  7
    3314.594	  7
    3314.754	  7
    3314.908	  7
    3315.076	  7
    3315.246	  7
    3315.404	  7
    3315.568	  7
    3315.728	  7
    3315.918	  7
    3316.064	  7
    3316.230	  7
    3316.388	  7
    3316.542	  7
    3316.702	  7
    3316.866	  7
    3317.026	  7
    3317.192	  7
    3317.352	  7
    3317.510	  7
    3317.672	  7
    3317.822	  7
    3317.988	  7
    3318.156	  7
    3318.314	  7
    3318.496	  7
    3318.648	  7
    3318.800	  7
    3318.962	  7
    3319.118	  7
    3319.276	  7
    3319.442	  7
    3319.606	  7
    3319.776	  7
    3319.924	  7
    3320.078	  7
    3320.234	  7
    3320.394	  7
    3320.560	  7
    3320.726	  7
    3320.888	  7
    3321.046	  7
    3321.208	  7
    3321.356	  7
    3321.506	  7
    3321.658	  7
    3321.816	  7
    3321.970	  7
    3322.124	  7
    3322.298	  7
    3322.434	  7
    3322.586	  7
    3322.734	  7
    3322.888	  7
    3323.046	  7
    3323.200	  7
    3323.348	  7
    3323.526	  7
    3323.664	  7
    3323.830	  7
    3324.014	  7
    3324.142	  7
    3324.288	  7
    3324.440	  7
    3324.594	  7
    3324.762	  7
    3324.910	  7
    3325.056	  7
    3325.214	  7
    3325.368	  7
    3325.532	  7
    3325.708	  7
    3325.852	  7
    3326.004	  7
    3326.160	  7
    3326.306	  7
    3326.462	  7
    3326.640	  7
    3326.784	  7
    3326.918	  7
    3327.040	  7
    3327.192	  7
    3327.348	  7
    3327.536	  7
    3327.676	  7
    3327.830	  7
    3327.988	  7
    3328.140	  7
    3328.304	  7
    3328.466	  7
    3328.670	  7
    3328.818	  7
    3328.970	  7
    3329.142	  7
    3329.290	  7
    3329.460	  7
    3329.622	  7
    3329.804	  7
    3329.948	  7
    3330.094	  7
    3330.252	  7
    3330.402	  7
    3330.558	  7
    3330.706	  7
    3330.872	  7
    3331.014	  7
    3331.174	  7
    3331.334	  7
    3331.484	  7
    3331.644	  7
    3331.860	  7
    3331.994	  7
    3332.150	  7
    3332.304	  7
    3332.456	  7
    3332.602	  7
    3332.794	  7
    3332.936	  7
    3333.092	  7
    3333.252	  7
    3333.408	  7
    3333.556	  7
    3333.702	  7
    3333.868	  7
    3334.004	  7
    3334.148	  7
    3334.292	  7
    3334.444	  7
    3334.648	  7
    3334.770	  7
    3334.924	  7
    3335.080	  7
    3335.226	  7
    3335.382	  7
    3335.546	  7
    3336.312	  7
    3336.468	  7
    3336.634	  7
    3336.806	  7
    3336.958	  7
    3337.112	  7
    3337.262	  7
    3337.416	  7
    3337.566	  7
    3337.724	  7
    3338.010	  7
    3338.152	  7
    3338.308	  7
    3338.464	  7
    3338.618	  7
    3338.782	  7
    3338.978	  7
    3340.536	  8
    3340.700	  8
    3340.798	  8
    3341.038	  8
    3341.368	  8
    3341.784	  8
    3342.186	  8
    3342.486	  8
    3343.116	  8
    3343.556	  8
    3343.960	  8
    3344.374	  8
    3344.800	  8
    3345.208	  8
    3345.834	  8
    3346.112	  8
    3346.858	  8
    3347.286	  8
    3347.364	  8
    3347.508	  8
    3347.748	  8
    3348.066	  8
    3348.470	  8
    3348.804	  8
    3349.094	 53
    3349.120	  8
    3349.120	 20
    3349.120	 27
    3349.130	 28
    3349.130	 19
    3349.230	 29
    3349.424	  9
    3353.306	  8
    3369.250	 51
    3369.260	 17
    3385.478	  7
    3385.676	  7
    3387.354	  7
    3387.590	  7
    3387.698	  7
    3387.844	  7
    3387.990	  7
    3388.184	  7
    3388.360	  7
    3388.532	  7
    3388.708	  7
    3388.880	  7
    3389.222	  7
    3389.380	  7
    3389.544	  7
    3389.714	  7
    3389.880	  7
    3390.044	  7
    3390.208	  7
    3390.378	  7
    3390.546	  7
    3390.698	  7
    3390.860	  7
    3391.036	  7
    3391.204	  7
    3391.374	  7
    3391.538	  7
    3391.698	  7
    3391.864	  7
    3392.046	  7
    3392.202	  7
    3392.364	  7
    3392.550	  7
    3392.728	  7
    3392.898	  7
    3393.070	  7
    3393.226	  7
    3393.388	  7
    3393.548	  7
    3393.722	  7
    3393.882	  7
    3394.048	  7
    3394.210	  7
    3394.370	  7
    3394.528	  7
    3394.704	  7
    3394.868	  7
    3395.190	  7
    3395.362	  7
    3395.518	  7
    3395.680	  7
    3395.838	  7
    3395.992	  7
    3396.150	  7
    3396.316	  7
    3396.472	  7
    3396.628	  7
    3396.794	  7
    3396.948	  7
    3397.102	  7
    3397.268	  7
    3397.430	  7
    3397.594	  7
    3397.756	  7
    3397.908	  7
    3398.086	  7
    3398.246	  7
    3398.384	  7
    3398.520	  7
    3398.678	  7
    3398.714	  7
    3398.788	  7
    3398.972	  7
    3399.128	  7
    3399.286	  7
    3399.442	  7
    3399.614	  7
    3399.786	  7
    3399.958	  7
    3400.120	  7
    3400.268	  7
    3400.456	  7
    3400.612	  7
    3401.072	  7
    3401.224	  7
    3401.376	  7
    3401.532	  7
    3401.690	  7
    3401.846	  7
    3402.040	  7
    3402.188	  7
    3402.326	  7
    3402.664	  7
    3402.792	  7
    3402.936	  7
    3403.084	  7
    3403.242	  7
    3403.396	  7
    3403.570	  7
    3404.046	  7
    3404.206	  7
    3404.370	  7
    3404.528	  7
    3404.684	  7
    3404.838	  7
    3405.002	  7
    3405.150	  7
    3405.296	  7
    3405.444	  7
    3405.592	  7
    3405.738	  7
    3405.892	  7
    3406.048	  7
    3406.208	  7
    3406.380	  7
    3406.532	  7
    3406.688	  7
    3406.844	  7
    3407.004	  7
    3407.156	  7
    3407.322	  7
    3407.498	  7
    3408.418	  7
    3408.576	  7
    3408.718	  7
    3408.862	  7
    3409.012	  7
    3409.166	  7
    3409.316	  7
    3409.476	  7
    3409.662	  7
    3409.788	  7
    3409.940	  7
    3410.104	  7
    3410.256	  7
    3410.406	  7
    3410.564	  7
    3410.722	  7
    3411.332	  7
    3411.514	  7
    3411.662	  7
    3411.816	  7
    3411.968	  7
    3412.126	  7
    3412.278	  7
    3412.422	  7
    3412.586	  7
    3412.726	  7
    3412.874	  7
    3413.032	  7
    3413.182	  7
    3413.334	  7
    3413.486	  7
    3413.658	  7
    3413.804	  7
    3413.952	  7
    3414.106	  7
    3414.260	  7
    3414.414	  7
    3414.572	  7
    3414.736	  7
    3414.894	  7
    3415.006	  7
    3415.154	  7
    3415.308	  7
    3415.460	  7
    3415.614	  7
    3415.768	  7
    3415.932	  7
    3416.084	  7
    3416.228	  7
    3416.376	  7
    3416.530	  7
    3416.686	  7
    3416.844	  7
    3417.006	  7
    3417.166	  7
    3417.358	  7
    3418.746	  8
    3418.872	  8
    3419.236	  8
    3419.558	  8
    3419.886	  8
    3420.576	  8
    3421.036	  8
    3421.746	  8
    3422.180	  8
    3422.724	  8
    3423.476	  8
    3423.826	  8
    3424.346	  8
    3424.650	  8
    3424.954	  8
    3425.398	  8
    3425.682	  8
    3426.022	  8
    3426.644	  8
    3426.714	  8
    3427.060	  8
    3427.432	  8
    3427.824	  8
    3428.266	  8
    3429.260	 53
    3429.996	  8
    3429.996	 20
    3429.996	 27
    3430.006	 28
    3430.006	 19
    3430.106	 29
    3430.300	  9
    3450.126	 50
    3450.136	 10
    3470.162	  8
    3470.366	  8
    3470.870	  8
    3471.060	  8
    3471.574	  8
    3472.608	  8
    3472.930	  8
    3473.392	  8
    3473.686	  8
    3474.418	  8
    3474.812	  8
    3475.110	  8
    3475.536	  8
    3475.774	  8
    3476.262	  8
    3476.502	  8
    3476.888	  8
    3477.398	  8
    3477.578	  8
    3477.800	  8
    3478.114	  8
    3478.630	  8
    3478.978	  8
    3479.356	  8
    3480.136	 53
    3480.326	  8
    3480.326	 20
    3480.326	 27
    3480.336	 28
    3480.336	 19
    3480.436	 29
    3481.362	  9
    3500.456	 51
    3500.466	 17
    3520.206	  8
    3521.230	  8
    3521.314	  8
    3521.860	  8
    3522.306	  8
    3523.890	  8
    3526.894	  8
    3528.868	  8
    3530.424	  8
    3532.468	  8
    3534.666	  8
    3536.080	  8
    3536.750	  8
    3537.362	  8
    3537.664	  8
    3539.576	  8
    3540.080	  8
    3543.218	  8
    3543.956	  8
    3545.064	  8
    3545.744	  8
    3546.304	  8
    3546.648	  8
    3547.522	  8
    3548.190	  8
    3548.866	  8
    3550.096	  8
    3551.420	  8
    3552.652	  8
    3554.402	  8
    3555.040	  8
    3555.672	  8
    3555.790	  8
    3556.148	  8
    3556.632	  8
    3557.064	  8
    3557.714	  8
    3558.242	  8
    3558.740	  8
    3559.190	  8
    3560.064	  8
    3560.302	  8
    3560.374	  8
    3560.466	 53
    3560.498	  8
    3560.498	 20
    3560.498	 27
    3560.508	 28
    3560.508	 19
    3560.608	 29
    3560.794	  9
    3580.628	 50
    3580.638	 10
    3590.110	  7
    3590.232	  7
    3590.646	  7
    3590.810	  7
    3591.278	  7
    3591.438	  7
    3591.616	  7
    3591.796	  7
    3591.964	  7
    3592.142	  7
    3592.326	  7
    3592.520	  7
    3592.700	  7
    3592.888	  7
    3593.058	  7
    3593.240	  7
    3593.422	  7
    3593.600	  7
    3593.772	  7
    3593.950	  7
    3594.114	  7
    3594.280	  7
    3594.446	  7
    3594.612	  7
    3594.772	  7
    3594.934	  7
    3595.110	  7
    3595.258	  7
    3595.416	  7
    3595.596	  7
    3595.750	  7
    3595.914	  7
    3596.086	  7
    3596.266	  7
    3596.428	  7
    3596.590	  7
    3596.754	  7
    3596.932	  7
    3597.104	  7
    3597.258	  7
    3597.450	  7
    3597.594	  7
    3597.756	  7
    3597.910	  7
    3598.082	  7
    3598.260	  7
    3598.434	  7
    3598.604	  7
    3598.764	  7
    3598.930	  7
    3599.088	  7
    3599.252	  7
    3599.410	  7
    3599.594	  7
    3599.756	  7
    3599.914	  7
    3600.086	  7
    3600.248	  7
    3600.412	  7
    3600.580	  7
    3600.772	  7
    3600.890	  7
    3601.048	  7
    3601.212	  7
    3601.378	  7
    3601.560	  7
    3601.722	  7
    3601.900	  7
    3602.076	  7
    3602.236	  7
    3602.416	  7
    3602.588	  7
    3602.752	  7
    3602.924	  7
    3603.090	  7
    3603.256	  7
    3603.430	  7
    3603.612	  7
    3603.766	  7
    3603.936	  7
    3604.104	  7
    3604.270	  7
    3604.438	  7
    3604.600	  7
    3604.726	  7
    3604.896	  7
    3605.058	  7
    3605.392	  7
    3605.590	  7
    3605.744	  7
    3606.052	  7
    3606.218	  7
    3606.542	  7
    3606.712	  7
    3606.882	  7
    3607.004	  7
    3607.192	  7
    3607.360	  7
    3607.538	  7
    3607.682	  7
    3607.836	  7
    3607.994	  7
    3608.148	  7
    3608.306	  7
    3608.458	  7
    3608.618	  7
    3608.814	  7
    3608.956	  7
    3609.118	  7
    3609.278	  7
    3609.410	  7
    3609.564	  7
    3609.726	  7
    3609.896	  7
    3610.050	  7
    3610.368	  7
    3610.532	  7
    3610.638	 53
    3610.708	  7
    3610.996	  7
    3611.146	  7
    3611.302	  7
    3611.474	  7
    3611.776	  7
    3611.908	  7
    3612.060	  7
    3612.216	  7
    3612.386	  7
    3612.554	  7
    3612.734	  7
    3612.894	  7
    3613.208	  7
    3613.372	  7
    3613.700	  7
    3613.864	  7
    3614.012	  7
    3614.168	  7
    3614.338	  7
    3614.484	  7
    3614.632	  7
    3614.784	  7
    3614.940	  7
    3615.086	  7
    3615.238	  7
    3615.426	  7
    3615.752	  7
    3615.880	  7
    3617.058	  8
    3617.058	 20
    3617.058	 27
    3617.068	 28
    3617.068	 19
    3617.168	 29
    3617.208	  8
    3617.362	  9
    3637.188	 51
    3637.198	 17
    3660.868	  8
    3662.668	  8
    3665.848	  8
    3665.904	  8
    3671.702	  8
    3674.190	  8
    3676.090	  8
    3677.504	  8
    3678.144	  8
    3679.256	  8
    3680.134	  8
    3681.016	  8
    3681.420	  8
    3681.794	  8
    3682.260	  8
    3683.056	  8
    3683.772	  8
    3684.194	  8
    3684.760	  8
    3685.092	  8
    3685.806	  8
    3685.932	  8
    3686.060	  8
    3686.300	  8
    3686.752	  8
    3687.172	  8
    3687.550	  8
    3688.082	  8
    3688.558	  8
    3688.936	  8
    3689.316	  8
    3689.614	  8
    3690.132	  8
    3690.464	  8
    3691.004	  8
    3691.306	  8
    3691.704	  8
    3692.176	  8
    3692.624	  8
    3692.968	  8
    3693.290	  8
    3693.622	  8
    3693.980	  8
    3694.220	  8
    3694.448	  8
    3694.708	  8
    3694.948	  8
    3695.176	  8
    3695.410	  8
    3695.614	  8
    3695.716	  8
    3696.020	  8
    3696.378	  8
    3696.800	  8
    3697.054	  8
    3697.198	 53
    3697.340	  8
    3697.340	 20
    3697.340	 27
    3697.350	 28
    3697.350	 19
    3697.450	 29
    3697.644	  9
    3717.470	 51
    3717.480	 17
    3728.464	  7
    3728.590	  7
    3728.772	  7
    3728.944	  7
    3729.136	  7
    3729.882	  7
    3730.046	  7
    3730.236	  7
    3730.414	  7
    3730.650	  7
    3730.840	  7
    3731.080	  7
    3731.258	  7
    3731.682	  7
    3731.826	  7
    3732.012	  7
    3732.178	  7
    3732.398	  7
    3732.570	  7
    3732.762	  7
    3732.976	  7
    3733.112	  7
    3733.318	  7
    3733.490	  7
    3733.662	  7
    3733.840	  7
    3734.016	  7
    3734.192	  7
    3734.362	  7
    3734.538	  7
    3734.716	  7
    3734.924	  7
    3735.080	  7
    3735.272	  7
    3735.416	  7
    3735.586	  7
    3735.760	  7
    3735.930	  7
    3736.112	  7
    3736.276	  7
    3736.452	  7
    3736.632	  7
    3736.834	  7
    3736.986	  7
    3737.154	  7
    3737.316	  7
    3737.474	  7
    3737.650	  7
    3737.822	  7
    3738.000	  7
    3738.158	  7
    3738.322	  7
    3738.500	  7
    3738.702	  7
    3738.852	  7
    3739.016	  7
    3739.310	  7
    3739.444	  7
    3739.608	  7
    3739.786	  7
    3739.956	  7
    3740.124	  7
    3740.300	  7
    3740.500	  7
    3740.636	  7
    3740.792	  7
    3740.960	  7
    3741.148	  7
    3741.316	  7
    3741.488	  7
    3741.660	  7
    3741.844	  7
    3742.020	  7
    3742.196	  7
    3742.356	  7
    3742.546	  7
    3742.706	  7
    3742.864	  7
    3743.020	  7
    3743.180	  7
    3743.344	  7
    3743.508	  7
    3743.666	  7
    3743.818	  7
    3744.010	  7
    3744.138	  7
    3744.292	  7
    3744.448	  7
    3744.604	  7
    3744.764	  7
    3744.916	  7
    3745.078	  7
    3745.238	  7
    3745.380	  7
    3745.530	  7
    3745.688	  7
    3745.850	  7
    3746.020	  7
    3746.180	  7
    3746.346	  7
    3746.516	  7
    3746.690	  7
    3746.852	  7
    3747.126	  7
    3747.296	  7
    3747.698	  7
    3747.836	  7
    3747.964	  7
    3748.120	  7
    3748.286	  7
    3748.442	  7
    3748.612	  7
    3748.768	  7
    3748.944	  7
    3749.150	  7
    3749.274	  7
    3749.396	  7
    3749.554	  7
    3749.934	  7
    3750.058	  7
    3750.220	  7
    3750.376	  7
    3750.930	  7
    3751.074	  7
    3751.248	  7
    3751.380	  7
    3751.536	  7
    3751.696	  7
    3751.850	  7
    3752.010	  7
    3752.130	  7
    3752.288	  7
    3752.456	  7
    3752.618	  7
    3752.774	  7
    3752.934	  7
    3753.088	  7
    3753.250	  7
    3753.424	  7
    3753.976	  7
    3754.112	  7
    3754.258	  7
    3754.416	  7
    3754.578	  7
    3754.734	  7
    3754.882	  7
    3755.060	  7
    3755.216	  7
    3755.708	  7
    3755.866	  7
    3756.048	  7
    3756.360	  7
    3756.520	  7
    3756.674	  7
    3756.832	  7
    3757.014	  7
    3757.162	  7
    3757.316	  7
    3757.474	  7
    3757.638	  7
    3757.798	  7
    3757.946	  7
    3758.088	  7
    3758.248	  7
    3758.400	  7
    3758.566	  7
    3758.734	  7
    3758.916	  7
    3758.956	  7
    3759.058	  7
    3759.234	  7
    3759.362	  7
    3759.400	  7
    3759.594	  7
    3759.746	  7
    3761.722	  7
    3761.840	  7
    3761.990	  7
    3762.158	  7
    3762.486	  7
    3762.610	  7
    3762.768	  7
    3762.916	  7
    3763.064	  7
    3763.218	  7
    3763.540	  7
    3765.468	  8
    3766.044	  8
    3766.802	  8
    3767.320	  8
    3767.746	  8
    3768.064	  8
    3768.402	  8
    3768.740	  8
    3769.120	  8
    3769.276	  8
    3769.580	  8
    3770.088	  8
    3770.524	  8
    3770.912	  8
    3771.404	  8
    3771.730	  8
    3772.066	  8
    3772.504	  8
    3772.810	  8
    3773.066	  8
    3773.548	  8
    3773.894	  8
    3774.254	  8
    3774.390	  8
    3774.798	  8
    3775.052	  8
    3775.532	  8
    3775.864	  8
    3776.274	  8
    3776.466	  8
    3776.784	  8
    3777.270	  8
    3777.480	 53
    3777.650	  8
    3777.650	 20
    3777.650	 27
    3777.660	 28
    3777.660	 19
    3777.760	 29
    3777.954	  9
    3797.780	 52
    3797.790	 18
    3827.182	  5
    3839.148	  5
    3839.224	  5
    3917.790	 53
    3917.800	 20
    3917.800	 27
    3937.820	 51
    3937.830	 17
    3943.842	  8
    3945.338	  8
    3945.902	  8
    3946.062	  8
    3951.826	  8
    3957.162	  8
    3958.452	  8
    3960.110	  8
    3960.462	  8
    3963.514	  8
    3965.656	  8
    3966.034	  8
    3968.304	  8
    3969.542	  8
    3970.572	  8
    3971.822	  8
    3972.770	  8
    3973.148	  8
    3973.882	  8
    3974.178	  8
    3976.182	  8
    3977.672	  8
    3977.814	  8
    3978.178	  8
    3979.184	  8
    3979.742	  8
    3980.218	  8
    3981.252	  8
    3981.764	  8
    3982.574	  8
    3983.294	  8
    3983.706	  8
    3983.996	  8
    3984.408	  8
    3984.780	  8
    3985.544	  8
    3986.128	  8
    3986.810	  8
    3987.304	  8
    3987.834	  8
    3988.458	  8
    3988.982	  8
    3989.764	  8
    3990.056	  8
    3990.996	  8
    3991.424	  8
    3991.750	  8
    3992.198	  8
    3992.636	  8
    3993.294	  8
    3993.840	  8
    3994.300	  8
    3994.810	  8
    3995.318	  8
    3995.810	  8
    3996.184	  8
    3996.732	  8
    3997.536	  8
    3997.830	 53
    3998.636	  8
    3998.636	 20
    3998.636	 27
    3998.646	 28
    3998.646	 19
    3998.746	 29
    3999.040	  9
    4018.766	 50
    4018.776	 10
    4032.898	  8
    4033.148	  8
    4046.520	  8
    4047.194	  8
    4047.512	  8
    4047.600	  8
    4047.960	  8
    4048.270	  8
    4048.566	  8
    4048.776	 53
    4049.060	  8
    4049.060	 20
    4049.060	 27
    4049.070	 28
    4049.070	 19
    4049.170	 29
    4049.852	  9
    4069.190	 52
    4069.200	 18
    4095.828	  8
    4095.974	  8
    4098.496	  8
    4098.692	  8
    4107.206	  8
    4132.690	  8
    4138.190	  8
    4156.650	  8
    4189.200	 53
    4189.210	 20
    4189.210	 27
    4209.230	 50
    4209.240	 10
    4214.544	  8
    4215.528	  8
    4216.486	  8
    4217.136	  8
    4219.310	  8
    4220.852	  8
    4222.832	  8
    4223.212	  8
    4223.378	  8
    4223.662	  8
    4225.542	  8
    4226.172	  8
    4226.604	  8
    4226.984	  8
    4227.368	  8
    4227.882	  8
    4228.346	  8
    4229.040	  8
    4229.356	  8
    4229.838	  8
    4230.678	  8
    4231.046	  8
    4231.448	  8
    4231.700	  8
    4232.022	  8
    4232.550	  8
    4232.870	  8
    4233.320	  8
    4233.350	  8
    4233.744	  8
    4233.910	  8
    4234.522	  8
    4234.746	  8
    4235.196	  8
    4235.486	  8
    4235.714	  8
    4235.896	  8
    4236.106	  8
    4236.738	  8
    4236.982	  8
    4237.186	  8
    4237.232	  8
    4237.592	  8
    4237.864	  8
    4238.138	  8
    4238.440	  8
    4239.006	  8
    4239.194	  8
    4239.240	 53
    4239.580	  8
    4239.580	 20
    4239.580	 27
    4239.590	 28
    4239.590	 19
    4239.690	 29
    4239.884	  9
    4259.710	 51
    4259.720	 17
    4285.560	  7
    4285.686	  7
    4285.998	  7
    4286.142	  7
    4286.372	  7
    4286.578	  7
    4286.760	  7
    4286.962	  7
    4287.158	  7
    4287.354	  7
    4287.524	  7
    4287.682	  7
    4287.856	  7
    4288.006	  7
    4288.166	  7
    4288.330	  7
    4288.494	  7
    4288.646	  7
    4288.810	  7
    4288.988	  7
    4289.132	  7
    4289.316	  7
    4289.490	  7
    4289.644	  7
    4289.818	  7
    4289.964	  7
    4290.122	  7
    4290.280	  7
    4290.448	  7
    4290.614	  7
    4290.780	  7
    4290.932	  7
    4291.108	  7
    4291.278	  7
    4291.430	  7
    4291.582	  7
    4291.734	  7
    4291.894	  7
    4292.068	  7
    4292.226	  7
    4292.384	  7
    4292.556	  7
    4292.720	  7
    4292.908	  7
    4293.046	  7
    4293.210	  7
    4293.390	  7
    4293.552	  7
    4293.720	  7
    4293.890	  7
    4294.228	  7
    4294.434	  7
    4294.578	  7
    4294.744	  7
    4294.906	  7
    4295.074	  7
    4295.234	  7
    4295.396	  7
    4295.554	  7
    4295.760	  7
    4295.886	  7
    4296.046	  7
    4296.212	  7
    4296.388	  7
    4296.552	  7
    4296.714	  7
    4296.876	  7
    4297.044	  7
    4297.214	  7
    4297.388	  7
    4297.582	  7
    4297.724	  7
    4297.888	  7
    4298.046	  7
    4298.198	  7
    4298.366	  7
    4298.520	  7
    4298.686	  7
    4298.858	  7
    4299.010	  7
    4299.172	  7
    4299.344	  7
    4299.512	  7
    4299.680	  7
    4299.842	  7
    4300.022	  7
    4300.190	  7
    4300.376	  7
    4300.528	  7
    4300.712	  7
    4300.864	  7
    4301.030	  7
    4301.182	  7
    4301.338	  7
    4301.504	  7
    4301.684	  7
    4301.850	  7
    4301.992	  7
    4302.154	  7
    4302.310	  7
    4302.476	  7
    4302.644	  7
    4302.804	  7
    4302.970	  7
    4303.144	  7
    4303.344	  7
    4303.482	  7
    4303.638	  7
    4303.796	  7
    4303.952	  7
    4304.108	  7
    4304.266	  7
    4304.418	  7
    4304.594	  7
    4304.738	  7
    4304.898	  7
    4305.048	  7
    4305.206	  7
    4305.362	  7
    4305.508	  7
    4305.650	  7
    4305.864	  7
    4305.980	  7
    4306.138	  7
    4306.294	  7
    4306.430	  7
    4306.598	  7
    4306.764	  7
    4306.926	  7
    4307.120	  7
    4307.260	  7
    4307.416	  7
    4307.574	  7
    4307.720	  7
    4307.882	  7
    4308.036	  7
    4308.206	  7
    4308.348	  7
    4308.504	  7
    4308.790	  7
    4308.942	  7
    4309.110	  7
    4309.294	  7
    4309.442	  7
    4309.614	  7
    4309.780	  7
    4309.924	  7
    4310.086	  7
    4310.252	  7
    4310.410	  7
    4310.592	  7
    4310.732	  7
    4310.882	  7
    4311.028	  7
    4311.198	  7
    4311.338	  7
    4311.480	  7
    4311.636	  7
    4311.788	  7
    4311.960	  7
    4312.102	  7
    4312.252	  7
    4312.406	  7
    4312.552	  7
    4312.704	  7
    4312.864	  7
    4313.162	  7
    4313.300	  7
    4313.496	  7
    4313.708	  7
    4313.848	  7
    4314.002	  7
    4315.420	  8
    4315.716	  8
    4316.012	  8
    4316.412	  8
    4317.084	  8
    4317.456	  8
    4318.024	  8
    4318.456	  8
    4318.942	  8
    4319.286	  8
    4319.558	  8
    4319.720	 53
    4319.946	  8
    4319.946	 20
    4319.946	 27
    4319.956	 28
    4319.956	 19
    4320.056	 29
    4320.250	  9
    4321.176	  8
    4340.076	 50
    4340.086	 10
    4355.434	  8
    4356.512	  8
    4357.378	  8
    4358.266	  8
    4358.988	  8
    4359.316	  8
    4360.280	  8
    4360.970	  8
    4361.348	  8
    4361.722	  8
    4362.080	  8
    4362.462	  8
    4362.752	  8
    4362.992	  8
    4363.140	  8
    4363.710	  8
    4364.374	  8
    4364.582	  8
    4365.184	  8
    4365.514	  8
    4365.912	  8
    4366.184	  8
    4366.484	  8
    4366.966	  8
    4367.212	  8
    4367.382	  8
    4367.868	  8
    4368.616	  8
    4368.944	  8
    4369.254	  8
    4369.668	  8
    4370.086	 53
    4370.102	  8
    4370.102	 20
    4370.102	 27
    4370.112	 28
    4370.112	 19
    4370.212	 29
    4370.406	  9
    4377.044	  8
    4390.232	 50
    4390.242	 10
    4409.208	  8
    4409.644	  8
    4410.184	  8
    4411.104	  8
    4411.978	  8
    4412.368	  8
    4413.016	  8
    4413.200	  8
    4413.664	  8
    4413.980	  8
    4414.308	  8
    4414.672	  8
    4414.958	  8
    4415.338	  8
    4415.474	  8
    4415.938	  8
    4416.088	  8
    4416.716	  8
    4416.966	  8
    4417.246	  8
    4417.440	  8
    4417.778	  8
    4418.116	  8
    4418.904	  8
    4419.164	  8
    4419.530	  8
    4419.874	  8
    4420.242	 53
    4420.260	  8
    4420.260	 20
    4420.260	 27
    4420.270	 28
    4420.270	 19
    4420.370	 29
    4420.564	  9
    4440.390	 52
    4440.400	 18
    4560.400	 53
    4560.410	 20
    4560.410	 27
    4580.430	 51
    4580.440	 17
    4591.322	  8
    4594.272	  8
    4610.302	  8
    4614.108	  8
    4615.708	  8
    4616.544	  8
    4619.836	  8
    4628.198	  8
    4629.442	  8
    4630.356	  8
    4631.728	  8
    4632.392	  8
    4633.334	  8
    4634.098	  8
    4634.846	  8
    4636.368	  8
    4637.440	  8
    4637.884	  8
    4638.152	  8
    4638.422	  8
    4638.972	  8
    4640.174	  8
    4640.440	 53
    4640.762	  8
    4640.762	 20
    4640.762	 27
    4640.772	 28
    4640.772	 19
    4640.872	 29
    4640.908	  8
    4641.066	  9
    4660.892	 51
    4660.902	 17
    4677.930	  7
    4678.284	  7
    4678.428	  7
    4678.580	  7
    4679.608	  7
    4679.638	  7
    4679.818	  7
    4679.954	  7
    4680.126	  7
    4680.302	  7
    4680.490	  7
    4680.666	  7
    4680.840	  7
    4681.016	  7
    4681.188	  7
    4681.370	  7
    4681.536	  7
    4681.700	  7
    4681.862	  7
    4682.034	  7
    4682.208	  7
    4682.368	  7
    4682.548	  7
    4682.744	  7
    4682.916	  7
    4683.334	  7
    4683.468	  7
    4683.632	  7
    4683.762	  7
    4683.936	  7
    4684.154	  7
    4684.322	  7
    4684.486	  7
    4684.674	  7
    4684.840	  7
    4685.004	  7
    4685.170	  7
    4685.328	  7
    4685.510	  7
    4685.660	  7
    4685.822	  7
    4685.992	  7
    4686.158	  7
    4686.316	  7
    4690.902	  7
    4691.098	  7
    4691.272	  7
    4691.440	  7
    4691.604	  7
    4691.774	  7
    4691.952	  7
    4692.118	  7
    4692.302	  7
    4692.454	  7
    4692.608	  7
    4692.772	  7
    4692.936	  7
    4693.106	  7
    4693.268	  7
    4693.430	  7
    4693.584	  7
    4693.734	  7
    4693.930	  7
    4694.070	  7
    4694.216	  7
    4694.382	  7
    4694.548	  7
    4694.712	  7
    4694.864	  7
    4695.026	  7
    4695.188	  7
    4695.360	  7
    4695.520	  7
    4695.730	  7
    4695.870	  7
    4696.028	  7
    4696.190	  7
    4696.356	  7
    4696.518	  7
    4696.678	  7
    4696.848	  7
    4697.002	  7
    4697.178	  7
    4697.300	  7
    4697.474	  7
    4697.624	  7
    4697.782	  7
    4697.944	  7
    4698.106	  7
    4698.276	  7
    4698.448	  7
    4698.612	  7
    4698.782	  7
    4698.950	  7
    4699.136	  7
    4699.268	  7
    4699.428	  7
    4699.590	  7
    4699.744	  7
    4699.878	  7
    4700.038	  7
    4700.178	  7
    4700.338	  7
    4700.522	  7
    4700.668	  7
    4700.824	  7
    4700.994	  7
    4701.156	  7
    4702.660	  7
    4702.822	  7
    4702.984	  7
    4703.164	  7
    4703.326	  7
    4703.488	  7
    4703.648	  7
    4703.808	  7
    4703.954	  7
    4704.144	  7
    4704.276	  7
    4704.442	  7
    4704.600	  7
    4704.762	  7
    4704.926	  7
    4705.094	  7
    4705.258	  7
    4705.422	  7
    4705.578	  7
    4705.730	  7
    4705.904	  7
    4706.050	  7
    4706.210	  7
    4706.386	  7
    4706.534	  7
    4706.700	  7
    4706.858	  7
    4707.010	  7
    4707.168	  7
    4707.350	  7
    4707.486	  7
    4707.650	  7
    4707.804	  7
    4707.978	  7
    4708.272	  7
    4708.420	  7
    4708.560	  7
    4708.712	  7
    4708.902	  7
    4709.038	  7
    4709.196	  7
    4709.352	  7
    4709.522	  7
    4710.786	  8
    4710.934	  8
    4711.624	  8
    4711.936	  8
    4712.370	  8
    4712.866	  8
    4713.322	  8
    4713.596	  8
    4714.068	  8
    4714.668	  8
    4714.970	  8
    4715.300	  8
    4715.682	  8
    4716.072	  8
    4716.528	  8
    4716.910	  8
    4717.416	  8
    4718.082	  8
    4718.574	  8
    4718.984	  8
    4719.356	  8
    4719.636	  8
    4719.882	  8
    4720.250	  8
    4720.762	  8
    4720.902	 53
    4721.270	  8
    4721.270	 20
    4721.270	 27
    4721.280	 28
    4721.280	 19
    4721.380	 29
    4721.574	  9
    4741.400	 51
    4741.410	 17
    4748.838	  8
    4778.528	  7
    4781.048	  7
    4784.146	  8
    4786.504	  8
    4786.900	  8
    4787.944	  8
    4788.802	  8
    4790.198	  8
    4791.524	  8
    4791.900	  8
    4792.448	  8
    4793.498	  8
    4794.022	  8
    4794.420	  8
    4794.856	  8
    4795.684	  8
    4796.194	  8
    4796.306	  8
    4796.696	  8
    4797.358	  8
    4797.846	  8
    4798.368	  8
    4799.146	  8
    4800.404	  8
    4800.906	  8
    4801.410	 53
    4801.504	  8
    4801.504	 20
    4801.504	 27
    4801.514	 28
    4801.514	 19
    4801.614	 29
    4801.808	  9
    4821.634	 51
    4821.644	 17
    4848.610	  7
    4848.888	  7
    4849.008	  7
    4849.154	  7
    4849.314	  7
    4849.480	  7
    4849.686	  7
    4849.844	  7
    4850.030	  7
    4850.198	  7
    4850.378	  7
    4850.544	  7
    4850.722	  7
    4850.904	  7
    4851.086	  7
    4851.262	  7
    4851.440	  7
    4851.610	  7
    4851.786	  7
    4851.954	  7
    4852.122	  7
    4852.308	  7
    4852.466	  7
    4852.646	  7
    4852.828	  7
    4852.996	  7
    4853.150	  7
    4853.332	  7
    4853.516	  7
    4853.652	  7
    4853.826	  7
    4854.008	  7
    4854.172	  7
    4854.342	  7
    4854.520	  7
    4854.694	  7
    4854.864	  7
    4855.034	  7
    4855.192	  7
    4855.362	  7
    4855.548	  7
    4855.710	  7
    4855.860	  7
    4856.040	  7
    4856.202	  7
    4856.362	  7
    4856.522	  7
    4856.682	  7
    4856.844	  7
    4857.010	  7
    4857.178	  7
    4857.356	  7
    4857.526	  7
    4857.682	  7
    4857.852	  7
    4858.018	  7
    4858.184	  7
    4858.364	  7
    4858.532	  7
    4858.692	  7
    4858.848	  7
    4859.016	  7
    4859.176	  7
    4859.338	  7
    4859.502	  7
    4859.670	  7
    4859.838	  7
    4860.000	  7
    4860.158	  7
    4860.316	  7
    4860.482	  7
    4860.670	  7
    4860.800	  7
    4860.936	  7
    4861.092	  7
    4861.256	  7
    4861.410	  7
    4861.568	  7
    4861.728	  7
    4861.898	  7
    4862.052	  7
    4862.218	  7
    4862.384	  7
    4862.574	  7
    4862.726	  7
    4862.900	  7
    4863.068	  7
    4863.236	  7
    4863.410	  7
    4863.570	  7
    4863.734	  7
    4863.894	  7
    4864.078	  7
    4864.226	  7
    4864.378	  7
    4864.548	  7
    4864.706	  7
    4864.874	  7
    4865.046	  7
    4865.190	  7
    4865.386	  7
    4865.518	  7
    4865.680	  7
    4865.854	  7
    4866.016	  7
    4866.194	  7
    4866.368	  7
    4866.538	  7
    4866.708	  7
    4866.862	  7
    4867.034	  7
    4867.218	  7
    4867.382	  7
    4867.546	  7
    4867.710	  7
    4867.874	  7
    4868.038	  7
    4868.196	  7
    4868.366	  7
    4868.530	  7
    4868.724	  7
    4868.870	  7
    4869.004	  7
    4869.154	  7
    4869.320	  7
    4869.488	  7
    4869.650	  7
    4869.816	  7
    4869.986	  7
    4870.160	  7
    4870.342	  7
    4870.490	  7
    4870.644	  7
    4870.808	  7
    4870.964	  7
    4871.122	  7
    4871.284	  7
    4871.440	  7
    4871.602	  7
    4871.758	  7
    4871.912	  7
    4872.068	  7
    4872.238	  7
    4872.410	  7
    4872.568	  7
    4872.730	  7
    4872.886	  7
    4873.032	  7
    4873.186	  7
    4873.344	  7
    4873.532	  7
    4873.672	  7
    4873.816	  7
    4874.080	  7
    4874.202	  7
    4874.354	  7
    4874.512	  7
    4874.672	  7
    4874.840	  7
    4875.004	  7
    4875.176	  7
    4875.334	  7
    4875.502	  7
    4875.674	  7
    4875.848	  7
    4876.016	  7
    4876.168	  7
    4876.324	  7
    4876.496	  7
    4876.680	  7
    4876.838	  7
    4876.996	  7
    4877.166	  7
    4877.326	  7
    4877.478	  7
    4877.644	  7
    4877.814	  7
    4877.982	  7
    4878.162	  7
    4878.314	  7
    4878.478	  7
    4878.638	  7
    4878.796	  7
    4878.960	  7
    4879.122	  7
    4879.290	  7
    4879.456	  7
    4879.612	  7
    4879.798	  7
    4879.950	  7
    4880.118	  7
    4880.292	  7
    4880.444	  7
    4880.602	  7
    4880.762	  7
    4880.922	  7
    4881.068	  7
    4881.246	  7
    4881.398	  7
    4881.564	  7
    4881.644	 53
    4881.738	  7
    4881.900	  7
    4882.054	  7
    4882.214	  7
    4882.384	  7
    4882.552	  7
    4882.734	  7
    4882.886	  7
    4883.026	  7
    4883.194	  7
    4883.356	  7
    4883.524	  7
    4883.694	  7
    4883.856	  7
    4884.024	  7
    4884.192	  7
    4884.382	  7
    4884.530	  7
    4884.690	  7
    4884.854	  7
    4885.022	  7
    4885.182	  7
    4885.338	  7
    4885.500	  7
    4885.646	  7
    4885.804	  7
    4885.966	  7
    4886.132	  7
    4886.278	  7
    4886.432	  7
    4886.584	  7
    4886.748	  7
    4886.902	  7
    4887.058	  7
    4887.200	  7
    4887.380	  7
    4887.520	  7
    4887.676	  7
    4887.838	  7
    4887.996	  7
    4888.196	  7
    4888.376	  7
    4888.522	  7
    4888.670	  7
    4888.842	  7
    4888.992	  7
    4889.138	  7
    4889.302	  7
    4889.618	  7
    4889.796	  7
    4890.110	  7
    4890.242	  7
    4890.392	  7
    4890.550	  7
    4890.704	  7
    4890.868	  7
    4891.032	  7
    4891.188	  7
    4891.358	  7
    4891.552	  7
    4892.828	  8
    4892.828	 20
    4892.828	 27
    4892.838	 28
    4892.838	 19
    4892.928	  8
    4892.938	 29
    4892.948	 61
