       6.688	  8
      15.178	  7
      15.664	  7
      15.894	  7
      16.462	  7
      16.590	  7
      20.010	 52
      20.020	 10
      21.928	  8
      22.206	  8
      23.502	  8
      37.958	  8
      38.640	  8
      39.104	  8
      69.080	  8
      69.990	  8
      70.148	  8
      70.390	  8
      70.586	  8
      70.656	  8
      71.942	  8
      72.754	  8
      72.804	  8
      73.088	  8
      73.290	  8
      73.322	  8
      81.904	  8
      83.384	  8
      83.596	  8
      84.216	  8
      84.490	  8
      84.950	  8
      85.958	  8
      88.890	  7
      89.078	  7
      92.330	  8
      92.518	  8
      92.700	  8
      92.762	  8
      92.788	  8
      92.846	  8
      93.130	  8
      93.844	  8
      94.284	  8
      95.796	  8
      95.836	  8
      96.098	  8
      96.516	  8
      99.070	  8
      99.446	  8
      99.676	  8
      99.956	  8
     100.024	  8
     100.076	  8
     100.300	  8
     101.364	  8
     101.836	  8
     102.344	  8
     102.854	  8
     103.008	  8
     103.176	  8
     105.402	  8
     105.844	  8
     106.042	  8
     106.080	  8
     106.424	  8
     106.630	  8
     106.934	  8
     107.034	  8
     107.406	  8
     109.428	  7
     109.542	  7
     109.692	  7
     109.864	  7
     110.020	  7
     110.224	  7
     110.374	  7
     110.580	  7
     110.764	  7
     110.912	  7
     111.120	  7
     111.274	  7
     111.484	  7
     111.646	  7
     111.842	  7
     112.036	  7
     112.200	  7
     112.400	  7
     112.556	  7
     112.768	  7
     112.966	  7
     113.168	  7
     113.336	  7
     113.552	  7
     113.714	  7
     113.914	  7
     114.108	  7
     114.308	  7
     114.496	  7
     114.678	  7
     114.868	  7
     115.054	  7
     115.244	  7
     115.430	  7
     115.612	  7
     115.844	  7
     115.982	  7
     116.180	  7
     116.348	  7
     116.530	  7
     116.716	  7
     116.884	  7
     117.074	  7
     117.242	  7
     117.440	  7
     117.630	  7
     117.806	  7
     117.990	  7
     118.152	  7
     118.358	  7
     118.504	  7
     118.720	  7
     118.874	  7
     119.072	  7
     119.246	  7
     119.426	  7
     119.596	  7
     119.770	  7
     119.944	  7
     120.100	  7
     120.308	  7
     120.450	  7
     120.650	  7
     120.816	  7
     121.002	  7
     121.170	  7
     121.358	  7
     121.532	  7
     121.698	  7
     121.864	  7
     122.064	  7
     122.224	  7
     122.384	  7
     122.556	  7
     122.740	  7
     122.908	  7
     123.106	  7
     123.266	  7
     123.450	  7
     123.622	  7
     123.784	  7
     123.952	  7
     124.888	  8
     125.014	  8
     125.240	  8
     125.366	  8
     125.978	  8
     126.222	  8
     126.274	  8
     126.720	  8
     126.854	  8
     126.908	  8
     127.100	  8
     127.194	  8
     127.362	  8
     127.496	  8
     128.044	  8
     128.662	  8
     128.780	  8
     129.238	  8
     129.376	  8
     129.516	  8
     129.698	  8
     129.960	  8
     130.672	  8
     130.962	  8
     131.222	  8
     131.366	  8
     131.596	  8
     131.890	  8
     132.050	  8
     132.170	  8
     132.284	  8
     132.970	  8
     133.550	  8
     133.720	  8
     133.862	  8
     133.934	  8
     134.130	  8
     134.234	  8
     134.486	  8
     134.738	  8
     134.788	  8
     135.284	  8
     135.788	  8
     138.862	  8
     139.100	  8
     139.820	  8
     140.020	 53
     141.464	  8
     141.464	 20
     141.464	 27
     141.474	 28
     141.474	 19
     141.574	 29
     141.614	  8
     141.742	  9
     161.594	 50
     161.604	 18
     184.196	  8
     184.888	  8
     185.518	  8
     186.048	  8
     186.190	  8
     186.358	  8
     186.754	  8
     187.236	  8
     187.942	  8
     188.018	  8
     188.372	  8
     189.342	  8
     190.248	  8
     190.318	  8
     190.430	  8
     190.560	  8
     190.902	  8
     191.554	  8
     191.604	 53
     191.972	  8
     191.972	 20
     191.972	 27
     191.982	 28
     191.982	 19
     192.082	 29
     192.170	  8
     192.250	  9
     196.338	  8
     196.482	  8
     212.102	 51
     212.112	 17
     230.308	  5
     243.740	  8
     262.592	  8
     262.966	  8
     272.112	 53
     272.122	 20
     272.122	 27
     292.142	 52
     292.152	 10
     301.544	  8
     302.162	  8
     311.812	  8
     312.056	  8
     312.182	  8
     318.390	  8
     318.984	  8
     320.908	  8
     320.952	  8
     340.520	  8
     341.774	  8
     341.834	  8
     343.136	  8
     343.188	  8
     343.508	  8
     344.086	  8
     347.798	  8
     348.078	  8
     348.162	  8
     348.774	  8
     348.948	  8
     349.114	  8
     349.296	  8
     349.594	  8
     351.854	  8
     352.492	  8
     354.690	  8
     358.380	  8
     358.712	  8
     358.830	  8
     360.672	  8
     361.178	  8
     361.260	  8
     361.942	  8
     361.994	  8
     363.240	  8
     364.154	  8
     364.340	  8
     364.606	  8
     364.764	  8
     364.872	  8
     365.678	  8
     366.040	  8
     366.160	  8
     366.260	  8
     366.666	  8
     366.950	  8
     367.160	  8
     367.478	  8
     368.854	  8
     368.904	  8
     369.978	  8
     370.720	  8
     370.754	  8
     374.122	  8
     375.218	  8
     375.608	  8
     375.810	  8
     376.160	  8
     376.792	  8
     376.880	  8
     377.240	  8
     377.898	  8
     378.106	  8
     378.662	  8
     378.724	  8
     379.090	  8
     379.196	  8
     379.256	  8
     379.470	  8
     379.924	  8
     379.994	  8
     380.468	  8
     381.394	  8
     384.416	  8
     385.880	  7
     385.990	  7
     386.148	  7
     386.302	  7
     386.446	  7
     386.618	  7
     386.790	  7
     386.964	  7
     387.060	  7
     387.234	  7
     387.408	  7
     387.584	  7
     387.778	  7
     387.936	  7
     388.128	  7
     388.330	  7
     388.512	  7
     388.686	  7
     388.864	  7
     389.050	  7
     389.222	  7
     389.400	  7
     389.558	  7
     389.760	  7
     389.904	  7
     390.096	  7
     390.258	  7
     390.452	  7
     390.616	  7
     390.816	  7
     390.964	  7
     391.162	  7
     391.342	  7
     391.524	  7
     391.692	  7
     391.888	  7
     392.040	  7
     392.236	  7
     392.398	  7
     392.620	  7
     392.778	  7
     392.964	  7
     393.130	  7
     393.312	  7
     393.484	  7
     393.660	  7
     393.818	  7
     394.000	  7
     394.184	  7
     394.354	  7
     394.538	  7
     394.686	  7
     394.862	  7
     395.036	  7
     395.196	  7
     395.390	  7
     395.596	  7
     395.746	  7
     395.922	  7
     396.098	  7
     396.262	  7
     396.446	  7
     396.614	  7
     396.796	  7
     396.978	  7
     397.148	  7
     397.338	  7
     397.508	  7
     397.664	  7
     397.844	  7
     398.008	  7
     398.180	  7
     398.354	  7
     398.520	  7
     398.712	  7
     398.886	  7
     399.084	  7
     399.222	  7
     399.406	  7
     399.556	  7
     399.746	  7
     399.912	  7
     400.070	  7
     400.248	  7
     400.408	  7
     401.208	  8
     401.400	  8
     401.592	  8
     401.700	  8
     401.824	  8
     402.938	  8
     403.542	  8
     403.586	  8
     403.656	  8
     403.948	  8
     404.252	  8
     404.652	  8
     405.284	  8
     406.058	  8
     406.736	  8
     406.898	  8
     406.972	  8
     407.196	  8
     407.464	  8
     407.796	  8
     407.852	  8
     408.522	  8
     408.732	  8
     409.106	  8
     409.280	  8
     409.584	  8
     409.840	  8
     409.930	  8
     410.726	  8
     410.966	  8
     411.124	  8
     411.236	  8
     411.352	  8
     411.374	  8
     412.152	 53
     413.166	  7
     413.288	  7
     413.446	  7
     413.612	  7
     413.806	  7
     413.974	  7
     414.170	  7
     415.156	  8
     415.156	 20
     415.156	 27
     415.166	 28
     415.166	 19
     415.266	 29
     415.294	  8
     415.434	  9
     435.286	 51
     435.296	 17
     494.810	  8
     495.296	 53
     495.306	 20
     495.306	 27
     515.326	 50
     515.336	 18
     545.336	 53
     561.506	  8
     561.506	 20
     561.506	 27
     561.516	 28
     561.516	 19
     561.616	 29
     561.784	  9
     566.940	  8
     581.636	 50
     581.646	 18
     605.106	  8
     605.514	  8
     605.682	  8
     605.822	  8
     605.934	  8
     606.196	  8
     606.258	  8
     606.310	  8
     606.350	  8
     606.922	  8
     607.456	  8
     607.832	  8
     607.850	  8
     607.966	  8
     608.086	  8
     608.238	  8
     608.824	  8
     609.556	  8
     609.886	  8
     610.188	  8
     610.256	  8
     610.748	  8
     611.262	  8
     611.362	  8
     611.646	 53
     611.688	  8
     611.688	 20
     611.688	 27
     611.698	 28
     611.698	 19
     611.798	 29
     611.898	  8
     611.966	  9
     631.818	 51
     631.828	 17
     690.264	  8
     690.778	  8
     691.828	 53
     691.838	 20
     691.838	 27
     711.858	 52
     711.868	 10
     721.322	  8
     737.628	  8
     739.144	  8
     740.180	  8
     740.790	  8
     744.468	  7
     744.790	  7
     745.434	  7
     745.586	  7
     747.872	  8
     748.334	  8
     748.466	  8
     748.796	  8
     748.926	  8
     749.000	  8
     749.240	  8
     749.384	  8
     749.434	  8
     760.966	  8
     761.428	  8
     761.850	  8
     767.598	  8
     767.640	  8
     767.910	  8
     768.318	  8
     770.518	  8
     770.636	  8
     771.442	  8
     771.766	  8
     775.396	  8
     776.256	  8
     776.946	  8
     777.644	  8
     777.778	  8
     778.276	  8
     778.750	  8
     779.786	  8
     780.410	  8
     781.188	  8
     781.426	  8
     782.438	  8
     783.164	  8
     783.390	  8
     783.536	  8
     783.614	  8
     784.336	  8
     786.170	  8
     788.102	  8
     788.404	  8
     788.990	  8
     796.572	  8
     796.700	  8
     798.142	  8
     800.178	  8
     800.580	  8
     800.644	  8
     801.062	  8
     801.190	  8
     801.246	  8
     801.396	  8
     801.440	  8
     801.568	  8
     802.894	  8
     803.398	  8
     803.506	  8
     803.650	  8
     804.004	  8
     804.064	  8
     805.080	  8
     806.402	  8
     806.504	  8
     806.566	  8
     806.770	  8
     806.978	  8
     809.188	  8
     810.364	  8
     810.410	  8
     810.978	  8
     811.056	  8
     811.176	  8
     811.236	  8
     811.300	  8
     811.510	  8
     811.956	  8
     812.066	  8
     812.130	  8
     812.388	  8
     812.604	  8
     812.732	  8
     812.804	  8
     812.824	  8
     814.448	  8
     814.506	  8
     815.590	  8
     816.132	  8
     816.410	  8
     816.556	  8
     816.782	  8
     816.836	  8
     816.898	  8
     817.438	  8
     817.536	  8
     818.188	  8
     818.728	  8
     818.820	  8
     818.926	  8
     820.430	  8
     821.458	  8
     821.980	  8
     824.100	  7
     824.208	  7
     824.352	  7
     824.510	  7
     824.686	  7
     824.856	  7
     825.048	  7
     825.220	  7
     825.384	  7
     825.566	  7
     825.742	  7
     825.910	  7
     826.092	  7
     826.260	  7
     826.440	  7
     826.612	  7
     826.786	  7
     826.948	  7
     827.134	  7
     827.308	  7
     827.484	  7
     827.656	  7
     827.826	  7
     827.992	  7
     828.152	  7
     828.342	  7
     828.482	  7
     828.652	  7
     828.806	  7
     828.974	  7
     829.134	  7
     829.296	  7
     829.456	  7
     829.610	  7
     829.774	  7
     829.932	  7
     830.118	  7
     830.262	  7
     830.430	  7
     830.580	  7
     830.760	  7
     830.912	  7
     831.094	  7
     831.250	  7
     831.426	  7
     831.594	  7
     831.792	  7
     831.868	 53
     831.938	  7
     832.108	  7
     832.266	  7
     832.444	  7
     832.608	  7
     832.772	  7
     832.946	  7
     833.096	  7
     833.284	  7
     833.454	  7
     833.656	  7
     833.818	  7
     833.986	  7
     834.150	  7
     834.322	  7
     834.486	  7
     834.664	  7
     834.822	  7
     835.026	  7
     835.166	  7
     835.334	  7
     835.500	  7
     835.664	  7
     835.840	  7
     836.002	  7
     836.208	  7
     836.346	  7
     836.514	  7
     836.684	  7
     836.838	  7
     837.000	  7
     837.156	  7
     838.110	  8
     838.110	 20
     838.110	 27
     838.120	 28
     838.120	 19
     838.184	  8
     838.220	 29
     838.252	  8
     838.388	  9
     858.240	 50
     858.250	 18
     888.250	 53
     889.756	  8
     889.756	 20
     889.756	 27
     889.766	 28
     889.766	 19
     889.866	 29
     890.034	  9
     909.886	 52
     909.896	 10
     947.848	  8
     956.440	  7
     956.564	  7
     956.732	  7
     957.454	  7
     957.608	  7
     958.580	  7
     959.056	  7
     959.258	  7
     959.366	  7
     959.562	  7
     959.686	  7
     959.878	  7
     960.070	  7
     960.280	  7
     960.744	  7
     961.070	  7
     962.536	  7
     964.958	  7
     965.482	  7
     965.760	  7
     966.356	  7
     967.718	  7
     990.506	  8
     991.216	  8
     993.242	  8
     999.206	  8
     999.696	  8
    1002.986	  8
    1003.132	  8
    1003.572	  8
    1004.062	  8
    1004.130	  8
    1009.356	  8
    1012.984	  8
    1014.530	  8
    1019.288	  8
    1019.852	  8
    1020.042	  8
    1023.114	  8
    1026.942	  8
    1027.212	  8
    1027.450	  8
    1027.876	  8
    1027.934	  8
    1028.492	  8
    1029.896	 53
    1036.090	  8
    1036.090	 20
    1036.090	 27
    1036.100	 28
    1036.100	 19
    1036.200	 29
    1036.368	  9
    1037.216	  8
    1056.220	 50
    1056.230	 18
    1066.644	  8
    1067.028	  8
    1067.136	  8
    1077.114	  8
    1077.826	  8
    1078.038	  8
    1078.074	  8
    1079.570	  8
    1080.020	  8
    1080.292	  8
    1080.424	  8
    1080.826	  8
    1083.780	  8
    1084.408	  8
    1084.570	  8
    1084.720	  8
    1085.574	  8
    1085.870	  8
    1085.958	  8
    1086.150	  8
    1086.198	  8
    1086.230	 53
    1087.274	  8
    1087.274	 20
    1087.274	 27
    1087.284	 28
    1087.284	 19
    1087.384	 29
    1087.552	  9
    1107.404	 51
    1107.414	 17
    1139.858	  8
    1149.116	  8
    1167.414	 53
    1167.424	 20
    1167.424	 27
    1187.444	 52
    1187.454	 10
    1209.262	  8
    1209.532	  8
    1212.846	  8
    1212.980	  8
    1213.050	  8
    1224.930	  8
    1225.270	  8
    1226.660	  8
    1226.686	  8
    1226.710	  8
    1226.792	  8
    1226.838	  8
    1226.934	  8
    1227.092	  8
    1227.274	  8
    1227.346	  8
    1228.100	  8
    1228.216	  8
    1228.330	  8
    1228.748	  8
    1229.076	  8
    1229.122	  8
    1229.158	  8
    1231.656	  7
    1232.952	  8
    1233.576	  8
    1233.604	  8
    1234.400	  8
    1237.644	  8
    1237.886	  8
    1240.122	  8
    1241.886	  8
    1242.008	  8
    1242.632	  8
    1243.702	  8
    1244.150	  8
    1244.394	  8
    1248.244	  8
    1248.734	  8
    1249.730	  8
    1249.850	  8
    1250.628	  8
    1252.618	  8
    1254.840	  8
    1254.916	  8
    1257.768	  8
    1258.980	  8
    1259.138	  8
    1260.762	  8
    1260.832	  8
    1261.534	  8
    1262.052	  8
    1265.538	  8
    1268.340	  8
    1269.820	  8
    1270.152	  8
    1270.248	  8
    1270.418	  8
    1270.764	  8
    1270.844	  8
    1271.066	  8
    1271.198	  8
    1271.634	  8
    1271.714	  8
    1273.304	  8
    1273.716	  8
    1273.750	  8
    1274.092	  8
    1274.526	  8
    1274.774	  8
    1274.818	  8
    1274.994	  8
    1275.216	  8
    1275.828	  8
    1276.098	  8
    1276.304	  8
    1276.342	  8
    1276.384	  8
    1276.782	  8
    1276.814	  8
    1276.874	  8
    1277.226	  8
    1281.686	  8
    1282.170	  8
    1282.242	  8
    1282.688	  8
    1282.924	  8
    1282.990	  8
    1283.576	  8
    1283.750	  8
    1283.806	  8
    1283.970	  8
    1284.500	  8
    1285.024	  8
    1285.638	  8
    1285.744	  8
    1285.818	  8
    1285.938	  8
    1286.142	  8
    1288.838	  8
    1289.436	  8
    1289.544	  8
    1291.136	  8
    1291.272	  8
    1292.070	  8
    1292.618	  8
    1293.014	  8
    1293.174	  8
    1293.250	  8
    1293.316	  8
    1293.428	  8
    1293.486	  8
    1293.512	  8
    1294.722	  8
    1295.132	  8
    1295.866	  8
    1296.192	  8
    1296.802	  8
    1297.344	  8
    1297.392	  8
    1297.448	  8
    1297.568	  8
    1298.950	  8
    1299.286	  8
    1299.392	  8
    1300.020	  8
    1300.418	  8
    1300.466	  8
    1300.840	  8
    1301.520	  8
    1301.694	  8
    1302.088	  8
    1303.402	  8
    1304.242	  8
    1304.694	  8
    1305.054	  8
    1305.146	  8
    1307.454	 53
    1307.516	  8
    1307.516	 20
    1307.516	 27
    1307.526	 28
    1307.526	 19
    1307.626	 29
    1307.794	  9
    1312.818	  8
    1327.646	 52
    1327.656	 10
    1357.074	  8
    1358.152	  8
    1358.402	  8
    1358.510	  8
    1364.116	  8
    1364.338	  8
    1369.950	  8
    1370.042	  8
    1371.112	  8
    1371.924	  8
    1373.968	  8
    1378.190	  8
    1378.732	  8
    1378.802	  8
    1379.060	  8
    1383.070	  8
    1386.912	  8
    1387.038	  8
    1387.328	  8
    1389.620	  8
    1393.124	  8
    1394.670	  8
    1395.586	  8
    1396.458	  8
    1396.962	  8
    1400.218	  8
    1400.424	  8
    1400.708	  8
    1400.926	  8
    1401.428	  8
    1401.730	  8
    1402.066	  8
    1402.282	  8
    1402.490	  8
    1402.934	  8
    1403.018	  8
    1404.954	  7
    1405.074	  7
    1406.240	  8
    1406.298	  8
    1406.332	  8
    1406.604	  8
    1406.692	  8
    1406.960	  8
    1407.302	  8
    1407.406	  8
    1407.482	  8
    1407.680	  8
    1407.914	  8
    1408.712	  8
    1409.578	  8
    1409.684	  8
    1411.380	  8
    1412.866	  8
    1412.894	  8
    1413.326	  8
    1413.878	  8
    1414.138	  8
    1414.304	  8
    1414.504	  8
    1414.664	  8
    1414.932	  8
    1415.798	  8
    1417.092	  8
    1417.346	  8
    1418.984	  8
    1419.052	  8
    1419.070	  8
    1419.252	  8
    1419.282	  8
    1419.714	  8
    1419.920	  8
    1420.174	  8
    1420.292	  8
    1420.954	  8
    1421.764	  8
    1422.164	  8
    1422.236	  8
    1422.978	  8
    1423.060	  8
    1423.128	  8
    1423.344	  8
    1423.544	  8
    1424.876	  8
    1425.346	  8
    1425.426	  8
    1425.654	  8
    1426.444	  8
    1426.516	  8
    1428.450	  7
    1428.580	  7
    1429.678	  8
    1429.794	  8
    1429.860	  8
    1430.066	  8
    1430.160	  8
    1430.384	  8
    1430.466	  8
    1431.050	  8
    1431.182	  8
    1431.278	  8
    1432.910	  8
    1433.386	  8
    1434.170	  8
    1437.674	  8
    1438.166	  8
    1438.256	  8
    1438.288	  8
    1438.390	  8
    1438.914	  8
    1438.972	  8
    1440.608	  8
    1440.648	  8
    1441.460	  8
    1441.660	  8
    1442.742	  8
    1444.110	  8
    1444.154	  8
    1444.264	  8
    1444.468	  8
    1445.640	  8
    1446.044	  8
    1446.220	  8
    1446.552	  8
    1446.690	  8
    1447.462	  8
    1447.656	 53
    1447.672	  8
    1447.672	 20
    1447.672	 27
    1447.682	 28
    1447.682	 19
    1447.782	 29
    1447.828	  8
    1447.950	  9
    1467.802	 52
    1467.812	 10
    1488.902	  8
    1497.022	  7
    1497.152	  7
    1498.260	  7
    1500.192	  7
    1500.464	  7
    1511.304	  8
    1541.848	  8
    1542.384	  8
    1542.446	  8
    1543.030	  8
    1546.582	  8
    1546.862	  8
    1547.166	  8
    1549.838	  8
    1550.092	  8
    1550.746	  8
    1551.240	  8
    1551.462	  8
    1551.526	  8
    1552.024	  8
    1553.008	  8
    1553.186	  8
    1553.726	  8
    1553.882	  8
    1554.834	  8
    1554.924	  8
    1557.836	  8
    1558.100	  8
    1558.228	  8
    1559.126	  8
    1559.844	  8
    1560.476	  8
    1561.212	  8
    1561.310	  8
    1561.488	  8
    1562.094	  8
    1562.994	  8
    1563.058	  8
    1563.098	  8
    1563.134	  8
    1566.074	  8
    1566.122	  8
    1566.352	  8
    1567.016	  8
    1570.404	  8
    1570.642	  8
    1570.810	  8
    1571.462	  8
    1572.092	  8
    1572.382	  8
    1572.544	  8
    1572.650	  8
    1572.864	  8
    1572.998	  8
    1573.236	  8
    1573.318	  8
    1573.796	  8
    1573.824	  8
    1573.978	  8
    1574.194	  8
    1574.288	  8
    1575.080	  8
    1576.466	  8
    1578.400	  7
    1578.696	  7
    1579.630	  8
    1579.910	  8
    1581.876	  8
    1582.076	  8
    1582.448	  8
    1582.642	  8
    1582.848	  8
    1583.050	  8
    1583.088	  8
    1583.190	  8
    1585.296	  8
    1585.340	  8
    1585.516	  8
    1585.570	  8
    1585.818	  8
    1585.916	  8
    1585.976	  8
    1586.618	  8
    1586.858	  8
    1587.300	  8
    1587.812	 53
    1589.156	  8
    1589.156	 20
    1589.156	 27
    1589.166	 28
    1589.166	 19
    1589.266	 29
    1589.434	  9
    1609.286	 51
    1609.296	 17
    1647.648	  7
    1648.426	  7
    1648.642	  7
    1650.070	  7
    1650.484	  7
    1651.522	  7
    1654.948	  7
    1656.444	  7
    1663.164	  7
    1663.602	  7
    1664.560	  7
    1664.986	  7
    1665.328	  7
    1665.710	  7
    1666.524	  7
    1666.582	  7
    1667.290	  7
    1668.692	  7
    1669.114	  7
    1669.296	 53
    1669.306	 20
    1669.306	 27
    1669.374	  7
    1669.550	  7
    1670.174	  7
    1671.030	  7
    1673.128	  7
    1689.326	 51
    1689.336	 17
    1724.364	  8
    1724.478	  8
    1724.686	  8
    1724.780	  8
    1724.970	  8
    1725.378	  8
    1726.884	  8
    1727.316	  8
    1732.760	  8
    1733.096	  8
    1733.666	  8
    1734.080	  8
    1734.316	  8
    1734.658	  8
    1735.060	  8
    1739.642	  8
    1739.792	  8
    1739.928	  8
    1739.950	  8
    1744.230	  8
    1744.424	  8
    1744.950	  8
    1745.044	  8
    1745.374	  8
    1749.336	 53
    1749.346	 20
    1749.346	 27
    1769.366	 52
    1769.376	 10
    1772.990	  8
    1773.252	  8
    1773.578	  8
    1777.440	  8
    1788.592	  8
    1788.832	  8
    1791.696	  8
    1792.370	  8
    1793.854	  8
    1794.042	  8
    1796.978	  8
    1797.394	  8
    1797.432	  8
    1797.568	  8
    1797.696	  8
    1797.766	  8
    1798.116	  8
    1798.322	  8
    1805.628	  8
    1806.056	  8
    1806.334	  8
    1806.546	  8
    1806.680	  8
    1806.870	  8
    1807.148	  8
    1807.724	  8
    1808.176	  8
    1808.586	  8
    1811.790	  8
    1812.274	  8
    1813.648	  8
    1813.826	  8
    1815.064	  8
    1815.472	  8
    1816.518	  8
    1817.074	  8
    1828.754	  8
    1829.312	  8
    1829.542	  8
    1829.724	  8
    1829.806	  8
    1830.048	  8
    1830.126	  8
    1830.180	  8
    1831.438	  8
    1831.496	  8
    1831.554	  8
    1831.994	  8
    1834.372	  8
    1834.398	  8
    1834.662	  8
    1834.824	  8
    1834.864	  8
    1835.002	  8
    1835.232	  8
    1836.206	  8
    1836.478	  8
    1836.846	  8
    1836.878	  8
    1837.280	  8
    1837.672	  8
    1837.792	  8
    1838.024	  8
    1838.598	  8
    1838.678	  8
    1839.472	  8
    1840.478	  8
    1840.734	  8
    1840.920	  8
    1841.114	  8
    1841.220	  8
    1841.506	  8
    1843.854	  8
    1844.026	  8
    1844.134	  8
    1844.278	  8
    1844.408	  8
    1844.802	  8
    1845.202	  8
    1845.814	  8
    1845.954	  8
    1846.030	  8
    1846.594	  8
    1847.464	  8
    1847.542	  8
    1847.800	  8
    1847.886	  8
    1848.308	  8
    1848.798	  8
    1848.844	  8
    1848.986	  8
    1849.122	  8
    1851.982	  8
    1852.642	  8
    1853.030	  8
    1853.850	  8
    1853.890	  8
    1853.986	  8
    1854.036	  8
    1854.152	  8
    1854.366	  8
    1855.396	  8
    1855.446	  8
    1856.070	  8
    1856.248	  8
    1856.324	  8
    1856.504	  8
    1856.790	  8
    1856.834	  8
    1857.036	  8
    1857.132	  8
    1858.318	  8
    1860.152	  8
    1860.378	  8
    1860.618	  8
    1861.198	  8
    1861.222	  8
    1861.266	  8
    1861.326	  8
    1861.386	  8
    1861.674	  8
    1862.060	  8
    1862.082	  8
    1862.404	  8
    1862.438	  8
    1862.510	  8
    1863.540	  8
    1863.576	  8
    1863.920	  8
    1864.002	  8
    1864.332	  8
    1865.210	  8
    1866.552	  8
    1866.704	  8
    1866.866	  8
    1867.122	  8
    1868.262	  8
    1868.802	  8
    1869.044	  8
    1869.100	  8
    1869.314	  8
    1871.418	  8
    1871.620	  8
    1871.722	  8
    1872.834	  8
    1873.930	  8
    1875.010	  8
    1875.416	  8
    1876.240	  8
    1876.272	  8
    1876.332	  8
    1876.590	  8
    1876.640	  8
    1877.652	  8
    1877.872	  8
    1878.746	  8
    1879.486	  8
    1879.914	  8
    1880.000	  8
    1881.700	  8
    1881.960	  8
    1882.162	  8
    1882.300	  8
    1882.572	  8
    1882.782	  8
    1883.558	  8
    1883.888	  8
    1884.170	  8
    1884.206	  8
    1884.844	  8
    1885.534	  8
    1885.854	  8
    1886.206	  8
    1886.228	  8
    1886.498	  8
    1886.856	  8
    1886.930	  8
    1888.818	  7
    1889.376	 53
    1889.612	  8
    1889.612	 20
    1889.612	 27
    1889.622	 28
    1889.622	 19
    1889.712	  8
    1889.722	 29
    1889.890	  9
    1895.104	  8
    1897.348	  8
    1909.742	 52
    1909.752	 10
    1970.000	  8
    1972.164	  8
    1972.644	  8
    1975.060	  8
    1975.950	  8
    1976.246	  8
    1976.778	  8
    1981.460	  8
    1982.252	  8
    1983.092	  8
    1983.186	  8
    1985.046	  8
    1985.316	  8
    1985.536	  8
    1985.890	  8
    1986.074	  8
    1986.346	  8
    1987.272	  8
    1988.456	  8
    1988.536	  8
    1988.682	  8
    1989.966	  8
    1990.036	  8
    1993.680	  8
    1993.972	  8
    1994.232	  8
    1997.562	  8
    1998.314	  8
    1998.356	  8
    1998.398	  8
    2006.266	  8
    2006.718	  8
    2008.768	  8
    2008.976	  8
    2010.362	  8
    2014.328	  8
    2015.046	  8
    2016.044	  8
    2018.950	  8
    2019.830	  8
    2020.100	  8
    2020.668	  8
    2021.994	  8
    2022.244	  8
    2022.788	  8
    2022.872	  8
    2023.314	  8
    2023.794	  8
    2025.614	  8
    2027.584	  8
    2028.348	  8
    2028.774	  8
    2028.948	  8
    2028.968	  8
    2029.054	  8
    2029.752	 53
    2030.102	  8
    2030.102	 20
    2030.102	 27
    2030.112	 28
    2030.112	 19
    2030.202	  8
    2030.212	 29
    2030.320	  8
    2030.380	  9
    2034.788	  8
    2050.232	 50
    2050.242	 18
    2079.098	  8
    2079.132	  8
    2079.668	  8
    2080.220	  8
    2080.242	 53
    2080.636	  8
    2080.636	 20
    2080.636	 27
    2080.646	 28
    2080.646	 19
    2080.746	 29
    2080.760	  8
    2080.822	  8
    2080.914	  9
    2082.872	  8
    2083.078	  8
    2083.562	  8
    2100.766	 50
    2100.776	 18
    2125.088	  8
    2125.280	  8
    2125.586	  8
    2126.862	  8
    2127.126	  8
    2127.316	  8
    2127.972	  8
    2129.232	  8
    2129.842	  8
    2130.474	  8
    2130.776	 53
    2131.472	  8
    2131.472	 20
    2131.472	 27
    2131.482	 28
    2131.482	 19
    2131.582	 29
    2131.750	  9
    2151.602	 52
    2151.612	 10
    2161.022	  7
    2161.592	  7
    2161.846	  7
    2162.022	  7
    2162.258	  7
    2162.424	  7
    2162.652	  7
    2162.846	  7
    2163.084	  7
    2165.094	  7
    2166.124	  7
    2166.530	  7
    2166.634	  7
    2166.836	  7
    2167.018	  7
    2167.210	  7
    2172.752	  8
    2205.330	  8
    2205.964	  8
    2206.000	  8
    2217.396	  8
    2217.630	  8
    2257.892	  8
    2270.720	  8
    2271.612	 53
    2271.798	  8
    2271.798	 20
    2271.798	 27
    2271.808	 28
    2271.808	 19
    2271.842	  8
    2271.908	 29
    2272.076	  9
    2279.174	  8
    2279.252	  8
    2291.928	 50
    2291.938	 18
    2321.938	 53
    2323.796	  8
    2323.796	 20
    2323.796	 27
    2323.806	 28
    2323.806	 19
    2323.906	 29
    2324.074	  9
    2330.704	  8
    2343.926	 52
    2343.936	 10
    2349.266	  8
    2351.942	  8
    2351.966	  8
    2353.258	  8
    2353.298	  8
    2353.350	  8
    2358.052	  8
    2358.182	  8
    2376.814	  8
    2377.240	  8
    2398.868	  8
    2398.908	  8
    2400.020	  8
    2403.862	  8
    2403.908	  8
    2404.660	  8
    2404.808	  8
    2405.270	  8
    2405.546	  8
    2408.154	  8
    2408.320	  8
    2408.536	  8
    2409.474	  8
    2410.646	  8
    2411.574	  8
    2413.238	  8
    2413.796	  8
    2414.384	  8
    2414.614	  8
    2414.830	  8
    2415.012	  8
    2415.528	  8
    2415.626	  8
    2415.726	  8
    2416.522	  8
    2416.886	  8
    2417.082	  8
    2418.070	  8
    2418.268	  8
    2418.412	  8
    2419.130	  8
    2422.346	  8
    2422.406	  8
    2422.568	  8
    2424.280	  8
    2427.638	  8
    2429.136	  8
    2429.242	  8
    2429.500	  8
    2429.622	  8
    2429.822	  8
    2429.868	  8
    2430.176	  8
    2430.406	  8
    2430.930	  8
    2430.968	  8
    2431.154	  8
    2431.216	  8
    2433.438	  8
    2433.508	  8
    2434.002	  8
    2434.118	  8
    2435.194	  8
    2435.378	  8
    2435.532	  8
    2436.068	  8
    2436.190	  8
    2436.240	  8
    2436.520	  8
    2438.312	  8
    2440.370	  8
    2441.010	  8
    2441.106	  8
    2441.296	  8
    2441.510	  8
    2441.568	  8
    2442.422	  8
    2442.556	  8
    2442.810	  8
    2443.584	  8
    2444.744	  8
    2447.798	  8
    2449.414	  8
    2451.478	  8
    2451.986	  8
    2452.666	  8
    2452.832	  8
    2455.140	  8
    2455.264	  8
    2455.394	  8
    2456.242	  8
    2456.340	  8
    2458.638	  8
    2460.386	  8
    2460.510	  8
    2462.570	  8
    2462.986	  8
    2463.936	 53
    2463.990	  8
    2463.990	 20
    2463.990	 27
    2464.000	 28
    2464.000	 19
    2464.100	 29
    2464.268	  9
    2465.296	  8
    2466.106	  8
    2466.174	  8
    2467.508	  8
    2467.570	  8
    2467.672	  8
    2468.228	  8
    2468.404	  8
    2484.120	 52
    2484.130	 10
    2521.844	  8
    2521.950	  8
    2522.272	  8
    2525.804	  8
    2526.336	  8
    2530.208	  8
    2530.528	  8
    2530.968	  8
    2531.012	  8
    2531.674	  8
    2535.156	  8
    2538.962	  8
    2539.078	  8
    2542.462	  8
    2549.268	  8
    2549.752	  8
    2564.348	  8
    2564.388	  8
    2564.880	  8
    2574.138	  8
    2574.190	  8
    2575.458	  8
    2578.678	  8
    2578.754	  8
    2579.508	  8
    2580.032	  8
    2580.758	  8
    2583.892	  8
    2584.036	  8
    2584.290	  8
    2587.292	  8
    2587.718	  8
    2591.164	  8
    2591.248	  8
    2591.862	  8
    2593.308	  8
    2595.258	  8
    2595.526	  8
    2596.454	  8
    2597.226	  8
    2597.710	  8
    2598.502	  8
    2600.228	  8
    2600.392	  8
    2601.294	  8
    2601.452	  8
    2601.736	  8
    2602.574	  8
    2602.840	  8
    2603.460	  8
    2604.130	 53
    2606.110	  8
    2606.110	 20
    2606.110	 27
    2606.120	 28
    2606.120	 19
    2606.220	 29
    2606.388	  9
    2612.960	  8
    2613.164	  8
    2613.568	  8
    2614.920	  8
    2614.940	  8
    2626.240	 50
    2626.250	 18
    2656.250	 53
    2658.736	  8
    2658.736	 20
    2658.736	 27
    2658.746	 28
    2658.746	 19
    2658.846	 29
    2659.014	  9
    2678.866	 52
    2678.876	 10
    2724.098	  8
    2724.252	  8
    2725.000	  8
    2725.472	  8
    2726.514	  8
    2730.654	  8
    2731.316	  8
    2732.160	  8
    2732.252	  8
    2732.452	  8
    2736.358	  8
    2737.156	  8
    2737.602	  8
    2737.674	  8
    2737.718	  8
    2737.890	  8
    2738.172	  8
    2738.528	  8
    2738.658	  8
    2738.730	  8
    2738.818	  8
    2739.194	  8
    2739.430	  8
    2739.494	  8
    2739.558	  8
    2739.612	  8
    2741.350	  8
    2747.564	  8
    2747.598	  8
    2747.812	  8
    2748.190	  8
    2748.448	  8
    2751.630	  8
    2751.748	  8
    2752.248	  8
    2752.524	  8
    2752.960	  8
    2753.052	  8
    2756.948	  8
    2757.472	  8
    2757.628	  8
    2758.194	  8
    2758.228	  8
    2758.632	  8
    2758.808	  8
    2764.294	  8
    2764.500	  8
    2766.874	  8
    2770.138	  8
    2770.658	  8
    2773.962	  8
    2776.654	  8
    2776.762	  8
    2776.818	  8
    2776.896	  8
    2777.250	  8
    2777.288	  8
    2777.478	  8
    2777.804	  8
    2779.216	  8
    2779.234	  8
    2779.654	  8
    2779.906	  8
    2780.290	  8
    2780.960	  8
    2780.998	  8
    2781.362	  8
    2782.606	  8
    2782.850	  8
    2784.466	  8
    2784.840	  8
    2785.156	  8
    2787.650	  8
    2789.474	  8
    2789.914	  8
    2790.288	  8
    2790.870	  8
    2791.358	  8
    2792.144	  8
    2793.220	  8
    2793.680	  8
    2794.034	  8
    2794.494	  8
    2794.596	  8
    2795.908	  8
    2796.382	  8
    2796.796	  8
    2797.306	  8
    2797.460	  8
    2797.858	  8
    2798.054	  8
    2798.876	 53
    2799.218	  8
    2799.218	 20
    2799.218	 27
    2799.228	 28
    2799.228	 19
    2799.328	 29
    2799.488	  9
    2807.376	  8
    2819.348	 51
    2819.358	 17
    2851.980	  8
    2852.360	  8
    2862.336	  8
    2862.454	  8
    2862.582	  8
    2863.994	  8
    2867.160	  8
    2867.190	  8
    2879.358	 53
    2879.368	 20
    2879.368	 27
    2887.130	  7
    2887.998	  7
    2889.018	  7
    2889.668	  7
    2889.916	  7
    2898.864	  7
    2899.208	  7
    2899.386	  7
    2899.388	 50
    2899.398	 18
    2899.708	  7
    2900.250	  7
    2900.368	  7
    2900.966	  7
    2908.368	  8
    2908.920	  8
    2909.298	  8
    2909.450	  8
    2909.488	  8
    2909.532	  8
    2909.620	  8
    2909.696	  8
    2910.498	  8
    2910.648	  8
    2911.092	  8
    2911.138	  8
    2911.436	  8
    2911.690	  8
    2911.874	  8
    2911.932	  8
    2912.014	  8
    2912.338	  8
    2912.610	  8
    2912.832	  8
    2913.030	  8
    2913.116	  8
    2913.426	  8
    2913.674	  8
    2913.730	  8
    2915.108	  8
    2915.214	  8
    2915.530	  8
    2915.632	  8
    2915.722	  8
    2915.768	  8
    2916.804	  8
    2916.870	  8
    2917.414	  8
    2918.488	  8
    2918.904	  8
    2919.096	  8
    2919.170	  8
    2919.418	  8
    2919.820	  8
    2919.968	  8
    2920.102	  8
    2920.178	  8
    2920.214	  8
    2920.446	  8
    2920.516	  8
    2920.610	  8
    2921.138	  8
    2921.766	  8
    2922.022	  8
    2922.456	  8
    2923.378	  8
    2923.796	  8
    2924.000	  8
    2924.646	  8
    2924.708	  8
    2925.138	  8
    2925.314	  8
    2926.074	  8
    2926.340	  8
    2926.536	  8
    2926.734	  8
    2926.814	  8
    2926.862	  8
    2927.250	  8
    2927.672	  8
    2928.320	  8
    2928.508	  8
    2929.164	  8
    2929.242	  8
    2929.398	 53
    2929.718	  8
    2929.718	 20
    2929.718	 27
    2929.728	 28
    2929.728	 19
    2929.828	 29
    2929.996	  9
    2930.660	  8
    2931.984	  8
    2932.216	  8
    2937.216	  8
    2949.848	 50
    2949.858	 18
    2977.178	  8
    2978.384	  8
    2978.960	  8
    2979.214	  8
    2979.274	  8
    2979.484	  8
    2979.858	 53
    2980.028	  8
    2980.028	 20
    2980.028	 27
    2980.038	 28
    2980.038	 19
    2980.138	 29
    2980.238	  8
    2980.306	  9
    3000.158	 52
    3000.168	 10
    3005.010	  8
    3020.768	  7
    3021.598	  7
    3021.772	  7
    3023.738	  7
    3024.026	  7
    3024.982	  7
    3025.120	  7
    3030.572	  7
    3031.784	  7
    3035.022	  7
    3035.168	  7
    3037.040	  7
    3037.668	  7
    3046.108	  7
    3046.688	  7
    3046.768	  7
    3046.826	  7
    3047.376	  7
    3054.536	  7
    3058.344	  7
    3090.766	  8
    3090.852	  8
    3092.386	  8
    3092.550	  8
    3093.038	  8
    3093.254	  8
    3094.754	  8
    3097.736	  8
    3099.554	  8
    3099.720	  8
    3099.956	  8
    3100.242	  8
    3101.998	  8
    3102.080	  8
    3102.332	  8
    3102.540	  8
    3102.744	  8
    3103.090	  8
    3103.124	  8
    3103.690	  8
    3103.826	  8
    3103.978	  8
    3104.212	  8
    3104.534	  8
    3104.870	  8
    3105.158	  8
    3105.236	  8
    3105.456	  8
    3105.680	  8
    3105.848	  8
    3106.956	  8
    3107.174	  8
    3107.232	  8
    3110.474	  8
    3110.586	  8
    3111.020	  8
    3111.258	  8
    3111.648	  8
    3111.810	  8
    3111.852	  8
    3112.130	  8
    3112.210	  8
    3112.302	  8
    3112.498	  8
    3112.696	  8
    3113.256	  8
    3113.520	  8
    3114.156	  8
    3114.338	  8
    3114.408	  8
    3114.774	  8
    3117.348	  8
    3117.680	  8
    3118.358	  8
    3118.408	  8
    3118.558	  8
    3120.168	 53
    3121.438	  8
    3121.438	 20
    3121.438	 27
    3121.448	 28
    3121.448	 19
    3121.548	 29
    3121.644	  8
    3121.716	  9
    3129.440	  8
    3141.568	 51
    3141.578	 17
    3158.134	  8
    3159.906	  8
    3160.300	  8
    3170.842	  8
    3170.968	  8
    3171.158	  8
    3175.684	  8
    3175.820	  8
    3175.976	  8
    3177.054	  8
    3191.976	  8
    3192.078	  8
    3192.152	  8
    3194.924	  8
    3195.024	  8
    3196.180	  8
    3201.578	 53
    3201.588	 20
    3201.588	 27
    3221.608	 52
    3221.618	 10
    3232.082	  8
    3240.498	  8
    3241.044	  8
    3243.686	  8
    3243.808	  8
    3247.002	  8
    3247.786	  8
    3258.684	  8
    3260.438	  8
    3260.512	  8
    3262.438	  8
    3264.430	  8
    3267.200	  8
    3272.120	  8
    3272.156	  8
    3272.200	  8
    3272.234	  8
    3272.384	  8
    3278.128	  8
    3280.088	  8
    3280.248	  8
    3282.688	  8
    3285.724	  8
    3285.770	  8
    3286.232	  8
    3287.420	  8
    3288.148	  8
    3289.932	  8
    3291.966	  8
    3292.838	  8
    3293.084	  8
    3293.646	  8
    3293.716	  8
    3294.016	  8
    3294.818	  8
    3296.058	  8
    3296.092	  8
    3298.624	  8
    3298.664	  8
    3298.734	  8
    3298.930	  8
    3299.230	  8
    3299.884	  8
    3300.070	  8
    3301.292	  8
    3303.866	  8
    3304.294	  8
    3304.714	  8
    3305.344	  8
    3305.806	  8
    3305.920	  8
    3306.028	  8
    3306.132	  8
    3306.426	  8
    3306.510	  8
    3306.614	  8
    3307.202	  8
    3307.858	  8
    3308.678	  8
    3308.872	  8
    3308.952	  8
    3310.464	  8
    3311.426	  8
    3311.662	  8
    3312.134	  8
    3312.252	  8
    3312.376	  8
    3312.440	  8
    3312.696	  8
    3312.766	  8
    3312.968	  8
    3313.076	  8
    3313.180	  8
    3313.554	  8
    3313.692	  8
    3314.644	  8
    3314.896	  8
    3315.020	  8
    3315.050	  8
    3315.398	  8
    3315.488	  8
    3316.148	  8
    3316.650	  8
    3320.310	  8
    3320.538	  8
    3321.198	  8
    3321.358	  8
    3321.402	  8
    3321.600	  8
    3321.678	  8
    3321.832	  8
    3322.086	  8
    3322.340	  8
    3322.834	  8
    3323.044	  8
    3323.180	  8
    3323.660	  8
    3323.974	  8
    3324.008	  8
    3327.764	  8
    3328.112	  8
    3328.266	  8
    3328.852	  8
    3329.128	  8
    3329.176	  8
    3329.252	  8
    3330.052	  8
    3330.152	  8
    3330.244	  8
    3330.568	  8
    3330.626	  8
    3331.502	  8
    3331.764	  8
    3333.560	  8
    3334.924	  8
    3335.412	  8
    3336.164	  8
    3336.204	  8
    3336.506	  8
    3337.192	  8
    3337.364	  8
    3337.446	  8
    3338.156	  8
    3338.494	  8
    3338.992	  8
    3339.330	  8
    3339.466	  8
    3339.708	  8
    3340.460	  8
    3340.648	  8
    3341.618	 53
    3341.958	  8
    3341.958	 20
    3341.958	 27
    3341.968	 28
    3341.968	 19
    3342.062	  8
    3342.068	 29
    3342.236	  9
    3343.890	  8
    3362.088	 52
    3362.098	 10
    3390.762	  8
    3402.642	  8
    3402.724	  8
    3405.032	  8
    3408.386	  8
    3408.488	  8
    3411.962	  8
    3415.132	  8
    3417.598	  8
    3419.204	  8
    3419.524	  8
    3419.980	  8
    3422.670	  8
    3422.706	  8
    3425.760	  8
    3427.168	  8
    3427.256	  8
    3427.560	  8
    3427.632	  8
    3427.866	  8
    3428.028	  8
    3428.600	  8
    3462.634	  8
    3462.794	  8
    3463.166	  8
    3463.408	  8
    3463.526	  8
    3463.786	  8
    3463.936	  8
    3464.112	  8
    3464.282	  8
    3464.588	  8
    3464.714	  8
    3464.864	  8
    3465.116	  8
    3465.188	  8
    3465.280	  8
    3465.376	  8
    3465.806	  8
    3466.050	  8
    3466.096	  8
    3466.172	  8
    3466.260	  8
    3466.744	  8
    3466.836	  8
    3466.904	  8
    3466.948	  8
    3468.998	  8
    3469.522	  8
    3469.620	  8
    3469.674	  8
    3470.130	  8
    3470.536	  8
    3470.630	  8
    3470.716	  8
    3471.014	  8
    3471.360	  8
    3471.912	  8
    3472.312	  8
    3472.594	  8
    3472.728	  8
    3472.892	  8
    3473.120	  8
    3473.210	  8
    3473.514	  8
    3473.806	  8
    3475.802	  8
    3475.934	  8
    3476.004	  8
    3476.488	  8
    3476.586	  8
    3476.980	  8
    3477.814	  8
    3477.910	  8
    3478.038	  8
    3478.162	  8
    3478.388	  8
    3478.688	  8
    3478.812	  8
    3478.836	  8
    3480.056	  8
    3480.874	  8
    3480.918	  8
    3481.856	  8
    3482.098	 53
    3482.498	  8
    3482.498	 20
    3482.498	 27
    3482.508	 28
    3482.508	 19
    3482.580	  8
    3482.608	 29
    3482.776	  9
    3502.628	 52
    3502.638	 10
    3521.780	  7
    3521.964	  7
    3522.136	  7
    3522.940	  7
    3528.164	  7
    3546.430	  8
    3546.878	  8
    3547.136	  8
    3547.174	  8
    3547.408	  8
    3547.478	  8
    3547.614	  8
    3547.692	  8
    3547.812	  8
    3548.550	  8
    3609.396	  8
    3609.514	  8
    3609.958	  8
    3610.484	  8
    3610.518	  8
    3610.614	  8
    3611.088	  8
    3612.358	  8
    3612.838	  8
    3613.016	  8
    3613.236	  8
    3613.762	  8
    3614.602	  8
    3615.110	  8
    3615.210	  8
    3615.596	  8
    3616.576	  8
    3617.116	  8
    3617.192	  8
    3617.256	  8
    3617.338	  8
    3617.564	  8
    3617.940	  8
    3619.464	  8
    3621.468	  8
    3621.560	  8
    3622.096	  8
    3622.132	  8
    3622.198	  8
    3622.302	  8
    3622.444	  8
    3622.638	 53
    3622.758	  8
    3622.758	 20
    3622.758	 27
    3622.768	 28
    3622.768	 19
    3622.834	  8
    3622.868	 29
    3623.036	  9
    3623.812	  8
    3642.888	 51
    3642.898	 17
    3656.772	  8
    3657.870	  8
    3658.208	  8
    3658.404	  8
    3658.512	  8
    3658.610	  8
    3658.742	  8
    3658.792	  8
    3658.924	  8
    3658.968	  8
    3659.020	  8
    3659.126	  8
    3660.052	  8
    3660.642	  8
    3660.786	  8
    3660.924	  8
    3660.948	  8
    3661.018	  8
    3661.058	  8
    3678.780	  8
    3679.258	  8
    3680.138	  8
    3681.008	  8
    3682.214	  8
    3682.438	  8
    3690.456	  8
    3692.052	  8
    3702.898	 53
    3702.908	 20
    3702.908	 27
    3704.366	  7
    3704.514	  7
    3704.894	  7
    3705.416	  7
    3705.878	  7
    3706.926	  7
    3711.680	  7
    3712.528	  7
    3717.036	  7
    3717.510	  7
    3719.066	  7
    3719.642	  7
    3722.928	 51
    3722.938	 17
    3728.498	  7
    3730.464	  7
    3730.588	  7
    3730.750	  7
    3730.928	  7
    3731.284	  7
    3731.474	  7
    3732.092	  7
    3741.150	  7
    3741.236	  7
    3741.476	  7
    3741.646	  7
    3741.854	  7
    3742.598	  7
    3745.372	  7
    3745.512	  7
    3745.674	  7
    3745.922	  7
    3746.728	  7
    3747.520	  7
    3749.030	  7
    3749.296	  7
    3751.152	  7
    3758.382	  7
    3758.448	  7
    3759.204	  7
    3761.952	  7
    3762.120	  7
    3762.910	  7
    3763.422	  7
    3763.570	  7
    3764.514	  7
    3764.640	  7
    3765.030	  7
    3765.650	  7
    3765.848	  7
    3765.990	  7
    3766.362	  7
    3767.058	  7
    3767.308	  7
    3769.970	  7
    3770.014	  7
    3770.136	  7
    3770.386	  7
    3770.722	  7
    3770.808	  7
    3771.612	  7
    3771.714	  7
    3772.014	  7
    3774.722	  7
    3775.004	  7
    3777.368	  7
    3777.510	  7
    3777.598	  7
    3778.260	  7
    3778.566	  7
    3782.590	  7
    3782.722	  7
    3782.880	  7
    3782.938	 53
    3782.948	 20
    3782.948	 27
    3782.958	  7
    3783.154	  7
    3783.386	  7
    3783.612	  7
    3788.734	  7
    3788.854	  7
    3789.158	  7
    3789.822	  7
    3789.948	  7
    3790.128	  7
    3790.260	  7
    3790.372	  7
    3802.270	  8
    3802.622	  8
    3802.968	 51
    3802.978	 17
    3803.376	  8
    3803.496	  8
    3804.132	  8
    3804.734	  8
    3807.588	  8
    3807.792	  8
    3808.066	  8
    3808.410	  8
    3808.760	  8
    3808.962	  8
    3809.734	  8
    3809.796	  8
    3809.954	  8
    3810.020	  8
    3810.464	  8
    3810.638	  8
    3862.978	 53
    3862.988	 20
    3862.988	 27
    3865.990	  8
    3866.136	  8
    3883.008	 50
    3883.018	 18
    3913.018	 53
    3915.130	  8
    3915.130	 20
    3915.130	 27
    3915.140	 28
    3915.140	 19
    3915.240	 29
    3915.408	  9
    3935.260	 50
    3935.270	 18
    3965.270	 53
    3967.974	  8
    3967.974	 20
    3967.974	 27
    3967.984	 28
    3967.984	 19
    3968.084	 29
    3968.098	  8
    3968.252	  9
    3988.104	 51
    3988.114	 17
    3997.542	  8
    4011.430	  8
    4011.666	  8
    4011.732	  8
    4018.852	  8
    4019.836	  8
    4020.082	  8
    4020.706	  8
    4032.920	  8
    4033.276	  8
    4033.336	  8
    4034.194	  8
    4034.422	  8
    4048.114	 53
    4048.124	 20
    4048.124	 27
    4068.144	 50
    4068.154	 18
    4079.940	  8
    4080.620	  8
    4081.230	  8
    4081.896	  8
    4083.196	  8
    4083.238	  8
    4083.366	  8
    4083.846	  8
    4083.878	  8
    4084.168	  8
    4084.204	  8
    4085.002	  8
    4085.074	  8
    4085.180	  8
    4085.302	  8
    4085.338	  8
    4085.446	  8
    4086.254	  8
    4086.934	  8
    4087.092	  8
    4087.364	  8
    4087.404	  8
    4087.856	  8
    4087.960	  8
    4088.048	  8
    4088.162	  8
    4088.708	  8
    4088.996	  8
    4089.040	  8
    4089.542	  8
    4089.670	  8
    4089.878	  8
    4090.068	  8
    4090.394	  8
    4090.490	  8
    4090.570	  8
    4090.666	  8
    4091.414	  8
    4091.578	  8
    4091.724	  8
    4092.530	  8
    4092.764	  8
    4092.988	  8
    4093.346	  8
    4093.942	  8
    4094.318	  8
    4094.654	  8
    4095.606	  8
    4095.650	  8
    4095.956	  8
    4096.436	  8
    4096.548	  8
    4096.804	  8
    4097.438	  8
    4097.642	  8
    4097.898	  8
    4098.154	 53
    4098.408	  8
    4098.408	 20
    4098.408	 27
    4098.418	 28
    4098.418	 19
    4098.518	 29
    4098.686	  9
    4100.512	  8
    4100.870	  8
    4101.134	  8
    4101.410	  8
    4101.646	  8
    4101.818	  8
    4118.538	 50
    4118.548	 18
    4146.740	  8
    4146.808	  8
    4147.590	  8
    4148.050	  8
    4148.548	 53
    4149.198	  8
    4149.198	 20
    4149.198	 27
    4149.208	 28
    4149.208	 19
    4149.308	 29
    4149.476	  9
    4169.328	 52
    4169.338	 10
    4223.072	  8
    4224.714	  8
    4224.904	  8
    4225.372	  8
    4226.168	  8
    4226.214	  8
    4227.634	  8
    4227.954	  8
    4228.196	  8
    4228.370	  8
    4230.918	  8
    4232.092	  8
    4232.726	  8
    4233.350	  8
    4233.446	  8
    4233.710	  8
    4233.880	  8
    4236.812	  8
    4237.564	  8
    4238.148	  8
    4238.196	  8
    4238.480	  8
    4238.980	  8
    4239.380	  8
    4241.290	  8
    4241.342	  8
    4241.420	  8
    4241.472	  8
    4241.736	  8
    4241.924	  8
    4242.922	  8
    4243.012	  8
    4244.562	  8
    4244.614	  8
    4244.708	  8
    4244.774	  8
    4244.942	  8
    4245.396	  8
    4245.418	  8
    4245.974	  8
    4246.084	  8
    4246.402	  8
    4246.860	  8
    4246.988	  8
    4247.584	  8
    4247.780	  8
    4247.996	  8
    4248.346	  8
    4248.942	  8
    4249.038	  8
    4249.456	  8
    4249.730	  8
    4250.210	  8
    4250.346	  8
    4250.702	  8
    4250.910	  8
    4252.160	  8
    4252.368	  8
    4252.470	  8
    4252.596	  8
    4256.264	  8
    4256.368	  8
    4256.400	  8
    4256.564	  8
    4256.644	  8
    4256.908	  8
    4259.936	  8
    4260.218	  8
    4260.296	  8
    4260.454	  8
    4260.498	  8
    4261.870	  8
    4262.212	  8
    4262.366	  8
    4262.428	  8
    4262.486	  8
    4262.870	  8
    4262.946	  8
    4263.242	  8
    4264.512	  8
    4265.090	  8
    4265.504	  8
    4265.900	  8
    4266.076	  8
    4266.608	  8
    4267.666	  8
    4267.820	  8
    4267.926	  8
    4267.980	  8
    4268.586	  8
    4268.830	  8
    4269.206	  8
    4269.268	  8
    4269.862	  8
    4270.222	  8
    4270.246	  8
    4270.740	  8
    4270.906	  8
    4270.938	  8
    4271.890	  8
    4272.036	  8
    4272.614	  8
    4273.024	  8
    4273.564	  8
    4273.736	  8
    4273.840	  8
    4273.942	  8
    4273.990	  8
    4274.840	  8
    4276.078	  8
    4276.280	  8
    4276.850	  8
    4277.006	  8
    4277.380	  8
    4277.458	  8
    4277.526	  8
    4277.804	  8
    4280.070	  8
    4280.158	  8
    4280.190	  8
    4280.510	  8
    4280.878	  8
    4282.120	  8
    4282.892	  8
    4283.170	  8
    4283.844	  8
    4284.130	  8
    4284.422	  8
    4284.804	  8
    4285.166	  8
    4285.386	  8
    4285.668	  8
    4285.988	  8
    4286.026	  8
    4286.632	  8
    4286.724	  8
    4287.116	  8
    4287.714	  8
    4287.826	  8
    4287.934	  8
    4288.026	  8
    4288.418	  8
    4288.872	  8
    4288.930	  8
    4289.308	  8
    4289.338	 53
    4289.536	  8
    4289.536	 20
    4289.536	 27
    4289.546	 28
    4289.546	 19
    4289.646	 29
    4289.748	  8
    4289.812	  8
    4289.814	  9
    4292.594	  8
    4292.816	  8
    4309.666	 52
    4309.676	 10
    4326.210	  8
    4347.476	  8
    4347.848	  8
    4348.390	  8
    4352.846	  8
    4353.128	  8
    4353.510	  8
    4357.574	  8
    4358.452	  8
    4358.744	  8
    4358.910	  8
    4360.326	  8
    4364.646	  8
    4367.274	  8
    4367.972	  8
    4368.470	  8
    4368.870	  8
    4369.218	  8
    4372.466	  8
    4372.528	  8
    4372.594	  8
    4372.746	  8
    4373.422	  8
    4374.620	  8
    4376.714	  8
    4376.744	  8
    4379.162	  8
    4385.290	  8
    4385.946	  8
    4386.574	  8
    4387.362	  8
    4388.048	  8
    4388.484	  8
    4388.946	  8
    4388.992	  8
    4389.024	  8
    4391.200	  8
    4392.656	  8
    4393.208	  8
    4393.246	  8
    4393.280	  8
    4393.700	  8
    4393.732	  8
    4394.164	  8
    4397.492	  8
    4400.592	  8
    4400.872	  8
    4400.928	  8
    4401.002	  8
    4401.130	  8
    4401.912	  8
    4403.560	  8
    4403.612	  8
    4403.658	  8
    4405.692	  8
    4409.938	  8
    4410.334	  8
    4410.568	  8
    4410.620	  8
    4411.128	  8
    4413.282	  8
    4414.136	  8
    4414.254	  8
    4414.298	  8
    4414.420	  8
    4414.490	  8
    4416.248	  8
    4416.622	  8
    4416.900	  8
    4416.970	  8
    4417.148	  8
    4417.262	  8
    4423.142	  8
    4423.210	  8
    4423.444	  8
    4423.482	  8
    4423.922	  8
    4423.992	  8
    4424.570	  8
    4424.868	  8
    4424.910	  8
    4429.676	 53
    4431.396	  8
    4431.396	 20
    4431.396	 27
    4431.406	 28
    4431.406	 19
    4431.506	 29
    4431.674	  9
    4451.526	 50
    4451.536	 18
    4457.328	  8
    4458.956	  8
    4459.764	  8
    4459.850	  8
    4461.026	  8
    4461.574	  8
    4462.150	  8
    4462.266	  8
    4463.032	  8
    4463.338	  8
    4463.628	  8
    4463.762	  8
    4463.824	  8
    4464.012	  8
    4464.664	  8
    4464.718	  8
    4464.780	  8
    4464.956	  8
    4465.776	  8
    4467.856	  8
    4468.012	  8
    4468.106	  8
    4468.588	  8
    4468.760	  8
    4469.024	  8
    4469.284	  8
    4469.992	  8
    4471.156	  8
    4471.378	  8
    4471.460	  8
    4471.648	  8
    4471.682	  8
    4471.834	  8
    4472.198	  8
    4472.256	  8
    4472.554	  8
    4472.610	  8
    4473.096	  8
    4473.320	  8
    4473.928	  8
    4473.950	  8
    4474.846	  8
    4474.930	  8
    4475.118	  8
    4475.748	  8
    4475.858	  8
    4476.610	  8
    4476.928	  8
    4477.374	  8
    4477.878	  8
    4478.566	  8
    4478.614	  8
    4478.802	  8
    4479.660	  8
    4479.772	  8
    4480.286	  8
    4480.418	  8
    4480.666	  8
    4480.830	  8
    4480.896	  8
    4480.936	  8
    4481.474	  8
    4481.536	 53
    4481.828	  8
    4481.828	 20
    4481.828	 27
    4481.838	 28
    4481.838	 19
    4481.938	 29
    4482.068	  8
    4482.106	  9
    4501.958	 50
    4501.968	 18
    4521.400	  8
    4521.506	  8
    4523.030	  8
    4524.082	  8
    4524.150	  8
    4524.354	  8
    4524.596	  8
    4525.170	  8
    4525.746	  8
    4525.804	  8
    4526.008	  8
    4526.090	  8
    4526.774	  8
    4528.062	  8
    4528.268	  8
    4528.916	  8
    4529.684	  8
    4530.094	  8
    4530.320	  8
    4531.428	  8
    4531.676	  8
    4531.968	 53
    4533.872	  8
    4533.872	 20
    4533.872	 27
    4533.882	 28
    4533.882	 19
    4533.982	 29
    4534.150	  9
    4554.002	 50
    4554.012	 18
    4564.506	  8
    4565.156	  8
    4565.204	  8
    4569.742	  8
    4571.074	  8
    4571.208	  8
    4571.246	  8
    4571.714	  8
    4571.754	  8
    4571.808	  8
    4571.836	  8
    4572.524	  8
    4573.042	  8
    4574.926	  8
    4575.540	  8
    4575.616	  8
    4575.728	  8
    4576.266	  8
    4576.980	  8
    4577.188	  8
    4577.206	  8
    4577.296	  8
    4578.082	  8
    4578.290	  8
    4578.446	  8
    4578.620	  8
    4579.508	  8
    4580.332	  8
    4580.366	  8
    4581.082	  8
    4581.178	  8
    4581.770	  8
    4582.200	  8
    4582.254	  8
    4582.624	  8
    4582.738	  8
    4583.728	  8
    4583.870	  8
    4584.012	 53
    4584.430	  8
    4584.430	 20
    4584.430	 27
    4584.440	 28
    4584.440	 19
    4584.540	 29
    4584.684	  8
    4584.708	  9
    4585.754	  8
    4604.560	 50
    4604.570	 18
    4608.078	  8
    4608.792	  8
    4610.382	  8
    4611.042	  8
    4611.540	  8
    4611.690	  8
    4611.746	  8
    4612.514	  8
    4614.430	  8
    4614.836	  8
    4615.262	  8
    4615.294	  8
    4616.314	  8
    4617.128	  8
    4617.292	  8
    4617.796	  8
    4618.272	  8
    4618.342	  8
    4618.700	  8
    4618.736	  8
    4618.808	  8
    4619.144	  8
    4619.242	  8
    4622.462	  8
    4622.486	  8
    4622.844	  8
    4623.778	  8
    4623.990	  8
    4624.218	  8
    4624.342	  8
    4624.476	  8
    4625.152	  8
    4625.314	  8
    4625.696	  8
    4626.292	  8
    4626.790	  8
    4627.368	  8
    4627.710	  8
    4628.346	  8
    4628.678	  8
    4628.994	  8
    4630.220	  8
    4630.724	  8
    4630.910	  8
    4631.468	  8
    4631.828	  8
    4632.184	  8
    4632.568	  8
    4632.698	  8
    4633.772	  8
    4633.924	  8
    4634.478	  8
    4634.530	  8
    4634.570	 53
    4635.098	  8
    4635.098	 20
    4635.098	 27
    4635.108	 28
    4635.108	 19
    4635.208	 29
    4635.368	  9
    4636.620	  8
    4636.992	  8
    4638.084	  8
    4638.278	  8
    4655.228	 51
    4655.238	 17
    4715.238	 53
    4715.248	 20
    4715.248	 27
    4735.268	 51
    4735.278	 17
    4773.414	  8
    4781.898	  7
    4782.024	  7
    4782.170	  7
    4782.512	  7
    4782.846	  7
    4783.220	  7
    4784.274	  7
    4785.792	  7
    4786.040	  7
    4786.410	  7
    4786.532	  7
    4786.728	  7
    4786.912	  7
    4795.278	 53
    4795.288	 20
    4795.288	 27
    4802.112	  8
    4802.226	  8
    4812.950	  8
    4815.308	 51
    4815.318	 17
    4850.384	  8
    4850.456	  8
    4850.754	  8
    4875.318	 53
    4875.328	 20
    4875.328	 27
    4895.348	 50
    4895.358	 18
    4900.602	  8
    4901.768	  8
    4901.854	  8
    4902.084	  8
    4903.252	  8
    4906.626	  8
    4907.116	  8
    4907.228	  8
    4907.496	  8
    4907.530	  8
    4907.832	  8
    4910.828	  8
    4911.626	  8
    4911.708	  8
    4912.464	  8
    4912.620	  8
    4912.958	  8
    4913.590	  8
    4913.686	  8
    4914.012	  8
    4914.052	  8
    4914.206	  8
    4914.652	  8
    4914.676	  8
    4914.720	  8
    4915.620	  8
    4917.584	  8
    4918.052	  8
    4918.086	  8
    4918.576	  8
    4919.108	  8
    4919.692	  8
    4920.562	  8
    4921.376	  8
    4921.962	  8
    4922.188	  8
    4922.354	  8
    4922.976	  8
    4923.556	  8
    4923.614	  8
    4923.750	  8
    4923.798	  8
    4923.820	  8
    4924.252	  8
    4924.518	  8
    4924.686	  8
    4924.784	  8
    4924.942	  8
    4925.176	  8
    4925.358	 53
    4925.562	  8
    4925.562	 20
    4925.562	 27
    4925.572	 28
    4925.572	 19
    4925.672	 29
    4925.840	  9
    4927.736	  8
    4938.386	  8
    4945.692	 50
    4945.702	 18
    4974.712	  8
    4975.270	  8
    4975.702	 53
    4975.938	  8
    4975.938	 20
    4975.938	 27
    4975.948	 28
    4975.948	 19
    4976.048	 29
    4976.216	  9
    4977.180	  8
    4996.068	 52
    4996.078	 10
    4998.230	  8
    5009.376	  8
    5009.644	  8
    5009.776	  8
    5009.826	  8
    5009.876	  8
    5010.696	  8
    5084.294	  8
    5084.716	  8
    5084.940	  8
    5085.438	  8
    5085.698	  8
    5085.964	  8
    5086.348	  8
    5091.994	  8
    5094.790	  8
    5095.054	  8
    5095.296	  8
    5095.686	  8
    5096.072	  8
    5097.868	  8
    5098.970	  8
    5099.044	  8
    5099.158	  8
    5101.480	  8
    5103.756	  8
    5104.878	  8
    5105.064	  8
    5105.762	  8
    5108.302	  8
    5108.370	  8
    5110.436	  8
    5111.408	  8
    5112.448	  8
    5114.112	  8
    5115.078	  8
    5115.868	  8
    5116.078	 53
    5118.492	  8
    5118.492	 20
    5118.492	 27
    5118.502	 28
    5118.502	 19
    5118.602	 29
    5118.770	  9
    5119.706	  8
    5119.790	  8
    5138.622	 52
    5138.632	 10
    5188.072	  8
    5191.744	  8
    5191.820	  8
    5192.092	  8
    5192.612	  8
    5192.898	  8
    5198.222	  8
    5198.650	  8
    5199.540	  8
    5200.130	  8
    5200.990	  8
    5201.212	  8
    5201.790	  8
    5203.194	  8
    5203.672	  8
    5205.056	  8
    5206.110	  8
    5206.196	  8
    5207.198	  8
    5207.624	  8
    5209.956	  8
    5210.352	  8
    5210.430	  8
    5210.476	  8
    5210.536	  8
    5211.112	  8
    5213.520	  8
    5213.606	  8
    5213.772	  8
    5214.004	  8
    5214.170	  8
    5214.204	  8
    5214.326	  8
    5214.550	  8
    5215.142	  8
    5216.196	  8
    5216.468	  8
    5216.646	  8
    5216.720	  8
    5216.852	  8
    5217.620	  8
    5218.634	  8
    5218.748	  8
    5220.064	  8
    5220.314	  8
    5220.440	  8
    5220.492	  8
    5221.264	  8
    5222.582	  8
    5223.558	  8
    5223.808	  8
    5224.450	  8
    5224.518	  8
    5226.752	  8
    5226.898	  8
    5230.806	  8
    5231.002	  8
    5231.104	  8
    5231.264	  8
    5232.854	  8
    5233.216	  8
    5233.400	  8
    5234.798	  8
    5235.430	  8
    5235.514	  8
    5235.698	  8
    5236.020	  8
    5236.066	  8
    5236.334	  8
    5236.556	  8
    5236.626	  8
    5237.094	  8
    5237.150	  8
    5237.602	  8
    5238.320	  8
    5239.216	  8
    5241.384	  8
    5241.998	  8
    5244.088	  8
    5246.094	  8
    5247.054	  8
    5247.158	  8
    5247.670	  8
    5247.830	  8
    5248.930	  8
    5249.096	  8
    5249.562	  8
    5249.754	  8
    5249.796	  8
    5250.126	  8
    5250.238	  8
    5250.508	  8
    5252.130	  8
    5252.284	  8
    5252.750	  8
    5253.192	  8
    5253.976	  8
    5254.064	  8
    5254.350	  8
    5254.734	  8
    5255.772	  8
    5256.330	  8
    5256.396	  8
    5256.476	  8
    5256.834	  8
    5257.352	  8
    5258.602	  8
    5258.632	 53
    5259.142	  8
    5259.142	 20
    5259.142	 27
    5259.152	 28
    5259.152	 19
    5259.252	 29
    5259.384	  8
    5259.420	  9
    5267.494	  8
    5270.942	  8
    5271.514	  8
    5272.110	  8
    5279.272	 52
    5279.282	 10
    5290.878	  8
    5290.988	  8
    5320.120	  8
    5342.662	  8
    5344.718	  8
    5346.968	  8
    5346.998	  8
    5379.098	  8
    5381.222	  8
    5381.502	  8
    5381.640	  8
    5383.436	  8
    5384.352	  8
    5384.992	  8
    5386.382	  8
    5386.574	  8
    5387.898	  8
    5387.988	  8
    5389.094	  8
    5390.930	  8
    5391.604	  8
    5394.072	  8
    5394.292	  8
    5394.332	  8
    5395.384	  8
    5396.008	  8
    5396.580	  8
    5396.632	  8
    5396.770	  8
    5397.182	  8
    5397.930	  8
    5398.116	  8
    5398.826	  8
    5399.254	  8
    5399.282	 53
    5400.242	  8
    5400.242	 20
    5400.242	 27
    5400.252	 28
    5400.252	 19
    5400.352	 29
    5400.520	  9
    5409.666	  8
    5409.754	  8
    5420.372	 51
    5420.382	 17
    5467.232	  8
    5467.608	  8
    5480.382	 53
    5480.392	 20
    5480.392	 27
    5500.412	 52
    5500.422	 10
    5616.246	  8
    5620.422	 53
    5620.540	  8
    5620.540	 20
    5620.540	 27
    5620.550	 28
    5620.550	 19
    5620.640	  8
    5620.650	 29
    5620.660	 61
