      20.010	 52
      20.020	 10
      63.908	  8
      78.896	  8
      92.534	  5
     101.544	  7
     101.904	  7
     102.288	  7
     102.678	  7
     103.686	  7
     103.826	  7
     104.486	  8
     104.664	  8
     111.986	  7
     112.238	  7
     112.840	  7
     114.818	  7
     115.088	  7
     115.204	  7
     115.464	  7
     115.510	  7
     116.024	  7
     116.200	  7
     116.600	  7
     116.728	  7
     117.464	  8
     125.158	  8
     125.616	  8
     125.812	  8
     139.712	  8
     140.020	 53
     148.700	  8
     148.700	 20
     148.700	 27
     148.710	 28
     148.710	 19
     148.810	 29
     148.978	  9
     155.790	  8
     155.988	  8
     168.830	 50
     168.840	 18
     184.500	  8
     185.080	  8
     185.228	  8
     185.436	  8
     185.494	  8
     186.036	  8
     186.324	  8
     186.610	  8
     186.684	  8
     186.786	  8
     186.828	  8
     187.070	  8
     187.644	  8
     188.164	  8
     188.834	  8
     189.090	  8
     189.382	  8
     189.512	  8
     191.082	  8
     191.476	  8
     191.518	  8
     191.710	  8
     191.998	  8
     192.334	  8
     192.778	  8
     192.992	  8
     193.158	  8
     193.766	  8
     194.742	  8
     195.006	  8
     195.462	  8
     195.636	  8
     195.936	  8
     196.066	  8
     196.900	  8
     197.148	  8
     197.216	  8
     197.492	  8
     197.840	  8
     198.038	  8
     198.236	  8
     198.344	  8
     198.668	  8
     198.840	 53
     199.208	  8
     199.208	 20
     199.208	 27
     199.218	 28
     199.218	 19
     199.318	 29
     199.730	  9
     201.820	  8
     202.398	  8
     219.338	 51
     219.348	 17
     249.028	  8
     249.208	  8
     279.348	 53
     279.358	 20
     279.358	 27
     299.378	 52
     299.388	 10
     299.526	  8
     323.534	  8
     323.626	  8
     327.860	  8
     328.122	  8
     328.264	  8
     328.340	  8
     329.896	  8
     330.392	  8
     330.632	  8
     332.964	  8
     333.504	  8
     348.406	  8
     348.698	  8
     349.142	  8
     349.420	  8
     349.626	  8
     349.712	  8
     350.030	  8
     350.350	  8
     350.506	  8
     350.802	  8
     351.978	  8
     352.106	  8
     352.280	  8
     353.024	  8
     353.588	  8
     353.872	  8
     354.216	  8
     356.410	  8
     357.358	  8
     357.496	  8
     357.614	  8
     357.814	  8
     358.482	  8
     358.758	  8
     358.850	  8
     358.998	  8
     359.088	  8
     359.174	  8
     359.418	  8
     359.780	  8
     359.930	  8
     360.218	  8
     360.726	  8
     360.836	  8
     361.066	  8
     361.206	  8
     361.314	  8
     362.510	  8
     363.882	  8
     364.150	  8
     364.512	  8
     364.622	  8
     364.724	  8
     365.218	  8
     365.306	  8
     365.522	  8
     365.830	  8
     366.014	  8
     366.126	  8
     366.670	  8
     367.100	  8
     368.124	  8
     369.382	  7
     369.486	  7
     369.628	  7
     369.786	  7
     369.948	  7
     370.144	  7
     370.304	  7
     370.514	  7
     370.646	  7
     370.838	  7
     371.000	  7
     371.190	  7
     371.360	  7
     371.546	  7
     371.708	  7
     371.880	  7
     372.050	  7
     372.210	  7
     372.384	  7
     372.546	  7
     372.722	  7
     372.884	  7
     373.054	  7
     373.236	  7
     373.412	  7
     373.560	  7
     373.758	  7
     373.928	  7
     374.112	  7
     374.296	  7
     374.450	  7
     374.632	  7
     374.834	  7
     374.998	  7
     375.176	  7
     375.322	  7
     375.502	  7
     375.656	  7
     375.854	  7
     376.032	  7
     376.270	  7
     376.414	  7
     376.608	  7
     376.758	  7
     376.932	  7
     377.104	  7
     377.254	  7
     377.428	  7
     377.606	  7
     377.768	  7
     377.944	  7
     378.102	  7
     378.270	  7
     378.440	  7
     378.584	  7
     378.756	  7
     378.916	  7
     379.068	  7
     379.940	  8
     380.012	  8
     380.060	  8
     380.122	  8
     380.236	  8
     380.344	  8
     380.408	  8
     380.456	  8
     380.526	  8
     380.888	  8
     381.482	  8
     382.098	  8
     382.364	  8
     382.434	  8
     382.502	  8
     382.542	  8
     382.656	  8
     382.728	  8
     383.068	  8
     383.442	  8
     383.908	  8
     384.110	  8
     384.296	  8
     384.522	  8
     385.100	  8
     385.446	  8
     386.164	  8
     386.898	  8
     387.004	  8
     387.220	  8
     387.488	  8
     389.074	  8
     389.428	  8
     389.952	  8
     393.178	  8
     393.256	  8
     393.304	  8
     393.392	  8
     393.594	  8
     393.920	  8
     394.270	  8
     394.446	  8
     394.794	  8
     395.052	  8
     395.298	  8
     395.736	  8
     396.004	  8
     396.044	  8
     396.082	  8
     396.190	  8
     396.480	  8
     396.752	  8
     397.860	  8
     398.732	  8
     399.212	  8
     399.512	  8
     399.652	  8
     400.062	  8
     400.480	  8
     400.514	  8
     400.826	  8
     401.056	  8
     401.256	  8
     401.516	  8
     401.598	  8
     401.628	  8
     402.022	  8
     403.108	  8
     403.800	  8
     405.286	  8
     405.528	  8
     406.130	  8
     406.670	  8
     406.824	  8
     406.856	  8
     407.262	  8
     407.376	  8
     407.424	  8
     407.534	  8
     407.674	  8
     407.808	  8
     407.974	  8
     408.614	  8
     408.650	  8
     409.374	  8
     410.366	  8
     410.590	  8
     411.730	  7
     411.832	  7
     411.962	  7
     412.110	  7
     412.268	  7
     412.438	  7
     412.598	  7
     412.764	  7
     412.940	  7
     413.094	  7
     413.262	  7
     413.420	  7
     413.604	  7
     413.758	  7
     413.940	  7
     414.110	  7
     414.278	  7
     414.454	  7
     414.610	  7
     414.788	  7
     414.952	  7
     415.106	  7
     415.268	  7
     415.436	  7
     415.600	  7
     415.750	  7
     415.912	  7
     416.062	  7
     416.234	  7
     416.388	  7
     416.558	  7
     416.712	  7
     416.878	  7
     417.036	  7
     417.198	  7
     417.362	  7
     417.546	  7
     417.674	  7
     417.840	  7
     417.984	  7
     418.148	  7
     418.308	  7
     418.466	  7
     418.626	  7
     418.780	  7
     418.944	  7
     419.152	  7
     419.280	  7
     419.388	 53
     419.448	  7
     419.596	  7
     419.758	  7
     419.916	  7
     420.078	  7
     420.228	  7
     420.418	  7
     420.554	  7
     420.716	  7
     420.876	  7
     421.022	  7
     421.188	  7
     421.344	  7
     421.508	  7
     421.668	  7
     421.860	  7
     422.008	  7
     422.162	  7
     422.322	  7
     422.482	  7
     422.642	  7
     422.804	  7
     422.958	  7
     423.122	  7
     423.876	  8
     423.876	 20
     423.876	 27
     423.886	 28
     423.886	 19
     423.986	 29
     424.154	  9
     427.756	  8
     444.006	 52
     444.016	 10
     464.926	  8
     474.124	  8
     475.872	  8
     480.812	  8
     489.208	  8
     497.922	  8
     498.452	  8
     503.548	  8
     516.754	  8
     517.310	  8
     517.666	  8
     517.986	  8
     518.590	  8
     518.644	  8
     518.810	  8
     523.290	  8
     524.858	  8
     525.562	  8
     525.862	  8
     526.238	  8
     526.634	  8
     527.878	  8
     537.268	  8
     537.514	  8
     537.548	  8
     537.622	  8
     538.000	  8
     538.176	  8
     538.898	  8
     538.994	  8
     539.544	  8
     539.600	  8
     539.684	  8
     539.802	  8
     539.862	  8
     540.192	  8
     540.598	  8
     540.786	  8
     542.388	  8
     542.646	  8
     542.788	  8
     542.838	  8
     542.950	  8
     555.748	  8
     555.948	  8
     556.032	  8
     556.594	  8
     557.048	  8
     557.308	  8
     557.524	  8
     559.888	  8
     560.230	  8
     560.328	  8
     560.366	  8
     560.736	  8
     560.944	  8
     561.412	  8
     564.016	 53
     566.290	  8
     566.290	 20
     566.290	 27
     566.300	 28
     566.300	 19
     566.400	 29
     566.568	  9
     586.420	 51
     586.430	 17
     646.430	 53
     646.440	 20
     646.440	 27
     654.272	  8
     666.460	 52
     666.470	 10
     681.194	  8
     701.192	  8
     701.558	  8
     701.674	  8
     701.740	  8
     710.264	  8
     710.558	  8
     721.540	  8
     722.192	  8
     725.100	  7
     725.318	  7
     725.448	  7
     725.624	  7
     725.928	  7
     726.050	  7
     726.218	  7
     726.406	  7
     726.572	  7
     726.762	  7
     726.944	  7
     727.118	  7
     727.298	  7
     727.462	  7
     727.658	  7
     727.836	  7
     728.024	  7
     728.208	  7
     728.384	  7
     728.576	  7
     728.744	  7
     728.930	  7
     729.130	  7
     729.286	  7
     729.480	  7
     729.640	  7
     729.848	  7
     730.028	  7
     730.192	  7
     730.394	  7
     730.576	  7
     730.768	  7
     730.934	  7
     731.124	  7
     731.334	  7
     731.492	  7
     731.684	  7
     731.836	  7
     732.034	  7
     732.214	  7
     732.398	  7
     732.576	  7
     732.770	  7
     732.936	  7
     733.120	  7
     733.300	  7
     733.498	  7
     733.682	  7
     733.912	  7
     734.090	  7
     734.258	  7
     734.426	  7
     734.598	  7
     734.782	  7
     734.964	  7
     735.150	  7
     735.314	  7
     735.502	  7
     735.700	  7
     735.850	  7
     736.048	  7
     736.202	  7
     736.696	  7
     736.940	  7
     737.106	  7
     737.322	  7
     737.642	  7
     737.802	  7
     737.990	  7
     738.194	  7
     738.380	  7
     738.576	  7
     738.758	  7
     738.928	  7
     739.134	  7
     739.306	  7
     739.740	  7
     739.958	  7
     740.076	  7
     740.228	  7
     740.386	  7
     740.584	  7
     740.754	  7
     740.934	  7
     741.132	  7
     741.332	  7
     741.518	  7
     741.702	  7
     741.894	  7
     742.082	  7
     742.266	  7
     742.478	  7
     742.674	  7
     742.830	  7
     743.028	  7
     744.050	  8
     744.138	  8
     744.184	  8
     744.344	  8
     744.712	  8
     745.334	  8
     745.498	  8
     745.570	  8
     745.820	  8
     745.844	  8
     746.126	  8
     749.770	  8
     750.458	  8
     751.054	  8
     751.086	  8
     751.350	  8
     751.422	  8
     751.544	  8
     754.012	  8
     754.700	  8
     754.918	  8
     760.716	  8
     762.566	  8
     765.438	  8
     765.546	  8
     765.650	  8
     765.680	  8
     767.024	  8
     768.326	  8
     769.072	  8
     769.592	  8
     769.892	  8
     769.982	  8
     770.046	  8
     770.218	  8
     770.378	  8
     770.714	  8
     771.850	  8
     773.138	  8
     773.228	  8
     773.294	  8
     773.536	  8
     773.614	  8
     774.842	  8
     776.494	  8
     777.410	  8
     778.422	  8
     778.854	  8
     778.906	  8
     779.014	  8
     779.060	  8
     779.106	  8
     779.812	  8
     779.834	  8
     780.070	  8
     781.980	  8
     785.178	  8
     785.668	  8
     786.470	 53
     787.780	  8
     787.780	 20
     787.780	 27
     787.790	 28
     787.790	 19
     787.848	  8
     787.890	 29
     788.040	  8
     788.058	  9
     790.318	  8
     790.376	  8
     792.690	  8
     807.910	 52
     807.920	 10
     838.974	  8
     856.610	  8
     856.842	  8
     857.060	  8
     862.392	  8
     862.416	  8
     871.424	  8
     922.822	  8
     923.028	  8
     923.232	  8
     923.446	  8
     923.714	  8
     923.924	  8
     924.128	  8
     924.714	  8
     924.910	  8
     925.002	  8
     925.106	  8
     925.394	  8
     925.468	  8
     925.542	  8
     925.636	  8
     925.850	  8
     927.014	  8
     927.224	  8
     927.254	  8
     927.506	  8
     927.920	 53
     928.218	  8
     928.218	 20
     928.218	 27
     928.228	 28
     928.228	 19
     928.328	 29
     928.476	  8
     928.496	  9
     935.206	  8
     948.348	 50
     948.358	 18
     973.394	  8
     974.078	  8
     974.544	  8
     974.584	  8
     974.694	  8
     974.928	  8
     975.084	  8
     975.734	  8
     976.376	  8
     977.060	  8
     977.480	  8
     978.112	  8
     978.358	 53
     978.408	  8
     978.408	 20
     978.408	 27
     978.418	 28
     978.418	 19
     978.518	 29
     978.686	  9
     998.538	 51
     998.548	 17
    1037.044	  6
    1058.548	 53
    1058.558	 20
    1058.558	 27
    1071.584	  8
    1078.578	 51
    1078.588	 17
    1130.404	  8
    1138.588	 53
    1138.598	 20
    1138.598	 27
    1158.618	 51
    1158.628	 17
    1177.572	  8
    1178.280	  8
    1213.228	  8
    1215.818	  8
    1217.278	  8
    1217.570	  8
    1217.942	  8
    1218.004	  8
    1218.402	  8
    1218.628	 53
    1218.638	 20
    1218.638	 27
    1235.040	  8
    1238.658	 52
    1238.668	 10
    1240.746	  8
    1240.784	  8
    1280.066	  8
    1281.420	  8
    1281.504	  8
    1282.224	  8
    1282.884	  8
    1283.148	  8
    1283.284	  8
    1283.692	  8
    1283.754	  8
    1283.804	  8
    1284.174	  8
    1284.660	  8
    1285.748	  8
    1286.542	  8
    1286.712	  8
    1286.782	  8
    1286.862	  8
    1287.278	  8
    1287.476	  8
    1287.722	  8
    1288.640	  8
    1289.592	  8
    1290.104	  8
    1291.396	  8
    1291.688	  8
    1291.982	  8
    1292.022	  8
    1292.446	  8
    1292.802	  8
    1293.160	  8
    1293.430	  8
    1295.122	  7
    1295.228	  7
    1295.390	  7
    1295.560	  7
    1295.742	  7
    1295.924	  7
    1296.084	  7
    1296.262	  7
    1296.446	  7
    1296.628	  7
    1296.818	  7
    1296.984	  7
    1297.158	  7
    1297.340	  7
    1297.538	  7
    1297.734	  7
    1297.908	  7
    1298.094	  7
    1298.246	  7
    1298.428	  7
    1298.604	  7
    1298.778	  7
    1298.966	  7
    1299.140	  7
    1299.330	  7
    1299.488	  7
    1299.674	  7
    1299.836	  7
    1300.028	  7
    1300.220	  7
    1300.398	  7
    1300.554	  7
    1300.744	  7
    1300.908	  7
    1301.082	  7
    1301.260	  7
    1301.418	  7
    1301.600	  7
    1301.758	  7
    1301.930	  7
    1302.100	  7
    1302.280	  7
    1302.432	  7
    1302.612	  7
    1302.810	  7
    1302.956	  7
    1303.126	  7
    1303.276	  7
    1303.446	  7
    1303.628	  7
    1303.778	  7
    1303.960	  7
    1304.132	  7
    1304.302	  7
    1304.498	  7
    1304.672	  7
    1304.860	  7
    1305.066	  7
    1305.222	  7
    1305.386	  7
    1305.548	  7
    1305.728	  7
    1305.894	  7
    1306.054	  7
    1306.250	  7
    1306.418	  7
    1306.598	  7
    1306.774	  7
    1306.956	  7
    1307.154	  7
    1307.314	  7
    1307.478	  7
    1307.648	  7
    1307.828	  7
    1308.014	  7
    1308.210	  7
    1308.362	  7
    1308.530	  7
    1308.734	  7
    1308.904	  7
    1309.052	  7
    1309.238	  7
    1309.434	  7
    1309.608	  7
    1309.784	  7
    1309.966	  7
    1310.160	  7
    1310.326	  7
    1310.528	  7
    1310.736	  7
    1310.928	  7
    1311.104	  7
    1311.278	  7
    1311.456	  7
    1311.632	  7
    1311.824	  7
    1312.008	  7
    1312.188	  7
    1312.356	  7
    1312.542	  7
    1312.728	  7
    1312.930	  7
    1313.092	  7
    1313.256	  7
    1313.426	  7
    1313.608	  7
    1313.800	  7
    1313.980	  7
    1314.156	  7
    1314.328	  7
    1314.500	  7
    1314.706	  7
    1314.870	  7
    1315.036	  7
    1315.206	  7
    1315.402	  7
    1315.574	  7
    1315.764	  7
    1315.942	  7
    1316.082	  7
    1316.262	  7
    1317.384	  8
    1317.484	  8
    1317.732	  8
    1317.878	  8
    1318.114	  8
    1319.104	  8
    1319.362	  8
    1319.948	  8
    1320.070	  8
    1320.300	  8
    1320.564	  8
    1321.236	  8
    1321.538	  8
    1321.858	  8
    1322.038	  8
    1322.064	  8
    1322.624	  8
    1322.700	  8
    1323.010	  8
    1323.650	  8
    1323.682	  8
    1324.702	  8
    1325.006	  8
    1325.880	  8
    1326.150	  8
    1326.460	  8
    1328.108	  8
    1328.456	  8
    1328.754	  8
    1329.230	  8
    1330.166	  8
    1330.896	  8
    1331.394	  8
    1332.060	  8
    1333.584	  7
    1333.704	  7
    1333.856	  7
    1334.014	  7
    1334.206	  7
    1334.388	  7
    1334.572	  7
    1334.782	  7
    1334.940	  7
    1335.138	  7
    1335.324	  7
    1335.516	  7
    1335.694	  7
    1335.880	  7
    1336.092	  7
    1336.328	  7
    1336.500	  7
    1336.694	  7
    1336.874	  7
    1337.054	  7
    1337.248	  7
    1337.434	  7
    1337.658	  7
    1337.832	  7
    1338.016	  7
    1338.248	  7
    1338.432	  7
    1338.640	  7
    1338.814	  7
    1338.996	  7
    1339.196	  7
    1339.358	  7
    1339.552	  7
    1339.738	  7
    1339.920	  7
    1340.088	  7
    1340.296	  7
    1340.470	  7
    1340.668	  7
    1340.882	  7
    1341.046	  7
    1341.226	  7
    1341.414	  7
    1341.596	  7
    1341.778	  7
    1341.968	  7
    1342.134	  7
    1342.324	  7
    1342.496	  7
    1342.670	  7
    1342.852	  7
    1343.072	  7
    1343.228	  7
    1343.402	  7
    1343.578	  7
    1343.744	  7
    1343.918	  7
    1344.084	  7
    1344.270	  7
    1344.470	  7
    1344.628	  7
    1344.812	  7
    1344.978	  7
    1345.146	  7
    1345.308	  7
    1345.484	  7
    1345.650	  7
    1345.832	  7
    1346.016	  7
    1346.240	  7
    1346.396	  7
    1346.558	  7
    1346.738	  7
    1346.902	  7
    1347.076	  7
    1347.248	  7
    1347.434	  7
    1347.608	  7
    1347.768	  7
    1347.976	  7
    1348.130	  7
    1348.292	  7
    1348.472	  7
    1348.650	  7
    1349.564	  8
    1349.616	  8
    1349.706	  8
    1349.924	  8
    1350.346	  8
    1350.466	  8
    1350.988	  8
    1351.166	  8
    1351.708	  8
    1351.826	  8
    1351.876	  8
    1352.658	  8
    1352.754	  8
    1352.788	  8
    1353.550	  8
    1354.008	  8
    1354.134	  8
    1354.346	  8
    1354.432	  8
    1355.182	  8
    1355.238	  8
    1355.292	  8
    1355.530	  8
    1355.920	  8
    1356.334	  8
    1356.520	  8
    1356.554	  8
    1356.634	  8
    1357.162	  8
    1357.202	  8
    1357.706	  8
    1358.668	 53
    1358.790	  8
    1358.790	 20
    1358.790	 27
    1358.800	 28
    1358.800	 19
    1358.900	 29
    1359.024	  8
    1359.068	  9
    1364.532	  8
    1378.920	 50
    1378.930	 18
    1408.868	  8
    1408.930	 53
    1409.100	  8
    1409.100	 20
    1409.100	 27
    1409.110	 28
    1409.110	 19
    1409.210	 29
    1409.378	  9
    1429.230	 52
    1429.240	 10
    1467.150	  8
    1467.456	  8
    1467.506	  8
    1529.742	  8
    1531.056	  8
    1535.766	  8
    1536.068	  8
    1536.142	  8
    1537.064	  8
    1538.104	  8
    1538.230	  8
    1538.484	  8
    1541.636	  8
    1542.020	  8
    1542.664	  8
    1543.000	  8
    1543.036	  8
    1549.240	 53
    1552.498	  8
    1552.498	 20
    1552.498	 27
    1552.508	 28
    1552.508	 19
    1552.608	 29
    1552.610	  8
    1552.740	  8
    1552.776	  9
    1572.628	 52
    1572.638	 10
    1577.390	  8
    1577.884	  8
    1592.064	  8
    1592.532	  8
    1597.922	  8
    1597.998	  8
    1600.516	  8
    1608.874	  8
    1612.392	  8
    1612.652	  8
    1612.674	  8
    1612.716	  8
    1613.034	  8
    1618.512	  8
    1624.522	  8
    1625.498	  8
    1625.876	  8
    1626.202	  8
    1626.632	  8
    1627.190	  8
    1627.502	  8
    1627.642	  8
    1628.354	  8
    1631.772	  7
    1631.888	  7
    1632.022	  7
    1632.214	  7
    1632.378	  7
    1632.574	  7
    1632.770	  7
    1632.976	  7
    1633.166	  7
    1633.372	  7
    1633.582	  7
    1633.760	  7
    1633.964	  7
    1634.166	  7
    1634.348	  7
    1634.554	  7
    1634.766	  7
    1634.926	  7
    1635.144	  7
    1635.346	  7
    1635.546	  7
    1635.740	  7
    1635.960	  7
    1636.176	  7
    1636.368	  7
    1636.560	  7
    1636.754	  7
    1636.966	  7
    1637.152	  7
    1637.372	  7
    1637.572	  7
    1637.760	  7
    1637.972	  7
    1638.148	  7
    1638.340	  7
    1638.520	  7
    1638.730	  7
    1638.934	  7
    1639.150	  7
    1639.356	  7
    1639.530	  7
    1639.718	  7
    1639.910	  7
    1640.120	  7
    1640.314	  7
    1640.522	  7
    1640.672	  7
    1640.888	  7
    1641.082	  7
    1641.300	  7
    1641.464	  7
    1641.676	  7
    1641.868	  7
    1642.142	  7
    1642.336	  7
    1642.540	  7
    1642.758	  7
    1642.956	  7
    1643.134	  7
    1643.332	  7
    1643.552	  7
    1643.750	  7
    1643.956	  7
    1644.140	  7
    1644.340	  7
    1644.544	  7
    1644.748	  7
    1644.950	  7
    1645.158	  7
    1645.350	  7
    1645.528	  7
    1645.732	  7
    1645.926	  7
    1646.094	  7
    1646.310	  7
    1646.496	  7
    1646.696	  7
    1646.874	  7
    1647.082	  7
    1647.294	  7
    1647.502	  7
    1647.704	  7
    1647.890	  7
    1648.074	  7
    1648.286	  7
    1648.438	  7
    1648.780	  7
    1649.986	  8
    1650.154	  8
    1650.184	  8
    1650.350	  8
    1650.656	  8
    1651.076	  8
    1652.982	  8
    1653.378	  8
    1653.462	  8
    1653.584	  8
    1653.936	  8
    1654.062	  8
    1654.158	  8
    1654.238	  8
    1654.268	  8
    1654.846	  8
    1654.986	  8
    1655.040	  8
    1655.166	  8
    1656.246	  8
    1656.498	  8
    1657.050	  8
    1657.424	  8
    1657.496	  8
    1657.832	  8
    1658.090	  8
    1658.292	  8
    1658.364	  8
    1658.854	  8
    1658.954	  8
    1660.188	  8
    1660.658	  8
    1660.756	  8
    1660.854	  8
    1661.670	  8
    1661.820	  8
    1662.070	  8
    1662.408	  8
    1662.754	  8
    1663.082	  8
    1664.322	  8
    1664.544	  8
    1664.866	  8
    1665.252	  8
    1665.274	  8
    1665.456	  8
    1666.008	  8
    1666.154	  8
    1666.390	  8
    1666.436	  8
    1668.766	  8
    1670.242	  8
    1670.820	  8
    1670.952	  8
    1671.310	  8
    1671.556	  8
    1671.860	  8
    1672.020	  8
    1672.114	  8
    1672.174	  8
    1672.570	  8
    1673.000	  8
    1673.506	  8
    1673.880	  8
    1673.952	  8
    1673.986	  8
    1674.514	  8
    1675.266	  8
    1676.150	  8
    1676.188	  8
    1676.418	  8
    1677.936	  7
    1678.036	  7
    1678.180	  7
    1678.366	  7
    1678.524	  7
    1678.704	  7
    1678.886	  7
    1679.068	  7
    1679.254	  7
    1679.424	  7
    1679.608	  7
    1679.808	  7
    1679.978	  7
    1680.174	  7
    1680.350	  7
    1680.544	  7
    1680.722	  7
    1680.904	  7
    1681.072	  7
    1681.256	  7
    1681.436	  7
    1681.616	  7
    1681.796	  7
    1681.958	  7
    1682.142	  7
    1682.312	  7
    1682.496	  7
    1682.652	  7
    1682.840	  7
    1683.018	  7
    1683.184	  7
    1683.378	  7
    1683.532	  7
    1683.700	  7
    1683.862	  7
    1684.044	  7
    1684.370	  7
    1684.538	  7
    1684.712	  7
    1684.876	  7
    1685.048	  7
    1685.226	  7
    1685.418	  7
    1685.598	  7
    1685.760	  7
    1685.928	  7
    1686.082	  7
    1686.248	  7
    1686.414	  7
    1686.576	  7
    1686.752	  7
    1686.910	  7
    1687.084	  7
    1687.284	  7
    1687.428	  7
    1687.586	  7
    1687.764	  7
    1687.914	  7
    1688.092	  7
    1688.268	  7
    1688.434	  7
    1688.628	  7
    1688.790	  7
    1688.950	  7
    1689.118	  7
    1689.286	  7
    1689.452	  7
    1689.626	  7
    1689.798	  7
    1689.960	  7
    1690.150	  7
    1690.312	  7
    1690.468	  7
    1690.646	  7
    1690.814	  7
    1690.984	  7
    1691.154	  7
    1691.366	  7
    1692.158	  8
    1692.266	  8
    1692.638	 53
    1692.980	  8
    1692.980	 20
    1692.980	 27
    1692.990	 28
    1692.990	 19
    1693.090	 29
    1693.258	  9
    1701.494	  8
    1713.110	 50
    1713.120	 18
    1735.670	  8
    1736.472	  8
    1736.640	  8
    1737.242	  8
    1738.284	  8
    1738.844	  8
    1739.250	  8
    1739.892	  8
    1740.222	  8
    1740.332	  8
    1740.780	  8
    1741.272	  8
    1741.624	  8
    1742.454	  8
    1742.952	  8
    1743.120	 53
    1743.202	  8
    1743.202	 20
    1743.202	 27
    1743.212	 28
    1743.212	 19
    1743.312	 29
    1743.480	  9
    1763.332	 50
    1763.342	 18
    1793.342	 53
    1795.140	  8
    1795.140	 20
    1795.140	 27
    1795.150	 28
    1795.150	 19
    1795.250	 29
    1795.418	  9
    1796.400	  8
    1796.672	  8
    1815.270	 52
    1815.280	 10
    1842.508	  8
    1842.868	  8
    1867.188	  8
    1867.360	  8
    1867.920	  8
    1868.148	  8
    1868.210	  8
    1870.502	  7
    1870.620	  7
    1870.768	  7
    1870.928	  7
    1871.106	  7
    1871.340	  7
    1871.504	  7
    1871.700	  7
    1871.900	  7
    1872.100	  7
    1872.288	  7
    1872.488	  7
    1872.678	  7
    1872.870	  7
    1873.082	  7
    1873.284	  7
    1873.488	  7
    1873.688	  7
    1873.898	  7
    1874.126	  7
    1874.328	  7
    1874.528	  7
    1874.746	  7
    1874.956	  7
    1875.156	  7
    1875.376	  7
    1875.600	  7
    1875.786	  7
    1875.996	  7
    1876.172	  7
    1876.410	  7
    1876.622	  7
    1876.810	  7
    1877.026	  7
    1877.248	  7
    1877.468	  7
    1877.666	  7
    1877.858	  7
    1878.068	  7
    1878.250	  7
    1878.472	  7
    1878.678	  7
    1878.900	  7
    1879.090	  7
    1879.308	  7
    1879.510	  7
    1879.750	  7
    1879.966	  7
    1880.172	  7
    1880.380	  7
    1880.550	  7
    1880.750	  7
    1880.936	  7
    1881.156	  7
    1881.344	  7
    1881.566	  7
    1881.742	  7
    1881.924	  7
    1882.134	  7
    1882.326	  7
    1882.502	  7
    1882.756	  7
    1882.904	  7
    1883.124	  7
    1883.326	  7
    1883.544	  7
    1883.730	  7
    1883.934	  7
    1884.140	  7
    1884.354	  7
    1884.570	  7
    1884.752	  7
    1884.976	  7
    1885.306	  7
    1885.534	  7
    1885.770	  7
    1885.984	  7
    1886.108	  7
    1886.314	  7
    1886.546	  7
    1886.728	  7
    1887.238	  7
    1888.016	  7
    1888.636	  7
    1888.900	  7
    1898.014	  8
    1898.066	  8
    1901.572	  8
    1902.432	  8
    1902.720	  8
    1903.216	  8
    1903.264	  8
    1903.580	  8
    1903.638	  8
    1903.898	  8
    1904.250	  8
    1919.628	  8
    1921.120	  8
    1921.466	  8
    1922.266	  8
    1922.902	  8
    1923.310	  8
    1924.144	  8
    1924.252	  8
    1924.282	  8
    1924.726	  8
    1924.848	  8
    1926.418	  8
    1927.166	  8
    1927.924	  8
    1928.214	  8
    1932.216	  8
    1932.450	  8
    1932.758	  8
    1932.952	  8
    1933.274	  8
    1934.596	  8
    1934.718	  8
    1935.238	  8
    1935.280	 53
    1935.322	  8
    1935.322	 20
    1935.322	 27
    1935.332	 28
    1935.332	 19
    1935.432	 29
    1935.532	  8
    1935.594	  8
    1935.600	  9
    1944.012	  8
    1955.452	 52
    1955.462	 10
    1959.868	  8
    1960.306	  8
    1960.424	  8
    1960.782	  8
    1960.908	  8
    1995.134	  8
    2005.976	  8
    2006.768	  8
    2007.696	  8
    2015.138	  8
    2021.014	  8
    2029.102	  8
    2030.148	  8
    2030.184	  8
    2030.526	  8
    2030.686	  8
    2030.750	  8
    2031.156	  8
    2031.414	  8
    2032.024	  8
    2032.066	  8
    2032.320	  8
    2032.460	  8
    2032.696	  8
    2032.916	  8
    2032.950	  8
    2033.528	  8
    2033.596	  8
    2034.952	  8
    2039.554	  8
    2040.042	  8
    2041.486	  8
    2041.692	  8
    2042.862	  8
    2043.112	  8
    2043.260	  8
    2043.330	  8
    2043.416	  8
    2043.728	  8
    2043.744	  8
    2044.384	  8
    2044.658	  8
    2045.382	  8
    2046.012	  8
    2046.414	  8
    2046.792	  8
    2046.994	  8
    2047.098	  8
    2047.228	  8
    2047.980	  8
    2048.124	  8
    2048.214	  8
    2048.376	  8
    2048.602	  8
    2049.522	  8
    2049.836	  8
    2050.774	  8
    2051.156	  8
    2051.242	  8
    2051.852	  8
    2052.088	  8
    2052.774	  8
    2055.642	  7
    2055.748	  7
    2055.890	  7
    2056.272	  7
    2056.412	  7
    2056.598	  7
    2056.800	  7
    2057.014	  7
    2057.192	  7
    2057.380	  7
    2058.134	  8
    2058.416	  8
    2058.860	  8
    2059.630	  8
    2060.114	  8
    2060.350	  8
    2060.390	  8
    2060.588	  8
    2060.670	  8
    2063.312	  8
    2063.576	  8
    2064.362	  8
    2064.424	  8
    2064.540	  8
    2064.558	  8
    2064.844	  8
    2065.462	  8
    2065.576	  8
    2065.800	  8
    2066.012	  8
    2067.058	  8
    2067.666	  8
    2068.854	  8
    2069.206	  8
    2070.018	  8
    2070.766	  8
    2071.196	  8
    2073.842	  7
    2073.950	  7
    2074.120	  7
    2074.262	  7
    2074.442	  7
    2074.724	  7
    2074.882	  7
    2075.060	  7
    2075.244	  7
    2075.418	  7
    2075.462	 53
    2075.634	  7
    2075.802	  7
    2075.988	  7
    2076.188	  7
    2076.356	  7
    2076.568	  7
    2076.746	  7
    2076.922	  7
    2077.140	  7
    2077.328	  7
    2077.542	  7
    2077.708	  7
    2077.892	  7
    2078.050	  7
    2078.236	  7
    2078.414	  7
    2078.592	  7
    2078.782	  7
    2078.974	  7
    2079.170	  7
    2079.396	  7
    2079.562	  7
    2079.748	  7
    2079.922	  7
    2080.132	  7
    2080.346	  7
    2080.576	  7
    2080.666	  7
    2080.898	  7
    2081.040	  7
    2081.234	  7
    2081.428	  7
    2081.608	  7
    2082.626	  8
    2082.626	 20
    2082.626	 27
    2082.636	 28
    2082.636	 19
    2082.682	  8
    2082.736	 29
    2082.794	  8
    2082.904	  9
    2102.756	 50
    2102.766	 18
    2126.074	  8
    2126.242	  8
    2126.638	  8
    2126.812	  8
    2126.932	  8
    2127.144	  8
    2127.456	  8
    2127.520	  8
    2127.574	  8
    2127.902	  8
    2128.234	  8
    2128.530	  8
    2128.606	  8
    2128.912	  8
    2129.080	  8
    2129.164	  8
    2129.644	  8
    2130.118	  8
    2130.438	  8
    2130.922	  8
    2131.306	  8
    2131.542	  8
    2132.134	  8
    2132.632	  8
    2132.766	 53
    2132.892	  8
    2132.892	 20
    2132.892	 27
    2132.902	 28
    2132.902	 19
    2132.960	  8
    2133.002	 29
    2133.170	  9
    2153.022	 51
    2153.032	 17
    2181.812	  7
    2181.944	  7
    2182.124	  7
    2182.632	  7
    2182.760	  7
    2182.930	  7
    2183.142	  7
    2183.800	  7
    2184.024	  7
    2184.796	  7
    2185.874	  7
    2187.762	  7
    2188.022	  7
    2192.412	  7
    2192.784	  7
    2193.422	  7
    2199.614	  7
    2211.324	  8
    2213.032	 53
    2213.042	 20
    2213.042	 27
    2233.062	 52
    2233.072	 10
    2243.150	  8
    2247.846	  8
    2250.204	  8
    2256.530	  7
    2257.574	  7
    2257.700	  7
    2258.218	  7
    2260.248	  8
    2260.610	  8
    2262.562	  8
    2262.894	  8
    2309.352	  8
    2310.258	  8
    2312.842	  8
    2313.182	  8
    2313.644	  8
    2313.926	  8
    2313.988	  8
    2315.868	  8
    2316.104	  8
    2317.032	  8
    2317.536	  8
    2319.104	  8
    2319.460	  8
    2319.584	  8
    2319.644	  8
    2320.476	  8
    2323.216	  8
    2323.706	  8
    2324.154	  8
    2324.214	  8
    2326.072	  8
    2326.752	  8
    2327.566	  8
    2327.634	  8
    2327.924	  8
    2328.478	  8
    2332.622	  8
    2334.106	  8
    2334.994	  8
    2335.084	  8
    2335.250	  8
    2335.574	  8
    2335.650	  8
    2335.826	  8
    2336.130	  8
    2336.196	  8
    2336.476	  8
    2337.534	  8
    2337.996	  8
    2338.306	  8
    2338.492	  8
    2338.622	  8
    2338.878	  8
    2339.106	  8
    2339.784	  8
    2339.968	  8
    2340.956	  8
    2341.190	  8
    2341.236	  8
    2342.006	  8
    2342.688	  8
    2343.376	  8
    2343.690	  8
    2344.396	  8
    2344.708	  8
    2345.032	  8
    2345.170	  8
    2345.978	  8
    2346.138	  8
    2348.610	  7
    2348.712	  7
    2348.874	  7
    2349.040	  7
    2349.230	  7
    2349.406	  7
    2349.604	  7
    2349.806	  7
    2350.006	  7
    2350.172	  7
    2350.378	  7
    2350.578	  7
    2350.778	  7
    2350.970	  7
    2351.166	  7
    2351.354	  7
    2351.568	  7
    2351.750	  7
    2351.964	  7
    2352.230	  7
    2352.480	  7
    2353.072	 53
    2354.142	  8
    2354.142	 20
    2354.142	 27
    2354.152	 28
    2354.152	 19
    2354.200	  8
    2354.252	 29
    2354.274	  8
    2354.420	  9
    2362.778	  8
    2374.272	 50
    2374.282	 18
    2395.394	  8
    2396.414	  8
    2396.558	  8
    2397.090	  8
    2397.536	  8
    2397.812	  8
    2398.268	  8
    2398.712	  8
    2399.060	  8
    2399.292	  8
    2399.340	  8
    2399.414	  8
    2399.988	  8
    2400.256	  8
    2400.616	  8
    2401.166	  8
    2401.622	  8
    2401.900	  8
    2402.020	  8
    2402.340	  8
    2402.622	  8
    2403.220	  8
    2403.404	  8
    2403.814	  8
    2404.154	  8
    2404.282	 53
    2404.314	  8
    2404.314	 20
    2404.314	 27
    2404.324	 28
    2404.324	 19
    2404.354	  8
    2404.424	 29
    2404.592	  9
    2424.444	 52
    2424.454	 10
    2430.786	  8
    2430.888	  8
    2431.454	  8
    2441.006	  8
    2441.086	  8
    2470.154	  7
    2470.876	  7
    2471.882	  8
    2472.276	  8
    2495.076	  8
    2498.446	  8
    2499.510	  8
    2499.776	  8
    2519.106	  8
    2520.464	  8
    2522.688	  8
    2522.868	  8
    2522.960	  8
    2523.016	  8
    2523.158	  8
    2523.320	  8
    2523.478	  8
    2524.090	  8
    2524.230	  8
    2524.696	  8
    2524.782	  8
    2525.072	  8
    2525.214	  8
    2525.828	  8
    2526.054	  8
    2526.692	  8
    2527.416	  8
    2527.686	  8
    2528.350	  8
    2528.506	  8
    2529.698	  8
    2530.756	  8
    2531.086	  8
    2531.536	  8
    2531.620	  8
    2531.860	  8
    2531.894	  8
    2534.758	  8
    2535.360	  8
    2535.782	  8
    2536.158	  8
    2536.390	  8
    2536.424	  8
    2536.918	  8
    2537.128	  8
    2537.214	  8
    2537.342	  8
    2537.548	  8
    2537.832	  8
    2538.014	  8
    2538.098	  8
    2538.174	  8
    2538.450	  8
    2538.638	  8
    2539.222	  8
    2540.042	  8
    2540.068	  8
    2540.184	  8
    2540.468	  8
    2540.698	  8
    2541.216	  8
    2541.246	  8
    2541.392	  8
    2541.534	  8
    2541.868	  8
    2542.478	  8
    2542.974	  8
    2543.954	  8
    2544.454	 53
    2546.292	  8
    2546.292	 20
    2546.292	 27
    2546.302	 28
    2546.302	 19
    2546.402	 29
    2546.570	  9
    2555.464	  8
    2555.892	  8
    2566.422	 50
    2566.432	 18
    2596.432	 53
    2601.098	  8
    2601.098	 20
    2601.098	 27
    2601.108	 28
    2601.108	 19
    2601.208	 29
    2601.376	  9
    2621.228	 51
    2621.238	 17
    2681.238	 53
    2681.248	 20
    2681.248	 27
    2701.268	 51
    2701.278	 17
    2758.706	  8
    2758.776	  8
    2759.062	  8
    2761.150	  8
    2761.278	 53
    2761.288	 20
    2761.288	 27
    2761.652	  8
    2762.076	  8
    2775.946	  8
    2776.370	  8
    2781.308	 52
    2781.318	 10
    2791.716	  8
    2798.734	  8
    2798.784	  8
    2800.620	  8
    2800.828	  8
    2801.630	  8
    2802.278	  8
    2802.958	  8
    2803.120	  8
    2806.738	  8
    2807.148	  8
    2807.302	  8
    2807.544	  8
    2807.742	  8
    2807.780	  8
    2807.936	  8
    2808.228	  8
    2808.282	  8
    2808.546	  8
    2809.094	  8
    2812.884	  8
    2813.258	  8
    2813.328	  8
    2813.484	  8
    2814.258	  8
    2814.806	  8
    2815.302	  8
    2815.428	  8
    2815.562	  8
    2815.628	  8
    2815.670	  8
    2815.686	  8
    2818.236	  8
    2818.538	  8
    2818.850	  8
    2821.042	  8
    2821.786	  8
    2822.138	  8
    2822.210	  8
    2822.556	  8
    2822.942	  8
    2823.512	  8
    2824.002	  8
    2825.102	  8
    2828.134	  7
    2828.256	  7
    2829.332	  8
    2830.164	  8
    2830.450	  8
    2831.112	  8
    2831.644	  8
    2833.000	  8
    2833.306	  8
    2833.644	  8
    2833.724	  8
    2834.500	  8
    2834.962	  8
    2835.030	  8
    2835.524	  8
    2835.760	  8
    2836.206	  8
    2836.388	  8
    2836.474	  8
    2836.562	  8
    2836.822	  8
    2837.812	  8
    2838.108	  8
    2838.666	  8
    2838.978	  8
    2839.062	  8
    2839.286	  8
    2840.070	  8
    2840.948	  8
    2841.192	  8
    2841.222	  8
    2841.252	  8
    2844.008	  8
    2844.354	  8
    2845.602	  8
    2846.308	  8
    2853.640	  8
    2854.292	  8
    2855.882	  8
    2855.944	  8
    2856.494	  8
    2856.740	  8
    2856.786	  8
    2857.260	  8
    2858.516	  8
    2858.856	  8
    2859.198	  8
    2859.404	  8
    2859.472	  8
    2859.652	  8
    2859.692	  8
    2860.158	  8
    2860.898	  8
    2861.124	  8
    2861.370	  8
    2862.032	  8
    2862.478	  8
    2862.566	  8
    2867.736	  8
    2868.032	  8
    2868.234	  8
    2868.438	  8
    2868.748	  8
    2868.774	  8
    2870.116	  8
    2870.192	  8
    2871.658	  8
    2871.934	  8
    2871.990	  8
    2872.352	  8
    2872.758	  8
    2873.124	  8
    2873.496	  8
    2873.670	  8
    2873.772	  8
    2875.066	  8
    2875.200	  8
    2875.312	  8
    2875.780	  8
    2876.252	  8
    2876.602	  8
    2876.908	  8
    2877.946	  8
    2878.576	  8
    2879.730	  8
    2882.306	  8
    2882.690	  8
    2882.930	  8
    2883.004	  8
    2883.924	  8
    2884.334	  8
    2884.780	  8
    2884.854	  8
    2885.078	  8
    2885.752	  8
    2886.940	  8
    2887.244	  8
    2887.688	  8
    2887.758	  8
    2887.930	  8
    2888.182	  8
    2888.244	  8
    2888.324	  8
    2888.486	  8
    2888.972	  8
    2889.340	  8
    2889.906	  8
    2889.954	  8
    2890.166	  8
    2890.672	  8
    2890.922	  8
    2891.190	  8
    2891.650	  8
    2891.740	  8
    2892.156	  8
    2892.690	  8
    2892.944	  8
    2893.382	  8
    2893.666	  8
    2893.970	  8
    2896.122	  7
    2896.230	  7
    2896.390	  7
    2896.550	  7
    2896.732	  7
    2897.094	  7
    2897.262	  7
    2897.470	  7
    2897.648	  7
    2897.842	  7
    2898.036	  7
    2898.224	  7
    2898.416	  7
    2898.618	  7
    2898.806	  7
    2898.994	  7
    2899.168	  7
    2899.376	  7
    2899.550	  7
    2899.736	  7
    2899.920	  7
    2900.132	  7
    2900.278	  7
    2900.488	  7
    2900.670	  7
    2900.862	  7
    2901.030	  7
    2901.202	  7
    2901.318	 53
    2901.410	  7
    2901.606	  7
    2901.798	  7
    2901.992	  7
    2902.172	  7
    2902.344	  7
    2902.542	  7
    2902.720	  7
    2902.902	  7
    2903.152	  7
    2903.320	  7
    2903.538	  7
    2903.696	  7
    2903.828	  7
    2904.654	  8
    2904.654	 20
    2904.654	 27
    2904.664	 28
    2904.664	 19
    2904.754	  8
    2904.764	 29
    2904.804	  8
    2904.932	  9
    2924.784	 51
    2924.794	 17
    2962.828	  8
    2964.360	  8
    2978.582	  8
    2978.850	  8
    2984.794	 53
    2984.804	 20
    2984.804	 27
    3004.824	 50
    3004.834	 18
    3034.834	 53
    3036.036	  8
    3036.036	 20
    3036.036	 27
    3036.046	 28
    3036.046	 19
    3036.146	 29
    3036.306	  9
    3056.166	 52
    3056.176	 10
    3075.866	  8
    3076.544	  8
    3084.290	  8
    3084.690	  8
    3084.742	  8
    3085.954	  8
    3096.652	  8
    3097.444	  8
    3099.702	  8
    3099.982	  8
    3100.026	  8
    3101.388	  8
    3101.644	  8
    3104.098	  8
    3104.472	  8
    3104.778	  8
    3106.810	  8
    3107.108	  8
    3108.388	  8
    3109.516	  8
    3111.408	  8
    3115.338	  8
    3115.370	  8
    3115.742	  8
    3115.812	  8
    3116.514	  8
    3116.598	  8
    3116.896	  8
    3117.490	  8
    3117.508	  8
    3117.700	  8
    3118.602	  8
    3118.994	  8
    3119.196	  8
    3128.212	  8
    3128.252	  8
    3129.460	  8
    3130.228	  8
    3130.308	  8
    3130.344	  8
    3130.436	  8
    3130.556	  8
    3130.666	  8
    3130.810	  8
    3131.244	  8
    3131.350	  8
    3131.446	  8
    3132.646	  8
    3134.020	  8
    3134.116	  8
    3134.714	  8
    3135.056	  8
    3135.164	  8
    3135.190	  8
    3135.428	  8
    3136.980	  8
    3137.466	  8
    3137.750	  8
    3137.832	  8
    3139.084	  8
    3139.334	  8
    3139.722	  8
    3140.020	  8
    3140.266	  8
    3141.100	  8
    3146.532	  8
    3146.968	  8
    3147.108	  8
    3147.218	  8
    3147.252	  8
    3147.758	  8
    3149.080	  8
    3149.476	  8
    3149.938	  8
    3149.980	  8
    3151.210	  8
    3151.272	  8
    3151.748	  8
    3152.280	  8
    3152.316	  8
    3152.596	  8
    3152.958	  8
    3153.168	  8
    3153.314	  8
    3153.444	  8
    3153.568	  8
    3153.638	  8
    3153.690	  8
    3153.740	  8
    3154.448	  8
    3154.816	  8
    3155.540	  8
    3155.874	  8
    3156.412	  8
    3156.488	  8
    3156.608	  8
    3156.978	  8
    3157.258	  8
    3158.412	  8
    3158.776	  8
    3158.884	  8
    3159.066	  8
    3159.758	  8
    3160.160	  8
    3162.418	  7
    3162.534	  7
    3162.706	  7
    3162.874	  7
    3163.052	  7
    3163.236	  7
    3163.444	  7
    3163.656	  7
    3163.818	  7
    3164.006	  7
    3164.194	  7
    3164.392	  7
    3164.564	  7
    3164.766	  7
    3164.964	  7
    3165.164	  7
    3165.358	  7
    3165.536	  7
    3165.732	  7
    3165.938	  7
    3166.128	  7
    3166.322	  7
    3166.516	  7
    3166.706	  7
    3166.882	  7
    3167.078	  7
    3167.266	  7
    3167.470	  7
    3167.674	  7
    3167.868	  7
    3168.074	  7
    3168.302	  7
    3168.472	  7
    3168.664	  7
    3168.834	  7
    3169.034	  7
    3169.206	  7
    3169.416	  7
    3169.602	  7
    3169.800	  7
    3170.008	  7
    3170.234	  7
    3170.452	  7
    3170.676	  7
    3171.138	  7
    3171.282	  7
    3171.462	  7
    3171.612	  7
    3171.780	  7
    3171.964	  7
    3172.134	  7
    3172.336	  7
    3172.504	  7
    3172.708	  7
    3172.912	  7
    3173.128	  7
    3173.342	  7
    3173.588	  7
    3173.774	  7
    3173.948	  7
    3174.138	  7
    3174.352	  7
    3174.526	  7
    3174.714	  7
    3174.898	  7
    3175.106	  7
    3175.264	  7
    3175.446	  7
    3175.626	  7
    3175.800	  7
    3176.018	  7
    3176.176	 53
    3176.772	  8
    3176.772	 20
    3176.772	 27
    3176.782	 28
    3176.782	 19
    3176.850	  8
    3176.882	 29
    3176.952	  8
    3177.050	  9
    3190.064	  8
    3190.186	  8
    3190.288	  8
    3196.902	 51
    3196.912	 17
    3230.744	  8
    3231.196	  8
    3256.676	  8
    3256.912	 53
    3256.922	 20
    3256.922	 27
    3257.162	  8
    3257.218	  8
    3257.348	  8
    3276.942	 51
    3276.952	 17
    3332.232	  8
    3332.666	  8
    3332.750	  8
    3333.744	  8
    3335.864	  8
    3336.188	  8
    3336.434	  8
    3336.952	 53
    3336.962	 20
    3336.962	 27
    3356.982	 52
    3356.992	 10
    3368.826	  8
    3388.818	  8
    3389.128	  8
    3390.786	  8
    3391.188	  8
    3391.898	  8
    3398.798	  8
    3401.958	  8
    3403.698	  8
    3412.488	  8
    3413.200	  8
    3413.366	  8
    3413.578	  8
    3440.692	  8
    3440.994	  8
    3441.488	  8
    3442.486	  8
    3442.524	  8
    3444.108	  8
    3444.146	  8
    3444.460	  8
    3444.790	  8
    3445.296	  8
    3445.800	  8
    3446.094	  8
    3446.200	  8
    3446.250	  8
    3446.600	  8
    3448.022	  8
    3448.862	  8
    3452.442	  7
    3453.534	  8
    3453.860	  8
    3454.352	  8
    3454.494	  8
    3454.510	  8
    3454.662	  8
    3455.020	  8
    3455.214	  8
    3455.484	  8
    3455.564	  8
    3455.976	  8
    3456.410	  8
    3456.632	  8
    3456.944	  8
    3457.226	  8
    3457.626	  8
    3457.686	  8
    3457.858	  8
    3458.154	  8
    3458.364	  8
    3458.876	  8
    3459.598	  8
    3462.786	  8
    3463.010	  8
    3463.254	  8
    3463.670	  8
    3463.832	  8
    3464.288	  8
    3464.380	  8
    3464.462	  8
    3464.630	  8
    3465.554	  8
    3467.220	  8
    3468.288	  8
    3468.738	  8
    3468.922	  8
    3469.136	  8
    3470.002	  8
    3470.730	  8
    3473.330	  8
    3474.918	  8
    3475.946	  8
    3476.296	  8
    3476.992	 53
    3479.604	  8
    3479.604	 20
    3479.604	 27
    3479.614	 28
    3479.614	 19
    3479.714	 29
    3479.882	  9
    3499.734	 50
    3499.744	 18
    3517.004	  8
    3517.838	  8
    3523.488	  8
    3523.724	  8
    3523.800	  8
    3524.138	  8
    3524.786	  8
    3524.970	  8
    3525.136	  8
    3525.456	  8
    3525.532	  8
    3525.942	  8
    3527.028	  8
    3528.444	  8
    3528.956	  8
    3529.038	  8
    3529.180	  8
    3529.548	  8
    3529.744	 53
    3530.144	  8
    3530.144	 20
    3530.144	 27
    3530.154	 28
    3530.154	 19
    3530.254	 29
    3530.422	  9
    3550.274	 51
    3550.284	 17
    3580.776	  7
    3580.910	  7
    3581.118	  7
    3581.290	  7
    3582.680	  7
    3582.950	  7
    3589.388	  7
    3590.370	  7
    3590.554	  7
    3594.640	  7
    3594.770	  7
    3595.568	  7
    3595.986	  7
    3600.874	  7
    3602.676	  7
    3602.858	  7
    3604.084	  7
    3604.952	  7
    3608.218	  7
    3608.566	  7
    3609.468	  7
    3610.284	 53
    3610.294	 20
    3610.294	 27
    3630.314	 51
    3630.324	 17
    3647.566	  8
    3647.876	  8
    3647.966	  8
    3648.354	  8
    3649.822	  8
    3653.546	  8
    3653.986	  8
    3654.884	  8
    3654.964	  8
    3655.150	  8
    3657.220	  8
    3658.824	  8
    3674.936	  8
    3684.792	  8
    3684.930	  8
    3685.038	  8
    3685.148	  8
    3685.494	  8
    3686.226	  8
    3690.324	 53
    3690.334	 20
    3690.334	 27
    3710.354	 51
    3710.364	 17
    3738.272	  8
    3738.386	  8
    3738.432	  8
    3739.830	  8
    3740.174	  8
    3742.768	  8
    3742.806	  8
    3743.256	  8
    3743.504	  8
    3743.906	  8
    3743.982	  8
    3744.146	  8
    3744.962	  8
    3746.366	  8
    3746.456	  8
    3746.754	  8
    3748.558	  8
    3750.380	  8
    3751.594	  8
    3751.942	  8
    3752.808	  8
    3753.038	  8
    3753.554	  8
    3754.118	  8
    3754.282	  8
    3754.376	  8
    3754.406	  8
    3755.172	  8
    3755.356	  8
    3755.482	  8
    3756.026	  8
    3757.842	  8
    3765.056	  8
    3766.910	  8
    3767.036	  8
    3770.364	 53
    3770.374	 20
    3770.374	 27
    3771.558	  8
    3771.868	  8
    3772.114	  8
    3790.394	 51
    3790.404	 17
    3794.564	  8
    3798.746	  8
    3799.876	  8
    3806.126	  8
    3806.308	  8
    3806.388	  8
    3806.490	  8
    3806.734	  8
    3807.116	  8
    3807.384	  8
    3808.428	  8
    3808.892	  8
    3813.000	  8
    3813.088	  8
    3823.144	  8
    3826.392	  8
    3826.944	  8
    3850.404	 53
    3850.414	 20
    3850.414	 27
    3870.434	 52
    3870.444	 10
    3896.054	  8
    3896.702	  8
    3896.800	  8
    3897.756	  8
    3898.446	  8
    3898.510	  8
    3899.288	  8
    3899.628	  8
    3899.986	  8
    3900.208	  8
    3900.476	  8
    3906.792	  8
    3907.224	  8
    3907.324	  8
    3907.542	  8
    3910.608	  8
    3911.070	  8
    3911.314	  8
    3912.312	  8
    3914.310	  8
    3914.470	  8
    3914.576	  8
    3914.620	  8
    3915.174	  8
    3915.656	  8
    3917.706	  8
    3919.750	  8
    3920.022	  8
    3922.004	  8
    3923.364	  8
    3928.640	  8
    3930.636	  8
    3932.666	  8
    3933.532	  8
    3933.896	  8
    3934.336	  8
    3934.680	  8
    3935.116	  8
    3935.558	  8
    3936.664	  8
    3942.604	  8
    3944.204	  8
    3944.644	  8
    3945.798	  8
    3945.858	  8
    3946.174	  8
    3946.332	  8
    3946.606	  8
    3949.296	  8
    3951.746	  8
    3953.002	  8
    3953.516	  8
    3957.808	  8
    3957.848	  8
    3960.266	  8
    3960.766	  8
    3961.268	  8
    3961.342	  8
    3961.386	  8
    3961.476	  8
    3963.112	  8
    3963.394	  8
    3964.132	  8
    3965.320	  8
    3965.394	  8
    3965.566	  8
    3967.234	  8
    3967.266	  8
    3967.696	  8
    3968.710	  8
    3968.980	  8
    3969.156	  8
    3969.618	  8
    3972.170	  8
    3972.832	  8
    3973.304	  8
    3974.868	  8
    3975.642	  8
    3975.764	  8
    3975.892	  8
    3977.984	  8
    3980.292	  8
    3982.096	  8
    3982.854	  8
    3983.202	  8
    3983.626	  8
    3983.664	  8
    3983.708	  8
    3983.990	  8
    3986.016	  8
    3986.198	  8
    3986.436	  8
    3986.616	  8
    3987.010	  8
    3987.192	  8
    3987.348	  8
    3987.420	  8
    3987.450	  8
    3987.490	  8
    3987.722	  8
    3987.780	  8
    3988.408	  8
    3988.480	  8
    3988.628	  8
    3989.012	  8
    3989.718	  8
    3990.050	  8
    3990.112	  8
    3990.444	 53
    3990.560	  8
    3990.560	 20
    3990.560	 27
    3990.570	 28
    3990.570	 19
    3990.670	 29
    3990.822	  8
    3990.838	  9
    4010.690	 52
    4010.700	 10
    4051.440	  8
    4052.016	  8
    4071.712	  8
    4071.788	  8
    4072.160	  8
    4072.380	  8
    4073.204	  8
    4075.826	  8
    4084.486	  8
    4086.856	  8
    4090.336	  8
    4090.384	  8
    4101.716	  8
    4114.954	  8
    4120.714	  8
    4121.148	  8
    4121.216	  8
    4130.700	 53
    4186.438	  8
    4186.438	 20
    4186.438	 27
    4186.448	 28
    4186.448	 19
    4186.492	  8
    4186.548	 29
    4186.716	  9
    4206.568	 51
    4206.578	 17
    4266.578	 53
    4266.588	 20
    4266.588	 27
    4286.608	 50
    4286.618	 18
    4289.744	  8
    4290.166	  8
    4290.924	  8
    4296.962	  8
    4296.986	  8
    4297.436	  8
    4297.650	  8
    4297.756	  8
    4298.662	  8
    4299.544	  8
    4299.648	  8
    4300.834	  8
    4301.776	  8
    4302.690	  8
    4302.868	  8
    4303.212	  8
    4303.412	  8
    4303.780	  8
    4303.922	  8
    4304.282	  8
    4304.318	  8
    4304.774	  8
    4304.864	  8
    4305.166	  8
    4305.348	  8
    4305.962	  8
    4306.584	  8
    4306.704	  8
    4307.260	  8
    4308.398	  8
    4308.442	  8
    4308.644	  8
    4309.266	  8
    4309.640	  8
    4309.916	  8
    4310.214	  8
    4311.160	  8
    4311.892	  8
    4312.418	  8
    4313.292	  8
    4313.458	  8
    4313.720	  8
    4313.946	  8
    4314.162	  8
    4314.382	  8
    4314.760	  8
    4315.112	  8
    4315.362	  8
    4315.490	  8
    4315.992	  8
    4316.442	  8
    4316.570	  8
    4316.618	 53
    4316.880	  8
    4316.880	 20
    4316.880	 27
    4316.890	 28
    4316.890	 19
    4316.990	 29
    4317.126	  8
    4317.158	  9
    4317.166	  8
    4337.010	 52
    4337.020	 10
    4346.112	  8
    4369.438	  8
    4415.070	  8
    4416.012	  8
    4416.470	  8
    4418.624	  8
    4418.848	  8
    4420.396	  8
    4420.478	  8
    4420.520	  8
    4420.710	  8
    4421.018	  8
    4424.716	  8
    4431.274	  8
    4442.282	  8
    4443.252	  8
    4444.360	  8
    4444.382	  8
    4444.438	  8
    4445.020	  8
    4447.894	  8
    4448.028	  8
    4448.104	  8
    4448.212	  8
    4448.502	  8
    4449.016	  8
    4449.712	  8
    4449.984	  8
    4450.808	  8
    4451.164	  8
    4451.354	  8
    4451.860	  8
    4452.534	  8
    4452.886	  8
    4453.044	  8
    4453.646	  8
    4453.718	  8
    4455.026	  8
    4455.164	  8
    4455.186	  8
    4455.258	  8
    4456.476	  8
    4457.020	 53
    4457.132	  8
    4457.132	 20
    4457.132	 27
    4457.142	 28
    4457.142	 19
    4457.242	 29
    4457.410	  9
    4466.976	  8
    4477.262	 51
    4477.272	 17
    4537.272	 53
    4537.282	 20
    4537.282	 27
    4557.302	 52
    4557.312	 10
    4559.624	  8
    4565.610	  8
    4569.006	  8
    4569.376	  8
    4569.486	  8
    4570.594	  8
    4571.042	  8
    4571.270	  8
    4571.390	  8
    4571.662	  8
    4572.054	  8
    4574.662	  8
    4575.062	  8
    4577.548	  8
    4584.004	  8
    4584.270	  8
    4584.334	  8
    4585.434	  8
    4589.160	  8
    4591.288	  8
    4591.350	  8
    4593.032	  8
    4593.072	  8
    4593.160	  8
    4594.414	  8
    4595.506	  8
    4597.910	  8
    4598.060	  8
    4598.146	  8
    4598.332	  8
    4598.446	  8
    4600.292	  8
    4600.356	  8
    4600.756	  8
    4600.804	  8
    4600.902	  8
    4602.454	  8
    4602.692	  8
    4603.718	  8
    4603.860	  8
    4603.962	  8
    4604.308	  8
    4606.630	  8
    4608.120	  8
    4611.492	  8
    4612.924	  8
    4616.792	  8
    4617.592	  8
    4618.136	  8
    4618.190	  8
    4618.814	  8
    4619.110	  8
    4619.158	  8
    4619.392	  8
    4619.422	  8
    4619.854	  8
    4620.534	  8
    4620.942	  8
    4621.154	  8
    4621.210	  8
    4621.584	  8
    4623.656	  8
    4624.554	  8
    4624.846	  8
    4626.410	  8
    4626.452	  8
    4628.504	  8
    4628.946	  8
    4629.058	  8
    4629.500	  8
    4630.478	  8
    4630.682	  8
    4631.998	  8
    4636.654	  8
    4637.222	  8
    4638.356	  8
    4638.454	  8
    4638.872	  8
    4638.928	  8
    4639.006	  8
    4639.232	  8
    4639.310	  8
    4639.624	  8
    4639.662	  8
    4639.728	  8
    4640.496	  8
    4642.022	  8
    4642.094	  8
    4642.134	  8
    4642.440	  8
    4643.088	  8
    4643.272	  8
    4643.294	  8
    4643.948	  8
    4644.058	  8
    4644.234	  8
    4644.790	  8
    4645.132	  8
    4647.252	  8
    4647.324	  8
    4647.468	  8
    4648.042	  8
    4648.114	  8
    4649.782	  8
    4652.038	  7
    4652.174	  7
    4653.320	  8
    4653.392	  8
    4653.532	  8
    4654.776	  8
    4654.870	  8
    4655.038	  8
    4655.586	  8
    4656.346	  8
    4656.712	  8
    4657.148	  8
    4657.550	  8
    4657.672	  8
    4657.778	  8
    4658.184	  8
    4658.540	  8
    4658.620	  8
    4658.646	  8
    4659.614	  8
    4659.802	  8
    4659.834	  8
    4660.012	  8
    4660.368	  8
    4660.810	  8
    4661.876	  8
    4662.436	  8
    4662.508	  8
    4662.608	  8
    4662.870	  8
    4663.200	  8
    4663.526	  8
    4663.580	  8
    4663.774	  8
    4664.244	  8
    4664.326	  8
    4665.272	  8
    4668.328	  7
    4668.440	  7
    4668.594	  7
    4668.780	  7
    4668.940	  7
    4669.142	  7
    4669.362	  7
    4669.506	  7
    4669.686	  7
    4669.878	  7
    4670.056	  7
    4670.254	  7
    4670.428	  7
    4670.612	  7
    4670.808	  7
    4670.988	  7
    4671.192	  7
    4671.378	  7
    4671.614	  7
    4671.802	  7
    4671.994	  7
    4672.216	  7
    4672.414	  7
    4672.608	  7
    4672.792	  7
    4672.986	  7
    4673.160	  7
    4673.348	  7
    4673.516	  7
    4673.692	  7
    4673.872	  7
    4674.022	  7
    4674.230	  7
    4674.454	  7
    4674.608	  7
    4674.800	  7
    4674.970	  7
    4675.184	  7
    4675.336	  7
    4675.532	  7
    4675.700	  7
    4675.908	  7
    4676.074	  7
    4676.264	  7
    4676.422	  7
    4676.602	  7
    4676.786	  7
    4676.976	  7
    4677.172	  7
    4677.312	 53
    4677.384	  7
    4677.586	  7
    4677.808	  7
    4678.992	  8
    4678.992	 20
    4678.992	 27
    4679.002	 28
    4679.002	 19
    4679.096	  8
    4679.102	 29
    4679.164	  8
    4679.270	  9
    4685.680	  8
    4699.122	 52
    4699.132	 10
    4745.458	  8
    4754.370	  8
    4754.512	  8
    4754.586	  8
    4767.490	  8
    4768.822	  8
    4769.354	  8
    4769.564	  8
    4779.428	  8
    4781.098	  8
    4785.302	  8
    4788.260	  8
    4788.772	  8
    4788.998	  8
    4789.144	  8
    4789.174	  8
    4794.264	  8
    4794.524	  8
    4794.590	  8
    4799.442	  8
    4801.706	  8
    4801.738	  8
    4801.848	  8
    4801.968	  8
    4802.098	  8
    4802.150	  8
    4802.530	  8
    4802.910	  8
    4803.080	  8
    4803.110	  8
    4803.746	  8
    4803.944	  8
    4804.298	  8
    4804.380	  8
    4804.572	  8
    4805.092	  8
    4805.386	  8
    4805.438	  8
    4806.122	  8
    4806.686	  8
    4807.114	  8
    4807.662	  8
    4814.248	  8
    4816.576	  8
    4817.174	  8
    4817.542	  8
    4817.766	  8
    4819.132	 53
    4821.930	  8
    4821.930	 20
    4821.930	 27
    4821.940	 28
    4821.940	 19
    4822.040	 29
    4822.208	  9
    4842.060	 50
    4842.070	 18
    4867.094	  8
    4867.152	  8
    4867.864	  8
    4868.518	  8
    4868.716	  8
    4869.250	  8
    4870.158	  8
    4870.854	  8
    4871.272	  8
    4871.950	  8
    4872.070	 53
    4872.490	  8
    4872.490	 20
    4872.490	 27
    4872.500	 28
    4872.500	 19
    4872.600	 29
    4872.768	  9
    4892.620	 51
    4892.630	 17
    4952.630	 53
    4952.640	 20
    4952.640	 27
    4972.660	 51
    4972.670	 17
    5032.670	 53
    5032.680	 20
    5032.680	 27
    5052.700	 51
    5052.710	 17
    5059.828	  8
    5067.458	  8
    5067.782	  8
    5067.856	  8
    5067.920	  8
    5091.630	  8
    5093.700	  8
    5094.800	  8
    5094.976	  8
    5103.572	  8
    5103.648	  8
    5112.710	 53
    5112.720	 20
    5112.720	 27
    5124.430	  8
    5132.740	 51
    5132.750	 17
    5155.284	  8
    5155.692	  8
    5192.750	 53
    5192.760	 20
    5192.760	 27
    5212.780	 52
    5212.790	 10
    5216.284	  8
    5258.422	  8
    5263.264	  8
    5265.180	  8
    5265.240	  8
    5265.912	  8
    5266.308	  8
    5266.798	  8
    5267.140	  8
    5267.374	  8
    5267.938	  8
    5270.112	  8
    5273.152	  8
    5273.460	  8
    5277.114	  8
    5277.534	  8
    5277.720	  8
    5278.040	  8
    5278.332	  8
    5278.868	  8
    5279.568	  8
    5282.940	  8
    5283.170	  8
    5283.700	  8
    5284.016	  8
    5284.972	  8
    5286.690	  8
    5290.132	  8
    5291.312	  8
    5291.894	  8
    5291.944	  8
    5292.024	  8
    5292.482	  8
    5293.368	  8
    5294.282	  8
    5294.370	  8
    5295.918	  8
    5297.714	  8
    5300.470	  8
    5302.684	  8
    5303.410	  8
    5303.520	  8
    5303.666	  8
    5303.820	  8
    5306.438	  8
    5308.014	  8
    5310.914	  8
    5312.574	  8
    5314.848	  8
    5316.276	  8
    5317.246	  8
    5317.604	  8
    5318.726	  8
    5319.474	  8
    5319.572	  8
    5321.644	  8
    5325.394	  8
    5326.452	  8
    5326.512	  8
    5326.598	  8
    5329.324	  7
    5329.464	  7
    5330.612	  8
    5331.036	  8
    5332.790	 53
    5333.126	  8
    5333.126	 20
    5333.126	 27
    5333.136	 28
    5333.136	 19
    5333.236	 29
    5333.404	  9
    5343.642	  8
    5353.256	 50
    5353.266	 18
    5374.340	  8
    5374.978	  8
    5375.236	  8
    5376.408	  8
    5377.130	  8
    5377.632	  8
    5377.984	  8
    5378.336	  8
    5378.818	  8
    5379.326	  8
    5379.466	  8
    5379.618	  8
    5379.790	  8
    5380.354	  8
    5380.760	  8
    5380.814	  8
    5381.016	  8
    5381.254	  8
    5381.546	  8
    5381.740	  8
    5381.788	  8
    5382.152	  8
    5382.352	  8
    5382.432	  8
    5382.476	  8
    5382.968	  8
    5383.266	 53
    5383.322	  8
    5383.322	 20
    5383.322	 27
    5383.332	 28
    5383.332	 19
    5383.432	 29
    5383.446	  8
    5383.600	  9
    5403.452	 52
    5403.462	 10
    5469.226	  8
    5469.904	  8
    5470.824	  8
    5471.200	  8
    5471.522	  8
    5472.174	  8
    5472.758	  8
    5472.876	  8
    5473.306	  8
    5473.434	  8
    5474.154	  8
    5474.702	  8
    5474.746	  8
    5475.038	  8
    5475.506	  8
    5475.828	  8
    5475.940	  8
    5476.248	  8
    5476.756	  8
    5477.832	  8
    5478.554	  8
    5478.972	  8
    5485.684	  8
    5490.400	  8
    5492.216	  8
    5492.854	  8
    5493.254	  8
    5493.278	  8
    5496.364	  8
    5497.484	  8
    5497.954	  8
    5499.132	  8
    5499.550	  8
    5500.222	  8
    5501.844	  8
    5501.948	  8
    5501.990	  8
    5502.112	  8
    5502.210	  8
    5502.938	  8
    5503.214	  8
    5506.604	  8
    5510.100	  8
    5510.320	  8
    5510.432	  8
    5511.626	  8
    5512.004	  8
    5512.060	  8
    5512.328	  8
    5512.692	  8
    5513.122	  8
    5513.168	  8
    5514.504	  8
    5516.212	  8
    5521.716	  8
    5522.428	  8
    5522.818	  8
    5522.840	  8
    5522.950	  8
    5523.296	  8
    5523.462	 53
    5523.690	  8
    5523.690	 20
    5523.690	 27
    5523.700	 28
    5523.700	 19
    5523.800	 29
    5523.968	  9
    5543.820	 51
    5543.830	 17
    5597.560	  8
    5597.754	  8
    5598.040	  8
    5603.830	 53
    5603.840	 20
    5603.840	 27
    5623.860	 52
    5623.870	 10
    5638.570	  8
    5642.942	  8
    5642.968	  8
    5696.170	  8
    5696.436	  8
    5696.572	  8
    5697.178	  8
    5697.540	  8
    5698.108	  8
    5701.034	  8
    5702.494	  8
    5702.654	  8
    5702.872	  8
    5703.394	  8
    5711.880	  8
    5712.358	  8
    5712.448	  8
    5712.542	  8
    5715.672	  8
    5716.190	  8
    5720.588	  8
    5720.954	  8
    5721.036	  8
    5721.074	  8
    5721.200	  8
    5721.526	  8
    5721.876	  8
    5722.512	  8
    5722.550	  8
    5722.688	  8
    5723.470	  8
    5724.492	  8
    5725.066	  8
    5725.144	  8
    5725.498	  8
    5725.638	  8
    5725.802	  8
    5726.056	  8
    5726.590	  8
    5727.658	  8
    5728.782	  8
    5728.822	  8
    5730.160	  8
    5730.388	  8
    5732.104	  8
    5733.516	  8
    5734.228	  8
    5734.356	  8
    5734.428	  8
    5734.510	  8
    5734.808	  8
    5735.788	  8
    5735.988	  8
    5740.152	  8
    5740.530	  8
    5740.710	  8
    5742.212	  8
    5742.752	  8
    5742.790	  8
    5742.832	  8
    5743.114	  8
    5743.430	  8
    5743.624	  8
    5743.870	 53
    5743.902	  8
    5743.902	 20
    5743.902	 27
    5743.912	 28
    5743.912	 19
    5744.012	 29
    5744.180	  9
    5764.032	 50
    5764.042	 18
    5780.938	  8
    5781.372	  8
    5781.418	  8
    5781.640	  8
    5781.662	  8
    5782.374	  8
    5782.428	  8
    5782.458	  8
    5782.740	  8
    5783.362	  8
    5784.630	  8
    5785.230	  8
    5785.444	  8
    5785.490	  8
    5785.756	  8
    5785.788	  8
    5785.940	  8
    5786.014	  8
    5786.248	  8
    5787.040	  8
    5787.596	  8
    5788.184	  8
    5788.276	  8
    5788.928	  8
    5789.244	  8
    5789.264	  8
    5789.680	  8
    5790.286	  8
    5790.402	  8
    5791.008	  8
    5791.486	  8
    5791.742	  8
    5792.100	  8
    5792.276	  8
    5792.934	  8
    5792.964	  8
    5793.258	  8
    5793.518	  8
    5793.570	  8
    5793.780	  8
    5794.042	 53
    5795.062	  8
    5795.062	 20
    5795.062	 27
    5795.072	 28
    5795.072	 19
    5795.172	 29
    5795.340	  9
    5815.192	 51
    5815.202	 17
    5837.532	  6
    5842.524	  7
    5842.992	  7
    5843.194	  7
    5845.034	  7
    5845.366	  7
    5845.638	  7
    5846.610	  7
    5847.130	  7
    5848.282	  7
    5848.534	  7
    5849.038	  7
    5856.160	  7
    5856.384	  7
    5856.824	  7
    5870.884	  8
    5871.332	  8
    5871.452	  8
    5875.202	 53
    5875.212	 20
    5875.212	 27
    5875.222	 61
