       5.148	  8
      13.682	  7
      13.962	  7
      14.376	  7
      14.564	  7
      14.776	  7
      15.582	  7
      15.782	  7
      15.952	  7
      20.010	 50
      20.020	 17
      26.486	  7
      27.138	  7
      27.504	  7
      31.604	  8
      32.134	  8
      32.444	  8
      32.954	  8
      33.164	  8
      33.482	  8
      37.438	  8
      38.410	  8
      38.776	  8
      39.416	  8
      39.806	  8
      40.074	  8
      41.758	  8
      42.326	  8
      42.636	  8
      42.996	  8
      43.246	  8
      43.612	  8
      44.512	  8
      45.124	  8
      46.616	  8
      47.876	  8
      48.798	  8
      49.046	  8
      49.278	  8
      49.420	  8
      49.704	  8
      49.956	  8
      50.020	 53
      50.380	  8
      50.380	 20
      50.380	 27
      50.390	 28
      50.390	 19
      50.490	 29
      50.628	  8
      50.646	  9
      53.228	  8
      53.348	  8
      62.064	  7
      63.396	  7
      65.502	  7
      67.732	  7
      68.554	  7
      68.700	  7
      69.290	  7
      69.556	  7
      70.510	 51
      70.520	 18
     130.520	 53
     130.530	 20
     130.530	 27
     131.876	  6
     134.246	  7
     134.584	  7
     134.766	  7
     134.956	  7
     135.192	  7
     135.400	  7
     135.584	  7
     141.214	  7
     147.356	  8
     150.058	  8
     150.550	 51
     150.560	 18
     150.590	  8
     151.720	  8
     151.874	  8
     151.938	  8
     158.444	  8
     158.794	  8
     158.878	  8
     168.128	  8
     168.616	  8
     171.758	  7
     171.978	  7
     172.296	  7
     180.396	  5
     185.470	  5
     210.560	 53
     210.570	 20
     210.570	 27
     230.590	 50
     230.600	 17
     238.574	  8
     239.548	  8
     241.526	  8
     241.800	  8
     245.596	  8
     246.108	  8
     246.606	  8
     247.280	  8
     247.916	  8
     248.388	  8
     248.494	  8
     248.762	  8
     249.052	  8
     249.356	  8
     249.468	  8
     250.906	  8
     251.808	  8
     253.984	  8
     254.302	  8
     254.534	  8
     255.174	  8
     258.832	  8
     259.404	  8
     259.548	  8
     259.900	  8
     260.242	  8
     260.600	 53
     261.674	  8
     261.674	 20
     261.674	 27
     261.684	 28
     261.684	 19
     261.784	 29
     261.948	  9
     261.986	  8
     281.804	 50
     281.814	 17
     296.248	  8
     311.814	 53
     315.402	  8
     315.402	 20
     315.402	 27
     315.412	 28
     315.412	 19
     315.512	 29
     315.676	  9
     335.532	 50
     335.542	 17
     345.774	  8
     346.118	  8
     346.178	  8
     346.484	  8
     347.054	  8
     347.734	  8
     347.814	  8
     348.146	  8
     349.972	  8
     350.332	  8
     350.788	  8
     351.226	  8
     351.916	  8
     352.498	  8
     353.184	  8
     353.740	  8
     353.924	  8
     354.208	  8
     354.294	  8
     355.562	  8
     356.242	  8
     357.508	  8
     357.878	  8
     358.084	  8
     358.262	  8
     358.964	  8
     359.450	  8
     360.964	  8
     361.522	  8
     362.618	  8
     362.678	  8
     363.000	  8
     363.368	  8
     363.780	  8
     364.020	  8
     365.542	 53
     365.952	  8
     365.952	 20
     365.952	 27
     365.962	 28
     365.962	 19
     366.062	 29
     366.172	  8
     366.226	  9
     386.082	 50
     386.092	 17
     389.288	  7
     390.402	  7
     390.512	  7
     390.764	  7
     391.026	  7
     391.238	  7
     392.226	  7
     396.512	  7
     397.220	  7
     401.582	  7
     404.586	  7
     404.748	  7
     405.120	  7
     411.438	  7
     416.092	 53
     418.438	  8
     418.438	 20
     418.438	 27
     418.448	 28
     418.448	 19
     418.548	 29
     418.710	  9
     438.568	 51
     438.578	 18
     450.134	  7
     453.330	  7
     461.354	  7
     468.068	  7
     472.700	  7
     480.182	  7
     486.810	  7
     489.422	  8
     490.144	  8
     490.656	  8
     498.578	 53
     498.588	 20
     498.588	 27
     518.608	 52
     518.618	 10
     534.488	  8
     553.648	  8
     561.816	  8
     572.182	  8
     584.030	  8
     584.330	  8
     585.278	  8
     585.664	  8
     585.988	  8
     586.800	  8
     587.166	  8
     593.516	  8
     594.714	  8
     595.120	  8
     595.674	  8
     595.896	  8
     596.498	  8
     596.758	  8
     597.528	  8
     597.690	  8
     598.196	  8
     605.488	  8
     605.942	  8
     606.734	  8
     607.106	  8
     607.518	  8
     622.078	  8
     622.758	  8
     623.542	  8
     624.318	  8
     624.512	  8
     624.976	  8
     625.234	  8
     627.942	  8
     628.050	  8
     628.200	  8
     628.624	  8
     629.416	  8
     631.322	  8
     632.014	  8
     632.206	  8
     632.490	  8
     635.088	  8
     635.988	  8
     636.274	  8
     638.456	  8
     638.618	 53
     639.500	  8
     639.500	 20
     639.500	 27
     639.510	 28
     639.510	 19
     639.610	 29
     639.774	  9
     639.944	  8
     641.784	  8
     645.000	  8
     659.630	 50
     659.640	 17
     673.938	  8
     688.518	  8
     689.080	  8
     689.378	  8
     689.640	 53
     693.208	  8
     693.208	 20
     693.208	 27
     693.218	 28
     693.218	 19
     693.318	 29
     693.406	  8
     693.482	  9
     708.090	  7
     708.246	  7
     708.392	  7
     708.590	  7
     708.756	  7
     708.948	  7
     709.186	  7
     709.316	  7
     709.508	  7
     709.770	  7
     709.912	  7
     710.112	  7
     710.296	  7
     710.516	  7
     710.672	  7
     710.886	  7
     711.090	  7
     713.338	 52
     713.348	 10
     774.446	  8
     774.636	  8
     775.092	  8
     782.822	  8
     783.742	  8
     784.274	  8
     826.994	  8
     828.098	  8
     828.454	  8
     828.854	  8
     829.338	  8
     829.902	  8
     830.222	  8
     830.278	  8
     830.646	  8
     831.150	  8
     831.580	  8
     832.036	  8
     833.170	  8
     833.348	 53
     833.714	  8
     833.714	 20
     833.714	 27
     833.724	 28
     833.724	 19
     833.824	 29
     833.988	  9
     834.032	  8
     853.844	 52
     853.854	 10
     887.766	  8
     893.146	  8
     893.378	  8
     909.348	  8
     917.016	  8
     917.648	  8
     917.816	  8
     917.912	  8
     925.784	  8
     926.656	  8
     927.464	  8
     927.752	  8
     929.252	  8
     929.610	  8
     929.844	  8
     930.350	  8
     930.678	  8
     930.992	  8
     931.334	  8
     931.756	  8
     931.996	  8
     932.568	  8
     934.238	  8
     934.460	  8
     934.902	  8
     934.998	  8
     935.598	  8
     935.772	  8
     936.114	  8
     936.544	  8
     937.004	  8
     937.108	  8
     938.194	  8
     938.494	  8
     938.800	  8
     940.100	  8
     940.348	  8
     940.578	  8
     940.872	  8
     941.238	  8
     941.498	  8
     941.964	  8
     944.214	  8
     944.314	  8
     944.404	  8
     944.862	  8
     946.312	  8
     947.728	  8
     947.944	  8
     948.168	  8
     948.944	  8
     949.888	  8
     950.396	  8
     952.338	  8
     952.558	  8
     952.920	  8
     953.420	  8
     954.224	  8
     954.744	  8
     955.680	  8
     956.754	  8
     957.090	  8
     957.426	  8
     957.696	  8
     957.914	  8
     958.278	  8
     958.586	  8
     959.940	  8
     960.962	  8
     961.594	  8
     962.726	  8
     963.082	  8
     963.248	  8
     965.154	  8
     965.584	  8
     967.598	  8
     968.776	  8
     969.340	  8
     969.770	  8
     972.416	  8
     972.540	  8
     973.014	  8
     973.120	  8
     973.854	 53
     974.518	  8
     974.518	 20
     974.518	 27
     974.528	 28
     974.528	 19
     974.628	 29
     974.738	  8
     974.792	  9
     994.648	 52
     994.658	 10
    1006.724	  7
    1006.934	  7
    1007.092	  7
    1007.514	  7
    1007.728	  7
    1007.924	  7
    1008.158	  7
    1008.352	  7
    1009.624	  7
    1009.814	  7
    1011.202	  7
    1011.608	  7
    1013.114	  7
    1013.930	  7
    1015.836	  7
    1019.262	  7
    1024.620	  7
    1025.122	  7
    1025.304	  7
    1028.242	  7
    1030.286	  7
    1031.622	  7
    1031.800	  7
    1031.918	  7
    1034.758	  7
    1037.018	  7
    1037.112	  7
    1037.398	  7
    1040.170	  7
    1040.254	  7
    1040.418	  7
    1042.962	  7
    1044.154	  7
    1044.278	  7
    1046.786	  7
    1053.150	  7
    1055.832	  7
    1055.948	  7
    1057.016	  7
    1057.126	  7
    1062.112	  7
    1062.226	  7
    1069.010	  7
    1072.858	  7
    1077.352	  7
    1080.674	  7
    1083.022	  7
    1083.812	  7
    1084.914	  7
    1085.188	  7
    1085.410	  7
    1088.478	  7
    1094.304	  8
    1094.436	  8
    1095.050	  8
    1095.770	  8
    1096.032	  8
    1096.884	  8
    1097.282	  8
    1097.700	  8
    1098.230	  8
    1098.302	  8
    1098.656	  8
    1098.856	  8
    1099.318	  8
    1099.632	  8
    1099.992	  8
    1100.316	  8
    1101.706	  8
    1101.996	  8
    1102.342	  8
    1102.684	  8
    1102.968	  8
    1103.598	  8
    1104.034	  8
    1104.264	  8
    1104.966	  8
    1105.214	  8
    1105.574	  8
    1105.708	  8
    1106.054	  8
    1106.296	  8
    1107.698	  8
    1107.980	  8
    1109.162	  8
    1109.362	  8
    1109.630	  8
    1110.402	  8
    1110.830	  8
    1110.942	  8
    1111.764	  8
    1113.204	  8
    1114.658	 53
    1117.022	  8
    1117.022	 20
    1117.022	 27
    1117.032	 28
    1117.032	 19
    1117.132	 29
    1117.296	  9
    1117.336	  8
    1137.152	 52
    1137.162	 10
    1198.944	  8
    1199.784	  8
    1200.146	  8
    1200.908	  8
    1212.904	  8
    1213.790	  8
    1213.988	  8
    1214.194	  8
    1214.498	  8
    1214.918	  8
    1215.968	  8
    1216.332	  8
    1217.554	  8
    1217.772	  8
    1217.804	  8
    1217.970	  8
    1218.750	  8
    1219.256	  8
    1219.892	  8
    1220.370	  8
    1220.732	  8
    1221.566	  8
    1221.934	  8
    1223.986	  8
    1224.348	  8
    1224.696	  8
    1224.898	  8
    1225.474	  8
    1227.642	  8
    1228.192	  8
    1228.794	  8
    1229.312	  8
    1229.426	  8
    1229.866	  8
    1230.144	  8
    1230.292	  8
    1230.368	  8
    1231.202	  8
    1231.558	  8
    1231.802	  8
    1232.458	  8
    1232.768	  8
    1233.302	  8
    1233.496	  8
    1233.636	  8
    1234.180	  8
    1234.436	  8
    1234.868	  8
    1235.246	  8
    1235.646	  8
    1235.814	  8
    1236.106	  8
    1236.428	  8
    1236.670	  8
    1237.012	  8
    1239.566	  8
    1239.710	  8
    1239.992	  8
    1240.346	  8
    1240.584	  8
    1240.810	  8
    1241.208	  8
    1241.674	  8
    1241.956	  8
    1242.268	  8
    1242.310	  8
    1242.536	  8
    1242.998	  8
    1243.788	  8
    1244.072	  8
    1244.312	  8
    1244.662	  8
    1246.308	  8
    1246.602	  8
    1246.690	  8
    1246.872	  8
    1247.210	  8
    1248.288	  8
    1248.732	  8
    1248.892	  8
    1250.038	  8
    1250.234	  8
    1250.532	  8
    1250.906	  8
    1250.960	  8
    1251.702	  8
    1252.346	  8
    1252.538	  8
    1253.186	  8
    1253.298	  8
    1253.754	  8
    1254.348	  8
    1254.622	  8
    1255.044	  8
    1255.182	  8
    1257.162	 53
    1258.208	  8
    1258.208	 20
    1258.208	 27
    1258.218	 28
    1258.218	 19
    1258.318	 29
    1258.482	  9
    1258.502	  8
    1278.338	 50
    1278.348	 17
    1281.904	  7
    1285.638	  7
    1286.930	  7
    1287.284	  7
    1289.232	  7
    1289.728	  7
    1295.510	  7
    1303.068	  8
    1303.554	  8
    1304.178	  8
    1304.448	  8
    1304.802	  8
    1304.890	  8
    1304.948	  8
    1305.196	  8
    1305.440	  8
    1305.824	  8
    1306.122	  8
    1306.280	  8
    1306.380	  8
    1306.490	  8
    1306.920	  8
    1307.022	  8
    1307.456	  8
    1307.698	  8
    1307.936	  8
    1308.000	  8
    1308.200	  8
    1308.348	 53
    1308.684	  8
    1308.684	 20
    1308.684	 27
    1308.694	 28
    1308.694	 19
    1308.794	 29
    1308.892	  8
    1308.958	  9
    1328.814	 50
    1328.824	 17
    1332.428	  7
    1333.476	  7
    1335.326	  7
    1338.402	  7
    1339.388	  7
    1342.484	  7
    1343.128	  7
    1347.056	  7
    1347.212	  7
    1347.608	  7
    1355.568	  7
    1358.824	 53
    1359.616	  7
    1366.262	  8
    1366.262	 20
    1366.262	 27
    1366.272	 28
    1366.272	 19
    1366.372	 29
    1366.536	  9
    1366.552	  8
    1386.392	 51
    1386.402	 18
    1446.402	 53
    1446.412	 20
    1446.412	 27
    1466.432	 52
    1466.442	 10
    1486.872	  8
    1487.160	  8
    1487.440	  8
    1493.428	  8
    1494.390	  8
    1494.654	  8
    1495.116	  8
    1495.950	  8
    1496.232	  8
    1497.078	  8
    1498.092	  8
    1503.448	  8
    1503.758	  8
    1503.926	  8
    1508.592	  8
    1509.036	  8
    1509.656	  8
    1509.942	  8
    1510.094	  8
    1510.576	  8
    1520.226	  8
    1528.842	  8
    1529.890	  8
    1530.620	  8
    1531.068	  8
    1531.508	  8
    1532.022	  8
    1532.182	  8
    1532.228	  8
    1532.508	  8
    1533.696	  8
    1533.994	  8
    1534.430	  8
    1534.810	  8
    1535.336	  8
    1535.932	  8
    1536.296	  8
    1540.356	  8
    1540.546	  8
    1540.838	  8
    1541.882	  8
    1542.284	  8
    1542.762	  8
    1543.556	  8
    1544.138	  8
    1544.540	  8
    1544.838	  8
    1545.092	  8
    1545.528	  8
    1546.034	  8
    1546.350	  8
    1547.236	  8
    1547.906	  8
    1548.174	  8
    1548.602	  8
    1549.004	  8
    1549.104	  8
    1549.886	  8
    1550.498	  8
    1550.782	  8
    1550.840	  8
    1551.076	  8
    1554.956	  8
    1555.288	  8
    1556.150	  8
    1556.650	  8
    1557.004	  8
    1557.476	  8
    1558.600	  8
    1558.698	  8
    1560.088	  8
    1561.034	  8
    1561.230	  8
    1561.386	  8
    1561.628	  8
    1561.938	  8
    1562.256	  8
    1562.392	  8
    1563.000	  8
    1564.194	  8
    1564.646	  8
    1566.400	  8
    1568.068	  8
    1568.674	  8
    1569.116	  8
    1569.270	  8
    1569.946	  8
    1572.256	  8
    1573.300	  8
    1573.658	  8
    1573.880	  8
    1574.208	  8
    1574.344	  8
    1575.132	  8
    1575.568	  8
    1576.060	  8
    1576.158	  8
    1576.592	  8
    1576.814	  8
    1577.052	  8
    1577.674	  8
    1578.760	  8
    1579.424	  8
    1579.992	  8
    1580.168	  8
    1582.014	  8
    1583.056	  8
    1586.442	 53
    1589.422	  8
    1589.422	 20
    1589.422	 27
    1589.432	 28
    1589.432	 19
    1589.532	 29
    1589.690	  8
    1589.696	  9
    1591.228	  8
    1609.552	 51
    1609.562	 18
    1629.914	  7
    1669.562	 53
    1669.572	 20
    1669.572	 27
    1689.592	 52
    1689.602	 10
    1708.518	  8
    1708.946	  8
    1716.006	  8
    1716.538	  8
    1716.912	  8
    1717.462	  8
    1717.792	  8
    1720.610	  8
    1721.078	  8
    1721.438	  8
    1725.586	  8
    1727.142	  8
    1727.354	  8
    1727.954	  8
    1728.294	  8
    1728.738	  8
    1728.810	  8
    1729.980	  8
    1730.250	  8
    1730.650	  8
    1733.038	  8
    1733.254	  8
    1734.314	  8
    1734.810	  8
    1735.010	  8
    1736.196	  8
    1736.426	  8
    1737.060	  8
    1737.128	  8
    1737.852	  8
    1738.324	  8
    1739.138	  8
    1740.186	  8
    1740.312	  8
    1740.734	  8
    1741.106	  8
    1745.234	  8
    1746.754	  8
    1747.316	  8
    1747.796	  8
    1748.304	  8
    1748.678	  8
    1749.158	  8
    1749.430	  8
    1749.692	  8
    1750.736	  8
    1751.344	  8
    1751.676	  8
    1752.118	  8
    1754.432	  8
    1754.808	  8
    1755.466	  8
    1755.992	  8
    1756.510	  8
    1757.120	  8
    1757.340	  8
    1757.548	  8
    1760.416	  8
    1760.780	  8
    1761.080	  8
    1762.316	  8
    1762.644	  8
    1763.018	  8
    1763.188	  8
    1763.876	  8
    1765.064	  8
    1765.536	  8
    1766.042	  8
    1767.388	  8
    1767.970	  8
    1768.574	  8
    1768.830	  8
    1770.128	  8
    1770.772	  8
    1771.036	  8
    1771.388	  8
    1771.670	  8
    1772.434	  8
    1772.716	  8
    1773.422	  8
    1773.924	  8
    1774.140	  8
    1775.114	  8
    1777.016	  8
    1777.670	  8
    1777.952	  8
    1778.062	  8
    1778.292	  8
    1778.562	  8
    1779.648	  8
    1779.928	  8
    1780.268	  8
    1780.638	  8
    1781.418	  8
    1781.904	  8
    1782.682	  8
    1783.344	  8
    1784.066	  8
    1784.260	  8
    1785.816	  8
    1788.410	  8
    1788.456	  8
    1788.702	  8
    1789.294	  8
    1790.068	  8
    1790.134	  8
    1790.526	  8
    1791.298	  8
    1791.614	  8
    1793.308	  8
    1794.402	  8
    1794.494	  8
    1795.048	  8
    1796.184	  8
    1796.576	  8
    1796.712	  8
    1796.876	  8
    1797.122	  8
    1800.300	  8
    1800.556	  8
    1800.836	  8
    1801.164	  8
    1801.798	  8
    1802.352	  8
    1802.742	  8
    1803.308	  8
    1804.108	  8
    1804.404	  8
    1805.092	  8
    1805.500	  8
    1806.528	  8
    1806.716	  8
    1808.858	  8
    1809.602	 53
    1809.804	  8
    1809.804	 20
    1809.804	 27
    1809.814	 28
    1809.814	 19
    1809.914	 29
    1810.078	  9
    1810.082	  8
    1829.934	 52
    1829.944	 10
    1885.292	  8
    1886.738	  8
    1887.658	  8
    1888.012	  8
    1888.326	  8
    1888.956	  8
    1889.178	  8
    1889.636	  8
    1889.860	  8
    1890.020	  8
    1890.946	  8
    1891.266	  8
    1893.876	  8
    1894.732	  8
    1895.174	  8
    1895.994	  8
    1896.502	  8
    1897.644	  8
    1898.292	  8
    1901.444	  8
    1901.880	  8
    1901.932	  8
    1902.398	  8
    1902.916	  8
    1904.834	  8
    1905.820	  8
    1906.378	  8
    1907.148	  8
    1907.360	  8
    1908.552	  8
    1910.744	  8
    1911.444	  8
    1911.554	  8
    1911.832	  8
    1912.686	  8
    1912.966	  8
    1913.316	  8
    1913.550	  8
    1913.654	  8
    1916.956	  8
    1917.514	  8
    1917.784	  8
    1918.300	  8
    1918.624	  8
    1919.648	  8
    1920.774	  8
    1921.250	  8
    1922.082	  8
    1922.230	  8
    1923.516	  8
    1924.266	  8
    1924.910	  8
    1925.700	  8
    1926.518	  8
    1926.906	  8
    1927.210	  8
    1927.440	  8
    1927.870	  8
    1928.174	  8
    1928.428	  8
    1928.614	  8
    1928.928	  8
    1929.290	  8
    1929.854	  8
    1930.116	  8
    1931.072	  8
    1931.354	  8
    1935.418	  8
    1935.564	  8
    1936.052	  8
    1936.318	  8
    1936.756	  8
    1937.002	  8
    1937.826	  8
    1938.142	  8
    1938.808	  8
    1939.176	  8
    1939.342	  8
    1939.584	  8
    1939.856	  8
    1939.978	  8
    1940.286	  8
    1940.616	  8
    1943.042	  8
    1943.618	  8
    1944.488	  8
    1944.756	  8
    1945.224	  8
    1945.986	  8
    1946.542	  8
    1947.376	  8
    1948.434	  8
    1948.676	  8
    1949.028	  8
    1949.260	  8
    1949.944	 53
    1950.638	  8
    1950.638	 20
    1950.638	 27
    1950.648	 28
    1950.648	 19
    1950.748	 29
    1950.912	  9
    1951.010	  8
    1952.184	  8
    1970.768	 51
    1970.778	 18
    1975.782	  7
    1976.004	  7
    2023.442	  5
    2023.648	  5
    2030.778	 53
    2030.788	 20
    2030.788	 27
    2050.808	 52
    2050.818	 10
    2094.428	  8
    2094.496	  8
    2095.924	  8
    2099.442	  8
    2099.574	  8
    2112.698	  8
    2112.776	  8
    2116.208	  8
    2116.812	  8
    2117.498	  8
    2118.146	  8
    2118.426	  8
    2123.390	  8
    2124.462	  8
    2125.176	  8
    2125.686	  8
    2126.018	  8
    2126.794	  8
    2127.080	  8
    2127.506	  8
    2127.936	  8
    2143.334	  8
    2143.746	  8
    2144.124	  8
    2144.574	  8
    2145.286	  8
    2145.898	  8
    2146.400	  8
    2146.928	  8
    2147.584	  8
    2147.854	  8
    2148.496	  8
    2149.002	  8
    2149.562	  8
    2150.420	  8
    2150.906	  8
    2152.856	  8
    2153.476	  8
    2153.510	  8
    2154.050	  8
    2155.300	  8
    2155.662	  8
    2156.906	  8
    2157.590	  8
    2157.908	  8
    2158.286	  8
    2158.896	  8
    2159.254	  8
    2161.358	  8
    2162.052	  8
    2162.180	  8
    2162.664	  8
    2163.044	  8
    2163.236	  8
    2165.932	  8
    2166.630	  8
    2167.136	  8
    2167.454	  8
    2167.704	  8
    2168.140	  8
    2168.450	  8
    2168.888	  8
    2169.144	  8
    2170.114	  8
    2170.818	 53
    2172.022	  8
    2172.022	 20
    2172.022	 27
    2172.032	 28
    2172.032	 19
    2172.132	 29
    2172.296	  9
    2172.382	  8
    2192.152	 50
    2192.162	 17
    2212.806	  8
    2213.652	  8
    2213.960	  8
    2214.376	  8
    2215.606	  8
    2216.024	  8
    2216.314	  8
    2216.536	  8
    2217.428	  8
    2218.260	  8
    2218.616	  8
    2220.314	  8
    2220.936	  8
    2222.162	 53
    2222.650	  8
    2222.650	 20
    2222.650	 27
    2222.660	 28
    2222.660	 19
    2222.760	 29
    2222.922	  9
    2222.980	  8
    2242.780	 52
    2242.790	 10
    2305.172	  8
    2305.606	  8
    2306.402	  8
    2307.388	  8
    2309.034	  8
    2310.134	  8
    2315.796	  8
    2316.224	  8
    2320.384	  8
    2320.486	  8
    2322.616	  8
    2323.174	  8
    2323.762	  8
    2324.790	  8
    2324.962	  8
    2325.204	  8
    2327.702	  8
    2328.260	  8
    2329.046	  8
    2329.596	  8
    2329.976	  8
    2330.448	  8
    2332.146	  8
    2334.974	  8
    2336.718	  8
    2337.290	  8
    2338.188	  8
    2339.074	  8
    2339.634	  8
    2339.990	  8
    2341.156	  8
    2342.136	  8
    2343.520	  8
    2343.662	  8
    2344.020	  8
    2344.340	  8
    2344.728	  8
    2344.962	  8
    2345.536	  8
    2346.160	  8
    2346.510	  8
    2346.732	  8
    2347.226	  8
    2349.102	  8
    2349.608	  8
    2350.154	  8
    2350.354	  8
    2351.030	  8
    2352.628	  8
    2353.094	  8
    2353.232	  8
    2354.360	  8
    2355.010	  8
    2355.190	  8
    2355.976	  8
    2356.580	  8
    2356.946	  8
    2357.324	  8
    2357.554	  8
    2358.030	  8
    2359.152	  8
    2359.858	  8
    2360.158	  8
    2360.744	  8
    2361.090	  8
    2361.324	  8
    2361.514	  8
    2362.418	  8
    2362.790	 53
    2365.432	  8
    2365.432	 20
    2365.432	 27
    2365.442	 28
    2365.442	 19
    2365.542	 29
    2365.706	  9
    2365.738	  8
    2385.562	 51
    2385.572	 18
    2445.572	 53
    2445.582	 20
    2445.582	 27
    2463.294	  8
    2465.602	 51
    2465.612	 18
    2481.134	  8
    2525.612	 53
    2525.622	 20
    2525.622	 27
    2545.642	 51
    2545.652	 18
    2605.652	 53
    2605.662	 20
    2605.662	 27
    2616.116	  8
    2616.698	  8
    2617.214	  8
    2617.770	  8
    2618.266	  8
    2618.798	  8
    2619.350	  8
    2620.324	  8
    2621.880	  8
    2622.412	  8
    2622.532	  8
    2622.840	  8
    2624.326	  8
    2624.514	  8
    2625.092	  8
    2625.282	  8
    2625.682	 50
    2625.692	 17
    2626.002	  8
    2627.106	  8
    2627.922	  8
    2628.450	  8
    2629.374	  8
    2630.374	  8
    2631.460	  8
    2632.014	  8
    2632.518	  8
    2635.012	  8
    2635.882	  8
    2636.210	  8
    2637.400	  8
    2638.490	  8
    2638.832	  8
    2639.706	  8
    2640.342	  8
    2640.658	  8
    2640.978	  8
    2641.586	  8
    2642.594	  8
    2642.904	  8
    2644.320	  8
    2644.878	  8
    2645.242	  8
    2645.836	  8
    2646.028	  8
    2646.488	  8
    2646.598	  8
    2646.990	  8
    2647.158	  8
    2647.714	  8
    2648.114	  8
    2648.172	  8
    2648.904	  8
    2649.038	  8
    2649.422	  8
    2649.852	  8
    2650.100	  8
    2651.342	  8
    2652.204	  8
    2652.772	  8
    2653.262	  8
    2653.344	  8
    2653.606	  8
    2653.854	  8
    2654.018	  8
    2654.232	  8
    2654.648	  8
    2655.410	  8
    2655.692	 53
    2655.994	  8
    2655.994	 20
    2655.994	 27
    2656.004	 28
    2656.004	 19
    2656.104	 29
    2656.268	  9
    2656.270	  8
    2676.124	 50
    2676.134	 17
    2691.854	  8
    2692.178	  8
    2692.516	  8
    2693.186	  8
    2696.628	  8
    2697.458	  8
    2697.692	  8
    2698.026	  8
    2698.254	  8
    2699.140	  8
    2701.722	  8
    2703.322	  8
    2704.512	  8
    2705.882	  8
    2706.132	  8
    2706.134	 53
    2706.436	  8
    2706.436	 20
    2706.436	 27
    2706.446	 28
    2706.446	 19
    2706.546	 29
    2706.604	  8
    2706.708	  9
    2708.368	  8
    2708.540	  8
    2710.314	  8
    2726.566	 51
    2726.576	 18
    2769.042	  8
    2769.520	  8
    2769.782	  8
    2770.318	  8
    2780.782	  8
    2781.002	  8
    2781.354	  8
    2781.510	  8
    2781.818	  8
    2782.418	  8
    2782.970	  8
    2783.178	  8
    2784.566	  8
    2785.464	  8
    2785.750	  8
    2786.576	 53
    2786.586	 20
    2786.586	 27
    2806.606	 51
    2806.616	 18
    2866.616	 53
    2866.626	 20
    2866.626	 27
    2886.646	 52
    2886.656	 10
    2897.510	  8
    2898.108	  8
    2898.584	  8
    2898.952	  8
    2899.568	  8
    2899.738	  8
    2902.742	  8
    2902.878	  8
    2903.884	  8
    2904.654	  8
    2904.992	  8
    2927.874	  8
    2928.318	  8
    2928.924	  8
    2929.262	  8
    2930.658	  8
    2931.702	  8
    2932.012	  8
    2932.412	  8
    2933.238	  8
    2935.170	  8
    2941.646	  8
    2941.914	  8
    2942.560	  8
    2943.038	  8
    2952.452	  8
    2952.938	  8
    2953.472	  8
    2953.944	  8
    2954.572	  8
    3006.358	  8
    3006.656	 53
    3007.250	  8
    3007.250	 20
    3007.250	 27
    3007.260	 28
    3007.260	 19
    3007.360	 29
    3007.524	  9
    3007.544	  8
    3027.380	 50
    3027.390	 17
    3038.540	  8
    3038.818	  8
    3039.342	  8
    3043.230	  8
    3044.894	  8
    3046.626	  8
    3048.920	  8
    3048.954	  8
    3051.624	  8
    3051.692	  8
    3052.044	  8
    3052.304	  8
    3054.644	  8
    3055.628	  8
    3056.652	  8
    3056.872	  8
    3057.390	 53
    3057.438	  8
    3057.438	 20
    3057.438	 27
    3057.448	 28
    3057.448	 19
    3057.548	 29
    3057.684	  8
    3057.710	  9
    3077.568	 51
    3077.578	 18
    3092.814	  7
    3095.756	  7
    3095.880	  7
    3096.426	  7
    3096.734	  7
    3133.594	  8
    3137.578	 53
    3137.588	 20
    3137.588	 27
    3157.608	 50
    3157.618	 17
    3176.168	  8
    3177.668	  8
    3177.988	  8
    3178.322	  8
    3178.978	  8
    3180.374	  8
    3181.260	  8
    3181.676	  8
    3182.010	  8
    3183.742	  8
    3183.978	  8
    3184.448	  8
    3185.730	  8
    3185.974	  8
    3186.328	  8
    3186.480	  8
    3187.522	  8
    3187.618	 53
    3188.336	  8
    3188.336	 20
    3188.336	 27
    3188.346	 28
    3188.346	 19
    3188.446	 29
    3188.554	  8
    3188.604	  9
    3208.466	 51
    3208.476	 18
    3268.476	 53
    3268.486	 20
    3268.486	 27
    3288.506	 52
    3288.516	 10
    3352.128	  8
    3352.402	  8
    3352.664	  8
    3353.840	  8
    3354.646	  8
    3355.780	  8
    3356.028	  8
    3356.434	  8
    3356.742	  8
    3356.980	  8
    3357.430	  8
    3358.592	  8
    3359.178	  8
    3359.672	  8
    3359.936	  8
    3360.114	  8
    3360.714	  8
    3361.200	  8
    3361.292	  8
    3361.840	  8
    3362.236	  8
    3363.164	  8
    3363.788	  8
    3363.922	  8
    3364.332	  8
    3364.794	  8
    3366.366	  8
    3366.792	  8
    3367.332	  8
    3367.666	  8
    3368.316	  8
    3368.692	  8
    3369.130	  8
    3369.496	  8
    3369.886	  8
    3371.720	  8
    3372.496	  8
    3373.014	  8
    3373.414	  8
    3373.792	  8
    3376.728	  8
    3377.756	  8
    3378.052	  8
    3378.492	  8
    3382.326	  8
    3382.388	  8
    3382.598	  8
    3382.828	  8
    3382.968	  8
    3383.350	  8
    3383.556	  8
    3383.750	  8
    3384.788	  8
    3385.256	  8
    3385.472	  8
    3386.038	  8
    3386.482	  8
    3386.742	  8
    3389.446	  8
    3389.628	  8
    3390.252	  8
    3390.590	  8
    3391.094	  8
    3391.578	  8
    3392.260	  8
    3392.846	  8
    3394.028	  8
    3394.342	  8
    3394.794	  8
    3395.264	  8
    3396.100	  8
    3396.616	  8
    3397.094	  8
    3397.430	  8
    3397.728	  8
    3398.774	  8
    3399.194	  8
    3399.718	  8
    3402.692	  8
    3404.022	  8
    3404.102	  8
    3404.422	  8
    3405.308	  8
    3405.710	  8
    3407.048	  8
    3407.522	  8
    3407.736	  8
    3408.506	  8
    3408.516	 53
    3408.902	  8
    3408.902	 20
    3408.902	 27
    3408.912	 28
    3408.912	 19
    3409.012	 29
    3409.176	  9
    3409.204	  8
    3429.032	 51
    3429.042	 18
    3489.042	 53
    3489.052	 20
    3489.052	 27
    3509.072	 52
    3509.082	 10
    3549.468	  8
    3550.226	  8
    3551.740	  8
    3552.204	  8
    3553.438	  8
    3554.068	  8
    3554.990	  8
    3555.404	  8
    3556.038	  8
    3556.504	  8
    3557.074	  8
    3557.668	  8
    3558.380	  8
    3559.132	  8
    3559.442	  8
    3560.146	  8
    3560.578	  8
    3560.896	  8
    3562.408	  8
    3563.796	  8
    3564.158	  8
    3565.216	  8
    3565.574	  8
    3566.104	  8
    3566.254	  8
    3567.280	  8
    3568.260	  8
    3568.770	  8
    3569.276	  8
    3569.648	  8
    3570.050	  8
    3570.600	  8
    3572.872	  8
    3573.282	  8
    3574.050	  8
    3574.284	  8
    3574.574	  8
    3575.008	  8
    3575.210	  8
    3575.640	  8
    3578.526	  8
    3580.216	  8
    3580.716	  8
    3581.438	  8
    3582.208	  8
    3583.046	  8
    3583.368	  8
    3584.294	  8
    3586.292	  8
    3586.742	  8
    3587.390	  8
    3587.708	  8
    3587.870	  8
    3588.148	  8
    3588.460	  8
    3588.838	  8
    3589.130	  8
    3589.588	  8
    3590.846	  8
    3591.144	  8
    3591.422	  8
    3591.708	  8
    3592.382	  8
    3593.378	  8
    3594.120	  8
    3594.350	  8
    3594.850	  8
    3596.330	  8
    3597.140	  8
    3597.514	  8
    3597.582	  8
    3598.372	  8
    3598.548	  8
    3598.672	  8
    3599.006	  8
    3599.560	  8
    3601.174	  8
    3602.954	  8
    3603.260	  8
    3604.048	  8
    3604.076	  8
    3604.772	  8
    3605.054	  8
    3606.678	  8
    3606.916	  8
    3607.134	  8
    3607.504	  8
    3607.804	  8
    3608.242	  8
    3608.656	  8
    3610.448	  8
    3611.732	  8
    3611.860	  8
    3612.390	  8
    3612.736	  8
    3612.966	  8
    3613.132	  8
    3613.548	  8
    3616.136	  8
    3616.350	  8
    3616.976	  8
    3617.158	  8
    3617.274	  8
    3617.494	  8
    3617.850	  8
    3618.322	  8
    3618.706	  8
    3618.970	  8
    3619.854	  8
    3619.980	  8
    3621.742	  8
    3621.966	  8
    3622.472	  8
    3622.684	  8
    3623.162	  8
    3623.274	  8
    3624.234	  8
    3626.488	  8
    3626.706	  8
    3627.742	  8
    3627.898	  8
    3627.992	  8
    3628.444	  8
    3628.810	  8
    3629.082	 53
    3629.708	  8
    3629.708	 20
    3629.708	 27
    3629.718	 28
    3629.718	 19
    3629.818	 29
    3629.982	  9
    3630.148	  8
    3649.838	 50
    3649.848	 17
    3671.978	  8
    3674.270	  8
    3674.878	  8
    3674.976	  8
    3675.292	  8
    3676.530	  8
    3676.926	  8
    3677.250	  8
    3677.592	  8
    3678.108	  8
    3678.640	  8
    3679.230	  8
    3679.848	 53
    3680.056	  8
    3680.056	 20
    3680.056	 27
    3680.066	 28
    3680.066	 19
    3680.166	 29
    3680.328	  9
    3680.376	  8
    3681.484	  8
    3700.186	 51
    3700.196	 18
    3760.196	 53
    3760.206	 20
    3760.206	 27
    3780.226	 51
    3780.236	 18
    3827.408	  8
    3828.032	  8
    3828.434	  8
    3829.602	  8
    3840.236	 53
    3840.246	 20
    3840.246	 27
    3860.266	 50
    3860.276	 17
    3870.498	  8
    3870.736	  8
    3870.818	  8
    3870.986	  8
    3871.508	  8
    3872.032	  8
    3872.394	  8
    3872.642	  8
    3872.882	  8
    3874.418	  8
    3876.548	  8
    3876.712	  8
    3877.402	  8
    3878.610	  8
    3878.826	  8
    3880.656	  8
    3880.980	  8
    3882.534	  8
    3883.386	  8
    3884.554	  8
    3884.812	  8
    3885.614	  8
    3885.944	  8
    3886.016	  8
    3887.246	  8
    3888.904	  8
    3889.318	  8
    3889.448	  8
    3889.820	  8
    3890.276	 53
    3891.014	  8
    3891.014	 20
    3891.014	 27
    3891.024	 28
    3891.024	 19
    3891.124	 29
    3891.288	  9
    3891.408	  8
    3911.144	 51
    3911.154	 18
    3971.154	 53
    3971.164	 20
    3971.164	 27
    3991.184	 51
    3991.194	 18
    4051.194	 53
    4051.204	 20
    4051.204	 27
    4071.224	 51
    4071.234	 18
    4131.234	 53
    4131.244	 20
    4131.244	 27
    4151.264	 51
    4151.274	 18
    4211.274	 53
    4211.284	 20
    4211.284	 27
    4231.304	 52
    4231.314	 10
    4241.742	  8
    4242.000	  8
    4242.498	  8
    4245.610	  8
    4245.834	  8
    4245.938	  8
    4246.448	  8
    4246.810	  8
    4250.488	  8
    4251.180	  8
    4251.546	  8
    4252.676	  8
    4254.470	  8
    4254.818	  8
    4254.980	  8
    4255.260	  8
    4256.596	  8
    4256.706	  8
    4257.540	  8
    4257.868	  8
    4263.898	  8
    4264.446	  8
    4264.520	  8
    4266.578	  8
    4268.524	  8
    4269.092	  8
    4269.596	  8
    4272.580	  8
    4273.018	  8
    4273.320	  8
    4273.522	  8
    4274.116	  8
    4275.178	  8
    4275.688	  8
    4276.356	  8
    4277.206	  8
    4278.302	  8
    4278.664	  8
    4279.400	  8
    4279.720	  8
    4280.000	  8
    4280.696	  8
    4280.966	  8
    4281.362	  8
    4282.026	  8
    4282.236	  8
    4282.338	  8
    4283.172	  8
    4283.524	  8
    4284.976	  8
    4286.678	  8
    4287.236	  8
    4287.742	  8
    4288.786	  8
    4289.610	  8
    4290.124	  8
    4290.396	  8
    4292.918	  8
    4292.994	  8
    4293.426	  8
    4293.838	  8
    4295.214	  8
    4295.676	  8
    4297.352	  8
    4298.252	  8
    4298.450	  8
    4299.016	  8
    4299.726	  8
    4300.402	  8
    4300.744	  8
    4301.102	  8
    4301.348	  8
    4302.522	  8
    4302.960	  8
    4303.080	  8
    4304.234	  8
    4306.208	  8
    4306.422	  8
    4306.908	  8
    4308.350	  8
    4309.300	  8
    4310.080	  8
    4310.650	  8
    4311.124	  8
    4311.596	  8
    4312.210	  8
    4312.468	  8
    4314.244	  8
    4315.500	  8
    4316.192	  8
    4316.724	  8
    4317.240	  8
    4317.456	  8
    4318.086	  8
    4318.458	  8
    4318.760	  8
    4319.030	  8
    4320.598	  8
    4320.816	  8
    4324.108	  8
    4325.156	  8
    4325.670	  8
    4326.162	  8
    4326.574	  8
    4326.740	  8
    4327.758	  8
    4328.416	  8
    4328.668	  8
    4329.546	  8
    4330.306	  8
    4332.550	  8
    4332.782	  8
    4333.286	  8
    4333.576	  8
    4334.734	  8
    4337.630	  8
    4338.250	  8
    4338.354	  8
    4341.438	  8
    4341.668	  8
    4342.030	  8
    4342.212	  8
    4342.526	  8
    4342.722	  8
    4343.104	  8
    4343.894	  8
    4344.502	  8
    4345.588	  8
    4346.502	  8
    4346.878	  8
    4347.572	  8
    4348.322	  8
    4348.864	  8
    4349.362	  8
    4351.314	 53
    4352.852	  8
    4352.852	 20
    4352.852	 27
    4352.862	 28
    4352.862	 19
    4352.962	 29
    4353.126	  9
    4353.160	  8
    4372.982	 51
    4372.992	 18
    4432.992	 53
    4433.002	 20
    4433.002	 27
    4453.022	 51
    4453.032	 18
    4513.032	 53
    4513.042	 20
    4513.042	 27
    4533.062	 50
    4533.072	 17
    4541.734	  8
    4542.504	  8
    4543.532	  8
    4544.542	  8
    4544.708	  8
    4546.294	  8
    4547.370	  8
    4548.044	  8
    4548.694	  8
    4549.322	  8
    4549.614	  8
    4552.960	  8
    4553.792	  8
    4554.124	  8
    4554.222	  8
    4554.598	  8
    4555.700	  8
    4555.872	  8
    4556.086	  8
    4556.370	  8
    4556.656	  8
    4556.964	  8
    4557.520	  8
    4557.838	  8
    4559.740	  8
    4560.426	  8
    4560.676	  8
    4561.486	  8
    4562.008	  8
    4562.362	  8
    4562.564	  8
    4563.072	 53
    4563.102	  8
    4563.102	 20
    4563.102	 27
    4563.112	 28
    4563.112	 19
    4563.212	 29
    4563.376	  9
    4563.468	  8
    4563.556	  8
    4583.232	 50
    4583.242	 17
    4599.568	  8
    4600.538	  8
    4601.260	  8
    4601.540	  8
    4603.806	  8
    4604.222	  8
    4604.534	  8
    4605.428	  8
    4607.088	  8
    4607.622	  8
    4608.380	  8
    4608.760	  8
    4609.086	  8
    4609.344	  8
    4609.790	  8
    4609.916	  8
    4611.434	  8
    4611.564	  8
    4611.910	  8
    4613.092	  8
    4613.242	 53
    4614.196	  8
    4614.196	 20
    4614.196	 27
    4614.206	 28
    4614.206	 19
    4614.306	 29
    4614.468	  8
    4634.326	 52
    4634.336	 10
    4707.316	  8
    4708.324	  8
    4710.442	  8
    4710.604	  8
    4711.474	  8
    4711.688	  8
    4714.022	  8
    4715.318	  8
    4715.440	  8
    4716.954	  8
    4717.762	  8
    4717.976	  8
    4722.360	  8
    4722.748	  8
    4724.228	  8
    4725.048	  8
    4725.224	  8
    4726.086	  8
    4726.352	  8
    4726.990	  8
    4727.070	  8
    4728.054	  8
    4729.006	  8
    4729.200	  8
    4729.830	  8
    4730.602	  8
    4731.070	  8
    4731.508	  8
    4733.392	  8
    4733.782	  8
    4734.168	  8
    4734.766	  8
    4735.302	  8
    4736.208	  8
    4736.510	  8
    4737.130	  8
    4740.448	  8
    4740.896	  8
    4741.376	  8
    4742.154	  8
    4742.580	  8
    4743.088	  8
    4743.304	  8
    4743.922	  8
    4744.072	  8
    4744.806	  8
    4745.118	  8
    4745.610	  8
    4746.334	  8
    4747.294	  8
    4747.520	  8
    4747.726	  8
    4747.824	  8
    4748.168	  8
    4748.342	  8
    4748.854	  8
    4749.838	  8
    4750.004	  8
    4750.530	  8
    4750.680	  8
    4751.038	  8
    4751.378	  8
    4751.896	  8
    4752.836	  8
    4753.024	  8
    4753.236	  8
    4753.494	  8
    4753.722	  8
    4754.198	  8
    4754.336	 53
    4756.180	  8
    4756.180	 20
    4756.180	 27
    4756.190	 28
    4756.190	 19
    4756.290	 29
    4756.450	  8
    4756.454	  9
    4764.478	  8
    4776.310	 51
    4776.320	 18
    4795.050	  7
    4795.594	  7
    4796.348	  7
    4796.606	  7
    4803.786	  7
    4804.384	  7
    4811.314	  7
    4811.460	  7
    4816.994	  7
    4823.710	  7
    4826.146	  7
    4833.352	  7
    4833.588	  7
    4836.320	 53
    4836.330	 20
    4836.330	 27
    4836.762	  7
    4843.970	  7
    4845.834	  7
    4848.018	  7
    4853.108	  7
    4855.266	  7
    4856.350	 51
    4856.360	 18
    4864.152	  7
    4866.092	  7
    4868.676	  7
    4880.790	  7
    4886.864	  7
    4892.284	  7
    4892.610	  7
    4894.422	  7
    4894.590	  7
    4898.756	  7
    4901.304	  7
    4904.510	  7
    4912.000	  8
    4912.484	  8
    4913.108	  8
    4913.604	  8
    4914.532	  8
    4915.838	  8
    4916.184	  8
    4916.360	 53
    4916.370	 20
    4916.370	 27
    4917.646	  8
    4918.084	  8
    4918.442	  8
    4918.812	  8
    4919.616	  8
    4919.812	  8
    4936.390	 50
    4936.400	 17
    4941.896	  8
    4942.030	  8
    4943.074	  8
    4943.282	  8
    4944.710	  8
    4945.398	  8
    4946.144	  8
    4946.640	  8
    4946.926	  8
    4947.112	  8
    4948.668	  8
    4949.090	  8
    4949.306	  8
    4949.586	  8
    4949.908	  8
    4949.976	  8
    4950.932	  8
    4951.206	  8
    4951.748	  8
    4951.852	  8
    4951.922	  8
    4953.052	  8
    4953.772	  8
    4954.336	  8
    4954.566	  8
    4957.494	  8
    4958.030	  8
    4959.492	  8
    4959.656	  8
    4961.344	  8
    4961.562	  8
    4961.786	  8
    4962.308	  8
    4963.572	  8
    4964.026	  8
    4965.004	  8
    4965.532	  8
    4965.606	  8
    4966.090	  8
    4966.352	  8
    4966.400	 53
    4966.578	  8
    4966.578	 20
    4966.578	 27
    4966.588	 28
    4966.588	 19
    4966.688	 29
    4966.722	  8
    4966.852	  9
    4969.330	  8
    4986.708	 51
    4986.718	 18
    4997.718	  7
    4998.066	  7
    4998.310	  7
    4998.504	  7
    4998.784	  7
    4999.192	  7
    4999.398	  7
    4999.594	  7
    5000.228	  7
    5000.388	  7
    5000.558	  7
    5000.942	  7
    5001.048	  7
    5001.310	  7
    5001.468	  7
    5001.702	  7
    5002.086	  7
    5002.316	  7
    5002.508	  7
    5046.718	 53
    5046.728	 20
    5046.728	 27
    5066.748	 52
    5066.758	 10
    5091.660	  8
    5091.894	  8
    5092.290	  8
    5093.164	  8
    5093.660	  8
    5106.426	  8
    5106.850	  8
    5107.116	  8
    5107.770	  8
    5108.476	  8
    5108.940	  8
    5109.696	  8
    5110.442	  8
    5110.742	  8
    5111.272	  8
    5112.060	  8
    5113.262	  8
    5113.910	  8
    5115.270	  8
    5115.748	  8
    5186.758	 53
    5208.836	  8
    5208.836	 20
    5208.836	 27
    5208.846	 28
    5208.846	 19
    5208.946	 29
    5209.108	  9
    5209.138	  8
    5228.966	 50
    5228.976	 17
    5258.976	 53
    5270.834	  8
    5270.834	 20
    5270.834	 27
    5270.844	 28
    5270.844	 19
    5270.944	 29
    5270.954	 61
