      20.010	 52
      20.020	 10
      31.370	  8
      68.026	  8
      68.126	  8
      68.514	  8
      76.680	  8
      77.142	  8
      86.908	  8
      90.772	  7
      91.424	  7
      91.860	  7
      92.032	  7
      92.580	  7
      92.760	  7
      93.084	  7
      93.284	  7
      93.448	  7
      93.674	  7
      93.852	  7
      94.730	  7
      94.988	  7
      95.370	  7
      95.508	  7
      95.812	  7
      98.712	  7
      98.912	  7
     102.002	  7
     102.192	  7
     105.370	  7
     109.118	  7
     115.610	  8
     115.788	  8
     116.104	  8
     116.452	  8
     117.098	  8
     117.472	  8
     118.074	  8
     118.398	  8
     118.794	  8
     119.014	  8
     136.330	  8
     137.186	  8
     137.964	  8
     138.390	  8
     138.506	  8
     140.020	 53
     140.838	  8
     140.838	 20
     140.838	 27
     140.848	 28
     140.848	 19
     140.948	 29
     141.112	  9
     141.136	  8
     160.968	 52
     160.978	 10
     166.548	  7
     166.900	  7
     167.060	  7
     167.224	  7
     168.774	  7
     169.478	  7
     169.530	  7
     194.230	  8
     194.434	  8
     229.296	  8
     230.214	  8
     230.374	  8
     233.136	  8
     251.388	  8
     251.988	  8
     252.648	  8
     253.070	  8
     253.762	  8
     254.088	  8
     255.036	  8
     267.106	  8
     267.764	  8
     268.028	  8
     268.714	  8
     269.436	  8
     269.694	  8
     269.958	  8
     271.340	  8
     271.588	  8
     272.224	  8
     272.456	  8
     272.754	  8
     273.364	  8
     274.304	  8
     277.504	  8
     277.874	  8
     278.210	  8
     278.886	  8
     279.316	  8
     279.640	  8
     279.976	  8
     280.540	  8
     280.770	  8
     280.978	 53
     281.282	  8
     281.282	 20
     281.282	 27
     281.292	 28
     281.292	 19
     281.392	 29
     281.556	  9
     281.578	  8
     301.412	 50
     301.422	 17
     330.330	  8
     330.710	  8
     331.298	  8
     331.422	 53
     331.722	  8
     331.722	 20
     331.722	 27
     331.732	 28
     331.732	 19
     331.832	 29
     331.996	  9
     332.020	  8
     351.852	 52
     351.862	 10
     410.152	  8
     411.226	  8
     411.848	  8
     412.234	  8
     412.622	  8
     412.948	  8
     413.744	  8
     414.180	  8
     414.692	  8
     414.974	  8
     415.232	  8
     415.556	  8
     415.952	  8
     417.988	  8
     418.884	  8
     419.440	  8
     419.770	  8
     420.222	  8
     420.416	  8
     421.054	  8
     421.208	  8
     421.900	  8
     422.202	  8
     423.872	  8
     424.158	  8
     424.638	  8
     424.836	  8
     425.216	  8
     426.630	  8
     427.240	  8
     427.452	  8
     427.664	  8
     427.928	  8
     428.122	  8
     429.778	  8
     430.126	  8
     431.130	  8
     431.382	  8
     431.862	  8
     432.040	  8
     432.448	  8
     432.670	  8
     433.564	  8
     434.322	  8
     434.946	  8
     435.492	  8
     435.818	  8
     436.882	  8
     437.886	  8
     438.310	  8
     438.838	  8
     439.098	  8
     441.920	  8
     442.256	  8
     442.912	  8
     443.094	  8
     444.006	  8
     444.358	  8
     444.556	  8
     445.310	  8
     445.588	  8
     445.906	  8
     446.378	  8
     446.444	  8
     446.744	  8
     447.068	  8
     447.282	  8
     447.562	  8
     449.088	  8
     449.386	  8
     449.538	  8
     449.606	  8
     449.862	  8
     450.064	  8
     450.692	  8
     451.274	  8
     451.610	  8
     452.234	  8
     453.772	  8
     455.058	  8
     455.434	  8
     455.514	  8
     456.252	  8
     456.520	  8
     456.712	  8
     457.826	  8
     457.964	  8
     458.364	  8
     458.606	  8
     459.676	  8
     461.270	  8
     463.178	  8
     463.416	  8
     463.506	  8
     464.000	  8
     464.380	  8
     464.718	  8
     465.276	  8
     465.860	  8
     466.356	  8
     467.164	  8
     468.542	  8
     469.780	  8
     470.266	  8
     470.458	  8
     471.030	  8
     471.162	  8
     471.402	  8
     471.502	  8
     471.692	  8
     471.862	 53
     473.594	  8
     473.594	 20
     473.594	 27
     473.604	 28
     473.604	 19
     473.704	 29
     473.868	  9
     473.878	  8
     493.724	 50
     493.734	 17
     507.520	  7
     507.658	  7
     507.810	  7
     508.262	  7
     509.816	  7
     514.424	  7
     514.732	  7
     518.882	  7
     522.618	  7
     523.734	 53
     527.118	  7
     528.584	  8
     528.584	 20
     528.584	 27
     528.594	 28
     528.594	 19
     528.694	 29
     528.800	  8
     528.858	  9
     529.334	  8
     540.156	  7
     540.556	  7
     541.204	  7
     541.716	  7
     542.530	  7
     548.714	 51
     548.724	 18
     551.972	  7
     564.022	  6
     572.292	  8
     597.882	  8
     598.196	  8
     608.724	 53
     608.734	 20
     608.734	 27
     628.754	 50
     628.764	 17
     658.764	 53
     659.554	  8
     659.554	 20
     659.554	 27
     659.564	 28
     659.564	 19
     659.664	 29
     659.828	  9
     659.836	  8
     661.626	  8
     679.684	 50
     679.694	 17
     701.292	  8
     701.512	  8
     702.054	  8
     702.270	  8
     702.992	  8
     703.322	  8
     703.916	  8
     704.476	  8
     704.798	  8
     706.196	  8
     706.416	  8
     706.980	  8
     707.326	  8
     707.604	  8
     708.012	  8
     708.212	  8
     709.248	  8
     709.694	 53
     709.974	  8
     709.974	 20
     709.974	 27
     709.984	 28
     709.984	 19
     710.084	 29
     710.248	  9
     710.316	  8
     711.868	  8
     730.104	 51
     730.114	 18
     790.114	 53
     790.124	 20
     790.124	 27
     792.964	  8
     810.144	 50
     810.154	 17
     815.464	  7
     815.720	  7
     816.152	  7
     817.092	  7
     822.238	  7
     822.386	  7
     822.722	  7
     826.620	  7
     828.436	  7
     828.598	  7
     830.676	  7
     831.942	  7
     832.066	  7
     835.832	  7
     836.392	  7
     836.516	  7
     836.660	  7
     837.936	  7
     840.154	 53
     841.138	  7
     841.508	  7
     845.642	  7
     847.822	  7
     851.174	  8
     851.174	 20
     851.174	 27
     851.184	 28
     851.184	 19
     851.284	 29
     851.362	  8
     851.448	  9
     871.304	 52
     871.314	 10
     876.340	  7
     876.664	  7
     877.016	  7
     877.574	  7
     877.784	  7
     877.958	  7
     878.150	  7
     878.336	  7
     878.532	  7
     879.362	  7
     879.500	  7
     914.920	  8
     915.218	  8
     915.388	  8
     930.384	  8
     931.176	  8
     938.168	  8
     938.286	  8
     938.838	  8
     939.236	  8
     939.826	  8
     940.328	  8
     940.760	  8
     941.326	  8
     945.132	  8
     945.328	  8
     945.752	  8
     946.072	  8
     946.942	  8
     947.800	  8
     948.554	  8
     948.850	  8
     950.314	  8
     950.820	  8
     951.294	  8
     951.690	  8
     955.246	  8
     956.046	  8
     958.350	  8
     958.996	  8
     959.214	  8
     959.764	  8
     961.040	  8
     961.542	  8
     961.898	  8
     965.584	  8
     966.124	  8
     966.526	  8
     967.064	  8
     967.658	  8
     968.196	  8
     969.032	  8
     971.094	  8
     971.768	  8
     972.060	  8
     972.380	  8
     972.726	  8
     972.972	  8
     973.094	  8
     973.416	  8
     973.806	  8
     977.518	  8
     978.072	  8
     978.804	  8
     979.656	  8
     981.818	  8
     981.902	  8
     982.144	  8
     982.510	  8
     983.430	  8
     983.908	  8
     984.556	  8
     984.762	  8
     985.056	  8
     985.528	  8
     986.294	  8
     986.678	  8
     987.132	  8
     987.270	  8
     987.562	  8
     987.850	  8
     988.208	  8
     988.606	  8
     988.854	  8
     989.064	  8
     990.398	  8
     990.506	  8
     991.232	  8
     991.314	 53
     991.520	  8
     991.520	 20
     991.520	 27
     991.530	 28
     991.530	 19
     991.630	 29
     991.794	  9
     991.834	  8
    1011.650	 51
    1011.660	 18
    1035.640	  8
    1071.660	 53
    1071.670	 20
    1071.670	 27
    1072.222	  8
    1072.526	  8
    1081.238	  8
    1081.874	  8
    1082.730	  8
    1084.642	  8
    1085.424	  8
    1086.414	  8
    1086.516	  8
    1091.488	  8
    1091.690	 51
    1091.700	 18
    1151.700	 53
    1151.710	 20
    1151.710	 27
    1171.730	 51
    1171.740	 18
    1179.818	  8
    1180.410	  8
    1181.116	  8
    1182.890	  8
    1184.004	  8
    1187.382	  8
    1187.826	  8
    1188.116	  8
    1188.670	  8
    1207.502	  8
    1207.796	  8
    1208.470	  8
    1231.740	 53
    1231.750	 20
    1231.750	 27
    1237.512	  8
    1238.228	  8
    1239.290	  8
    1239.870	  8
    1240.706	  8
    1242.974	  8
    1244.304	  8
    1245.348	  8
    1245.502	  8
    1246.192	  8
    1246.536	  8
    1247.294	  8
    1247.446	  8
    1248.042	  8
    1251.770	 51
    1251.780	 18
    1261.180	  8
    1264.204	  8
    1311.780	 53
    1311.790	 20
    1311.790	 27
    1331.810	 50
    1331.820	 17
    1339.500	  8
    1339.836	  8
    1340.250	  8
    1341.044	  8
    1341.866	  8
    1342.364	  8
    1343.022	  8
    1344.468	  8
    1344.824	  8
    1347.094	  8
    1347.328	  8
    1348.592	  8
    1348.824	  8
    1349.246	  8
    1349.870	  8
    1350.246	  8
    1351.690	  8
    1351.914	  8
    1352.320	  8
    1353.320	  8
    1353.604	  8
    1354.100	  8
    1354.384	  8
    1354.534	  8
    1355.742	  8
    1355.998	  8
    1356.898	  8
    1357.282	  8
    1357.456	  8
    1358.644	  8
    1359.350	  8
    1359.624	  8
    1361.338	  8
    1361.820	 53
    1362.526	  8
    1362.526	 20
    1362.526	 27
    1362.536	 28
    1362.536	 19
    1362.636	 29
    1362.696	  8
    1362.800	  9
    1382.656	 50
    1382.666	 17
    1397.728	  8
    1398.072	  8
    1398.488	  8
    1398.834	  8
    1399.332	  8
    1400.164	  8
    1401.398	  8
    1402.412	  8
    1403.402	  8
    1404.958	  8
    1405.072	  8
    1405.744	  8
    1407.198	  8
    1407.752	  8
    1407.910	  8
    1408.218	  8
    1408.296	  8
    1408.766	  8
    1409.916	  8
    1410.266	  8
    1410.326	  8
    1411.310	  8
    1412.666	 53
    1413.440	  8
    1413.440	 20
    1413.440	 27
    1413.450	 28
    1413.450	 19
    1413.550	 29
    1413.714	  9
    1415.296	  8
    1433.570	 51
    1433.580	 18
    1493.580	 53
    1493.590	 20
    1493.590	 27
    1513.610	 52
    1513.620	 10
    1514.094	  8
    1564.760	  8
    1565.398	  8
    1567.442	  8
    1567.958	  8
    1568.766	  8
    1569.376	  8
    1569.954	  8
    1572.076	  8
    1572.794	  8
    1573.822	  8
    1573.978	  8
    1574.560	  8
    1579.414	  8
    1580.322	  8
    1580.762	  8
    1581.466	  8
    1581.966	  8
    1583.206	  8
    1583.362	  8
    1584.314	  8
    1585.074	  8
    1585.674	  8
    1586.368	  8
    1586.700	  8
    1587.090	  8
    1587.542	  8
    1588.020	  8
    1588.268	  8
    1589.992	  8
    1590.464	  8
    1590.916	  8
    1591.162	  8
    1592.704	  8
    1592.922	  8
    1593.602	  8
    1593.752	  8
    1594.668	  8
    1594.908	  8
    1595.456	  8
    1595.740	  8
    1596.048	  8
    1597.450	  8
    1598.226	  8
    1598.386	  8
    1599.992	  8
    1600.294	  8
    1600.718	  8
    1601.186	  8
    1601.590	  8
    1601.764	  8
    1603.214	  8
    1603.936	  8
    1604.524	  8
    1604.936	  8
    1605.390	  8
    1605.534	  8
    1606.576	  8
    1606.694	  8
    1607.148	  8
    1607.778	  8
    1607.916	  8
    1608.338	  8
    1609.578	  8
    1609.684	  8
    1610.656	  8
    1611.136	  8
    1614.302	  8
    1614.552	  8
    1617.806	  8
    1618.042	  8
    1618.264	  8
    1623.864	  8
    1624.338	  8
    1630.470	  8
    1633.620	 53
    1643.588	  8
    1643.588	 20
    1643.588	 27
    1643.598	 28
    1643.598	 19
    1643.698	 29
    1643.862	  9
    1643.904	  8
    1663.718	 51
    1663.728	 18
    1723.728	 53
    1723.732	  8
    1723.738	 20
    1723.738	 27
    1724.288	  8
    1725.382	  8
    1743.758	 52
    1743.768	 10
    1756.000	  8
    1761.006	  8
    1764.076	  8
    1764.334	  8
    1767.240	  8
    1768.240	  8
    1774.514	  8
    1774.964	  8
    1775.596	  8
    1776.086	  8
    1776.886	  8
    1777.358	  8
    1777.492	  8
    1778.150	  8
    1778.612	  8
    1779.712	  8
    1788.302	  8
    1788.408	  8
    1789.366	  8
    1790.222	  8
    1790.426	  8
    1790.974	  8
    1791.282	  8
    1791.820	  8
    1792.720	  8
    1793.280	  8
    1793.660	  8
    1793.998	  8
    1794.266	  8
    1794.340	  8
    1796.870	  8
    1797.270	  8
    1798.454	  8
    1798.934	  8
    1799.976	  8
    1800.912	  8
    1801.418	  8
    1801.988	  8
    1803.828	  8
    1804.234	  8
    1805.206	  8
    1805.650	  8
    1806.608	  8
    1808.282	  8
    1808.938	  8
    1809.172	  8
    1809.416	  8
    1809.664	  8
    1810.582	  8
    1810.904	  8
    1811.418	  8
    1812.116	  8
    1812.884	  8
    1813.160	  8
    1814.430	  8
    1815.946	  8
    1816.142	  8
    1816.662	  8
    1817.236	  8
    1817.830	  8
    1818.552	  8
    1818.886	  8
    1819.642	  8
    1820.534	  8
    1820.882	  8
    1821.434	  8
    1822.002	  8
    1822.318	  8
    1824.070	  8
    1824.372	  8
    1825.086	  8
    1825.256	  8
    1826.802	  8
    1826.914	  8
    1827.368	  8
    1827.632	  8
    1828.314	  8
    1828.384	  8
    1828.950	  8
    1829.394	  8
    1830.926	  8
    1831.216	  8
    1831.842	  8
    1832.094	  8
    1832.696	  8
    1832.854	  8
    1833.216	  8
    1833.504	  8
    1833.690	  8
    1835.952	  8
    1836.530	  8
    1836.982	  8
    1837.512	  8
    1838.046	  8
    1838.712	  8
    1839.366	  8
    1840.806	  8
    1841.466	  8
    1841.888	  8
    1842.620	  8
    1843.280	  8
    1844.328	  8
    1844.598	  8
    1845.204	  8
    1845.602	  8
    1846.206	  8
    1847.726	  8
    1848.732	  8
    1849.104	  8
    1849.778	  8
    1850.248	  8
    1850.646	  8
    1850.980	  8
    1851.660	  8
    1853.526	  8
    1853.650	  8
    1854.022	  8
    1854.286	  8
    1854.608	  8
    1854.702	  8
    1854.912	  8
    1855.624	  8
    1855.960	  8
    1856.360	  8
    1856.750	  8
    1856.992	  8
    1857.110	  8
    1857.452	  8
    1858.106	  8
    1858.430	  8
    1858.862	  8
    1860.868	  8
    1861.076	  8
    1861.368	  8
    1861.752	  8
    1862.092	  8
    1862.240	  8
    1862.574	  8
    1862.758	  8
    1863.768	 53
    1864.130	  8
    1864.130	 20
    1864.130	 27
    1864.140	 28
    1864.140	 19
    1864.240	 29
    1864.244	  8
    1864.380	  8
    1864.404	  9
    1866.788	  8
    1867.876	  8
    1884.260	 50
    1884.270	 17
    1893.940	  7
    1894.322	  7
    1895.436	  7
    1899.650	  7
    1899.960	  7
    1907.616	  7
    1907.816	  7
    1907.862	  7
    1911.174	  7
    1914.270	 53
    1916.120	  8
    1916.120	 20
    1916.120	 27
    1916.130	 28
    1916.130	 19
    1916.230	 29
    1916.260	  8
    1916.394	  9
    1936.250	 50
    1936.260	 17
    1938.378	  7
    1938.726	  7
    1939.490	  7
    1940.628	  7
    1940.838	  7
    1941.446	  7
    1946.174	  7
    1946.312	  7
    1946.484	  7
    1950.412	  7
    1950.666	  7
    1955.492	  8
    1956.138	  8
    1956.876	  8
    1956.976	  8
    1957.160	  8
    1958.526	  8
    1959.094	  8
    1959.404	  8
    1959.728	  8
    1960.068	  8
    1961.382	  8
    1961.516	  8
    1962.820	  8
    1963.670	  8
    1964.140	  8
    1964.518	  8
    1965.500	  8
    1965.706	  8
    1966.260	 53
    1966.824	  8
    1966.824	 20
    1966.824	 27
    1966.834	 28
    1966.834	 19
    1966.934	 29
    1967.098	  9
    1967.180	  8
    1968.054	  8
    1986.954	 50
    1986.964	 17
    1988.600	  7
    1988.734	  7
    1989.386	  7
    1989.630	  7
    1990.178	  7
    1994.158	  7
    2001.024	  7
    2008.258	  8
    2009.024	  8
    2009.626	  8
    2010.168	  8
    2010.794	  8
    2011.014	  8
    2011.444	  8
    2012.152	  8
    2013.626	  8
    2014.420	  8
    2014.620	  8
    2015.348	  8
    2015.978	  8
    2016.556	  8
    2016.788	  8
    2016.964	 53
    2018.332	  8
    2018.332	 20
    2018.332	 27
    2018.342	 28
    2018.342	 19
    2018.442	 29
    2018.606	  9
    2018.608	  8
    2038.462	 50
    2038.472	 17
    2044.546	  7
    2044.714	  7
    2044.862	  7
    2045.496	  7
    2045.658	  7
    2045.898	  7
    2046.774	  7
    2052.500	  7
    2057.254	  7
    2061.852	  7
    2068.472	 53
    2068.990	  8
    2068.990	 20
    2068.990	 27
    2069.000	 28
    2069.000	 19
    2069.100	 29
    2069.250	  8
    2069.264	  9
    2089.120	 50
    2089.130	 17
    2106.108	  8
    2106.434	  8
    2107.096	  8
    2107.290	  8
    2107.754	  8
    2108.300	  8
    2108.720	  8
    2109.286	  8
    2110.180	  8
    2110.418	  8
    2110.916	  8
    2111.484	  8
    2111.732	  8
    2111.984	  8
    2112.888	  8
    2113.174	  8
    2113.486	  8
    2114.818	  8
    2115.088	  8
    2115.412	  8
    2116.434	  8
    2116.758	  8
    2117.690	  8
    2118.008	  8
    2118.228	  8
    2118.620	  8
    2119.130	 53
    2119.974	  8
    2119.974	 20
    2119.974	 27
    2119.984	 28
    2119.984	 19
    2120.084	 29
    2120.248	  9
    2120.256	  8
    2131.052	  8
    2140.104	 51
    2140.114	 18
    2200.114	 53
    2200.124	 20
    2200.124	 27
    2220.144	 50
    2220.154	 17
    2241.690	  8
    2242.102	  8
    2242.576	  8
    2243.004	  8
    2243.584	  8
    2244.350	  8
    2245.532	  8
    2246.228	  8
    2246.738	  8
    2246.886	  8
    2247.876	  8
    2248.116	  8
    2248.490	  8
    2249.542	  8
    2250.154	 53
    2250.314	  8
    2250.314	 20
    2250.314	 27
    2250.324	 28
    2250.324	 19
    2250.424	 29
    2250.582	  8
    2250.588	  9
    2252.374	  8
    2270.444	 52
    2270.454	 10
    2338.504	  8
    2339.088	  8
    2339.698	  8
    2340.198	  8
    2340.984	  8
    2341.538	  8
    2343.408	  8
    2344.614	  8
    2345.206	  8
    2345.744	  8
    2346.394	  8
    2347.014	  8
    2347.460	  8
    2348.164	  8
    2349.002	  8
    2349.380	  8
    2350.082	  8
    2350.536	  8
    2350.884	  8
    2351.194	  8
    2351.890	  8
    2352.682	  8
    2353.012	  8
    2354.482	  8
    2355.158	  8
    2355.636	  8
    2356.128	  8
    2356.734	  8
    2357.592	  8
    2357.858	  8
    2360.096	  8
    2360.212	  8
    2362.856	  8
    2363.156	  8
    2364.248	  8
    2366.578	  8
    2366.702	  8
    2367.296	  8
    2368.242	  8
    2368.522	  8
    2368.820	  8
    2369.576	  8
    2370.594	  8
    2371.264	  8
    2371.690	  8
    2371.776	  8
    2372.462	  8
    2372.770	  8
    2373.058	  8
    2373.332	  8
    2373.630	  8
    2373.930	  8
    2374.846	  8
    2375.042	  8
    2376.254	  8
    2376.404	  8
    2377.570	  8
    2377.714	  8
    2378.068	  8
    2379.320	  8
    2379.528	  8
    2379.924	  8
    2380.196	  8
    2380.522	  8
    2381.956	  8
    2382.274	  8
    2382.500	  8
    2383.018	  8
    2384.504	  8
    2384.952	  8
    2385.274	  8
    2385.896	  8
    2386.402	  8
    2386.502	  8
    2386.658	  8
    2387.006	  8
    2387.238	  8
    2387.452	  8
    2388.910	  8
    2389.096	  8
    2389.640	  8
    2389.956	  8
    2390.026	  8
    2390.454	 53
    2390.894	  8
    2390.894	 20
    2390.894	 27
    2390.904	 28
    2390.904	 19
    2391.004	 29
    2391.150	  8
    2391.168	  9
    2392.354	  8
    2411.024	 52
    2411.034	 10
    2466.220	  8
    2466.428	  8
    2467.040	  8
    2467.548	  8
    2467.712	  8
    2468.854	  8
    2469.480	  8
    2474.710	  8
    2475.260	  8
    2500.032	  8
    2500.530	  8
    2501.212	  8
    2502.056	  8
    2507.418	  8
    2507.720	  8
    2508.832	  8
    2509.662	  8
    2510.414	  8
    2510.894	  8
    2511.728	  8
    2511.918	  8
    2512.946	  8
    2513.610	  8
    2514.716	  8
    2515.004	  8
    2515.894	  8
    2517.410	  8
    2520.296	  8
    2520.752	  8
    2522.140	  8
    2524.446	  8
    2525.148	  8
    2525.444	  8
    2526.978	  8
    2527.638	  8
    2527.938	  8
    2528.304	  8
    2528.378	  8
    2528.490	  8
    2531.034	 53
    2531.456	  8
    2531.456	 20
    2531.456	 27
    2531.466	 28
    2531.466	 19
    2531.566	 29
    2531.730	  9
    2531.764	  8
    2551.586	 51
    2551.596	 18
    2611.596	 53
    2611.606	 20
    2611.606	 27
    2631.626	 52
    2631.636	 10
    2694.444	  8
    2694.906	  8
    2695.204	  8
    2695.956	  8
    2696.392	  8
    2696.894	  8
    2697.328	  8
    2697.874	  8
    2698.108	  8
    2698.774	  8
    2699.272	  8
    2699.660	  8
    2700.150	  8
    2700.954	  8
    2701.530	  8
    2702.800	  8
    2703.180	  8
    2703.238	  8
    2703.314	  8
    2703.582	  8
    2703.662	  8
    2706.636	  8
    2707.074	  8
    2709.166	  8
    2709.990	  8
    2711.512	  8
    2712.054	  8
    2713.108	  8
    2713.588	  8
    2714.102	  8
    2714.758	  8
    2716.316	  8
    2716.742	  8
    2718.218	  8
    2718.638	  8
    2720.088	  8
    2720.404	  8
    2721.270	  8
    2721.790	  8
    2722.320	  8
    2722.748	  8
    2723.008	  8
    2723.448	  8
    2723.678	  8
    2723.924	  8
    2725.362	  8
    2726.764	  8
    2727.096	  8
    2727.402	  8
    2727.830	  8
    2729.676	  8
    2730.840	  8
    2731.966	  8
    2732.060	  8
    2737.656	  8
    2738.278	  8
    2738.640	  8
    2739.342	  8
    2739.922	  8
    2751.636	 53
    2772.332	  8
    2772.332	 20
    2772.332	 27
    2772.342	 28
    2772.342	 19
    2772.442	 29
    2772.548	  8
    2772.606	  9
    2792.462	 50
    2792.472	 17
    2799.922	  8
    2804.266	  8
    2808.032	  8
    2809.674	  8
    2811.896	  8
    2813.580	  8
    2813.740	  8
    2814.194	  8
    2814.350	  8
    2814.834	  8
    2815.528	  8
    2815.876	  8
    2818.532	  8
    2818.850	  8
    2819.170	  8
    2819.502	  8
    2819.998	  8
    2821.652	  8
    2822.128	  8
    2822.412	  8
    2822.472	 53
    2823.448	  8
    2823.448	 20
    2823.448	 27
    2823.458	 28
    2823.458	 19
    2823.500	  8
    2823.558	 29
    2823.680	  8
    2823.722	  9
    2832.510	  8
    2834.064	  8
    2834.418	  8
    2834.922	  8
    2843.578	 50
    2843.588	 17
    2849.676	  7
    2849.798	  7
    2850.566	  7
    2851.154	  7
    2851.820	  7
    2855.026	  7
    2855.252	  7
    2859.426	  7
    2859.932	  7
    2860.110	  7
    2860.660	  7
    2861.396	  7
    2865.002	  7
    2872.142	  7
    2873.132	  7
    2873.588	 53
    2879.570	  8
    2879.570	 20
    2879.570	 27
    2879.580	 28
    2879.580	 19
    2879.680	 29
    2879.768	  8
    2879.844	  9
    2885.532	  8
    2885.694	  8
    2886.526	  8
    2899.700	 52
    2899.710	 10
    2920.390	  8
    2958.242	  8
    2958.628	  8
    2959.394	  8
    2960.054	  8
    2960.584	  8
    2962.220	  8
    2963.278	  8
    2964.802	  8
    2965.662	  8
    2965.920	  8
    2982.226	  8
    2982.564	  8
    2983.318	  8
    2984.236	  8
    2985.454	  8
    2986.714	  8
    2987.636	  8
    2988.496	  8
    2990.026	  8
    2990.656	  8
    2991.850	  8
    2992.414	  8
    2993.394	  8
    2993.554	  8
    2994.964	  8
    2995.794	  8
    2996.196	  8
    2998.146	  8
    2998.998	  8
    2999.404	  8
    2999.742	  8
    2999.978	  8
    3000.086	  8
    3000.480	  8
    3000.952	  8
    3001.836	  8
    3002.372	  8
    3003.556	  8
    3004.936	  8
    3005.368	  8
    3006.938	  8
    3008.240	  8
    3008.590	  8
    3009.666	  8
    3009.784	  8
    3010.600	  8
    3011.728	  8
    3012.630	  8
    3012.918	  8
    3013.248	  8
    3013.792	  8
    3014.950	  8
    3015.482	  8
    3015.964	  8
    3016.718	  8
    3017.416	  8
    3017.774	  8
    3018.728	  8
    3019.710	 53
    3019.974	  8
    3019.974	 20
    3019.974	 27
    3019.984	 28
    3019.984	 19
    3020.084	 29
    3020.214	  8
    3020.248	  9
    3040.104	 52
    3040.114	 10
    3113.752	  8
    3114.252	  8
    3114.968	  8
    3115.584	  8
    3116.616	  8
    3119.738	  8
    3121.370	  8
    3121.924	  8
    3122.498	  8
    3124.894	  8
    3125.714	  8
    3126.566	  8
    3127.128	  8
    3127.302	  8
    3129.920	  8
    3130.692	  8
    3131.532	  8
    3132.024	  8
    3135.504	  8
    3135.838	  8
    3136.208	  8
    3137.074	  8
    3137.628	  8
    3138.248	  8
    3138.768	  8
    3140.074	  8
    3141.490	  8
    3141.612	  8
    3143.448	  8
    3144.656	  8
    3145.126	  8
    3145.440	  8
    3145.798	  8
    3147.290	  8
    3147.448	  8
    3148.556	  8
    3149.224	  8
    3149.780	  8
    3150.336	  8
    3152.264	  8
    3152.646	  8
    3154.122	  8
    3155.874	  8
    3155.992	  8
    3156.414	  8
    3157.174	  8
    3157.798	  8
    3158.390	  8
    3159.396	  8
    3159.806	  8
    3160.114	 53
    3160.734	  8
    3160.734	 20
    3160.734	 27
    3160.744	 28
    3160.744	 19
    3160.844	 29
    3161.008	  9
    3161.082	  8
    3180.864	 52
    3180.874	 10
    3209.162	  8
    3209.522	  8
    3220.898	  8
    3221.508	  8
    3222.334	  8
    3224.038	  8
    3226.432	  8
    3233.026	  8
    3233.464	  8
    3234.880	  8
    3235.324	  8
    3235.604	  8
    3236.336	  8
    3239.750	  8
    3243.824	  8
    3245.968	  8
    3247.062	  8
    3247.242	  8
    3249.824	  8
    3250.268	  8
    3253.866	  8
    3254.152	  8
    3254.556	  8
    3255.738	  8
    3256.118	  8
    3263.336	  8
    3263.862	  8
    3264.148	  8
    3264.590	  8
    3265.888	  8
    3266.700	  8
    3267.078	  8
    3267.528	  8
    3267.744	  8
    3272.106	  8
    3272.486	  8
    3272.974	  8
    3273.390	  8
    3278.532	  8
    3283.682	  8
    3284.250	  8
    3286.074	  8
    3286.392	  8
    3286.852	  8
    3293.522	  8
    3296.504	  8
    3296.852	  8
    3297.498	  8
    3300.324	  8
    3300.874	 53
    3301.638	  8
    3301.638	 20
    3301.638	 27
    3301.648	 28
    3301.648	 19
    3301.748	 29
    3301.896	  8
    3301.912	  9
    3321.768	 50
    3321.778	 17
    3349.142	  8
    3351.778	 53
    3352.738	  8
    3352.738	 20
    3352.738	 27
    3352.748	 28
    3352.748	 19
    3352.848	 29
    3352.916	  8
    3353.012	  9
    3354.038	  8
    3354.136	  8
    3372.868	 52
    3372.878	 10
    3472.060	  8
    3472.332	  8
    3472.922	  8
    3473.708	  8
    3474.900	  8
    3475.454	  8
    3476.538	  8
    3477.240	  8
    3477.404	  8
    3477.784	  8
    3478.166	  8
    3478.876	  8
    3479.506	  8
    3480.096	  8
    3481.152	  8
    3481.510	  8
    3482.732	  8
    3482.880	  8
    3483.354	  8
    3483.864	  8
    3484.512	  8
    3488.032	  8
    3488.740	  8
    3489.274	  8
    3489.542	  8
    3489.870	  8
    3491.216	  8
    3492.264	  8
    3492.592	  8
    3492.878	 53
    3493.928	  8
    3493.928	 20
    3493.928	 27
    3493.938	 28
    3493.938	 19
    3494.038	 29
    3494.202	  9
    3494.276	  8
    3514.058	 52
    3514.068	 10
    3594.524	  8
    3595.054	  8
    3595.440	  8
    3596.188	  8
    3596.794	  8
    3597.554	  8
    3597.950	  8
    3598.434	  8
    3599.782	  8
    3602.472	  8
    3604.526	  8
    3608.498	  8
    3608.940	  8
    3612.062	  8
    3612.546	  8
    3613.278	  8
    3613.774	  8
    3613.852	  8
    3614.370	  8
    3616.552	  8
    3618.210	  8
    3618.700	  8
    3619.576	  8
    3620.032	  8
    3625.900	  8
    3627.212	  8
    3627.594	  8
    3628.420	  8
    3629.074	  8
    3629.518	  8
    3630.364	  8
    3630.988	  8
    3631.374	  8
    3631.950	  8
    3631.982	  8
    3632.448	  8
    3632.546	  8
    3632.960	  8
    3633.460	  8
    3634.068	 53
    3634.340	  8
    3634.340	 20
    3634.340	 27
    3634.350	 28
    3634.350	 19
    3634.450	 29
    3634.614	  9
    3634.638	  8
    3654.470	 50
    3654.480	 17
    3659.312	  8
    3660.396	  8
    3660.940	  8
    3661.634	  8
    3662.606	  8
    3665.300	  8
    3666.774	  8
    3669.150	  8
    3670.096	  8
    3671.290	  8
    3672.206	  8
    3672.510	  8
    3672.548	  8
    3673.432	  8
    3674.034	  8
    3674.396	  8
    3674.602	  8
    3674.890	  8
    3676.300	  8
    3677.072	  8
    3677.278	  8
    3678.066	  8
    3678.258	  8
    3678.572	  8
    3678.766	  8
    3678.860	  8
    3680.378	  8
    3680.500	  8
    3681.720	  8
    3682.280	  8
    3683.218	  8
    3683.512	  8
    3684.480	 53
    3685.154	  8
    3685.154	 20
    3685.154	 27
    3685.164	 28
    3685.164	 19
    3685.264	 29
    3685.428	  9
    3685.450	  8
    3687.012	  8
    3687.138	  8
    3705.284	 52
    3705.294	 10
    3813.832	  8
    3813.948	  8
    3815.126	  8
    3815.728	  8
    3816.040	  8
    3817.442	  8
    3822.014	  8
    3823.278	  8
    3824.220	  8
    3824.642	  8
    3825.294	 53
    3825.652	  8
    3825.652	 20
    3825.652	 27
    3825.662	 28
    3825.662	 19
    3825.762	 29
    3825.908	  8
    3825.926	  9
    3845.782	 50
    3845.792	 17
    3858.946	  8
    3859.118	  8
    3859.674	  8
    3861.230	  8
    3862.350	  8
    3864.386	  8
    3866.788	  8
    3869.766	  8
    3870.134	  8
    3870.426	  8
    3873.406	  8
    3873.490	  8
    3873.736	  8
    3874.242	  8
    3875.430	  8
    3875.710	  8
    3875.792	 53
    3877.338	  8
    3877.338	 20
    3877.338	 27
    3877.348	 28
    3877.348	 19
    3877.448	 29
    3877.612	  9
    3877.650	  8
    3897.468	 51
    3897.478	 18
    3957.478	 53
    3957.488	 20
    3957.488	 27
    3977.508	 51
    3977.518	 18
    3991.004	  8
    4037.518	 53
    4037.528	 20
    4037.528	 27
    4057.548	 52
    4057.558	 10
    4080.328	  8
    4081.814	  8
    4081.900	  8
    4083.266	  8
    4085.518	  8
    4086.862	  8
    4089.054	  8
    4089.930	  8
    4090.924	  8
    4091.896	  8
    4095.848	  8
    4096.008	  8
    4096.450	  8
    4097.122	  8
    4097.966	  8
    4099.064	  8
    4099.580	  8
    4101.020	  8
    4103.034	  8
    4103.332	  8
    4103.464	  8
    4104.814	  8
    4107.446	  8
    4107.968	  8
    4108.654	  8
    4109.036	  8
    4109.352	  8
    4110.786	  8
    4112.246	  8
    4113.550	  8
    4115.104	  8
    4115.212	  8
    4115.712	  8
    4116.496	  8
    4118.270	  8
    4119.428	  8
    4120.230	  8
    4121.156	  8
    4122.450	  8
    4122.908	  8
    4123.160	  8
    4125.332	  8
    4126.080	  8
    4127.062	  8
    4127.516	  8
    4127.686	  8
    4127.772	  8
    4128.906	  8
    4130.360	  8
    4131.208	  8
    4132.668	  8
    4135.106	  8
    4135.552	  8
    4142.566	  8
    4142.770	  8
    4144.196	  8
    4145.146	  8
    4146.946	  8
    4147.634	  8
    4148.198	  8
    4148.738	  8
    4150.952	  8
    4151.118	  8
    4154.652	  8
    4155.116	  8
    4155.296	  8
    4156.452	  8
    4160.196	  8
    4164.634	  8
    4167.618	  8
    4167.728	  8
    4168.308	  8
    4174.242	  8
    4175.172	  8
    4177.558	 53
    4182.652	  8
    4182.652	 20
    4182.652	 27
    4182.662	 28
    4182.662	 19
    4182.762	 29
    4182.882	  8
    4182.926	  9
    4202.782	 52
    4202.792	 10
    4270.042	  8
    4271.388	  8
    4272.922	  8
    4279.598	  8
    4280.428	  8
    4281.066	  8
    4284.702	  8
    4285.278	  8
    4286.302	  8
    4286.798	  8
    4287.092	  8
    4287.216	  8
    4287.554	  8
    4289.602	  8
    4290.836	  8
    4291.160	  8
    4291.494	  8
    4291.876	  8
    4292.154	  8
    4292.498	  8
    4293.318	  8
    4294.782	  8
    4294.992	  8
    4296.746	  8
    4296.890	  8
    4297.388	  8
    4297.756	  8
    4297.918	  8
    4298.072	  8
    4298.078	  8
    4298.892	  8
    4299.086	  8
    4299.450	  8
    4299.674	  8
    4300.060	  8
    4301.436	  8
    4302.296	  8
    4302.974	  8
    4303.426	  8
    4303.646	  8
    4304.140	  8
    4305.486	  8
    4305.780	  8
    4305.926	  8
    4306.054	  8
    4306.186	  8
    4306.282	  8
    4307.796	  8
    4308.166	  8
    4308.462	  8
    4308.552	  8
    4310.032	  8
    4311.714	  8
    4312.116	  8
    4312.320	  8
    4312.760	  8
    4312.990	  8
    4313.038	  8
    4313.376	  8
    4315.372	  8
    4315.656	  8
    4316.146	  8
    4316.632	  8
    4317.762	  8
    4318.180	  8
    4318.360	  8
    4319.036	  8
    4319.540	  8
    4319.716	  8
    4320.238	  8
    4322.728	  8
    4322.792	 53
    4323.088	  8
    4323.088	 20
    4323.088	 27
    4323.098	 28
    4323.098	 19
    4323.198	 29
    4323.362	  9
    4323.382	  8
    4343.218	 50
    4343.228	 17
    4363.036	  8
    4363.472	  8
    4364.276	  8
    4364.502	  8
    4366.666	  8
    4366.896	  8
    4367.414	  8
    4367.700	  8
    4368.328	  8
    4369.270	  8
    4370.838	  8
    4371.420	  8
    4373.228	 53
    4373.598	  8
    4373.598	 20
    4373.598	 27
    4373.608	 28
    4373.608	 19
    4373.708	 29
    4373.870	  8
    4373.872	  9
    4393.728	 52
    4393.738	 10
    4459.128	  7
    4459.854	  7
    4460.190	  7
    4460.366	  7
    4460.764	  7
    4460.960	  7
    4461.178	  7
    4461.380	  7
    4461.840	  7
    4463.964	  8
    4464.744	  8
    4465.270	  8
    4466.814	  8
    4467.930	  8
    4468.574	  8
    4469.056	  8
    4470.588	  8
    4470.944	  8
    4471.560	  8
    4471.870	  8
    4472.234	  8
    4472.646	  8
    4473.684	  8
    4474.226	  8
    4474.668	  8
    4475.436	  8
    4476.014	  8
    4476.342	  8
    4477.326	  8
    4477.774	  8
    4478.540	  8
    4478.848	  8
    4479.136	  8
    4479.638	  8
    4480.300	  8
    4484.734	  8
    4485.198	  8
    4485.772	  8
    4486.168	  8
    4486.866	  8
    4487.628	  8
    4487.860	  8
    4488.638	  8
    4489.174	  8
    4489.768	  8
    4490.154	  8
    4490.990	  8
    4491.308	  8
    4491.390	  8
    4495.120	  8
    4495.340	  8
    4495.660	  8
    4496.054	  8
    4498.086	  8
    4498.408	  8
    4498.732	  8
    4499.554	  8
    4502.120	  8
    4502.342	  8
    4502.744	  8
    4503.384	  8
    4503.694	  8
    4504.330	  8
    4505.202	  8
    4505.418	  8
    4505.776	  8
    4510.034	  8
    4510.242	  8
    4510.630	  8
    4511.096	  8
    4511.322	  8
    4511.820	  8
    4512.548	  8
    4513.188	  8
    4513.738	 53
    4514.052	  8
    4514.052	 20
    4514.052	 27
    4514.062	 28
    4514.062	 19
    4514.162	 29
    4514.326	  9
    4514.340	  8
    4534.182	 51
    4534.192	 18
    4555.774	  7
    4555.852	  7
    4557.050	  7
    4557.418	  7
    4557.804	  7
    4558.206	  7
    4558.388	  7
    4558.952	  7
    4559.100	  7
    4559.478	  7
    4559.686	  7
    4560.040	  7
    4560.774	  7
    4561.024	  7
    4561.252	  7
    4561.474	  7
    4561.902	  7
    4594.192	 53
    4594.202	 20
    4594.202	 27
    4614.222	 52
    4614.232	 10
    4639.790	  8
    4678.058	  8
    4678.720	  8
    4679.178	  8
    4680.240	  8
    4681.122	  8
    4681.942	  8
    4684.290	  8
    4685.038	  8
    4685.416	  8
    4686.818	  8
    4687.794	  8
    4689.082	  8
    4690.768	  8
    4694.166	  8
    4694.280	  8
    4695.852	  8
    4698.588	  8
    4699.728	  8
    4701.052	  8
    4701.514	  8
    4703.664	  8
    4704.290	  8
    4705.654	  8
    4707.322	  8
    4707.732	  8
    4709.940	  8
    4711.292	  8
    4711.346	  8
    4711.506	  8
    4711.990	  8
    4712.868	  8
    4714.032	  8
    4715.438	  8
    4716.198	  8
    4716.558	  8
    4717.264	  8
    4718.492	  8
    4718.852	  8
    4719.838	  8
    4721.880	  8
    4722.310	  8
    4722.712	  8
    4723.180	  8
    4723.390	  8
    4723.706	  8
    4724.350	  8
    4724.880	  8
    4725.370	  8
    4726.034	  8
    4726.246	  8
    4726.714	  8
    4727.128	  8
    4727.570	  8
    4727.960	  8
    4729.398	  8
    4729.602	  8
    4729.754	  8
    4730.628	  8
    4731.110	  8
    4731.506	  8
    4731.684	  8
    4731.990	  8
    4733.832	  8
    4734.232	 53
    4734.644	  8
    4734.644	 20
    4734.644	 27
    4734.654	 28
    4734.654	 19
    4734.754	 29
    4734.918	  9
    4734.946	  8
    4754.774	 52
    4754.784	 10
    4861.616	  8
    4863.888	  8
    4864.880	  8
    4867.608	  8
    4868.822	  8
    4869.598	  8
    4870.140	  8
    4871.724	  8
    4872.496	  8
    4872.620	  8
    4872.976	  8
    4873.322	  8
    4874.784	 53
    4877.846	  8
    4877.846	 20
    4877.846	 27
    4877.856	 28
    4877.856	 19
    4877.956	 29
    4878.120	  9
    4878.174	  8
    4897.976	 52
    4897.986	 10
    4966.756	  8
    4967.334	  8
    4969.748	  8
    4971.078	  8
    4971.752	  8
    4972.574	  8
    4975.412	  8
    4976.418	  8
    4979.890	  8
    4982.290	  8
    4983.094	  8
    4985.384	  8
    4985.560	  8
    4985.762	  8
    4986.274	  8
    4987.456	  8
    4989.390	  8
    4989.730	  8
    4989.994	  8
    4990.302	  8
    4998.298	  8
    4999.292	  8
    5000.100	  8
    5000.608	  8
    5003.568	  8
    5003.778	  8
    5004.032	  8
    5004.930	  8
    5005.314	  8
    5005.484	  8
    5006.498	  8
    5007.388	  8
    5008.056	  8
    5008.942	  8
    5009.342	  8
    5010.342	  8
    5010.862	  8
    5011.206	  8
    5011.620	  8
    5011.886	  8
    5012.266	  8
    5012.564	  8
    5012.998	  8
    5013.618	  8
    5014.234	  8
    5014.778	  8
    5015.044	  8
    5017.986	 53
    5018.414	  8
    5018.414	 20
    5018.414	 27
    5018.424	 28
    5018.424	 19
    5018.524	 29
    5018.574	  8
    5018.578	  9
    5038.544	 51
    5038.554	 18
    5098.554	 53
    5098.564	 20
    5098.564	 27
    5118.584	 50
    5118.594	 17
    5132.018	  8
    5133.594	  8
    5136.584	  8
    5137.024	  8
    5137.696	  8
    5141.222	  8
    5141.908	  8
    5142.576	  8
    5143.564	  8
    5144.198	  8
    5145.134	  8
    5147.898	  8
    5148.594	 53
    5148.934	  8
    5148.934	 20
    5148.934	 27
    5148.944	 28
    5148.944	 19
    5149.044	 29
    5149.150	  8
    5149.208	  9
    5169.064	 50
    5169.074	 17
    5188.202	  8
    5189.612	  8
    5191.348	  8
    5193.694	  8
    5194.116	  8
    5194.876	  8
    5194.944	  8
    5195.194	  8
    5195.558	  8
    5195.916	  8
    5196.972	  8
    5198.064	  8
    5198.454	  8
    5199.020	  8
    5199.074	 53
    5199.384	  8
    5199.384	 20
    5199.384	 27
    5199.394	 28
    5199.394	 19
    5199.494	 29
    5199.506	  8
    5199.658	  9
    5199.670	  8
    5219.514	 50
    5219.524	 17
    5227.336	  8
    5229.492	  8
    5229.736	  8
    5230.684	  8
    5232.818	  8
    5233.234	  8
    5234.538	  8
    5235.032	  8
    5235.142	  8
    5235.960	  8
    5236.066	  8
    5236.700	  8
    5237.156	  8
    5238.536	  8
    5238.832	  8
    5239.230	  8
    5240.526	  8
    5241.114	  8
    5241.318	  8
    5242.058	  8
    5242.616	  8
    5243.984	  8
    5244.316	  8
    5244.620	  8
    5246.516	  8
    5246.760	  8
    5247.136	  8
    5247.542	  8
    5248.716	  8
    5248.948	  8
    5249.472	  8
    5249.524	 53
    5249.818	  8
    5249.818	 20
    5249.818	 27
    5249.828	 28
    5249.828	 19
    5249.928	 29
    5250.068	  8
    5250.092	  9
    5269.948	 51
    5269.958	 18
    5287.356	  7
    5288.136	  7
    5288.334	  7
    5288.560	  7
    5288.714	  7
    5288.902	  7
    5289.116	  7
    5289.344	  7
    5289.598	  7
    5290.430	  7
    5291.334	  7
    5291.700	  7
    5291.940	  7
    5292.122	  7
    5292.536	  7
    5292.652	  7
    5292.854	  7
    5293.106	  7
    5293.544	  7
    5329.958	 53
    5329.968	 20
    5329.968	 27
    5349.988	 51
    5349.998	 18
    5409.998	 53
    5410.008	 20
    5410.008	 27
    5430.028	 52
    5430.038	 10
    5467.714	  8
    5545.642	  8
    5546.486	  8
    5547.600	  8
    5548.062	  8
    5548.612	  8
    5548.918	  8
    5549.746	  8
    5550.038	 53
    5550.570	  8
    5550.570	 20
    5550.570	 27
    5550.580	 28
    5550.580	 19
    5550.680	 29
    5550.690	 61
