       0.570	  7
       0.748	  7
       1.592	  7
       1.836	  7
       2.120	  7
       2.220	  7
       2.492	  7
       2.914	  7
       3.080	  7
       5.688	  7
       5.886	  7
       6.028	  7
       8.898	  5
      20.010	 51
      20.020	 10
      51.400	  8
      52.154	  8
      52.916	  8
      53.310	  8
      58.146	  8
      58.442	  8
      58.632	  8
      59.166	  8
      59.272	  8
      74.298	  8
      74.848	  8
      75.338	  8
      75.548	  8
      75.684	  8
      76.284	  8
      76.646	  8
      77.166	  8
      77.578	  8
      77.918	  8
      78.380	  8
      78.624	  8
      78.852	  8
      79.216	  8
      79.452	  8
      80.020	 53
     110.478	  8
     110.478	 20
     110.478	 27
     110.488	 28
     110.488	 19
     110.588	 29
     110.752	  9
     130.608	 51
     130.618	 10
     171.416	  8
     172.058	  8
     172.878	  8
     173.066	  8
     173.698	  8
     174.044	  8
     174.118	  8
     178.394	  8
     178.830	  8
     179.080	  8
     179.430	  8
     179.800	  8
     180.504	  8
     180.620	  8
     180.804	  8
     181.358	  8
     181.866	  8
     182.272	  8
     182.560	  8
     182.814	  8
     183.106	  8
     183.538	  8
     183.902	  8
     184.098	  8
     184.690	  8
     186.000	  8
     186.072	  8
     186.466	  8
     187.510	  8
     188.860	  8
     189.174	  8
     190.618	 53
     193.428	  8
     193.428	 20
     193.428	 27
     193.438	 28
     193.438	 19
     193.538	 29
     193.702	  9
     213.558	 52
     213.568	 17
     222.534	  7
     223.024	  7
     224.632	  7
     224.736	  7
     224.862	  7
     224.992	  7
     225.134	  7
     225.260	  7
     225.394	  7
     225.530	  7
     225.652	  7
     225.792	  7
     225.930	  7
     226.064	  7
     226.204	  7
     226.332	  7
     226.466	  7
     226.612	  7
     226.768	  7
     226.914	  7
     227.064	  7
     227.206	  7
     227.358	  7
     227.500	  7
     227.642	  7
     227.780	  7
     227.920	  7
     228.064	  7
     228.208	  7
     228.340	  7
     228.482	  7
     228.646	  7
     228.762	  7
     228.908	  7
     229.050	  7
     229.182	  7
     229.332	  7
     229.468	  7
     229.610	  7
     229.748	  7
     229.878	  7
     230.048	  7
     230.164	  7
     230.312	  7
     230.446	  7
     230.590	  7
     230.746	  7
     230.882	  7
     231.012	  7
     231.158	  7
     231.322	  7
     231.450	  7
     231.598	  7
     231.740	  7
     231.874	  7
     232.014	  7
     232.150	  7
     232.288	  7
     232.436	  7
     232.574	  7
     232.720	  7
     232.846	  7
     232.980	  7
     233.124	  7
     233.270	  7
     233.412	  7
     233.548	  7
     233.694	  7
     233.832	  7
     233.972	  7
     234.148	  7
     234.278	  7
     234.430	  7
     234.566	  7
     234.708	  7
     234.844	  7
     234.982	  7
     235.114	  7
     235.246	  7
     235.388	  7
     235.526	  7
     235.680	  7
     235.794	  7
     235.940	  7
     236.084	  7
     236.230	  7
     236.370	  7
     236.514	  7
     236.650	  7
     236.790	  7
     236.938	  7
     237.076	  7
     237.220	  7
     237.388	  7
     237.502	  7
     237.644	  7
     237.792	  7
     237.934	  7
     238.068	  7
     238.220	  7
     238.360	  7
     238.506	  7
     238.650	  7
     238.780	  7
     238.928	  7
     239.102	  7
     239.212	  7
     239.356	  7
     239.500	  7
     239.642	  7
     239.782	  7
     239.918	  7
     240.060	  7
     240.202	  7
     240.344	  7
     240.492	  7
     240.630	  7
     240.762	  7
     240.932	  7
     241.052	  7
     241.202	  7
     241.344	  7
     241.478	  7
     241.616	  7
     241.762	  7
     241.910	  7
     242.066	  7
     242.196	  7
     242.332	  7
     242.476	  7
     242.646	  7
     242.762	  7
     242.908	  7
     243.054	  7
     243.198	  7
     243.342	  7
     243.492	  7
     243.624	  7
     243.778	  7
     243.926	  7
     244.054	  7
     244.218	  7
     244.344	  7
     244.486	  7
     244.630	  7
     244.776	  7
     244.922	  7
     245.068	  7
     245.218	  7
     245.356	  7
     245.504	  7
     245.668	  7
     245.792	  7
     245.968	  7
     246.092	  7
     246.244	  7
     246.392	  7
     246.530	  7
     246.676	  7
     246.820	  7
     246.962	  7
     247.102	  7
     247.254	  7
     247.404	  7
     247.778	  7
     247.906	  7
     248.044	  7
     248.218	  7
     248.336	  7
     248.478	  7
     248.626	  7
     248.772	  7
     248.928	  7
     249.062	  7
     249.208	  7
     249.354	  7
     249.506	  7
     249.646	  7
     249.794	  7
     249.968	  7
     250.088	  7
     250.244	  7
     250.382	  7
     250.520	  7
     250.676	  7
     250.814	  7
     250.968	  7
     251.104	  7
     251.242	  7
     251.378	  7
     251.532	  7
     251.676	  7
     251.820	  7
     251.968	  7
     252.140	  7
     252.268	  7
     252.422	  7
     252.572	  7
     252.712	  7
     252.862	  7
     253.012	  7
     253.160	  7
     253.306	  7
     253.450	  7
     253.614	  7
     255.010	  7
     255.488	  7
     255.582	  7
     255.726	  7
     255.850	  7
     255.998	  7
     256.140	  7
     256.264	  7
     256.412	  7
     256.552	  7
     256.692	  7
     256.828	  7
     256.970	  7
     257.120	  7
     257.256	  7
     257.400	  7
     257.540	  7
     257.690	  7
     257.832	  7
     257.984	  7
     258.114	  7
     258.264	  7
     258.410	  7
     258.546	  7
     258.702	  7
     258.848	  7
     258.978	  7
     259.128	  7
     259.272	  7
     259.410	  7
     259.560	  7
     259.724	  7
     259.844	  7
     259.996	  7
     260.138	  7
     260.282	  7
     260.424	  7
     260.562	  7
     260.710	  7
     260.858	  7
     261.002	  7
     261.146	  7
     261.300	  7
     261.446	  7
     261.602	  7
     261.760	  7
     261.892	  7
     262.078	  7
     262.200	  7
     262.332	  7
     262.482	  7
     262.632	  7
     262.768	  7
     262.904	  7
     263.048	  7
     263.190	  7
     263.350	  7
     263.516	  7
     263.672	  7
     263.802	  7
     263.938	  7
     264.088	  7
     264.224	  7
     264.372	  7
     264.526	  7
     264.668	  7
     264.816	  7
     264.964	  7
     265.132	  7
     265.254	  7
     265.406	  7
     265.554	  7
     265.696	  7
     265.844	  7
     265.990	  7
     266.134	  7
     266.284	  7
     266.444	  7
     266.578	  7
     266.730	  7
     266.914	  7
     267.032	  7
     267.184	  7
     267.332	  7
     267.476	  7
     267.630	  7
     267.786	  7
     267.920	  7
     268.060	  7
     268.210	  7
     268.364	  7
     268.514	  7
     268.686	  7
     268.798	  7
     268.950	  7
     269.092	  7
     269.232	  7
     269.384	  7
     269.532	  7
     269.680	  7
     269.822	  7
     269.970	  7
     270.120	  7
     270.262	  7
     270.416	  7
     270.540	  7
     270.686	  7
     270.838	  7
     270.966	  7
     271.116	  7
     271.272	  7
     271.412	  7
     271.542	  7
     271.698	  7
     271.872	  7
     271.994	  7
     272.152	  7
     272.298	  7
     272.438	  7
     272.592	  7
     272.736	  7
     272.888	  7
     273.040	  7
     273.198	  7
     273.332	  7
     273.478	  7
     273.616	  7
     273.768	  7
     273.916	  7
     274.052	  7
     274.204	  7
     274.382	  7
     274.500	  7
     274.646	  7
     274.790	  7
     274.940	  7
     275.090	  7
     275.242	  7
     275.394	  7
     275.552	  7
     275.722	  7
     275.842	  7
     275.998	  7
     276.150	  7
     276.294	  7
     276.434	  7
     276.590	  7
     276.748	  7
     276.876	  7
     277.014	  7
     277.170	  7
     277.340	  7
     277.458	  7
     277.608	  7
     277.758	  7
     277.904	  7
     278.056	  7
     278.214	  7
     278.340	  7
     278.492	  7
     278.648	  7
     278.784	  7
     278.934	  7
     279.076	  7
     279.222	  7
     279.368	  7
     279.542	  7
     279.660	  7
     279.814	  7
     279.964	  7
     280.110	  7
     280.252	  7
     280.404	  7
     280.556	  7
     280.698	  7
     280.834	  7
     280.980	  7
     281.146	  7
     281.278	  7
     281.432	  7
     281.556	  7
     281.708	  7
     281.850	  7
     281.988	  7
     282.130	  7
     282.280	  7
     282.428	  7
     282.572	  7
     282.720	  7
     282.874	  7
     283.016	  7
     283.162	  7
     283.344	  7
     283.590	  7
     283.714	  7
     283.850	  7
     283.996	  7
     284.144	  7
     284.290	  7
     284.442	  7
     284.592	  7
     284.722	  7
     284.874	  7
     285.052	  7
     285.180	  7
     285.324	  7
     285.474	  7
     285.616	  7
     285.764	  7
     285.906	  7
     286.056	  7
     286.214	  7
     286.358	  7
     286.504	  7
     286.662	  7
     286.836	  7
     286.954	  7
     287.106	  7
     287.254	  7
     287.396	  7
     287.546	  7
     287.696	  7
     287.838	  7
     287.980	  7
     288.126	  7
     288.278	  7
     288.436	  7
     288.562	  7
     288.710	  7
     288.970	  7
     289.342	  7
     289.456	  7
     289.584	  7
     289.730	  7
     289.878	  7
     290.056	  7
     290.148	  7
     290.290	  7
     290.418	  7
     290.560	  7
     290.726	  7
     290.860	  7
     290.992	  7
     291.136	  7
     291.298	  7
     291.426	  7
     291.570	  7
     291.726	  7
     291.904	  7
     292.032	  7
     292.176	  7
     292.320	  7
     292.502	  7
     292.822	  7
     292.948	  7
     293.088	  7
     293.248	  7
     293.388	  7
     293.524	  7
     293.676	  7
     293.858	  7
     293.974	  7
     294.130	  7
     294.276	  7
     294.426	  7
     294.596	  7
     294.720	  7
     294.876	  7
     295.026	  7
     295.166	  7
     295.306	  7
     295.448	  7
     295.616	  7
     295.738	  7
     295.882	  7
     296.028	  7
     296.180	  7
     296.326	  7
     296.472	  7
     296.622	  7
     296.772	  7
     296.954	  7
     297.076	  7
     297.224	  7
     297.374	  7
     297.526	  7
     297.672	  7
     297.818	  7
     297.964	  7
     298.120	  7
     298.260	  7
     298.406	  7
     298.556	  7
     298.742	  7
     298.858	  7
     299.012	  7
     299.164	  7
     299.316	  7
     299.458	  7
     299.612	  7
     299.750	  7
     299.894	  7
     300.038	  7
     300.190	  7
     300.326	  7
     300.504	  7
     300.624	  7
     300.770	  7
     300.912	  7
     301.062	  7
     301.216	  7
     301.366	  7
     301.514	  7
     301.670	  7
     301.856	  7
     301.984	  7
     302.132	  7
     302.278	  7
     302.422	  7
     302.564	  7
     302.716	  7
     302.864	  7
     303.016	  7
     303.154	  7
     303.322	  7
     303.450	  7
     303.600	  7
     303.738	  7
     303.890	  7
     304.038	  7
     304.170	  7
     304.316	  7
     304.464	  7
     304.654	  7
     304.764	  7
     304.910	  7
     305.054	  7
     305.204	  7
     305.356	  7
     305.504	  7
     305.646	  7
     305.786	  7
     305.934	  7
     306.086	  7
     306.242	  7
     306.422	  7
     306.548	  7
     306.702	  7
     306.840	  7
     306.992	  7
     307.140	  7
     307.284	  7
     307.432	  7
     307.572	  7
     307.726	  7
     307.876	  7
     308.060	  7
     308.186	  7
     308.350	  7
     308.490	  7
     308.638	  7
     333.568	 53
     333.578	 20
     333.578	 27
     353.598	 50
     353.608	 18
     363.816	  8
     363.992	  8
     364.218	  8
     364.838	  8
     365.158	  8
     365.600	  8
     365.852	  8
     371.028	  8
     371.236	  8
     371.852	  8
     372.298	  8
     372.910	  8
     373.116	  8
     373.392	  8
     373.738	  8
     374.120	  8
     374.502	  8
     375.104	  8
     375.610	  8
     375.886	  8
     377.178	  8
     377.334	  8
     378.046	  8
     378.496	  8
     378.796	  8
     379.106	  8
     379.772	  8
     379.994	  8
     383.142	  8
     383.564	  8
     383.608	 53
     384.440	  8
     384.440	 20
     384.440	 27
     384.450	 28
     384.450	 19
     384.550	 29
     384.650	  8
     384.714	  9
     404.570	 50
     404.580	 18
     420.722	  8
     421.102	  8
     421.446	  8
     421.722	  8
     422.706	  8
     423.108	  8
     423.496	  8
     423.742	  8
     423.842	  8
     424.466	  8
     424.760	  8
     425.294	  8
     425.766	  8
     426.320	  8
     426.438	  8
     426.928	  8
     427.618	  8
     428.766	  8
     430.276	  8
     430.636	  8
     431.216	  8
     431.440	  8
     431.706	  8
     431.732	  8
     432.070	  8
     432.188	  8
     432.374	  8
     432.504	  8
     433.136	  8
     433.536	  8
     433.896	  8
     434.306	  8
     434.580	 53
     435.944	  8
     435.944	 20
     435.944	 27
     435.954	 28
     435.954	 19
     436.054	 29
     436.172	  8
     436.218	  9
     456.074	 50
     456.084	 18
     463.058	  8
     470.802	  8
     470.922	  8
     471.414	  8
     471.652	  8
     471.908	  8
     472.916	  8
     476.066	  8
     476.550	  8
     477.080	  8
     478.706	  8
     479.106	  8
     479.628	  8
     480.316	  8
     480.860	  8
     481.368	  8
     481.582	  8
     482.050	  8
     482.296	  8
     482.710	  8
     483.036	  8
     484.764	  8
     485.932	  8
     486.084	 53
     486.156	  8
     486.156	 20
     486.156	 27
     486.166	 28
     486.166	 19
     486.266	 29
     486.362	  8
     486.430	  9
     506.286	 52
     506.296	 17
     544.226	  5
     544.304	  5
     545.560	  5
     568.770	  8
     569.022	  8
     602.720	  7
     602.896	  7
     603.050	  7
     603.358	  7
     603.528	  7
     603.702	  7
     603.900	  7
     604.110	  7
     604.328	  7
     604.532	  7
     604.732	  7
     604.928	  7
     605.138	  7
     605.358	  7
     605.794	  7
     606.002	  7
     606.178	  7
     606.400	  7
     606.600	  7
     606.820	  7
     607.012	  7
     607.202	  7
     607.396	  7
     608.240	  7
     611.922	  7
     612.176	  7
     618.386	  8
     619.664	  8
     622.828	  8
     623.010	  8
     626.296	 53
     626.306	 20
     626.306	 27
     646.326	 50
     646.336	 18
     650.000	  8
     650.306	  8
     650.830	  8
     664.620	  8
     667.090	  8
     668.964	  8
     669.178	  8
     669.856	  8
     671.960	  8
     672.294	  8
     672.680	  8
     672.978	  8
     673.704	  8
     674.806	  8
     675.096	  8
     675.390	  8
     675.660	  8
     676.038	  8
     676.174	  8
     676.336	 53
     676.666	  8
     676.666	 20
     676.666	 27
     676.676	 28
     676.676	 19
     676.776	 29
     676.844	  8
     676.940	  9
     696.796	 52
     696.806	 17
     761.780	  8
     816.806	 53
     816.816	 20
     816.816	 27
     836.836	 52
     836.846	 17
     844.808	  8
     873.410	  8
     873.458	  8
     896.502	  8
     898.210	  8
     956.846	 53
     956.856	 20
     956.856	 27
     976.876	 50
     976.886	 18
     984.880	  8
     988.680	  8
     991.474	  8
     991.540	  8
     992.694	  8
     993.186	  8
     993.984	  8
     994.056	  8
     994.634	  8
     995.444	  8
     996.022	  8
     996.436	  8
     996.720	  8
     997.750	  8
     997.910	  8
     998.314	  8
     999.298	  8
     999.630	  8
     999.674	  8
     999.928	  8
    1000.154	  8
    1000.872	  8
    1001.418	  8
    1001.688	  8
    1002.512	  8
    1002.866	  8
    1003.526	  8
    1004.198	  8
    1004.870	  8
    1005.508	  8
    1005.738	  8
    1005.824	  8
    1006.074	  8
    1006.402	  8
    1006.886	 53
    1006.924	  8
    1006.924	 20
    1006.924	 27
    1006.934	 28
    1006.934	 19
    1007.034	 29
    1007.198	  9
    1027.054	 50
    1027.064	 18
    1049.178	  8
    1049.890	  8
    1051.224	  8
    1051.706	  8
    1052.208	  8
    1052.726	  8
    1053.336	  8
    1053.830	  8
    1054.404	  8
    1054.794	  8
    1055.292	  8
    1055.880	  8
    1055.914	  8
    1056.144	  8
    1056.354	  8
    1056.738	  8
    1057.064	 53
    1057.426	  8
    1057.426	 20
    1057.426	 27
    1057.436	 28
    1057.436	 19
    1057.536	 29
    1057.584	  8
    1057.700	  9
    1058.670	  8
    1077.556	 52
    1077.566	 17
    1197.566	 53
    1197.576	 20
    1197.576	 27
    1217.596	 51
    1217.606	 10
    1249.628	  8
    1249.772	  8
    1250.148	  8
    1251.098	  8
    1252.226	  8
    1252.700	  8
    1252.766	  8
    1253.076	  8
    1254.378	  8
    1254.566	  8
    1255.046	  8
    1255.684	  8
    1256.302	  8
    1256.598	  8
    1257.200	  8
    1258.170	  8
    1258.650	  8
    1259.524	  8
    1259.752	  8
    1260.052	  8
    1260.346	  8
    1260.622	  8
    1261.724	  8
    1262.084	  8
    1262.452	  8
    1262.816	  8
    1263.246	  8
    1263.508	  8
    1264.088	  8
    1264.490	  8
    1265.048	  8
    1265.332	  8
    1265.634	  8
    1266.378	  8
    1267.134	  8
    1267.622	  8
    1267.922	  8
    1268.396	  8
    1268.630	  8
    1269.052	  8
    1270.978	  8
    1271.498	  8
    1273.268	  8
    1275.028	  8
    1275.126	  8
    1275.650	  8
    1275.876	  8
    1276.532	  8
    1277.302	  8
    1277.464	  8
    1277.604	  8
    1277.606	 53
    1278.742	  8
    1278.742	 20
    1278.742	 27
    1278.752	 28
    1278.752	 19
    1278.852	 29
    1279.016	  9
    1298.872	 52
    1298.882	 17
    1418.882	 53
    1418.892	 20
    1418.892	 27
    1438.912	 50
    1438.922	 18
    1446.172	  8
    1446.432	  8
    1446.828	  8
    1446.928	  8
    1447.522	  8
    1448.550	  8
    1448.936	  8
    1449.120	  8
    1450.488	  8
    1451.954	  8
    1452.340	  8
    1454.838	  8
    1455.366	  8
    1455.644	  8
    1455.956	  8
    1456.882	  8
    1457.962	  8
    1460.824	  8
    1461.056	  8
    1461.290	  8
    1462.008	  8
    1462.258	  8
    1462.474	  8
    1462.636	  8
    1463.772	  8
    1464.186	  8
    1465.586	  8
    1466.150	  8
    1466.532	  8
    1466.814	  8
    1466.980	  8
    1467.252	  8
    1468.720	  8
    1468.922	 53
    1469.714	  8
    1469.714	 20
    1469.714	 27
    1469.724	 28
    1469.724	 19
    1469.824	 29
    1469.988	  9
    1470.072	  8
    1470.266	  8
    1488.822	  8
    1489.844	 51
    1489.854	 10
    1549.854	 53
    1557.484	  8
    1557.484	 20
    1557.484	 27
    1557.494	 28
    1557.494	 19
    1557.584	  8
    1557.594	 29
    1557.758	  9
    1577.614	 50
    1577.624	 18
    1605.428	  8
    1605.478	  8
    1606.148	  8
    1606.596	  8
    1607.624	 53
    1608.642	  8
    1608.642	 20
    1608.642	 27
    1608.652	 28
    1608.652	 19
    1608.752	 29
    1608.916	  9
    1628.772	 50
    1628.782	 18
    1635.420	  8
    1635.618	  8
    1637.960	  8
    1639.086	  8
    1639.918	  8
    1640.454	  8
    1640.822	  8
    1641.836	  8
    1642.510	  8
    1642.774	  8
    1645.170	  8
    1645.708	  8
    1646.170	  8
    1646.912	  8
    1647.490	  8
    1647.972	  8
    1648.018	  8
    1648.426	  8
    1648.592	  8
    1648.882	  8
    1649.378	  8
    1649.766	  8
    1650.320	  8
    1651.822	  8
    1651.968	  8
    1652.600	  8
    1652.926	  8
    1653.488	  8
    1654.240	  8
    1654.610	  8
    1654.648	  8
    1654.816	  8
    1655.214	  8
    1655.638	  8
    1655.788	  8
    1656.018	  8
    1657.388	  8
    1657.454	  8
    1657.884	  8
    1658.244	  8
    1658.648	  8
    1658.782	 53
    1659.226	  8
    1659.226	 20
    1659.226	 27
    1659.236	 28
    1659.236	 19
    1659.336	 29
    1659.478	  8
    1659.500	  9
    1676.478	  8
    1676.898	  8
    1678.884	  8
    1679.356	 52
    1679.366	 17
    1695.690	  7
    1695.804	  7
    1695.954	  7
    1696.044	  7
    1696.096	  7
    1696.230	  7
    1696.386	  7
    1696.484	  7
    1696.640	  7
    1696.772	  7
    1696.906	  7
    1697.046	  7
    1697.190	  7
    1697.328	  7
    1697.474	  7
    1697.622	  7
    1697.756	  7
    1697.892	  7
    1698.042	  7
    1698.176	  7
    1698.324	  7
    1698.486	  7
    1698.608	  7
    1698.750	  7
    1698.888	  7
    1699.028	  7
    1699.172	  7
    1699.316	  7
    1699.438	  7
    1699.584	  7
    1699.726	  7
    1699.904	  7
    1700.024	  7
    1700.160	  7
    1700.298	  7
    1700.442	  7
    1700.584	  7
    1700.726	  7
    1700.864	  7
    1701.030	  7
    1701.148	  7
    1701.282	  7
    1701.416	  7
    1701.556	  7
    1701.702	  7
    1701.842	  7
    1701.988	  7
    1702.134	  7
    1702.282	  7
    1702.452	  7
    1702.572	  7
    1702.708	  7
    1702.844	  7
    1702.994	  7
    1703.130	  7
    1703.266	  7
    1703.410	  7
    1703.562	  7
    1703.698	  7
    1703.842	  7
    1703.984	  7
    1704.126	  7
    1704.274	  7
    1704.418	  7
    1704.582	  7
    1704.708	  7
    1704.844	  7
    1704.978	  7
    1705.116	  7
    1705.256	  7
    1705.390	  7
    1705.536	  7
    1705.684	  7
    1705.834	  7
    1705.972	  7
    1706.124	  7
    1706.270	  7
    1706.406	  7
    1706.558	  7
    1706.686	  7
    1706.820	  7
    1706.954	  7
    1707.092	  7
    1707.234	  7
    1707.378	  7
    1707.522	  7
    1707.666	  7
    1707.810	  7
    1707.986	  7
    1708.092	  7
    1708.232	  7
    1708.376	  7
    1708.524	  7
    1708.672	  7
    1708.810	  7
    1708.966	  7
    1709.116	  7
    1709.258	  7
    1709.408	  7
    1709.550	  7
    1709.712	  7
    1709.830	  7
    1709.972	  7
    1710.116	  7
    1710.260	  7
    1710.402	  7
    1710.552	  7
    1710.696	  7
    1710.838	  7
    1710.990	  7
    1711.168	  7
    1711.292	  7
    1711.428	  7
    1711.558	  7
    1711.694	  7
    1711.846	  7
    1711.990	  7
    1712.122	  7
    1712.262	  7
    1712.398	  7
    1712.546	  7
    1712.692	  7
    1712.852	  7
    1712.976	  7
    1713.128	  7
    1713.274	  7
    1713.424	  7
    1713.572	  7
    1713.714	  7
    1713.866	  7
    1714.008	  7
    1714.162	  7
    1714.306	  7
    1714.460	  7
    1714.600	  7
    1714.788	  7
    1714.908	  7
    1715.048	  7
    1715.194	  7
    1715.334	  7
    1715.472	  7
    1715.616	  7
    1715.768	  7
    1715.904	  7
    1716.044	  7
    1716.200	  7
    1716.344	  7
    1716.490	  7
    1716.626	  7
    1716.804	  7
    1716.928	  7
    1717.068	  7
    1717.210	  7
    1717.356	  7
    1717.504	  7
    1717.648	  7
    1717.786	  7
    1717.936	  7
    1718.086	  7
    1718.234	  7
    1718.370	  7
    1718.556	  7
    1718.676	  7
    1718.816	  7
    1718.968	  7
    1719.116	  7
    1719.256	  7
    1719.410	  7
    1719.556	  7
    1719.702	  7
    1719.856	  7
    1720.008	  7
    1720.150	  7
    1720.326	  7
    1720.454	  7
    1720.608	  7
    1720.734	  7
    1720.868	  7
    1721.020	  7
    1721.160	  7
    1721.300	  7
    1721.452	  7
    1721.598	  7
    1721.758	  7
    1721.912	  7
    1722.064	  7
    1722.204	  7
    1722.382	  7
    1722.510	  7
    1722.652	  7
    1722.798	  7
    1722.944	  7
    1723.092	  7
    1723.236	  7
    1723.390	  7
    1723.540	  7
    1723.688	  7
    1723.840	  7
    1724.028	  7
    1724.152	  7
    1724.296	  7
    1724.436	  7
    1724.586	  7
    1724.720	  7
    1724.870	  7
    1725.014	  7
    1725.158	  7
    1725.344	  7
    1725.454	  7
    1725.596	  7
    1725.742	  7
    1725.888	  7
    1726.034	  7
    1726.184	  7
    1726.328	  7
    1726.474	  7
    1726.652	  7
    1726.768	  7
    1726.920	  7
    1727.066	  7
    1727.208	  7
    1727.356	  7
    1727.516	  7
    1727.658	  7
    1727.816	  7
    1727.962	  7
    1728.138	  7
    1728.256	  7
    1728.406	  7
    1728.556	  7
    1728.708	  7
    1728.856	  7
    1729.028	  7
    1729.152	  7
    1729.288	  7
    1729.436	  7
    1729.630	  7
    1729.750	  7
    1729.894	  7
    1730.030	  7
    1730.176	  7
    1730.332	  7
    1730.474	  7
    1730.622	  7
    1730.768	  7
    1730.912	  7
    1731.060	  7
    1731.232	  7
    1731.316	  7
    1731.460	  7
    1731.616	  7
    1731.768	  7
    1731.906	  7
    1732.064	  7
    1732.208	  7
    1732.352	  7
    1732.502	  7
    1732.650	  7
    1732.806	  7
    1732.956	  7
    1733.128	  7
    1733.248	  7
    1733.404	  7
    1733.556	  7
    1733.706	  7
    1733.842	  7
    1733.996	  7
    1734.144	  7
    1734.298	  7
    1734.454	  7
    1734.628	  7
    1734.750	  7
    1734.898	  7
    1735.046	  7
    1735.190	  7
    1735.336	  7
    1735.494	  7
    1735.648	  7
    1735.792	  7
    1735.944	  7
    1736.158	  7
    1736.288	  7
    1736.424	  7
    1736.568	  7
    1736.734	  7
    1736.874	  7
    1737.034	  7
    1737.190	  7
    1737.342	  7
    1737.492	  7
    1737.640	  7
    1737.778	  7
    1737.926	  7
    1738.072	  7
    1738.224	  7
    1738.376	  7
    1738.518	  7
    1738.686	  7
    1738.810	  7
    1738.968	  7
    1739.096	  7
    1739.216	  7
    1739.352	  7
    1739.498	  7
    1739.644	  7
    1739.800	  7
    1739.932	  7
    1740.076	  7
    1740.226	  7
    1740.372	  7
    1740.524	  7
    1740.662	  7
    1740.816	  7
    1740.954	  7
    1741.094	  7
    1741.234	  7
    1741.398	  7
    1741.516	  7
    1741.664	  7
    1741.804	  7
    1741.958	  7
    1742.098	  7
    1742.232	  7
    1742.390	  7
    1742.552	  7
    1742.696	  7
    1742.848	  7
    1742.996	  7
    1743.174	  7
    1743.298	  7
    1743.446	  7
    1743.588	  7
    1743.746	  7
    1743.894	  7
    1744.036	  7
    1744.186	  7
    1744.344	  7
    1744.490	  7
    1744.634	  7
    1744.818	  7
    1744.942	  7
    1745.094	  7
    1745.248	  7
    1745.408	  7
    1745.564	  7
    1745.706	  7
    1745.866	  7
    1746.018	  7
    1746.174	  7
    1746.320	  7
    1746.478	  7
    1746.622	  7
    1746.792	  7
    1746.914	  7
    1747.064	  7
    1747.228	  7
    1747.376	  7
    1747.514	  7
    1747.706	  7
    1747.844	  7
    1747.988	  7
    1748.130	  7
    1748.276	  7
    1748.426	  7
    1748.612	  7
    1748.736	  7
    1748.882	  7
    1749.042	  7
    1749.200	  7
    1749.388	  7
    1749.526	  7
    1749.676	  7
    1749.836	  7
    1749.984	  7
    1750.132	  7
    1750.282	  7
    1750.440	  7
    1750.584	  7
    1750.754	  7
    1750.884	  7
    1751.030	  7
    1751.206	  7
    1751.376	  7
    1751.854	  7
    1751.962	  7
    1752.098	  7
    1752.244	  7
    1752.388	  7
    1752.550	  7
    1752.704	  7
    1752.872	  7
    1752.998	  7
    1753.148	  7
    1753.302	  7
    1753.450	  7
    1753.602	  7
    1753.750	  7
    1753.900	  7
    1754.050	  7
    1754.206	  7
    1754.362	  7
    1754.508	  7
    1754.660	  7
    1754.816	  7
    1755.008	  7
    1755.138	  7
    1755.288	  7
    1755.432	  7
    1755.588	  7
    1755.740	  7
    1755.882	  7
    1756.068	  7
    1756.222	  7
    1756.368	  7
    1756.528	  7
    1756.672	  7
    1756.800	  7
    1756.944	  7
    1757.084	  7
    1757.232	  7
    1757.386	  7
    1757.534	  7
    1757.684	  7
    1757.832	  7
    1757.988	  7
    1758.128	  7
    1758.280	  7
    1758.434	  7
    1758.622	  7
    1758.746	  7
    1758.902	  7
    1759.060	  7
    1759.202	  7
    1759.364	  7
    1759.514	  7
    1759.674	  7
    1759.830	  7
    1759.970	  7
    1760.114	  7
    1760.300	  7
    1760.420	  7
    1760.568	  7
    1760.716	  7
    1760.870	  7
    1761.024	  7
    1761.296	  7
    1761.418	  7
    1761.560	  7
    1761.726	  7
    1761.864	  7
    1762.012	  7
    1762.150	  7
    1762.326	  7
    1762.454	  7
    1762.604	  7
    1762.752	  7
    1762.908	  7
    1763.612	  7
    1763.716	  7
    1763.850	  7
    1763.992	  7
    1764.372	  7
    1764.482	  7
    1764.646	  7
    1764.778	  7
    1764.932	  7
    1765.096	  7
    1765.240	  7
    1765.380	  7
    1765.528	  7
    1765.678	  7
    1765.820	  7
    1765.968	  7
    1766.120	  7
    1766.272	  7
    1766.428	  7
    1766.580	  7
    1766.726	  7
    1766.896	  7
    1767.030	  7
    1767.172	  7
    1767.318	  7
    1767.470	  7
    1767.616	  7
    1767.758	  7
    1767.910	  7
    1768.064	  7
    1768.214	  7
    1768.354	  7
    1768.530	  7
    1768.656	  7
    1768.798	  7
    1768.950	  7
    1769.102	  7
    1769.250	  7
    1769.406	  7
    1769.552	  7
    1769.704	  7
    1769.854	  7
    1770.006	  7
    1770.164	  7
    1770.308	  7
    1770.474	  7
    1770.638	  7
    1770.790	  7
    1770.922	  7
    1771.072	  7
    1771.226	  7
    1771.378	  7
    1771.530	  7
    1771.684	  7
    1771.836	  7
    1771.984	  7
    1772.172	  7
    1772.302	  7
    1772.454	  7
    1772.604	  7
    1772.754	  7
    1772.910	  7
    1773.060	  7
    1773.396	  7
    1773.518	  7
    1774.014	  7
    1774.206	  7
    1774.352	  7
    1774.506	  7
    1774.644	  7
    1774.778	  7
    1774.920	  7
    1775.072	  7
    1775.224	  7
    1775.368	  7
    1775.524	  7
    1775.672	  7
    1775.830	  7
    1775.978	  7
    1776.124	  7
    1776.312	  7
    1776.440	  7
    1776.584	  7
    1776.736	  7
    1776.886	  7
    1777.034	  7
    1777.180	  7
    1777.336	  7
    1777.492	  7
    1777.644	  7
    1777.786	  7
    1777.942	  7
    1778.092	  7
    1778.274	  7
    1778.404	  7
    1778.568	  7
    1778.724	  7
    1778.870	  7
    1779.012	  7
    1779.170	  7
    1779.320	  7
    1779.464	  7
    1779.634	  7
    1779.786	  7
    1779.926	  7
    1780.076	  7
    1780.256	  7
    1780.376	  7
    1780.520	  7
    1780.678	  7
    1780.826	  7
    1780.992	  7
    1781.160	  7
    1781.280	  7
    1781.422	  7
    1781.564	  7
    1781.712	  7
    1781.884	  7
    1782.010	  7
    1782.158	  7
    1782.304	  7
    1782.452	  7
    1782.600	  7
    1782.750	  7
    1782.904	  7
    1783.056	  7
    1783.192	  7
    1783.342	  7
    1783.538	  7
    1783.720	  7
    1783.878	  7
    1784.006	  7
    1784.150	  7
    1784.302	  7
    1784.448	  7
    1784.606	  7
    1784.748	  7
    1784.898	  7
    1785.054	  7
    1785.206	  7
    1785.354	  7
    1785.500	  7
    1785.648	  7
    1785.844	  7
    1785.972	  7
    1786.120	  7
    1786.272	  7
    1786.428	  7
    1786.580	  7
    1786.732	  7
    1786.878	  7
    1787.022	  7
    1787.186	  7
    1787.328	  7
    1787.486	  7
    1787.614	  7
    1787.748	  7
    1787.912	  7
    1799.366	 53
    1799.376	 20
    1799.376	 27
    1819.396	 52
    1819.406	 17
    1861.990	  8
    1862.570	  8
    1938.300	  8
    1939.406	 53
    1939.416	 20
    1939.416	 27
    1939.778	  8
    1959.436	 52
    1959.446	 17
    2079.446	 53
    2079.456	 20
    2079.456	 27
    2099.476	 51
    2099.486	 10
    2116.176	  8
    2117.012	  8
    2118.554	  8
    2118.882	  8
    2119.662	  8
    2120.862	  8
    2120.994	  8
    2122.050	  8
    2122.610	  8
    2123.390	  8
    2124.466	  8
    2124.796	  8
    2125.146	  8
    2125.476	  8
    2125.952	  8
    2126.590	  8
    2127.214	  8
    2127.868	  8
    2128.696	  8
    2129.002	  8
    2130.516	  8
    2131.194	  8
    2131.850	  8
    2133.594	  8
    2133.824	  8
    2135.236	  8
    2135.760	  8
    2137.640	  8
    2138.288	  8
    2139.562	  8
    2139.972	  8
    2140.162	  8
    2140.902	  8
    2141.256	  8
    2141.402	  8
    2141.756	  8
    2142.768	  8
    2143.660	  8
    2143.950	  8
    2146.176	  8
    2147.400	  8
    2147.744	  8
    2147.946	  8
    2148.106	  8
    2148.580	  8
    2148.664	  8
    2148.876	  8
    2149.418	  8
    2149.874	  8
    2150.172	  8
    2151.556	  8
    2151.838	  8
    2152.408	  8
    2152.678	  8
    2152.806	  8
    2153.034	  8
    2153.740	  8
    2153.962	  8
    2154.902	  8
    2156.032	  8
    2156.318	  8
    2156.476	  8
    2156.988	  8
    2157.298	  8
    2158.028	  8
    2158.272	  8
    2158.634	  8
    2159.058	  8
    2159.190	  8
    2159.486	 53
    2159.638	  8
    2159.638	 20
    2159.638	 27
    2159.648	 28
    2159.648	 19
    2159.748	 29
    2159.912	  9
    2179.768	 50
    2179.778	 18
    2200.936	  8
    2204.822	  8
    2205.102	  8
    2205.994	  8
    2206.878	  8
    2207.522	  8
    2207.868	  8
    2208.638	  8
    2209.778	 53
    2211.070	  8
    2211.070	 20
    2211.070	 27
    2211.080	 28
    2211.080	 19
    2211.180	 29
    2211.344	  9
    2213.976	  8
    2214.336	  8
    2231.200	 52
    2231.210	 17
    2351.210	 53
    2351.220	 20
    2351.220	 27
    2371.240	 50
    2371.250	 18
    2376.942	  8
    2377.608	  8
    2380.622	  8
    2381.380	  8
    2381.952	  8
    2383.358	  8
    2384.444	  8
    2386.336	  8
    2386.990	  8
    2387.104	  8
    2389.122	  8
    2390.176	  8
    2390.884	  8
    2391.616	  8
    2394.014	  8
    2394.456	  8
    2395.278	  8
    2396.596	  8
    2397.466	  8
    2397.932	  8
    2398.002	  8
    2398.332	  8
    2399.588	  8
    2400.172	  8
    2400.530	  8
    2401.250	 53
    2401.536	  8
    2401.536	 20
    2401.536	 27
    2401.546	 28
    2401.546	 19
    2401.646	 29
    2401.792	  8
    2401.810	  9
    2403.556	  8
    2403.848	  8
    2421.666	 52
    2421.676	 17
    2541.676	 53
    2541.686	 20
    2541.686	 27
    2561.706	 52
    2561.716	 17
    2657.826	  8
    2681.716	 53
    2681.726	 20
    2681.726	 27
    2701.746	 52
    2701.756	 17
    2821.756	 53
    2821.766	 20
    2821.766	 27
    2841.786	 52
    2841.796	 17
    2961.796	 53
    2961.806	 20
    2961.806	 27
    2981.826	 50
    2981.836	 18
    2989.862	  8
    3011.836	 53
    3022.924	  8
    3022.924	 20
    3022.924	 27
    3022.934	 28
    3022.934	 19
    3023.034	 29
    3023.198	  9
    3043.054	 50
    3043.064	 18
    3073.064	 53
    3075.692	  8
    3075.692	 20
    3075.692	 27
    3075.702	 28
    3075.702	 19
    3075.802	 29
    3075.966	  9
    3095.822	 50
    3095.832	 18
    3102.688	  8
    3102.872	  8
    3110.996	  8
    3111.558	  8
    3112.024	  8
    3112.324	  8
    3114.380	  8
    3114.854	  8
    3115.612	  8
    3115.924	  8
    3116.530	  8
    3117.000	  8
    3117.124	  8
    3118.664	  8
    3119.560	  8
    3120.654	  8
    3121.224	  8
    3122.132	  8
    3122.490	  8
    3122.664	  8
    3123.680	  8
    3123.948	  8
    3124.668	  8
    3124.894	  8
    3125.832	 53
    3126.264	  8
    3126.264	 20
    3126.264	 27
    3126.274	 28
    3126.274	 19
    3126.374	 29
    3126.538	  9
    3126.578	  8
    3146.394	 50
    3146.404	 18
    3176.404	 53
    3179.132	  8
    3179.132	 20
    3179.132	 27
    3179.142	 28
    3179.142	 19
    3179.242	 29
    3179.406	  9
    3199.262	 51
    3199.272	 10
    3225.206	  8
    3225.790	  8
    3228.558	  8
    3229.252	  8
    3229.440	  8
    3229.708	  8
    3230.840	  8
    3231.332	  8
    3232.246	  8
    3232.758	  8
    3233.774	  8
    3237.490	  8
    3239.110	  8
    3240.026	  8
    3240.422	  8
    3241.518	  8
    3242.494	  8
    3242.786	  8
    3243.890	  8
    3244.098	  8
    3244.302	  8
    3247.060	  8
    3247.638	  8
    3248.500	  8
    3249.198	  8
    3249.314	  8
    3249.490	  8
    3250.872	  8
    3252.092	  8
    3252.238	  8
    3252.508	  8
    3252.854	  8
    3253.078	  8
    3253.782	  8
    3254.224	  8
    3254.330	  8
    3254.884	  8
    3255.132	  8
    3255.838	  8
    3256.218	  8
    3256.604	  8
    3256.934	  8
    3257.304	  8
    3258.086	  8
    3258.256	  8
    3258.496	  8
    3258.920	  8
    3259.096	  8
    3259.210	  8
    3259.272	 53
    3260.326	  8
    3260.326	 20
    3260.326	 27
    3260.336	 28
    3260.336	 19
    3260.436	 29
    3260.600	  9
    3280.456	 51
    3280.466	 10
    3309.720	  8
    3327.360	  8
    3327.890	  8
    3328.354	  8
    3329.056	  8
    3329.594	  8
    3330.532	  8
    3330.982	  8
    3332.810	  8
    3333.120	  8
    3333.366	  8
    3333.900	  8
    3334.392	  8
    3339.420	  8
    3340.466	 53
    3343.032	  8
    3343.032	 20
    3343.032	 27
    3343.042	 28
    3343.042	 19
    3343.142	 29
    3343.306	  9
    3363.162	 52
    3363.172	 17
    3377.630	  7
    3377.744	  7
    3377.874	  7
    3378.018	  7
    3378.158	  7
    3378.300	  7
    3378.432	  7
    3378.580	  7
    3378.722	  7
    3378.858	  7
    3379.000	  7
    3379.154	  7
    3379.302	  7
    3379.440	  7
    3379.574	  7
    3379.714	  7
    3379.860	  7
    3380.004	  7
    3380.146	  7
    3380.288	  7
    3380.432	  7
    3380.582	  7
    3380.726	  7
    3380.860	  7
    3381.006	  7
    3381.180	  7
    3381.302	  7
    3381.444	  7
    3381.588	  7
    3381.716	  7
    3381.864	  7
    3382.008	  7
    3382.142	  7
    3382.304	  7
    3382.428	  7
    3382.582	  7
    3382.708	  7
    3382.852	  7
    3382.994	  7
    3383.138	  7
    3383.282	  7
    3383.428	  7
    3383.596	  7
    3383.718	  7
    3383.858	  7
    3384.006	  7
    3384.152	  7
    3384.298	  7
    3384.440	  7
    3384.584	  7
    3384.728	  7
    3384.872	  7
    3385.042	  7
    3385.160	  7
    3385.302	  7
    3385.454	  7
    3385.584	  7
    3385.730	  7
    3385.876	  7
    3386.022	  7
    3386.166	  7
    3386.306	  7
    3386.488	  7
    3386.616	  7
    3386.762	  7
    3386.900	  7
    3387.040	  7
    3387.194	  7
    3387.346	  7
    3387.492	  7
    3387.636	  7
    3387.788	  7
    3387.928	  7
    3388.096	  7
    3388.222	  7
    3388.366	  7
    3388.508	  7
    3388.656	  7
    3388.804	  7
    3388.950	  7
    3389.098	  7
    3389.246	  7
    3389.388	  7
    3389.532	  7
    3389.682	  7
    3389.830	  7
    3389.994	  7
    3390.114	  7
    3390.270	  7
    3390.416	  7
    3390.554	  7
    3390.702	  7
    3390.850	  7
    3390.996	  7
    3391.130	  7
    3391.314	  7
    3391.426	  7
    3391.574	  7
    3391.716	  7
    3391.856	  7
    3392.008	  7
    3392.146	  7
    3392.284	  7
    3392.424	  7
    3392.578	  7
    3392.726	  7
    3392.856	  7
    3393.006	  7
    3393.174	  7
    3393.296	  7
    3393.444	  7
    3393.592	  7
    3393.742	  7
    3393.892	  7
    3394.026	  7
    3394.182	  7
    3394.326	  7
    3394.498	  7
    3394.616	  7
    3394.762	  7
    3394.912	  7
    3395.054	  7
    3395.204	  7
    3395.340	  7
    3395.490	  7
    3395.628	  7
    3395.774	  7
    3395.936	  7
    3396.080	  7
    3396.200	  7
    3396.336	  7
    3396.484	  7
    3396.634	  7
    3396.798	  7
    3396.938	  7
    3397.088	  7
    3397.238	  7
    3397.392	  7
    3397.540	  7
    3397.682	  7
    3397.862	  7
    3397.980	  7
    3398.128	  7
    3398.276	  7
    3398.414	  7
    3398.560	  7
    3398.708	  7
    3398.854	  7
    3399.000	  7
    3399.134	  7
    3399.308	  7
    3399.428	  7
    3399.570	  7
    3399.724	  7
    3399.872	  7
    3400.016	  7
    3400.168	  7
    3400.318	  7
    3400.458	  7
    3400.634	  7
    3400.752	  7
    3400.894	  7
    3401.042	  7
    3401.180	  7
    3401.328	  7
    3401.482	  7
    3401.622	  7
    3401.772	  7
    3401.920	  7
    3402.062	  7
    3402.240	  7
    3402.364	  7
    3402.504	  7
    3402.644	  7
    3402.784	  7
    3402.928	  7
    3403.092	  7
    3403.232	  7
    3403.366	  7
    3403.510	  7
    3403.660	  7
    3403.796	  7
    3403.976	  7
    3404.092	  7
    3404.244	  7
    3404.390	  7
    3404.534	  7
    3404.684	  7
    3404.828	  7
    3404.982	  7
    3405.126	  7
    3405.296	  7
    3405.418	  7
    3405.562	  7
    3405.716	  7
    3405.846	  7
    3405.992	  7
    3406.140	  7
    3406.290	  7
    3406.430	  7
    3406.578	  7
    3406.718	  7
    3406.844	  7
    3406.978	  7
    3407.114	  7
    3407.258	  7
    3407.400	  7
    3407.542	  7
    3407.692	  7
    3407.836	  7
    3408.022	  7
    3408.136	  7
    3408.278	  7
    3408.426	  7
    3408.568	  7
    3408.710	  7
    3408.856	  7
    3408.996	  7
    3409.132	  7
    3409.290	  7
    3409.438	  7
    3409.610	  7
    3409.730	  7
    3409.870	  7
    3410.018	  7
    3410.170	  7
    3410.302	  7
    3410.448	  7
    3410.594	  7
    3410.748	  7
    3410.894	  7
    3411.032	  7
    3411.210	  7
    3411.328	  7
    3411.474	  7
    3411.610	  7
    3411.750	  7
    3411.898	  7
    3412.038	  7
    3412.188	  7
    3412.336	  7
    3412.432	  7
    3412.620	  7
    3412.732	  7
    3412.872	  7
    3413.026	  7
    3413.186	  7
    3413.332	  7
    3413.468	  7
    3413.618	  7
    3413.772	  7
    3413.912	  7
    3414.096	  7
    3414.220	  7
    3414.366	  7
    3414.504	  7
    3414.654	  7
    3414.798	  7
    3414.948	  7
    3415.096	  7
    3415.238	  7
    3415.410	  7
    3415.524	  7
    3415.668	  7
    3415.810	  7
    3415.958	  7
    3416.102	  7
    3416.250	  7
    3416.400	  7
    3416.528	  7
    3416.658	  7
    3416.818	  7
    3416.936	  7
    3417.072	  7
    3417.216	  7
    3417.360	  7
    3417.500	  7
    3417.634	  7
    3417.778	  7
    3417.912	  7
    3418.054	  7
    3418.198	  7
    3483.172	 53
    3483.182	 20
    3483.182	 27
    3503.202	 50
    3503.212	 18
    3512.958	  8
    3517.226	  8
    3517.390	  8
    3517.438	  8
    3518.532	  8
    3521.458	  8
    3522.014	  8
    3522.362	  8
    3523.874	  8
    3524.620	  8
    3525.592	  8
    3526.276	  8
    3527.480	  8
    3528.534	  8
    3529.806	  8
    3530.508	  8
    3532.272	  8
    3533.212	 53
    3533.296	  8
    3533.296	 20
    3533.296	 27
    3533.306	 28
    3533.306	 19
    3533.406	 29
    3533.570	  9
    3533.598	  8
    3553.426	 51
    3553.436	 10
    3602.408	  8
    3602.608	  8
    3603.636	  8
    3603.826	  8
    3605.052	  8
    3606.084	  8
    3606.690	  8
    3608.346	  8
    3608.756	  8
    3611.920	  8
    3612.850	  8
    3613.304	  8
    3613.436	 53
    3614.570	  8
    3614.570	 20
    3614.570	 27
    3614.580	 28
    3614.580	 19
    3614.680	 29
    3614.844	  9
    3615.750	  8
    3634.700	 51
    3634.710	 10
    3678.490	  8
    3679.252	  8
    3680.478	  8
    3680.530	  8
    3681.346	  8
    3682.222	  8
    3683.402	  8
    3683.818	  8
    3685.908	  8
    3687.466	  8
    3687.912	  8
    3689.366	  8
    3690.638	  8
    3691.148	  8
    3691.464	  8
    3692.534	  8
    3693.730	  8
    3694.710	 53
    3697.750	  8
    3697.750	 20
    3697.750	 27
    3697.760	 28
    3697.760	 19
    3697.860	 29
    3698.024	  9
    3717.880	 52
    3717.890	 17
    3740.058	  7
    3743.130	  7
    3743.312	  7
    3743.520	  7
    3743.728	  7
    3743.908	  7
    3744.096	  7
    3744.322	  7
    3744.546	  7
    3744.680	  7
    3744.894	  7
    3745.028	  7
    3745.288	  7
    3745.482	  7
    3745.682	  7
    3745.890	  7
    3746.086	  7
    3746.320	  7
    3746.478	  7
    3746.690	  7
    3746.880	  7
    3747.170	  7
    3748.656	  7
    3748.824	  7
    3749.002	  7
    3749.186	  7
    3749.356	  7
    3749.540	  7
    3749.710	  7
    3749.906	  7
    3750.080	  7
    3837.890	 53
    3837.900	 20
    3837.900	 27
    3838.114	  7
    3838.408	  7
    3838.552	  7
    3838.740	  7
    3838.932	  7
    3839.120	  7
    3839.320	  7
    3839.530	  7
    3839.694	  7
    3839.880	  7
    3840.106	  7
    3840.290	  7
    3840.450	  7
    3840.606	  7
    3841.024	  7
    3857.920	 52
    3857.930	 17
    3966.036	  7
    3966.582	  7
    3968.132	  7
    3968.846	  7
    3969.396	  7
    3973.020	  7
    3977.930	 53
    3977.940	 20
    3977.940	 27
    3997.960	 51
    3997.970	 10
    4057.970	 53
    4058.752	  8
    4058.752	 20
    4058.752	 27
    4058.762	 28
    4058.762	 19
    4058.862	 29
    4059.026	  9
    4078.882	 50
    4078.892	 18
    4108.892	 53
    4108.898	  8
    4108.898	 20
    4108.898	 27
    4108.908	 28
    4108.908	 19
    4109.008	 29
    4109.172	  9
    4129.028	 51
    4129.038	 10
    4170.414	  8
    4171.198	  8
    4171.660	  8
    4172.538	  8
    4173.028	  8
    4173.422	  8
    4173.750	  8
    4174.016	  8
    4175.296	  8
    4175.768	  8
    4176.008	  8
    4176.622	  8
    4177.194	  8
    4179.566	  8
    4179.988	  8
    4183.036	  8
    4186.230	  8
    4187.406	  8
    4187.582	  8
    4189.038	 53
    4190.298	  8
    4190.298	 20
    4190.298	 27
    4190.308	 28
    4190.308	 19
    4190.408	 29
    4190.572	  9
    4210.428	 50
    4210.438	 18
    4214.158	  8
    4219.498	  8
    4224.240	  8
    4224.482	  8
    4224.786	  8
    4225.180	  8
    4226.128	  8
    4227.594	  8
    4227.772	  8
    4228.346	  8
    4229.388	  8
    4230.912	  8
    4231.216	  8
    4231.604	  8
    4232.186	  8
    4232.952	  8
    4233.340	  8
    4233.606	  8
    4234.020	  8
    4234.572	  8
    4234.986	  8
    4235.602	  8
    4235.742	  8
    4236.966	  8
    4237.214	  8
    4237.726	  8
    4237.954	  8
    4238.668	  8
    4239.438	  8
    4240.100	  8
    4240.426	  8
    4240.438	 53
    4241.564	  8
    4241.564	 20
    4241.564	 27
    4241.574	 28
    4241.574	 19
    4241.674	 29
    4241.838	  9
    4261.694	 51
    4261.704	 10
    4292.868	  8
    4293.176	  8
    4295.630	  8
    4296.340	  8
    4296.902	  8
    4298.006	  8
    4298.818	  8
    4299.576	  8
    4304.442	  8
    4305.122	  8
    4305.618	  8
    4307.122	  8
    4307.798	  8
    4307.926	  8
    4309.754	  8
    4310.646	  8
    4313.420	  8
    4314.858	  8
    4314.988	  8
    4318.062	  8
    4319.446	  8
    4319.836	  8
    4320.334	  8
    4320.764	  8
    4321.006	  8
    4321.522	  8
    4321.704	 53
    4322.622	  8
    4322.622	 20
    4322.622	 27
    4322.632	 28
    4322.632	 19
    4322.732	 29
    4322.896	  9
    4323.024	  8
    4342.752	 50
    4342.762	 18
    4357.720	  8
    4372.762	 53
    4379.496	  8
    4379.496	 20
    4379.496	 27
    4379.506	 28
    4379.506	 19
    4379.606	 29
    4379.770	  9
    4399.626	 51
    4399.636	 10
    4459.170	  8
    4459.372	  8
    4459.636	 53
    4459.908	  8
    4459.908	 20
    4459.908	 27
    4459.918	 28
    4459.918	 19
    4460.018	 29
    4460.426	  9
    4480.038	 50
    4480.048	 18
    4489.616	  8
    4492.826	  8
    4494.836	  8
    4497.260	  8
    4497.914	  8
    4500.760	  8
    4500.830	  8
    4501.056	  8
    4501.292	  8
    4502.474	  8
    4504.152	  8
    4504.384	  8
    4506.816	  8
    4507.550	  8
    4508.406	  8
    4508.634	  8
    4509.014	  8
    4509.076	  8
    4509.136	  8
    4509.718	  8
    4510.048	 53
    4510.694	  8
    4510.694	 20
    4510.694	 27
    4510.704	 28
    4510.704	 19
    4510.804	 29
    4510.968	  9
    4530.824	 51
    4530.834	 10
    4569.880	  8
    4570.214	  8
    4570.308	  8
    4570.474	  8
    4571.770	  8
    4572.288	  8
    4572.636	  8
    4573.354	  8
    4573.816	  8
    4574.712	  8
    4576.858	  8
    4578.444	  8
    4579.364	  8
    4579.754	  8
    4580.226	  8
    4581.878	  8
    4582.458	  8
    4583.720	  8
    4584.004	  8
    4584.492	  8
    4585.146	  8
    4585.902	  8
    4586.400	  8
    4587.884	  8
    4589.300	  8
    4589.894	  8
    4590.650	  8
    4590.834	 53
    4591.240	  8
    4591.240	 20
    4591.240	 27
    4591.250	 28
    4591.250	 19
    4591.350	 29
    4591.514	  9
    4603.736	  8
    4611.370	 52
    4611.380	 17
    4629.402	  7
    4629.930	  7
    4630.144	  7
    4630.338	  7
    4630.558	  7
    4630.740	  7
    4630.950	  7
    4631.150	  7
    4631.370	  7
    4634.420	  7
    4634.534	  7
    4634.660	  7
    4634.760	  7
    4634.902	  7
    4635.054	  7
    4635.178	  7
    4635.310	  7
    4635.448	  7
    4635.568	  7
    4635.714	  7
    4635.850	  7
    4635.992	  7
    4636.134	  7
    4636.276	  7
    4636.430	  7
    4636.574	  7
    4636.708	  7
    4636.852	  7
    4636.998	  7
    4637.144	  7
    4637.288	  7
    4637.412	  7
    4637.556	  7
    4637.698	  7
    4637.842	  7
    4637.974	  7
    4638.138	  7
    4638.264	  7
    4638.394	  7
    4638.542	  7
    4638.680	  7
    4638.822	  7
    4638.960	  7
    4639.100	  7
    4639.276	  7
    4639.388	  7
    4639.520	  7
    4639.644	  7
    4639.792	  7
    4639.934	  7
    4640.072	  7
    4640.216	  7
    4640.400	  7
    4640.514	  7
    4640.656	  7
    4640.794	  7
    4640.930	  7
    4641.070	  7
    4641.216	  7
    4641.360	  7
    4641.500	  7
    4641.646	  7
    4641.808	  7
    4641.970	  7
    4642.104	  7
    4642.248	  7
    4642.392	  7
    4642.524	  7
    4642.680	  7
    4642.898	  7
    4643.028	  7
    4643.172	  7
    4643.308	  7
    4643.474	  7
    4643.612	  7
    4643.764	  7
    4643.926	  7
    4644.060	  7
    4644.216	  7
    4644.350	  7
    4644.486	  7
    4644.630	  7
    4644.776	  7
    4644.912	  7
    4645.054	  7
    4645.198	  7
    4645.334	  7
    4645.472	  7
    4645.664	  7
    4645.774	  7
    4645.912	  7
    4646.050	  7
    4646.186	  7
    4646.326	  7
    4646.474	  7
    4646.588	  7
    4646.720	  7
    4646.866	  7
    4647.010	  7
    4647.146	  7
    4647.288	  7
    4647.438	  7
    4647.586	  7
    4647.748	  7
    4647.866	  7
    4648.014	  7
    4648.158	  7
    4648.302	  7
    4648.450	  7
    4648.584	  7
    4648.740	  7
    4648.884	  7
    4649.030	  7
    4649.168	  7
    4649.318	  7
    4649.498	  7
    4649.618	  7
    4649.764	  7
    4649.898	  7
    4650.088	  7
    4650.430	  7
    4650.544	  7
    4650.670	  7
    4650.808	  7
    4650.944	  7
    4651.088	  7
    4651.236	  7
    4651.390	  7
    4651.502	  7
    4651.642	  7
    4651.786	  7
    4651.926	  7
    4652.074	  7
    4652.216	  7
    4652.364	  7
    4652.504	  7
    4652.646	  7
    4652.794	  7
    4652.978	  7
    4653.088	  7
    4653.226	  7
    4653.376	  7
    4653.520	  7
    4653.658	  7
    4653.808	  7
    4653.956	  7
    4654.094	  7
    4654.238	  7
    4654.378	  7
    4654.560	  7
    4654.672	  7
    4654.818	  7
    4654.966	  7
    4655.106	  7
    4655.254	  7
    4655.400	  7
    4655.544	  7
    4655.684	  7
    4655.828	  7
    4655.962	  7
    4656.142	  7
    4656.262	  7
    4656.412	  7
    4656.554	  7
    4656.696	  7
    4656.838	  7
    4656.988	  7
    4657.136	  7
    4657.264	  7
    4657.416	  7
    4657.558	  7
    4657.696	  7
    4657.868	  7
    4657.982	  7
    4658.130	  7
    4658.278	  7
    4658.436	  7
    4658.576	  7
    4658.726	  7
    4658.868	  7
    4659.012	  7
    4659.148	  7
    4659.304	  7
    4659.442	  7
    4659.626	  7
    4659.738	  7
    4659.876	  7
    4660.020	  7
    4660.178	  7
    4660.320	  7
    4660.466	  7
    4660.606	  7
    4660.744	  7
    4660.932	  7
    4661.044	  7
    4661.180	  7
    4661.330	  7
    4661.476	  7
    4661.610	  7
    4661.764	  7
    4661.910	  7
    4662.056	  7
    4662.204	  7
    4662.360	  7
    4662.538	  7
    4662.662	  7
    4662.816	  7
    4662.952	  7
    4663.100	  7
    4663.252	  7
    4663.394	  7
    4663.542	  7
    4663.686	  7
    4663.836	  7
    4663.986	  7
    4664.148	  7
    4664.304	  7
    4664.428	  7
    4664.580	  7
    4664.704	  7
    4664.846	  7
    4664.990	  7
    4665.126	  7
    4665.274	  7
    4665.418	  7
    4665.562	  7
    4665.706	  7
    4665.856	  7
    4666.020	  7
    4666.168	  7
    4666.408	  7
    4666.522	  7
    4666.668	  7
    4666.796	  7
    4666.928	  7
    4667.074	  7
    4667.214	  7
    4667.358	  7
    4667.502	  7
    4667.640	  7
    4667.796	  7
    4667.952	  7
    4668.090	  7
    4668.262	  7
    4668.380	  7
    4668.526	  7
    4668.676	  7
    4668.816	  7
    4668.968	  7
    4669.872	  7
    4669.980	  7
    4670.120	  7
    4670.306	  7
    4670.420	  7
    4670.548	  7
    4670.694	  7
    4670.838	  7
    4671.004	  7
    4671.150	  7
    4671.284	  7
    4671.432	  7
    4671.574	  7
    4671.716	  7
    4671.858	  7
    4672.010	  7
    4672.156	  7
    4672.296	  7
    4672.438	  7
    4672.628	  7
    4672.734	  7
    4672.880	  7
    4673.038	  7
    4673.284	  7
    4673.410	  7
    4673.546	  7
    4673.686	  7
    4673.802	  7
    4673.944	  7
    4674.130	  7
    4674.244	  7
    4674.386	  7
    4674.532	  7
    4674.708	  7
    4674.858	  7
    4674.994	  7
    4675.140	  7
    4675.282	  7
    4675.424	  7
    4675.574	  7
    4675.722	  7
    4675.880	  7
    4676.002	  7
    4676.152	  7
    4676.288	  7
    4676.452	  7
    4676.608	  7
    4676.730	  7
    4676.894	  7
    4677.036	  7
    4677.200	  7
    4677.374	  7
    4677.510	  7
    4677.658	  7
    4677.826	  7
    4677.948	  7
    4678.088	  7
    4678.242	  7
    4678.380	  7
    4678.522	  7
    4678.672	  7
    4678.810	  7
    4678.966	  7
    4679.124	  7
    4679.258	  7
    4679.536	  7
    4679.682	  7
    4679.800	  7
    4679.942	  7
    4680.080	  7
    4680.226	  7
    4680.386	  7
    4680.528	  7
    4680.680	  7
    4680.820	  7
    4680.998	  7
    4681.118	  7
    4681.268	  7
    4681.404	  7
    4681.554	  7
    4681.698	  7
    4681.846	  7
    4681.984	  7
    4682.136	  7
    4682.280	  7
    4682.424	  7
    4682.572	  7
    4682.750	  7
    4682.868	  7
    4683.006	  7
    4683.148	  7
    4683.298	  7
    4683.442	  7
    4683.592	  7
    4683.740	  7
    4683.892	  7
    4684.042	  7
    4684.182	  7
    4684.338	  7
    4684.484	  7
    4684.638	  7
    4684.806	  7
    4684.936	  7
    4685.080	  7
    4685.232	  7
    4685.382	  7
    4685.528	  7
    4685.688	  7
    4685.826	  7
    4685.980	  7
    4686.134	  7
    4686.302	  7
    4686.420	  7
    4686.574	  7
    4686.714	  7
    4686.874	  7
    4687.026	  7
    4687.194	  7
    4687.334	  7
    4687.478	  7
    4687.624	  7
    4687.776	  7
    4687.930	  7
    4688.114	  7
    4688.234	  7
    4688.388	  7
    4688.532	  7
    4688.672	  7
    4688.814	  7
    4688.962	  7
    4689.112	  7
    4689.258	  7
    4689.398	  7
    4689.544	  7
    4689.728	  7
    4689.848	  7
    4689.992	  7
    4690.140	  7
    4690.282	  7
    4690.426	  7
    4690.578	  7
    4690.732	  7
    4690.880	  7
    4691.014	  7
    4691.198	  7
    4691.310	  7
    4691.452	  7
    4691.596	  7
    4691.742	  7
    4691.886	  7
    4692.032	  7
    4692.172	  7
    4692.320	  7
    4692.936	  7
    4693.088	  7
    4693.240	  7
    4693.356	  7
    4693.498	  7
    4693.634	  7
    4693.786	  7
    4693.934	  7
    4694.088	  7
    4694.228	  7
    4694.376	  7
    4694.532	  7
    4694.678	  7
    4694.820	  7
    4694.972	  7
    4695.140	  7
    4695.338	  7
    4695.454	  7
    4695.594	  7
    4695.732	  7
    4695.880	  7
    4696.024	  7
    4696.170	  7
    4696.318	  7
    4696.460	  7
    4696.600	  7
    4696.756	  7
    4696.902	  7
    4697.048	  7
    4697.196	  7
    4697.338	  7
    4697.520	  7
    4697.644	  7
    4697.802	  7
    4697.942	  7
    4698.080	  7
    4698.246	  7
    4698.378	  7
    4698.508	  7
    4698.646	  7
    4698.790	  7
    4698.944	  7
    4699.100	  7
    4699.238	  7
    4699.382	  7
    4699.522	  7
    4699.694	  7
    4699.818	  7
    4699.958	  7
    4700.098	  7
    4700.236	  7
    4700.584	  7
    4700.712	  7
    4700.850	  7
    4700.996	  7
    4701.764	  7
    4702.128	  7
    4702.266	  7
    4702.398	  7
    4731.380	 53
    4731.390	 20
    4731.390	 27
    4751.410	 50
    4751.420	 18
    4756.116	  8
    4756.202	  8
    4761.570	  8
    4762.150	  8
    4763.314	  8
    4763.490	  8
    4764.206	  8
    4766.050	  8
    4767.060	  8
    4767.380	  8
    4768.946	  8
    4779.286	  8
    4779.718	  8
    4780.452	  8
    4781.420	 53
    4781.646	  8
    4781.646	 20
    4781.646	 27
    4781.656	 28
    4781.656	 19
    4781.756	 29
    4781.906	  8
    4781.920	  9
    4801.776	 50
    4801.786	 18
    4827.448	  8
    4827.488	  8
    4829.080	  8
    4829.562	  8
    4830.202	  8
    4831.504	  8
    4831.786	 53
    4833.882	  8
    4833.882	 20
    4833.882	 27
    4833.892	 28
    4833.892	 19
    4833.992	 29
    4834.156	  9
    4854.012	 50
    4854.022	 18
    4869.912	  8
    4871.344	  8
    4871.678	  8
    4871.908	  8
    4872.172	  8
    4872.236	  8
    4872.538	  8
    4874.680	  8
    4875.262	  8
    4875.490	  8
    4875.594	  8
    4875.678	  8
    4875.724	  8
    4876.174	  8
    4877.040	  8
    4877.716	  8
    4877.902	  8
    4878.678	  8
    4879.486	  8
    4879.796	  8
    4879.968	  8
    4880.128	  8
    4880.578	  8
    4882.466	  8
    4882.556	  8
    4882.998	  8
    4883.076	  8
    4883.518	  8
    4883.704	  8
    4884.022	 53
    4884.204	  8
    4884.204	 20
    4884.204	 27
    4884.214	 28
    4884.214	 19
    4884.314	 29
    4884.356	  8
    4884.436	  8
    4884.478	  9
    4896.538	  8
    4896.796	  8
    4904.334	 51
    4904.344	 10
    4950.864	  8
    4954.610	  8
    4955.202	  8
    4955.666	  8
    4957.056	  8
    4958.520	  8
    4960.788	  8
    4964.344	 53
    4964.366	  8
    4964.366	 20
    4964.366	 27
    4964.376	 28
    4964.376	 19
    4964.476	 29
    4964.640	  9
    4984.496	 50
    4984.506	 18
    5014.506	 53
    5029.538	  8
    5029.538	 20
    5029.538	 27
    5029.548	 28
    5029.548	 19
    5029.648	 29
    5029.812	  9
    5049.668	 51
    5049.678	 10
    5109.588	  8
    5109.678	 53
    5109.956	  8
    5109.956	 20
    5109.956	 27
    5109.966	 28
    5109.966	 19
    5110.066	 29
    5110.230	  9
    5130.086	 52
    5130.096	 17
    5141.564	  7
    5142.358	  7
    5173.960	  7
    5174.098	  7
    5174.294	  7
    5174.416	  7
    5250.096	 53
    5250.106	 20
    5250.106	 27
    5270.126	 51
    5270.136	 10
    5294.878	  8
    5295.090	  8
    5295.722	  8
    5296.128	  8
    5301.416	  8
    5302.272	  8
    5302.476	  8
    5302.940	  8
    5305.662	  8
    5313.270	  7
    5313.902	  7
    5314.268	  7
    5314.838	  7
    5315.280	  7
    5320.902	  8
    5321.262	  8
    5321.648	  8
    5327.416	  8
    5327.856	  8
    5329.636	  8
    5330.054	  8
    5330.136	 53
    5332.138	  8
    5332.138	 20
    5332.138	 27
    5332.148	 28
    5332.148	 19
    5332.248	 29
    5332.258	 61
