      20.010	 51
      20.020	 17
      39.422	  8
      80.020	 53
     116.400	  8
     116.400	 20
     116.400	 27
     116.410	 28
     116.410	 19
     116.510	 29
     116.592	  8
     116.682	  9
     136.530	 51
     136.540	 17
     178.632	  8
     185.614	  8
     196.540	 53
     198.820	  7
     199.332	  7
     202.202	  7
     202.742	  7
     203.930	  7
     204.016	  7
     204.360	  7
     204.560	  7
     204.806	  7
     205.016	  7
     205.158	  7
     205.352	  7
     213.066	  8
     213.066	 20
     213.066	 27
     213.076	 28
     213.076	 19
     213.176	 29
     213.330	  8
     213.348	  9
     233.196	 52
     233.206	 10
     286.794	  8
     286.966	  8
     302.022	  8
     322.426	  8
     322.924	  8
     323.356	  8
     323.934	  8
     324.214	  8
     353.206	 53
     363.852	  8
     363.852	 20
     363.852	 27
     363.862	 28
     363.862	 19
     363.962	 29
     364.124	  8
     364.134	  9
     383.982	 51
     383.992	 17
     415.618	  8
     416.072	  8
     416.200	  8
     428.702	  8
     430.056	  8
     430.946	  8
     433.914	  8
     434.282	  8
     434.968	  8
     435.256	  8
     435.670	  8
     436.230	  8
     436.344	  8
     436.402	  8
     436.900	  8
     437.470	  8
     437.772	  8
     438.596	  8
     438.942	  8
     439.272	  8
     439.900	  8
     440.794	  8
     441.528	  8
     441.960	  8
     442.164	  8
     442.542	  8
     442.706	  8
     442.950	  8
     443.182	  8
     443.964	  8
     443.992	 53
     444.406	  8
     444.406	 20
     444.406	 27
     444.416	 28
     444.416	 19
     444.516	 29
     444.684	  8
     444.688	  9
     464.536	 51
     464.546	 17
     503.006	  8
     503.052	  8
     504.324	  8
     507.222	  8
     509.138	  8
     509.222	  8
     509.664	  8
     510.268	  8
     510.854	  8
     511.862	  8
     512.172	  8
     512.752	  8
     513.172	  8
     514.300	  8
     515.002	  8
     515.634	  8
     517.022	  8
     517.794	  8
     517.868	  8
     518.264	  8
     518.764	  8
     519.258	  8
     519.784	  8
     520.230	  8
     520.846	  8
     521.950	  8
     522.650	  8
     522.838	  8
     523.040	  8
     523.374	  8
     523.406	  8
     523.782	  8
     524.440	  8
     524.546	 53
     525.006	  8
     525.006	 20
     525.006	 27
     525.016	 28
     525.016	 19
     525.116	 29
     525.272	  8
     525.288	  9
     545.136	 51
     545.146	 17
     572.300	  8
     573.124	  8
     574.202	  8
     574.380	  8
     574.756	  8
     574.952	  8
     575.566	  8
     575.950	  8
     576.434	  8
     576.976	  8
     577.326	  8
     577.768	  8
     578.482	  8
     579.042	  8
     580.710	  8
     581.516	  8
     582.050	  8
     582.662	  8
     584.636	  8
     585.132	  8
     585.552	  8
     586.046	  8
     586.554	  8
     587.446	  8
     588.168	  8
     588.724	  8
     589.284	  8
     590.000	  8
     590.194	  8
     590.634	  8
     591.476	  8
     591.934	  8
     592.332	  8
     592.616	  8
     592.862	  8
     593.100	  8
     593.466	  8
     593.702	  8
     594.190	  8
     595.126	  8
     596.076	  8
     596.798	  8
     597.418	  8
     598.150	  8
     599.476	  8
     600.044	  8
     600.534	  8
     600.974	  8
     601.252	  8
     602.034	  8
     602.300	  8
     602.874	  8
     603.302	  8
     603.758	  8
     604.440	  8
     604.538	  8
     604.994	  8
     605.146	 53
     605.626	  8
     605.626	 20
     605.626	 27
     605.636	 28
     605.636	 19
     605.736	 29
     605.872	  8
     605.908	  9
     625.756	 51
     625.766	 17
     654.158	  8
     656.574	  8
     656.662	  8
     657.566	  8
     658.232	  8
     658.622	  8
     658.942	  8
     659.792	  8
     660.358	  8
     661.004	  8
     661.322	  8
     661.716	  8
     662.202	  8
     662.688	  8
     663.372	  8
     663.892	  8
     664.384	  8
     664.540	  8
     665.660	  8
     666.620	  8
     669.798	  8
     670.710	  8
     671.354	  8
     672.022	  8
     673.686	  8
     674.884	  8
     676.082	  8
     676.580	  8
     677.068	  8
     678.028	  8
     679.072	  8
     679.636	  8
     681.112	  8
     681.820	  8
     682.488	  8
     683.472	  8
     684.036	  8
     684.848	  8
     685.766	 53
     689.022	  8
     689.022	 20
     689.022	 27
     689.032	 28
     689.032	 19
     689.132	 29
     689.202	  8
     689.304	  9
     709.152	 50
     709.162	 18
     739.162	 53
     739.172	 20
     739.172	 27
     741.042	  7
     741.908	  7
     742.024	  7
     742.110	  7
     742.268	  7
     742.446	  7
     742.566	  7
     742.730	  7
     742.872	  7
     743.028	  7
     743.176	  7
     743.348	  7
     743.500	  7
     743.666	  7
     743.818	  7
     743.998	  7
     744.236	  7
     744.388	  7
     744.544	  7
     744.692	  7
     744.856	  7
     745.002	  7
     745.160	  7
     745.318	  7
     745.484	  7
     745.650	  7
     745.812	  7
     745.976	  7
     746.136	  7
     746.284	  7
     746.452	  7
     746.610	  7
     746.776	  7
     746.938	  7
     747.104	  7
     747.282	  7
     747.450	  7
     747.614	  7
     747.784	  7
     747.948	  7
     748.102	  7
     748.268	  7
     748.440	  7
     748.630	  7
     748.816	  7
     748.980	  7
     749.124	  7
     749.322	  7
     749.480	  7
     749.634	  7
     749.790	  7
     749.976	  7
     750.152	  7
     750.314	  7
     750.470	  7
     750.640	  7
     750.806	  7
     750.950	  7
     751.282	  7
     751.398	  7
     751.574	  7
     751.742	  7
     751.914	  7
     752.084	  7
     752.234	  7
     754.394	  7
     754.554	  7
     754.700	  7
     755.186	  7
     755.330	  7
     755.486	  7
     755.654	  7
     755.818	  7
     756.004	  7
     756.154	  7
     756.310	  7
     756.508	  7
     756.674	  7
     756.818	  7
     757.048	  7
     757.214	  7
     759.192	 50
     759.202	 18
     784.974	  8
     789.202	 53
     789.212	 20
     789.212	 27
     809.232	 50
     809.242	 18
     822.638	  7
     822.966	  7
     823.094	  7
     823.300	  7
     823.524	  7
     823.746	  7
     823.932	  7
     825.336	  7
     825.488	  7
     825.636	  7
     825.792	  7
     825.990	  7
     826.110	  7
     826.292	  7
     834.252	  7
     834.814	  7
     834.970	  7
     835.222	  7
     835.526	  7
     835.746	  7
     835.892	  7
     836.160	  7
     836.210	  7
     836.414	  7
     837.282	  7
     837.832	  7
     839.242	 53
     839.252	 20
     839.252	 27
     839.494	  7
     839.654	  7
     839.830	  7
     840.042	  7
     840.212	  7
     840.402	  7
     840.756	  7
     841.092	  7
     841.262	  7
     841.356	  7
     843.338	  7
     843.870	  7
     844.062	  7
     844.252	  7
     844.390	  7
     844.420	  7
     845.234	  7
     845.852	  7
     846.868	  7
     847.028	  7
     847.332	  7
     847.420	  7
     847.978	  7
     848.214	  7
     848.450	  7
     848.672	  7
     848.924	  7
     849.128	  7
     851.182	  7
     851.290	  7
     851.420	  7
     852.324	  7
     852.552	  7
     852.716	  7
     852.780	  7
     854.694	  7
     855.274	  7
     855.406	  7
     855.626	  7
     857.800	  7
     858.296	  7
     858.486	  7
     858.646	  7
     859.272	 51
     859.282	 17
     859.792	  7
     860.150	  7
     860.338	  7
     860.542	  7
     861.262	  7
     861.488	  7
     863.362	  7
     863.458	  7
     863.524	  7
     863.754	  7
     863.930	  7
     864.130	  7
     864.614	  7
     864.966	  7
     865.170	  7
     865.302	  7
     865.372	  7
     866.288	  7
     866.356	  7
     867.140	  7
     867.326	  7
     867.558	  7
     867.768	  7
     868.060	  7
     868.226	  7
     868.268	  7
     868.292	  7
     869.562	  7
     869.756	  7
     870.080	  7
     870.306	  7
     870.520	  7
     870.764	  7
     870.936	  7
     871.100	  7
     871.352	  7
     871.524	  7
     871.686	  7
     874.632	  7
     874.862	  7
     875.076	  7
     875.282	  7
     875.490	  7
     875.876	  7
     876.082	  7
     876.590	  7
     877.926	  7
     878.650	  7
     879.328	  7
     879.512	  7
     879.630	  7
     881.378	  7
     881.546	  7
     881.662	  7
     881.824	  7
     881.978	  7
     882.130	  7
     882.282	  7
     882.434	  7
     882.592	  7
     882.746	  7
     882.906	  7
     883.066	  7
     883.220	  7
     883.386	  7
     883.522	  7
     883.764	  7
     883.914	  7
     883.974	  7
     884.190	  7
     884.424	  7
     884.592	  7
     884.724	  7
     884.860	  7
     884.992	  7
     885.102	  7
     887.312	  7
     887.452	  7
     887.652	  7
     887.744	  7
     887.884	  7
     890.806	  7
     891.096	  7
     891.332	  7
     891.756	  7
     891.906	  7
     893.440	  7
     893.562	  7
     894.436	  7
     895.112	  7
     895.210	  7
     895.322	  7
     896.710	  7
     896.868	  7
     897.428	  7
     897.722	  7
     899.802	  7
     900.110	  7
     900.320	  7
     900.632	  7
     900.732	  7
     900.968	  7
     901.128	  7
     901.664	  7
     903.608	  7
     903.668	  7
     904.278	  7
     904.446	  7
     904.634	  7
     906.060	  7
     906.200	  7
     906.498	  7
     906.528	  7
     906.582	  7
     907.072	  7
     907.206	  7
     907.284	  7
     907.840	  7
     907.986	  7
     908.156	  7
     908.318	  7
     908.714	  7
     908.864	  7
     909.030	  7
     909.170	  7
     909.328	  7
     909.488	  7
     909.648	  7
     909.818	  7
     909.976	  7
     910.148	  7
     910.300	  7
     910.464	  7
     913.618	  7
     913.724	  7
     913.858	  7
     914.060	  7
     914.124	  7
     915.746	  7
     915.902	  7
     916.218	  7
     916.372	  7
     916.526	  7
     916.688	  7
     916.820	  7
     917.142	  7
     917.296	  7
     917.464	  7
     918.052	  7
     919.130	  7
     919.240	  7
     919.282	 53
     919.774	  7
     919.946	  7
     920.230	  7
     920.342	  7
     921.022	  7
     921.142	  7
     921.224	  7
     921.396	  7
     922.800	  7
     922.942	  7
     923.062	  7
     923.184	  7
     923.338	  7
     926.684	  7
     926.816	  7
     926.976	  7
     927.124	  7
     927.300	  7
     927.960	  7
     928.086	  7
     928.240	  7
     928.390	  7
     928.464	  7
     929.188	  7
     929.322	  7
     929.466	  7
     929.618	  7
     929.764	  7
     929.914	  7
     930.082	  7
     930.242	  7
     930.396	  7
     930.532	  7
     930.690	  7
     930.836	  7
     930.988	  7
     931.160	  7
     931.332	  7
     931.500	  7
     931.668	  7
     931.838	  7
     932.002	  7
     932.172	  7
     932.590	  7
     932.744	  7
     932.910	  7
     933.192	  7
     933.666	  7
     933.952	  7
     934.078	  7
     934.158	  7
     935.274	  7
     935.404	  7
     935.834	  7
     936.090	  7
     936.266	  7
     937.960	  7
     938.304	  7
     938.396	  7
     939.682	  7
     940.528	  7
     941.212	  7
     941.588	  7
     941.818	  7
     941.988	  7
     942.180	  7
     942.384	  7
     942.568	  7
     942.894	  7
     943.072	  7
     943.506	  7
     943.690	  7
     945.648	  7
     945.942	  7
     946.070	  7
     946.514	  7
     947.478	  7
     947.618	  7
     947.934	  7
     948.062	  7
     948.146	  7
     948.454	  7
     948.794	  7
     949.650	  7
     950.244	  7
     951.924	  7
     952.084	  7
     952.244	  7
     952.408	  7
     952.784	  7
     954.834	  8
     954.834	 20
     954.834	 27
     954.844	 28
     954.844	 19
     954.944	 29
     955.094	  8
     955.116	  9
     974.964	 52
     974.974	 10
    1077.088	  8
    1077.180	  8
    1077.420	  8
    1077.840	  8
    1078.084	  8
    1078.688	  8
    1079.234	  8
    1079.684	  8
    1080.114	  8
    1080.572	  8
    1081.238	  8
    1081.448	  8
    1081.772	  8
    1082.690	  8
    1083.210	  8
    1083.646	  8
    1085.626	  8
    1086.016	  8
    1086.106	  8
    1086.588	  8
    1086.918	  8
    1087.460	  8
    1088.142	  8
    1088.518	  8
    1088.914	  8
    1089.270	  8
    1089.972	  8
    1090.498	  8
    1091.030	  8
    1091.846	  8
    1093.184	  8
    1093.398	  8
    1093.526	  8
    1093.698	  8
    1093.814	  8
    1093.996	  8
    1094.376	  8
    1094.974	 53
    1095.068	  8
    1095.068	 20
    1095.068	 27
    1095.078	 28
    1095.078	 19
    1095.178	 29
    1095.312	  8
    1095.350	  9
    1115.198	 50
    1115.208	 18
    1145.208	 53
    1145.218	 20
    1145.218	 27
    1165.238	 52
    1165.248	 10
    1198.026	  8
    1200.206	  8
    1200.580	  8
    1200.838	  8
    1201.348	  8
    1201.928	  8
    1202.510	  8
    1202.972	  8
    1203.750	  8
    1204.382	  8
    1205.154	  8
    1205.518	  8
    1207.346	  8
    1207.592	  8
    1207.932	  8
    1208.448	  8
    1209.256	  8
    1209.972	  8
    1211.746	  8
    1211.948	  8
    1212.144	  8
    1212.646	  8
    1213.390	  8
    1213.802	  8
    1214.410	  8
    1215.940	  8
    1216.408	  8
    1216.858	  8
    1217.184	  8
    1217.376	  8
    1217.992	  8
    1221.786	  8
    1222.016	  8
    1222.520	  8
    1224.010	  8
    1224.220	  8
    1226.376	  8
    1226.704	  8
    1227.030	  8
    1227.604	  8
    1228.480	  8
    1228.910	  8
    1229.198	  8
    1230.168	  8
    1231.412	  8
    1233.036	  8
    1233.704	  8
    1233.948	  8
    1234.198	  8
    1234.560	  8
    1234.756	  8
    1235.514	  8
    1235.806	  8
    1236.296	  8
    1236.770	  8
    1237.034	  8
    1237.366	  8
    1238.182	  8
    1238.670	  8
    1239.814	  8
    1240.370	  8
    1241.192	  8
    1241.394	  8
    1241.598	  8
    1241.816	  8
    1242.282	  8
    1242.734	  8
    1242.948	  8
    1243.064	  8
    1243.330	  8
    1243.930	  8
    1245.008	  8
    1245.578	  8
    1245.924	  8
    1246.614	  8
    1247.378	  8
    1247.814	  8
    1249.666	  8
    1249.810	  8
    1249.908	  8
    1250.014	  8
    1250.126	  8
    1250.560	  8
    1250.884	  8
    1251.356	  8
    1251.894	  8
    1252.276	  8
    1252.684	  8
    1254.898	  8
    1255.616	  8
    1255.688	  8
    1256.216	  8
    1256.684	  8
    1256.914	  8
    1257.186	  8
    1257.630	  8
    1258.006	  8
    1258.160	  8
    1258.510	  8
    1259.008	  8
    1260.148	  8
    1261.076	  8
    1261.356	  8
    1262.264	  8
    1263.378	  8
    1264.980	  8
    1265.804	  8
    1265.888	  8
    1266.742	  8
    1267.040	  8
    1267.308	  8
    1267.826	  8
    1268.262	  8
    1268.744	  8
    1269.096	  8
    1269.498	  8
    1269.724	  8
    1269.884	  8
    1269.968	  8
    1270.738	  8
    1271.054	  8
    1271.648	  8
    1271.842	  8
    1271.872	  8
    1272.292	  8
    1272.400	  8
    1272.648	  8
    1273.030	  8
    1273.294	  8
    1273.762	  8
    1274.118	  8
    1274.614	  8
    1275.394	  8
    1276.814	  8
    1277.012	  8
    1277.214	  8
    1277.466	  8
    1277.558	  8
    1277.796	  8
    1278.032	  8
    1278.396	  8
    1278.780	  8
    1279.120	  8
    1279.562	  8
    1280.022	  8
    1280.456	  8
    1280.618	  8
    1281.342	  8
    1282.748	  8
    1282.972	  8
    1283.484	  8
    1283.982	  8
    1284.376	  8
    1284.734	  8
    1285.142	  8
    1285.248	 53
    1285.390	  8
    1285.390	 20
    1285.390	 27
    1285.400	 28
    1285.400	 19
    1285.500	 29
    1285.586	  8
    1285.672	  9
    1305.520	 50
    1305.530	 18
    1317.510	  7
    1317.620	  7
    1317.720	  7
    1317.880	  7
    1318.018	  7
    1318.534	  7
    1318.658	  7
    1318.818	  7
    1318.984	  7
    1319.146	  7
    1319.304	  7
    1319.474	  7
    1319.640	  7
    1319.802	  7
    1319.972	  7
    1320.152	  7
    1320.310	  7
    1320.528	  7
    1320.684	  7
    1320.790	  7
    1320.938	  7
    1321.096	  7
    1321.258	  7
    1321.418	  7
    1321.598	  7
    1321.766	  7
    1321.954	  7
    1322.126	  7
    1322.298	  7
    1322.456	  7
    1322.628	  7
    1322.768	  7
    1322.926	  7
    1323.090	  7
    1323.262	  7
    1323.446	  7
    1323.610	  7
    1323.786	  7
    1323.954	  7
    1324.104	  7
    1324.274	  7
    1324.454	  7
    1324.620	  7
    1324.796	  7
    1324.952	  7
    1325.118	  7
    1325.282	  7
    1325.440	  7
    1325.602	  7
    1325.762	  7
    1325.974	  7
    1326.134	  7
    1326.290	  7
    1326.440	  7
    1326.612	  7
    1326.798	  7
    1326.956	  7
    1327.138	  7
    1327.304	  7
    1327.534	  7
    1327.724	  7
    1327.888	  7
    1328.050	  7
    1328.220	  7
    1328.384	  7
    1328.558	  7
    1328.730	  7
    1328.904	  7
    1329.128	  7
    1329.304	  7
    1329.486	  7
    1329.666	  7
    1329.824	  7
    1329.974	  7
    1330.154	  7
    1330.334	  7
    1330.504	  7
    1330.674	  7
    1330.836	  7
    1331.026	  7
    1331.194	  7
    1331.344	  7
    1332.092	  7
    1334.174	  7
    1335.040	  7
    1335.530	 53
    1335.540	 20
    1335.540	 27
    1335.786	  7
    1336.110	  7
    1336.420	  7
    1336.646	  7
    1336.916	  7
    1337.192	  7
    1337.406	  7
    1337.598	  7
    1338.770	  7
    1338.814	  7
    1340.300	  7
    1340.628	  7
    1340.912	  7
    1341.080	  7
    1341.230	  7
    1341.396	  7
    1342.436	  7
    1342.586	  7
    1343.186	  7
    1343.536	  7
    1343.752	  7
    1343.942	  7
    1344.182	  7
    1344.416	  7
    1344.460	  7
    1346.084	  7
    1346.234	  7
    1346.396	  7
    1346.558	  7
    1346.762	  7
    1347.004	  7
    1350.424	  7
    1350.614	  7
    1350.810	  7
    1351.120	  7
    1351.334	  7
    1351.642	  7
    1351.670	  7
    1352.624	  7
    1354.622	  7
    1354.852	  7
    1355.164	  7
    1355.560	 52
    1355.570	 10
    1355.572	  7
    1355.742	  7
    1356.582	  7
    1356.730	  7
    1356.868	  7
    1357.340	  7
    1358.834	  7
    1359.026	  7
    1359.178	  7
    1359.380	  7
    1359.564	  7
    1359.746	  7
    1360.308	  7
    1360.438	  7
    1361.336	  7
    1361.416	  7
    1363.496	  7
    1363.644	  7
    1363.934	  7
    1364.002	  7
    1364.086	  7
    1364.700	  7
    1365.566	  7
    1365.686	  7
    1366.304	  7
    1366.396	  7
    1366.540	  7
    1367.866	  7
    1368.026	  7
    1368.182	  7
    1368.340	  7
    1368.514	  7
    1368.706	  7
    1368.890	  7
    1369.128	  7
    1369.292	  7
    1369.476	  7
    1369.626	  7
    1369.798	  7
    1369.968	  7
    1370.154	  7
    1370.324	  7
    1370.486	  7
    1370.774	  7
    1371.018	  7
    1371.302	  7
    1371.628	  7
    1371.932	  7
    1372.128	  7
    1373.274	  7
    1373.412	  7
    1373.576	  7
    1373.734	  7
    1373.892	  7
    1374.070	  7
    1374.226	  7
    1380.914	  7
    1381.074	  7
    1381.206	  7
    1381.362	  7
    1381.926	  7
    1382.074	  7
    1387.728	  8
    1388.470	  8
    1389.060	  8
    1389.856	  8
    1390.864	  8
    1391.896	  8
    1393.510	  8
    1394.090	  8
    1394.926	  8
    1395.278	  8
    1395.716	  8
    1422.666	  8
    1423.046	  8
    1423.800	  8
    1424.262	  8
    1424.666	  8
    1425.272	  8
    1425.734	  8
    1426.446	  8
    1427.808	  8
    1428.340	  8
    1428.948	  8
    1429.866	  8
    1430.064	  8
    1430.606	  8
    1431.152	  8
    1431.584	  8
    1432.170	  8
    1434.702	  8
    1435.176	  8
    1435.508	  8
    1436.318	  8
    1436.838	  8
    1437.164	  8
    1437.610	  8
    1438.082	  8
    1438.390	  8
    1438.670	  8
    1438.730	  8
    1438.788	  8
    1439.132	  8
    1439.612	  8
    1440.226	  8
    1440.844	  8
    1441.436	  8
    1442.454	  8
    1443.392	  8
    1443.908	  8
    1444.360	  8
    1444.772	  8
    1444.970	  8
    1445.630	  8
    1447.080	  8
    1447.380	  8
    1447.538	  8
    1447.826	  8
    1448.214	  8
    1448.750	  8
    1449.402	  8
    1449.806	  8
    1450.252	  8
    1450.912	  8
    1452.338	  8
    1452.756	  8
    1453.032	  8
    1453.248	  8
    1453.612	  8
    1453.900	  8
    1454.238	  8
    1454.476	  8
    1454.554	  8
    1454.730	  8
    1454.936	  8
    1455.228	  8
    1455.396	  8
    1455.670	  8
    1457.356	  8
    1457.624	  8
    1458.278	  8
    1458.934	  8
    1459.524	  8
    1459.800	  8
    1460.280	  8
    1460.596	  8
    1461.278	  8
    1461.532	  8
    1461.824	  8
    1462.456	  8
    1462.690	  8
    1463.288	  8
    1464.312	  8
    1464.562	  8
    1464.972	  8
    1465.518	  8
    1466.162	  8
    1466.588	  8
    1466.876	  8
    1467.256	  8
    1467.692	  8
    1468.560	  8
    1468.830	  8
    1470.298	  8
    1470.386	  8
    1470.682	  8
    1471.178	  8
    1471.662	  8
    1471.850	  8
    1472.378	  8
    1472.808	  8
    1473.428	  8
    1474.014	  8
    1474.508	  8
    1475.050	  8
    1475.570	 53
    1475.682	  8
    1475.682	 20
    1475.682	 27
    1475.692	 28
    1475.692	 19
    1475.778	  8
    1475.792	 29
    1475.846	  8
    1475.964	  9
    1495.812	 52
    1495.822	 10
    1575.364	  8
    1576.204	  8
    1577.226	  8
    1580.492	  8
    1580.900	  8
    1581.260	  8
    1581.766	  8
    1582.322	  8
    1583.268	  8
    1583.668	  8
    1584.154	  8
    1584.918	  8
    1585.812	  8
    1586.832	  8
    1587.424	  8
    1588.574	  8
    1588.674	  8
    1590.038	  8
    1590.162	  8
    1590.788	  8
    1591.274	  8
    1592.218	  8
    1592.844	  8
    1593.406	  8
    1595.398	  8
    1595.650	  8
    1596.096	  8
    1597.210	  8
    1597.566	  8
    1597.972	  8
    1598.528	  8
    1598.984	  8
    1599.136	  8
    1599.184	  8
    1600.588	  8
    1601.542	  8
    1601.932	  8
    1602.396	  8
    1602.560	  8
    1602.896	  8
    1603.408	  8
    1603.934	  8
    1604.470	  8
    1604.936	  8
    1605.328	  8
    1606.452	  8
    1606.878	  8
    1607.242	  8
    1608.128	  8
    1608.292	  8
    1608.854	  8
    1609.340	  8
    1610.080	  8
    1610.752	  8
    1611.110	  8
    1611.780	  8
    1612.244	  8
    1612.704	  8
    1612.910	  8
    1613.336	  8
    1613.700	  8
    1613.828	  8
    1614.016	  8
    1614.074	  8
    1614.482	  8
    1615.098	  8
    1615.740	  8
    1615.822	 53
    1616.126	  8
    1616.126	 20
    1616.126	 27
    1616.136	 28
    1616.136	 19
    1616.236	 29
    1616.400	  8
    1616.408	  9
    1636.256	 51
    1636.266	 17
    1683.324	  8
    1685.220	  8
    1686.352	  8
    1687.500	  8
    1688.218	  8
    1688.730	  8
    1689.476	  8
    1690.242	  8
    1690.582	  8
    1691.592	  8
    1692.340	  8
    1693.136	  8
    1693.466	  8
    1693.772	  8
    1694.082	  8
    1694.456	  8
    1694.770	  8
    1695.422	  8
    1695.884	  8
    1696.266	 53
    1696.662	  8
    1696.662	 20
    1696.662	 27
    1696.672	 28
    1696.672	 19
    1696.772	 29
    1696.936	  9
    1696.950	  8
    1716.792	 52
    1716.802	 10
    1757.814	  8
    1757.914	  8
    1784.708	  8
    1785.348	  8
    1786.252	  8
    1788.236	  8
    1836.802	 53
    1894.116	  8
    1894.116	 20
    1894.116	 27
    1894.126	 28
    1894.126	 19
    1894.226	 29
    1894.398	  8
    1914.246	 51
    1914.256	 17
    1946.596	  8
    1947.686	  8
    1948.238	  8
    1949.062	  8
    1949.910	  8
    1950.374	  8
    1950.952	  8
    1951.606	  8
    1951.782	  8
    1952.382	  8
    1952.812	  8
    1953.404	  8
    1953.704	  8
    1954.246	  8
    1954.942	  8
    1955.380	  8
    1955.942	  8
    1956.478	  8
    1956.922	  8
    1957.078	  8
    1957.232	  8
    1958.718	  8
    1959.438	  8
    1959.816	  8
    1960.062	  8
    1960.988	  8
    1961.552	  8
    1961.992	  8
    1962.550	  8
    1963.282	  8
    1963.524	  8
    1963.700	  8
    1964.004	  8
    1964.064	  8
    1964.736	  8
    1965.242	  8
    1965.722	  8
    1966.334	  8
    1967.422	  8
    1968.004	  8
    1968.832	  8
    1968.972	  8
    1969.242	  8
    1969.820	  8
    1970.296	  8
    1970.696	  8
    1971.296	  8
    1972.046	  8
    1972.796	  8
    1973.440	  8
    1974.134	  8
    1974.256	 53
    1974.892	  8
    1974.892	 20
    1974.892	 27
    1974.902	 28
    1974.902	 19
    1975.002	 29
    1975.144	  8
    1975.174	  9
    1995.022	 52
    1995.032	 10
    2049.572	  8
    2050.244	  8
    2050.788	  8
    2050.832	  8
    2051.270	  8
    2051.638	  8
    2052.140	  8
    2052.684	  8
    2053.134	  8
    2053.862	  8
    2054.446	  8
    2054.822	  8
    2055.320	  8
    2055.546	  8
    2056.874	  8
    2056.952	  8
    2057.272	  8
    2057.558	  8
    2057.776	  8
    2058.416	  8
    2058.828	  8
    2059.398	  8
    2059.866	  8
    2060.024	  8
    2060.416	  8
    2060.662	  8
    2060.724	  8
    2060.966	  8
    2061.426	  8
    2061.958	  8
    2062.780	  8
    2063.836	  8
    2064.394	  8
    2066.430	  8
    2066.854	  8
    2067.410	  8
    2067.454	  8
    2067.840	  8
    2068.402	  8
    2068.764	  8
    2069.338	  8
    2069.722	  8
    2070.126	  8
    2070.510	  8
    2071.412	  8
    2071.572	  8
    2072.268	  8
    2072.628	  8
    2074.358	  8
    2074.614	  8
    2074.790	  8
    2075.132	  8
    2075.250	  8
    2075.634	  8
    2076.382	  8
    2076.750	  8
    2077.182	  8
    2077.658	  8
    2078.086	  8
    2078.432	  8
    2078.710	  8
    2078.930	  8
    2079.434	  8
    2079.546	  8
    2079.888	  8
    2080.128	  8
    2080.512	  8
    2081.188	  8
    2081.534	  8
    2082.116	  8
    2082.910	  8
    2083.144	  8
    2083.466	  8
    2083.590	  8
    2084.034	  8
    2084.582	  8
    2085.012	  8
    2085.488	  8
    2085.802	  8
    2086.450	  8
    2086.752	  8
    2087.288	  8
    2087.884	  8
    2088.578	  8
    2088.992	  8
    2090.142	  8
    2090.436	  8
    2090.900	  8
    2091.424	  8
    2091.676	  8
    2092.078	  8
    2092.402	  8
    2092.764	  8
    2093.222	  8
    2093.660	  8
    2094.048	  8
    2094.478	  8
    2094.782	  8
    2095.470	  8
    2096.950	  8
    2097.138	  8
    2097.574	  8
    2098.034	  8
    2098.978	  8
    2099.538	  8
    2100.182	  8
    2100.634	  8
    2101.420	  8
    2103.150	  8
    2103.380	  8
    2103.616	  8
    2103.866	  8
    2104.032	  8
    2104.342	  8
    2104.572	  8
    2104.784	  8
    2105.064	  8
    2105.506	  8
    2106.008	  8
    2106.498	  8
    2108.322	  8
    2108.818	  8
    2109.130	  8
    2109.358	  8
    2109.868	  8
    2110.286	  8
    2110.342	  8
    2110.552	  8
    2110.758	  8
    2111.110	  8
    2111.804	  8
    2112.580	  8
    2112.940	  8
    2113.334	  8
    2113.638	  8
    2114.072	  8
    2115.032	 53
    2118.682	  8
    2118.682	 20
    2118.682	 27
    2118.692	 28
    2118.692	 19
    2118.792	 29
    2118.922	  8
    2118.964	  9
    2138.812	 50
    2138.822	 18
    2168.822	 53
    2168.832	 20
    2168.832	 27
    2184.666	  7
    2184.928	  7
    2185.322	  7
    2185.822	  7
    2185.996	  7
    2186.168	  7
    2187.016	  7
    2188.082	  7
    2188.172	  7
    2188.852	 51
    2188.862	 17
    2189.144	  7
    2189.976	  7
    2190.454	  7
    2190.606	  7
    2191.228	  7
    2192.534	  7
    2192.694	  7
    2194.520	  7
    2194.786	  7
    2196.374	  7
    2196.434	  7
    2196.912	  7
    2197.198	  7
    2197.330	  7
    2197.478	  7
    2197.636	  7
    2197.786	  7
    2197.944	  7
    2198.104	  7
    2198.248	  7
    2198.420	  7
    2198.586	  7
    2198.730	  7
    2198.890	  7
    2199.014	  7
    2199.172	  7
    2199.586	  7
    2199.808	  7
    2200.030	  7
    2200.394	  7
    2202.966	  7
    2203.104	  7
    2203.256	  7
    2203.422	  7
    2203.580	  7
    2203.746	  7
    2203.896	  7
    2204.052	  7
    2204.200	  7
    2204.372	  7
    2204.528	  7
    2205.900	  7
    2207.894	  7
    2208.034	  7
    2208.192	  7
    2208.352	  7
    2208.658	  7
    2210.448	  7
    2210.554	  7
    2210.694	  7
    2210.846	  7
    2211.006	  7
    2211.154	  7
    2213.358	  7
    2213.670	  7
    2213.958	  7
    2214.334	  7
    2214.676	  7
    2214.780	  7
    2215.454	  7
    2215.616	  7
    2215.772	  7
    2215.932	  7
    2216.094	  7
    2220.478	  7
    2220.612	  7
    2220.776	  7
    2220.932	  7
    2221.200	  7
    2221.332	  7
    2221.814	  7
    2221.962	  7
    2224.692	  7
    2224.834	  7
    2224.990	  7
    2225.142	  7
    2225.300	  7
    2225.462	  7
    2227.588	  7
    2227.738	  7
    2227.898	  7
    2228.256	  7
    2228.412	  7
    2229.180	  7
    2229.492	  7
    2229.828	  7
    2232.200	  7
    2232.368	  7
    2232.534	  7
    2232.694	  7
    2232.858	  7
    2233.026	  7
    2233.194	  7
    2233.592	  7
    2233.738	  7
    2233.906	  7
    2234.086	  7
    2234.266	  7
    2234.446	  7
    2234.648	  7
    2234.826	  7
    2234.994	  7
    2235.174	  7
    2235.548	  7
    2235.840	  7
    2236.138	  7
    2238.062	  7
    2238.344	  7
    2240.078	  7
    2240.224	  7
    2240.388	  7
    2240.538	  7
    2240.692	  7
    2240.864	  7
    2241.106	  7
    2241.738	  7
    2243.304	  7
    2243.456	  7
    2243.628	  7
    2243.794	  7
    2243.958	  7
    2244.126	  7
    2244.284	  7
    2244.604	  7
    2244.746	  7
    2244.906	  7
    2245.454	  7
    2245.618	  7
    2245.782	  7
    2245.940	  7
    2248.584	  8
    2248.862	 53
    2250.188	  8
    2250.188	 20
    2250.188	 27
    2250.198	 28
    2250.198	 19
    2250.298	 29
    2250.470	  9
    2250.484	  8
    2270.318	 50
    2270.328	 18
    2300.328	 53
    2300.338	 20
    2300.338	 27
    2320.358	 50
    2320.368	 18
    2326.316	  8
    2350.368	 53
    2350.378	 20
    2350.378	 27
    2370.398	 50
    2370.408	 18
    2400.408	 53
    2400.418	 20
    2400.418	 27
    2420.438	 50
    2420.448	 18
    2450.448	 53
    2450.458	 20
    2450.458	 27
    2470.478	 50
    2470.488	 18
    2500.488	 53
    2500.498	 20
    2500.498	 27
    2520.518	 50
    2520.528	 18
    2546.186	  8
    2546.350	  8
    2546.816	  8
    2546.932	  8
    2547.406	  8
    2547.840	  8
    2547.912	  8
    2548.272	  8
    2549.098	  8
    2549.572	  8
    2550.126	  8
    2550.528	 53
    2550.538	 20
    2550.538	 27
    2552.308	  8
    2553.042	  8
    2558.192	  8
    2558.772	  8
    2559.090	  8
    2559.286	  8
    2559.872	  8
    2560.420	  8
    2560.826	  8
    2561.300	  8
    2561.630	  8
    2562.130	  8
    2564.024	  8
    2564.846	  8
    2565.766	  8
    2568.094	  8
    2568.282	  8
    2568.722	  8
    2569.118	  8
    2569.696	  8
    2569.916	  8
    2570.558	 51
    2570.568	 17
    2575.386	  8
    2576.038	  8
    2577.270	  8
    2577.548	  8
    2580.264	  8
    2582.076	  8
    2582.308	  8
    2582.746	  8
    2585.886	  8
    2586.776	  8
    2587.172	  8
    2587.716	  8
    2588.158	  8
    2588.642	  8
    2589.146	  8
    2589.734	  8
    2590.344	  8
    2590.852	  8
    2591.246	  8
    2591.350	  8
    2591.424	  8
    2591.832	  8
    2592.012	  8
    2592.416	  8
    2592.598	  8
    2593.002	  8
    2593.602	  8
    2594.202	  8
    2594.310	  8
    2594.740	  8
    2595.388	  8
    2595.670	  8
    2595.816	  8
    2596.366	  8
    2596.956	  8
    2597.042	  8
    2597.310	  8
    2597.886	  8
    2598.154	  8
    2598.382	  8
    2600.566	  8
    2600.696	  8
    2600.956	  8
    2601.000	  8
    2601.220	  8
    2601.286	  8
    2601.560	  8
    2601.958	  8
    2602.534	  8
    2603.326	  8
    2603.728	  8
    2604.066	  8
    2604.618	  8
    2605.070	  8
    2605.320	  8
    2605.350	  8
    2606.118	  8
    2606.230	  8
    2606.730	  8
    2606.916	  8
    2608.414	  8
    2608.710	  8
    2608.966	  8
    2609.212	  8
    2609.544	  8
    2609.764	  8
    2610.088	  8
    2610.540	  8
    2610.980	  8
    2611.472	  8
    2611.852	  8
    2612.226	  8
    2612.584	  8
    2613.034	  8
    2613.432	  8
    2613.612	  8
    2614.032	  8
    2614.600	  8
    2615.568	  8
    2615.710	  8
    2615.752	  8
    2616.152	  8
    2616.618	  8
    2617.132	  8
    2617.562	  8
    2617.718	  8
    2618.182	  8
    2618.778	  8
    2618.864	  8
    2619.000	  8
    2619.218	  8
    2619.430	  8
    2619.528	  8
    2619.738	  8
    2619.908	  8
    2620.268	  8
    2620.544	  8
    2621.168	  8
    2621.694	  8
    2622.220	  8
    2622.660	  8
    2623.044	  8
    2623.216	  8
    2623.580	  8
    2623.904	  8
    2624.130	  8
    2624.606	  8
    2624.952	  8
    2625.046	  8
    2625.366	  8
    2625.666	  8
    2626.066	  8
    2626.268	  8
    2626.662	  8
    2627.266	  8
    2627.566	  8
    2628.140	  8
    2628.616	  8
    2629.184	  8
    2629.712	  8
    2630.018	  8
    2630.568	 53
    2630.980	  8
    2630.980	 20
    2630.980	 27
    2630.990	 28
    2630.990	 19
    2631.090	 29
    2631.248	  8
    2631.262	  9
    2651.110	 52
    2651.120	 10
    2703.112	  8
    2703.410	  8
    2703.988	  8
    2704.448	  8
    2704.924	  8
    2705.418	  8
    2705.874	  8
    2706.418	  8
    2706.918	  8
    2707.380	  8
    2707.870	  8
    2708.324	  8
    2708.878	  8
    2709.726	  8
    2710.182	  8
    2711.644	  8
    2712.134	  8
    2713.724	  8
    2714.096	  8
    2714.610	  8
    2715.226	  8
    2715.836	  8
    2716.500	  8
    2717.228	  8
    2718.798	  8
    2719.128	  8
    2719.268	  8
    2719.386	  8
    2719.894	  8
    2720.300	  8
    2720.636	  8
    2721.142	  8
    2721.638	  8
    2722.002	  8
    2722.242	  8
    2723.256	  8
    2723.566	  8
    2724.196	  8
    2724.488	  8
    2724.714	  8
    2725.038	  8
    2725.418	  8
    2725.896	  8
    2726.442	  8
    2726.862	  8
    2729.902	  8
    2730.360	  8
    2730.858	  8
    2731.354	  8
    2731.748	  8
    2732.132	  8
    2732.636	  8
    2733.112	  8
    2733.474	  8
    2733.806	  8
    2734.336	  8
    2734.752	  8
    2735.360	  8
    2735.832	  8
    2736.208	  8
    2736.700	  8
    2737.234	  8
    2739.216	  8
    2739.684	  8
    2740.066	  8
    2740.400	  8
    2740.572	  8
    2740.884	  8
    2741.246	  8
    2741.768	  8
    2742.210	  8
    2742.568	  8
    2743.442	  8
    2743.834	  8
    2744.028	  8
    2744.218	  8
    2744.360	  8
    2744.412	  8
    2744.804	  8
    2745.198	  8
    2745.478	  8
    2746.008	  8
    2746.752	  8
    2747.142	  8
    2747.728	  8
    2748.092	  8
    2750.040	  8
    2750.316	  8
    2750.534	  8
    2750.964	  8
    2751.282	  8
    2751.714	  8
    2752.562	  8
    2752.900	  8
    2754.024	  8
    2754.666	  8
    2755.002	  8
    2755.574	  8
    2755.776	  8
    2756.182	  8
    2756.422	  8
    2756.604	  8
    2757.154	  8
    2757.302	  8
    2757.926	  8
    2758.180	  8
    2758.634	  8
    2759.004	  8
    2759.854	  8
    2760.254	  8
    2760.858	  8
    2761.576	  8
    2763.372	  8
    2763.640	  8
    2764.136	  8
    2764.568	  8
    2765.054	  8
    2765.596	  8
    2766.192	  8
    2766.690	  8
    2767.182	  8
    2767.224	  8
    2768.438	  8
    2768.802	  8
    2769.260	  8
    2769.798	  8
    2770.100	  8
    2770.708	  8
    2771.120	 53
    2771.176	  8
    2771.176	 20
    2771.176	 27
    2771.186	 28
    2771.186	 19
    2771.286	 29
    2771.458	  9
    2771.474	  8
    2791.306	 51
    2791.316	 17
    2831.602	  8
    2832.798	  8
    2833.568	  8
    2834.324	  8
    2836.970	  8
    2838.592	  8
    2838.998	  8
    2839.456	  8
    2839.656	  8
    2839.970	  8
    2840.586	  8
    2841.000	  8
    2841.396	  8
    2841.948	  8
    2842.634	  8
    2843.126	  8
    2843.596	  8
    2844.386	  8
    2844.666	  8
    2845.040	  8
    2845.498	  8
    2845.788	  8
    2845.856	  8
    2846.438	  8
    2846.708	  8
    2847.612	  8
    2847.914	  8
    2849.682	  8
    2849.860	  8
    2850.114	  8
    2850.454	  8
    2850.696	  8
    2851.086	  8
    2851.316	 53
    2851.590	  8
    2851.590	 20
    2851.590	 27
    2851.600	 28
    2851.600	 19
    2851.700	 29
    2851.872	  8
    2871.720	 52
    2871.730	 10
    2991.730	 53
    3001.770	  8
    3001.770	 20
    3001.770	 27
    3001.780	 28
    3001.780	 19
    3001.880	 29
    3001.960	  8
    3002.052	  9
    3021.900	 52
    3021.910	 10
    3098.090	  8
    3098.348	  8
    3098.682	  8
    3099.412	  8
    3100.056	  8
    3100.168	  8
    3100.958	  8
    3101.472	  8
    3102.034	  8
    3102.972	  8
    3103.522	  8
    3103.618	  8
    3105.900	  8
    3106.636	  8
    3107.444	  8
    3107.920	  8
    3108.574	  8
    3109.064	  8
    3109.514	  8
    3110.054	  8
    3110.516	  8
    3111.012	  8
    3111.554	  8
    3141.910	 53
    3143.634	  8
    3143.634	 20
    3143.634	 27
    3143.644	 28
    3143.644	 19
    3143.744	 29
    3143.832	  8
    3143.916	  9
    3163.764	 51
    3163.774	 17
    3212.702	  8
    3213.126	  8
    3213.312	  8
    3214.524	  8
    3216.158	  8
    3217.132	  8
    3217.700	  8
    3219.668	  8
    3220.144	  8
    3221.492	  8
    3221.816	  8
    3222.252	  8
    3222.920	  8
    3223.270	  8
    3223.774	 53
    3223.878	  8
    3223.878	 20
    3223.878	 27
    3223.888	 28
    3223.888	 19
    3223.988	 29
    3224.160	  9
    3224.164	  8
    3244.008	 51
    3244.018	 17
    3273.468	  8
    3273.630	  8
    3274.068	  8
    3275.128	  8
    3275.814	  8
    3276.528	  8
    3277.268	  8
    3277.788	  8
    3278.908	  8
    3279.960	  8
    3280.816	  8
    3281.412	  8
    3281.898	  8
    3282.358	  8
    3282.818	  8
    3283.318	  8
    3283.666	  8
    3284.292	  8
    3285.444	  8
    3285.664	  8
    3286.162	  8
    3287.504	  8
    3287.960	  8
    3288.414	  8
    3288.640	  8
    3289.246	  8
    3290.320	  8
    3290.792	  8
    3291.016	  8
    3291.642	  8
    3292.658	  8
    3293.266	  8
    3293.976	  8
    3294.464	  8
    3295.338	  8
    3296.066	  8
    3297.006	  8
    3297.514	  8
    3298.366	  8
    3299.006	  8
    3299.614	  8
    3300.858	  8
    3301.228	  8
    3301.708	  8
    3302.122	  8
    3302.626	  8
    3302.844	  8
    3303.470	  8
    3304.018	 53
    3304.088	  8
    3304.088	 20
    3304.088	 27
    3304.098	 28
    3304.098	 19
    3304.198	 29
    3304.370	  9
    3304.374	  8
    3324.218	 52
    3324.228	 10
    3371.732	  8
    3376.756	  8
    3377.076	  8
    3377.232	  8
    3377.774	  8
    3378.758	  8
    3379.932	  8
    3380.518	  8
    3381.214	  8
    3387.330	  8
    3387.622	  8
    3388.060	  8
    3388.274	  8
    3388.656	  8
    3389.072	  8
    3389.228	  8
    3389.858	  8
    3395.002	  8
    3395.466	  8
    3396.876	  8
    3397.492	  8
    3397.806	  8
    3444.228	 53
    3468.524	  8
    3468.524	 20
    3468.524	 27
    3468.534	 28
    3468.534	 19
    3468.634	 29
    3468.758	  8
    3468.798	  9
    3488.654	 51
    3488.664	 17
    3548.664	 53
    3556.630	  8
    3556.630	 20
    3556.630	 27
    3556.640	 28
    3556.640	 19
    3556.740	 29
    3556.854	  8
    3556.912	  9
    3576.760	 51
    3576.770	 17
    3636.770	 53
    3649.850	  8
    3649.850	 20
    3649.850	 27
    3649.860	 28
    3649.860	 19
    3649.960	 29
    3650.052	  8
    3650.132	  9
    3669.980	 52
    3669.990	 10
    3675.554	  8
    3789.990	 53
    3813.770	  8
    3813.770	 20
    3813.770	 27
    3813.780	 28
    3813.780	 19
    3813.880	 29
    3813.936	  8
    3814.052	  9
    3833.900	 50
    3833.910	 18
    3863.910	 53
    3863.920	 20
    3863.920	 27
    3883.940	 52
    3883.950	 10
    3978.620	  8
    3978.754	  8
    3979.168	  8
    3979.772	  8
    3980.256	  8
    3980.450	  8
    3980.746	  8
    3981.242	  8
    3981.596	  8
    3981.670	  8
    3982.068	  8
    3982.614	  8
    3983.130	  8
    3983.726	  8
    3984.168	  8
    3985.404	  8
    3985.782	  8
    3986.174	  8
    3986.902	  8
    3987.152	  8
    3987.338	  8
    3987.766	  8
    3988.220	  8
    3989.490	  8
    3989.950	  8
    3990.416	  8
    3991.026	  8
    3991.606	  8
    3991.888	  8
    3992.756	  8
    3993.258	  8
    3993.870	  8
    3994.398	  8
    3994.830	  8
    3995.122	  8
    3995.938	  8
    3997.214	  8
    3997.542	  8
    3998.008	  8
    3998.046	  8
    3998.444	  8
    4001.092	  8
    4001.318	  8
    4001.636	  8
    4002.024	  8
    4002.304	  8
    4002.700	  8
    4003.086	  8
    4003.388	  8
    4003.786	  8
    4003.950	 53
    4004.276	  8
    4004.276	 20
    4004.276	 27
    4004.286	 28
    4004.286	 19
    4004.386	 29
    4004.558	  9
    4004.576	  8
    4024.406	 52
    4024.416	 10
    4120.892	  8
    4121.064	  8
    4121.728	  8
    4122.490	  8
    4122.870	  8
    4123.612	  8
    4124.098	  8
    4124.600	  8
    4125.064	  8
    4125.450	  8
    4125.926	  8
    4126.292	  8
    4126.466	  8
    4126.564	  8
    4127.088	  8
    4127.406	  8
    4128.316	  8
    4129.470	  8
    4130.184	  8
    4131.840	  8
    4132.122	  8
    4132.206	  8
    4132.354	  8
    4132.846	  8
    4133.248	  8
    4133.774	  8
    4134.476	  8
    4135.104	  8
    4135.198	  8
    4135.580	  8
    4135.868	  8
    4136.104	  8
    4136.442	  8
    4136.758	  8
    4137.084	  8
    4137.274	  8
    4137.536	  8
    4137.970	  8
    4138.378	  8
    4138.792	  8
    4138.996	  8
    4139.544	  8
    4140.026	  8
    4140.574	  8
    4141.342	  8
    4141.954	  8
    4142.808	  8
    4143.320	  8
    4143.456	  8
    4144.308	  8
    4144.416	 53
    4145.874	  8
    4145.874	 20
    4145.874	 27
    4145.884	 28
    4145.884	 19
    4145.984	 29
    4146.150	  8
    4146.156	  9
    4166.004	 52
    4166.014	 10
    4192.496	  8
    4192.948	  8
    4197.936	  8
    4198.248	  8
    4232.186	  8
    4232.494	  8
    4232.774	  8
    4233.212	  8
    4233.620	  8
    4233.788	  8
    4234.212	  8
    4234.744	  8
    4235.232	  8
    4235.626	  8
    4236.188	  8
    4236.744	  8
    4237.084	  8
    4237.540	  8
    4237.998	  8
    4238.526	  8
    4238.604	  8
    4239.036	  8
    4239.566	  8
    4240.170	  8
    4240.740	  8
    4241.260	  8
    4242.780	  8
    4243.382	  8
    4244.116	  8
    4244.388	  8
    4244.838	  8
    4245.334	  8
    4245.964	  8
    4248.026	  8
    4248.066	  8
    4248.658	  8
    4249.110	  8
    4250.252	  8
    4250.724	  8
    4251.120	  8
    4251.614	  8
    4252.698	  8
    4253.112	  8
    4253.424	  8
    4254.336	  8
    4254.722	  8
    4254.964	  8
    4255.560	  8
    4255.862	  8
    4256.248	  8
    4256.646	  8
    4256.964	  8
    4257.376	  8
    4257.738	  8
    4258.286	  8
    4258.922	  8
    4259.822	  8
    4260.274	  8
    4260.952	  8
    4261.770	  8
    4262.158	  8
    4262.536	  8
    4263.102	  8
    4263.740	  8
    4264.984	  8
    4265.102	  8
    4265.312	  8
    4265.806	  8
    4266.132	  8
    4266.652	  8
    4267.288	  8
    4268.526	  8
    4269.180	  8
    4269.674	  8
    4269.720	  8
    4269.816	  8
    4270.292	  8
    4270.426	  8
    4270.870	  8
    4271.270	  8
    4271.406	  8
    4272.288	  8
    4273.120	  8
    4273.838	  8
    4274.286	  8
    4274.868	  8
    4275.614	  8
    4276.072	  8
    4277.678	  8
    4279.236	  8
    4280.088	  8
    4280.426	  8
    4280.914	  8
    4281.334	  8
    4281.858	  8
    4282.502	  8
    4283.172	  8
    4283.594	  8
    4284.556	  8
    4284.946	  8
    4285.656	  8
    4286.014	 53
    4286.026	  8
    4286.026	 20
    4286.026	 27
    4286.036	 28
    4286.036	 19
    4286.136	 29
    4286.308	  9
    4286.338	  8
    4288.194	  8
    4288.614	  8
    4289.096	  8
    4289.268	  8
    4305.812	  8
    4306.156	 52
    4306.166	 10
    4311.476	  8
    4314.808	  8
    4317.550	  8
    4317.784	  8
    4318.444	  8
    4318.848	  8
    4319.446	  8
    4319.818	  8
    4319.978	  8
    4320.452	  8
    4321.234	  8
    4322.162	  8
    4322.674	  8
    4326.184	  8
    4326.664	  8
    4326.810	  8
    4327.242	  8
    4327.602	  8
    4328.928	  8
    4329.460	  8
    4370.854	  8
    4371.196	  8
    4371.652	  8
    4372.136	  8
    4372.876	  8
    4373.472	  8
    4374.670	  8
    4375.634	  8
    4376.078	  8
    4376.838	  8
    4377.422	  8
    4378.008	  8
    4378.842	  8
    4379.044	  8
    4379.126	  8
    4379.400	  8
    4381.326	  8
    4381.986	  8
    4383.344	  8
    4383.790	  8
    4384.330	  8
    4384.966	  8
    4385.550	  8
    4385.962	  8
    4387.164	  8
    4387.486	  8
    4387.620	  8
    4387.754	  8
    4388.070	  8
    4388.560	  8
    4389.110	  8
    4389.854	  8
    4390.678	  8
    4391.276	  8
    4391.686	  8
    4392.212	  8
    4392.578	  8
    4392.902	  8
    4393.288	  8
    4393.730	  8
    4394.304	  8
    4394.526	  8
    4395.270	  8
    4396.890	  8
    4397.170	  8
    4397.260	  8
    4397.708	  8
    4397.922	  8
    4398.122	  8
    4398.826	  8
    4399.324	  8
    4399.868	  8
    4400.270	  8
    4400.770	  8
    4401.198	  8
    4402.102	  8
    4402.548	  8
    4403.184	  8
    4404.420	  8
    4406.200	  8
    4406.462	  8
    4407.122	  8
    4407.502	  8
    4407.594	  8
    4408.172	  8
    4408.596	  8
    4408.966	  8
    4409.624	  8
    4409.922	  8
    4410.762	  8
    4411.336	  8
    4411.768	  8
    4412.636	  8
    4413.756	  8
    4414.760	  8
    4414.936	  8
    4415.592	  8
    4416.186	  8
    4416.370	  8
    4416.456	  8
    4416.806	  8
    4418.806	  8
    4419.160	  8
    4419.214	  8
    4419.700	  8
    4419.896	  8
    4420.452	  8
    4420.864	  8
    4421.638	  8
    4421.672	  8
    4422.078	  8
    4422.990	  8
    4423.402	  8
    4424.860	  8
    4425.684	  8
    4426.166	 53
    4426.280	  8
    4426.280	 20
    4426.280	 27
    4426.290	 28
    4426.290	 19
    4426.390	 29
    4426.562	  9
    4426.582	  8
    4446.410	 51
    4446.420	 17
    4493.924	  8
    4494.698	  8
    4495.882	  8
    4496.462	  8
    4497.334	  8
    4498.050	  8
    4500.044	  8
    4500.362	  8
    4500.936	  8
    4502.070	  8
    4502.566	  8
    4502.840	  8
    4502.988	  8
    4503.346	  8
    4503.964	  8
    4504.580	  8
    4505.322	  8
    4506.420	 53
    4506.450	  8
    4506.450	 20
    4506.450	 27
    4506.460	 28
    4506.460	 19
    4506.560	 29
    4506.732	  9
    4506.774	  8
    4526.580	 52
    4526.590	 10
    4569.944	  8
    4585.612	  8
    4586.146	  8
    4586.704	  8
    4587.124	  8
    4587.332	  8
    4589.074	  8
    4633.196	  8
    4633.752	  8
    4634.456	  8
    4634.852	  8
    4635.266	  8
    4635.898	  8
    4636.276	  8
    4636.764	  8
    4637.446	  8
    4637.638	  8
    4638.030	  8
    4638.556	  8
    4639.050	  8
    4639.348	  8
    4639.754	  8
    4640.072	  8
    4640.620	  8
    4640.828	  8
    4641.730	  8
    4642.058	  8
    4642.430	  8
    4642.872	  8
    4643.590	  8
    4644.512	  8
    4645.192	  8
    4645.530	  8
    4645.816	  8
    4645.906	  8
    4646.016	  8
    4646.550	  8
    4646.590	 53
    4647.106	  8
    4647.106	 20
    4647.106	 27
    4647.116	 28
    4647.116	 19
    4647.216	 29
    4647.354	  8
    4647.388	  9
    4667.236	 51
    4667.246	 17
    4703.128	  8
    4703.568	  8
    4704.074	  8
    4704.584	  8
    4705.366	  8
    4706.120	  8
    4706.692	  8
    4707.756	  8
    4708.366	  8
    4709.186	  8
    4711.040	  8
    4713.354	  8
    4715.122	  8
    4715.614	  8
    4716.132	  8
    4716.758	  8
    4717.548	  8
    4717.850	  8
    4718.328	  8
    4718.576	  8
    4719.396	  8
    4719.740	  8
    4719.856	  8
    4719.912	  8
    4720.440	  8
    4720.560	  8
    4721.086	  8
    4721.638	  8
    4722.172	  8
    4722.370	  8
    4723.722	  8
    4723.918	  8
    4724.368	  8
    4724.812	  8
    4725.468	  8
    4725.902	  8
    4726.018	  8
    4726.310	  8
    4726.910	  8
    4727.226	  8
    4727.246	 53
    4727.462	  8
    4727.462	 20
    4727.462	 27
    4727.472	 28
    4727.472	 19
    4727.572	 29
    4727.738	  8
    4727.744	  9
    4747.592	 50
    4747.602	 18
    4777.602	 53
    4777.612	 20
    4777.612	 27
    4797.632	 52
    4797.642	 10
    4851.814	  8
    4852.230	  8
    4855.472	  8
    4855.604	  8
    4855.830	  8
    4856.124	  8
    4856.688	  8
    4858.038	  8
    4859.842	  8
    4860.280	  8
    4860.826	  8
    4861.026	  8
    4861.634	  8
    4863.096	  8
    4864.428	  8
    4866.528	  8
    4867.754	  8
    4868.232	  8
    4868.698	  8
    4870.434	  8
    4871.046	  8
    4871.694	  8
    4872.008	  8
    4873.076	  8
    4873.260	  8
    4873.524	  8
    4873.626	  8
    4874.232	  8
    4874.352	  8
    4875.208	  8
    4875.964	  8
    4877.396	  8
    4879.002	  8
    4879.390	  8
    4879.722	  8
    4879.816	  8
    4881.152	  8
    4881.348	  8
    4881.476	  8
    4884.826	  8
    4885.240	  8
    4885.746	  8
    4886.342	  8
    4886.956	  8
    4887.506	  8
    4888.018	  8
    4888.380	  8
    4889.034	  8
    4889.280	  8
    4889.828	  8
    4891.074	  8
    4891.864	  8
    4891.996	  8
    4892.372	  8
    4892.876	  8
    4894.050	  8
    4894.122	  8
    4894.858	  8
    4895.706	  8
    4895.978	  8
    4896.404	  8
    4896.474	  8
    4896.542	  8
    4896.834	  8
    4897.218	  8
    4897.376	  8
    4897.888	  8
    4898.132	  8
    4899.012	  8
    4899.864	  8
    4900.426	  8
    4900.708	  8
    4901.716	  8
    4901.912	  8
    4902.176	  8
    4902.572	  8
    4903.008	  8
    4903.514	  8
    4903.672	  8
    4903.778	  8
    4903.974	  8
    4904.260	  8
    4904.398	  8
    4904.656	  8
    4905.150	  8
    4906.124	  8
    4907.518	  8
    4908.368	  8
    4909.086	  8
    4909.344	  8
    4909.880	  8
    4910.320	  8
    4910.508	  8
    4911.018	  8
    4911.398	  8
    4911.930	  8
    4912.538	  8
    4913.170	  8
    4914.378	  8
    4914.432	  8
    4914.696	  8
    4916.014	  8
    4916.456	  8
    4916.946	  8
    4917.270	  8
    4917.642	 53
    4918.052	  8
    4918.052	 20
    4918.052	 27
    4918.062	 28
    4918.062	 19
    4918.162	 29
    4918.334	  9
    4918.350	  8
    4938.182	 51
    4938.192	 17
    4972.602	  8
    4973.038	  8
    4973.696	  8
    4974.238	  8
    4974.638	  8
    4974.948	  8
    4975.652	  8
    4975.908	  8
    4976.324	  8
    4982.406	  8
    4983.290	  8
    4983.908	  8
    4984.846	  8
    4985.800	  8
    4986.086	  8
    4986.574	  8
    4986.918	  8
    4987.258	  8
    4987.750	  8
    4988.418	  8
    4989.068	  8
    4989.386	  8
    4990.020	  8
    4990.286	  8
    4990.672	  8
    4991.008	  8
    4991.294	  8
    4991.962	  8
    4992.880	  8
    4993.370	  8
    4994.574	  8
    4995.104	  8
    4996.160	  8
    4996.458	  8
    4996.886	  8
    4997.134	  8
    4997.452	  8
    4997.998	  8
    4998.192	 53
    4998.742	  8
    4998.742	 20
    4998.742	 27
    4998.752	 28
    4998.752	 19
    4998.852	 29
    4998.984	  8
    4999.024	  9
    5018.872	 52
    5018.882	 10
    5097.446	  8
    5097.884	  8
    5098.334	  8
    5100.126	  8
    5100.504	  8
    5100.776	  8
    5101.280	  8
    5101.858	  8
    5102.366	  8
    5102.884	  8
    5103.888	  8
    5104.026	  8
    5104.514	  8
    5105.100	  8
    5106.654	  8
    5107.194	  8
    5107.680	  8
    5108.178	  8
    5108.646	  8
    5109.260	  8
    5110.054	  8
    5110.574	  8
    5111.346	  8
    5111.984	  8
    5113.136	  8
    5113.414	  8
    5113.694	  8
    5114.066	  8
    5114.674	  8
    5115.190	  8
    5115.734	  8
    5116.678	  8
    5117.040	  8
    5117.520	  8
    5118.100	  8
    5118.564	  8
    5119.178	  8
    5119.788	  8
    5122.062	  8
    5122.464	  8
    5122.744	  8
    5122.778	  8
    5123.286	  8
    5124.148	  8
    5125.014	  8
    5125.574	  8
    5125.886	  8
    5126.364	  8
    5126.996	  8
    5127.832	  8
    5127.998	  8
    5128.302	  8
    5128.970	  8
    5129.420	  8
    5130.374	  8
    5130.856	  8
    5131.044	  8
    5131.468	  8
    5131.858	  8
    5132.210	  8
    5132.346	  8
    5132.872	  8
    5133.464	  8
    5134.010	  8
    5134.318	  8
    5134.668	  8
    5135.320	  8
    5136.236	  8
    5136.980	  8
    5137.386	  8
    5137.592	  8
    5138.280	  8
    5138.686	  8
    5138.882	 53
    5138.930	  8
    5138.930	 20
    5138.930	 27
    5138.940	 28
    5138.940	 19
    5139.040	 29
    5139.212	  9
    5139.266	  8
    5159.060	 50
    5159.070	 18
    5189.070	 53
    5189.080	 20
    5189.080	 27
    5209.100	 51
    5209.110	 17
    5259.434	  8
    5259.726	  8
    5259.934	  8
    5260.324	  8
    5260.924	  8
    5261.386	  8
    5261.932	  8
    5262.042	  8
    5262.480	  8
    5262.948	  8
    5263.016	  8
    5263.084	  8
    5263.496	  8
    5263.988	  8
    5264.198	  8
    5264.976	  8
    5265.456	  8
    5266.150	  8
    5266.590	  8
    5266.670	  8
    5267.400	  8
    5268.088	  8
    5268.682	  8
    5268.880	  8
    5269.110	 53
    5269.526	  8
    5269.526	 20
    5269.526	 27
    5269.536	 28
    5269.536	 19
    5269.636	 29
    5269.808	  9
    5269.818	  8
    5272.258	  8
    5273.028	  8
    5273.516	  8
    5289.656	 50
    5289.666	 18
    5319.666	 53
    5319.676	 20
    5319.676	 27
    5339.696	 50
    5339.706	 18
    5369.706	 53
    5369.716	 20
    5369.716	 27
    5389.736	 52
    5389.746	 10
    5457.144	  8
    5457.474	  8
    5457.700	  8
    5458.120	  8
    5458.664	  8
    5458.998	  8
    5459.080	  8
    5459.280	  8
    5459.534	  8
    5459.848	  8
    5460.384	  8
    5460.780	  8
    5461.328	  8
    5461.754	  8
    5462.126	  8
    5462.480	  8
    5463.248	  8
    5463.652	  8
    5464.132	  8
    5464.808	  8
    5465.234	  8
    5465.594	  8
    5466.020	  8
    5466.494	  8
    5466.898	  8
    5467.676	  8
    5468.202	  8
    5468.630	  8
    5468.798	  8
    5469.322	  8
    5469.688	  8
    5470.102	  8
    5470.554	  8
    5470.940	  8
    5471.660	  8
    5472.260	  8
    5472.754	  8
    5473.202	  8
    5473.268	  8
    5473.718	  8
    5474.296	  8
    5474.774	  8
    5475.038	  8
    5475.296	  8
    5475.520	  8
    5475.664	  8
    5475.744	  8
    5476.136	  8
    5476.190	  8
    5476.908	  8
    5477.524	  8
    5478.482	  8
    5478.838	  8
    5479.296	  8
    5479.776	  8
    5481.752	  8
    5481.978	  8
    5482.422	  8
    5482.934	  8
    5482.988	  8
    5483.288	  8
    5484.166	  8
    5484.464	  8
    5485.440	  8
    5485.812	  8
    5486.330	  8
    5486.742	  8
    5487.296	  8
    5488.364	  8
    5488.662	  8
    5488.938	  8
    5489.412	  8
    5489.586	  8
    5489.958	  8
    5490.394	  8
    5490.634	  8
    5490.782	  8
    5491.500	  8
    5491.936	  8
    5492.628	  8
    5493.956	  8
    5494.464	  8
    5494.534	  8
    5494.752	  8
    5494.866	  8
    5495.388	  8
    5497.196	  8
    5497.558	  8
    5498.146	  8
    5499.956	  8
    5500.388	  8
    5500.872	  8
    5500.994	  8
    5501.498	  8
    5502.034	  8
    5502.558	  8
    5503.020	  8
    5503.748	  8
    5504.270	  8
    5504.800	  8
    5505.166	  8
    5505.524	  8
    5505.742	  8
    5506.200	  8
    5506.504	  8
    5507.048	  8
    5507.882	  8
    5508.424	  8
    5508.986	  8
    5509.746	 53
    5510.286	  8
    5510.286	 20
    5510.286	 27
    5510.296	 28
    5510.296	 19
    5510.396	 29
    5510.568	  9
    5510.582	  8
    5530.416	 50
    5530.426	 18
    5560.426	 53
    5560.436	 20
    5560.436	 27
    5580.456	 52
    5580.466	 10
    5700.466	 53
    5710.892	  8
    5710.892	 20
    5710.892	 27
    5710.902	 28
    5710.902	 19
    5711.002	 29
    5711.148	  8
    5711.174	  9
    5731.022	 50
    5731.032	 18
    5761.032	 53
    5761.042	 20
    5761.042	 27
    5761.052	 61
