       3.702	  8
      20.010	 52
      20.020	 18
      25.300	  8
      25.516	  8
     106.912	  8
     107.370	  8
     123.484	  8
     123.638	  8
     124.078	  8
     140.020	 53
     145.300	  8
     145.300	 20
     145.300	 27
     145.310	 28
     145.310	 19
     145.410	 29
     145.578	  9
     165.430	 52
     165.440	 18
     187.810	  8
     188.006	  8
     195.404	  8
     195.556	  8
     197.244	  7
     197.418	  7
     202.110	  8
     218.290	  8
     218.510	  8
     237.324	  8
     237.540	  8
     243.700	  8
     244.066	  8
     244.732	  8
     245.082	  8
     247.614	  8
     247.856	  8
     251.846	  8
     252.090	  8
     252.526	  8
     257.506	  8
     257.546	  8
     257.784	  8
     258.458	  8
     264.590	  8
     265.042	  8
     265.426	  8
     271.318	  8
     271.854	  8
     272.282	  8
     281.346	  8
     281.754	  8
     282.170	  8
     285.440	 53
     293.312	  8
     293.312	 20
     293.312	 27
     293.322	 28
     293.322	 19
     293.422	 29
     293.590	  9
     312.104	  8
     313.442	 50
     313.452	 17
     329.950	  6
     343.452	 53
     343.462	 20
     343.462	 27
     363.482	 50
     363.492	 17
     372.342	  8
     382.216	  8
     382.484	  8
     383.216	  8
     383.938	  8
     385.326	  8
     385.696	  8
     386.168	  8
     386.484	  8
     387.528	  8
     389.060	  8
     390.190	  8
     390.626	  8
     391.114	  8
     392.008	  8
     393.492	 53
     393.502	 20
     393.502	 27
     396.526	  8
     405.842	  7
     406.280	  7
     406.454	  7
     406.614	  7
     406.754	  7
     406.822	  7
     406.894	  7
     407.026	  7
     407.146	  7
     407.272	  7
     407.398	  7
     407.674	  7
     407.808	  7
     407.936	  7
     408.062	  7
     408.202	  7
     408.342	  7
     408.486	  7
     408.624	  7
     408.794	  7
     408.932	  7
     409.098	  7
     409.224	  7
     409.372	  7
     409.524	  7
     409.700	  7
     409.836	  7
     409.982	  7
     410.122	  7
     410.272	  7
     410.432	  7
     410.570	  7
     410.718	  7
     410.874	  7
     411.018	  7
     411.158	  7
     411.300	  7
     411.444	  7
     411.594	  7
     411.756	  7
     411.886	  7
     412.036	  7
     412.180	  7
     412.326	  7
     412.474	  7
     412.626	  7
     412.778	  7
     412.930	  7
     413.076	  7
     413.228	  7
     413.278	  7
     413.410	  7
     413.522	 52
     413.532	 18
     413.584	  7
     413.722	  7
     413.856	  7
     413.976	  7
     414.102	  7
     414.230	  7
     414.366	  7
     414.496	  7
     414.628	  7
     414.888	  7
     415.018	  7
     415.160	  7
     415.314	  7
     415.444	  7
     415.576	  7
     415.700	  7
     415.846	  7
     415.988	  7
     416.134	  7
     416.268	  7
     416.416	  7
     416.568	  7
     416.712	  7
     416.864	  7
     417.022	  7
     417.156	  7
     417.302	  7
     417.452	  7
     417.600	  7
     417.730	  7
     417.868	  7
     418.018	  7
     418.176	  7
     418.324	  7
     418.490	  7
     418.636	  7
     418.782	  7
     418.946	  7
     419.096	  7
     419.248	  7
     419.406	  7
     419.546	  7
     419.678	  7
     419.816	  7
     419.960	  7
     420.122	  7
     420.238	  7
     420.378	  7
     420.516	  7
     420.664	  7
     420.798	  7
     420.948	  7
     421.092	  7
     421.238	  7
     421.378	  7
     421.522	  7
     421.678	  7
     421.808	  7
     421.956	  7
     422.108	  7
     422.262	  7
     422.408	  7
     422.558	  7
     422.702	  7
     422.832	  7
     422.978	  7
     423.136	  7
     423.256	  7
     423.396	  7
     423.542	  7
     423.688	  7
     423.826	  7
     423.972	  7
     424.120	  7
     424.264	  7
     424.404	  7
     424.558	  7
     424.702	  7
     424.852	  7
     424.996	  7
     425.148	  7
     425.304	  7
     425.452	  7
     425.592	  7
     425.736	  7
     425.874	  7
     426.018	  7
     426.168	  7
     426.320	  7
     426.452	  7
     426.598	  7
     426.740	  7
     426.878	  7
     427.024	  7
     427.170	  7
     427.318	  7
     427.448	  7
     427.600	  7
     427.770	  7
     427.910	  7
     428.054	  7
     428.198	  7
     428.352	  7
     428.494	  7
     428.658	  7
     428.954	  7
     429.102	  7
     429.252	  7
     429.410	  7
     429.550	  7
     429.698	  7
     429.840	  7
     429.986	  7
     430.144	  7
     430.296	  7
     430.436	  7
     430.582	  7
     430.736	  7
     430.884	  7
     431.028	  7
     431.180	  7
     431.346	  7
     431.478	  7
     431.624	  7
     431.780	  7
     432.072	  7
     432.226	  7
     432.370	  7
     432.530	  7
     432.662	  7
     432.856	  7
     432.986	  7
     433.132	  7
     433.534	  7
     433.748	  7
     433.892	  7
     434.042	  7
     434.204	  7
     434.346	  7
     434.650	  7
     434.822	  7
     443.070	  8
     477.526	  8
     487.830	  8
     488.168	  8
     499.072	  8
     499.514	  8
     499.986	  8
     520.072	  8
     525.548	  8
     526.512	  8
     532.584	  8
     533.316	  8
     533.532	 53
     534.130	  8
     534.130	 20
     534.130	 27
     534.140	 28
     534.140	 19
     534.240	 29
     534.272	  8
     534.408	  9
     554.260	 50
     554.270	 17
     584.270	 53
     584.280	 20
     584.280	 27
     604.300	 52
     604.310	 18
     613.440	  7
     614.520	  7
     616.270	  7
     616.444	  7
     616.676	  7
     616.770	  7
     616.990	  7
     617.142	  7
     617.296	  7
     617.424	  7
     617.862	  7
     617.996	  7
     618.320	  7
     619.568	  7
     619.968	  7
     621.236	  7
     622.528	  7
     622.636	  7
     623.302	  7
     623.492	  7
     623.682	  7
     623.782	  7
     623.912	  7
     624.122	  7
     624.282	  7
     624.468	  7
     624.642	  7
     625.138	  7
     625.706	  7
     626.114	  7
     626.200	  7
     629.452	  7
     632.520	  7
     638.302	  7
     638.452	  7
     644.708	  8
     658.654	  8
     658.922	  8
     659.006	  8
     666.036	  8
     666.354	  8
     673.534	  8
     673.874	  8
     674.530	  8
     682.604	  8
     683.108	  8
     691.710	  8
     692.122	  8
     692.574	  8
     700.574	  8
     700.762	  8
     712.880	  8
     713.456	  8
     714.250	  8
     720.166	  8
     724.310	 53
     728.856	  8
     728.856	 20
     728.856	 27
     728.866	 28
     728.866	 19
     728.966	 29
     729.100	  8
     729.134	  9
     748.986	 50
     748.996	 17
     778.996	 53
     779.006	 20
     779.006	 27
     799.026	 52
     799.036	 18
     810.720	  8
     822.640	  8
     849.750	  8
     866.062	  8
     867.032	  8
     870.878	  8
     871.084	  8
     871.596	  8
     871.986	  8
     875.860	  8
     876.110	  8
     876.640	  8
     881.670	  8
     882.122	  8
     903.716	  8
     903.884	  8
     904.316	  8
     904.850	  8
     905.134	  8
     905.288	  8
     911.238	  8
     911.434	  8
     912.192	  8
     912.490	  8
     913.042	  8
     914.612	  8
     915.280	  8
     916.076	  8
     919.036	 53
     922.296	  8
     922.296	 20
     922.296	 27
     922.306	 28
     922.306	 19
     922.406	 29
     922.574	  9
     922.576	  8
     942.426	 52
     942.436	 18
    1011.518	  8
    1011.706	  8
    1048.786	  8
    1049.292	  8
    1054.396	  8
    1055.068	  8
    1058.730	  8
    1059.152	  8
    1059.592	  8
    1062.436	 53
    1063.490	  8
    1063.490	 20
    1063.490	 27
    1063.500	 28
    1063.500	 19
    1063.600	 29
    1063.768	  9
    1063.808	  8
    1083.620	 51
    1083.630	 10
    1104.110	  8
    1104.544	  8
    1116.966	  8
    1117.456	  8
    1118.168	  8
    1118.908	  8
    1120.610	  8
    1121.494	  8
    1122.516	  8
    1123.182	  8
    1126.212	  8
    1127.188	  8
    1127.622	  8
    1127.734	  8
    1129.696	  8
    1130.454	  8
    1132.532	  8
    1134.692	  8
    1134.852	  8
    1135.546	  8
    1136.794	  8
    1138.252	  8
    1139.852	  8
    1140.022	  8
    1141.356	  8
    1142.108	  8
    1142.460	  8
    1143.172	  8
    1143.630	 53
    1145.714	  8
    1145.714	 20
    1145.714	 27
    1145.724	 28
    1145.724	 19
    1145.824	 29
    1145.992	  9
    1165.844	 50
    1165.854	 17
    1195.854	 53
    1195.864	 20
    1195.864	 27
    1196.546	  8
    1215.884	 50
    1215.894	 17
    1231.174	  8
    1242.686	  7
    1245.894	 53
    1245.904	 20
    1245.904	 27
    1247.308	  8
    1247.486	  8
    1265.924	 52
    1265.934	 18
    1269.494	  7
    1270.320	  7
    1270.674	  7
    1270.806	  7
    1270.852	  7
    1271.422	  7
    1271.654	  7
    1271.800	  7
    1272.334	  7
    1272.526	  7
    1272.642	  7
    1272.772	  7
    1272.910	  7
    1273.054	  7
    1273.180	  7
    1273.332	  7
    1273.474	  7
    1273.608	  7
    1273.736	  7
    1273.874	  7
    1274.022	  7
    1274.172	  7
    1274.460	  7
    1274.662	  7
    1274.798	  7
    1274.920	  7
    1275.054	  7
    1275.188	  7
    1275.318	  7
    1275.458	  7
    1275.598	  7
    1275.730	  7
    1275.892	  7
    1276.012	  7
    1276.148	  7
    1276.310	  7
    1276.446	  7
    1276.594	  7
    1276.722	  7
    1276.878	  7
    1277.006	  7
    1277.156	  7
    1277.292	  7
    1277.426	  7
    1277.576	  7
    1277.706	  7
    1277.848	  7
    1277.990	  7
    1278.150	  7
    1278.282	  7
    1278.434	  7
    1278.582	  7
    1278.710	  7
    1278.872	  7
    1279.026	  7
    1279.176	  7
    1279.306	  7
    1279.458	  7
    1279.596	  7
    1279.742	  7
    1279.892	  7
    1280.044	  7
    1280.180	  7
    1280.322	  7
    1280.470	  7
    1280.620	  7
    1280.756	  7
    1280.908	  7
    1281.046	  7
    1281.192	  7
    1281.328	  7
    1281.480	  7
    1281.634	  7
    1281.772	  7
    1281.922	  7
    1282.078	  7
    1282.238	  7
    1282.376	  7
    1282.514	  7
    1282.652	  7
    1282.780	  7
    1282.914	  7
    1283.060	  7
    1283.208	  7
    1283.346	  7
    1283.494	  7
    1283.642	  7
    1283.796	  7
    1283.926	  7
    1284.068	  7
    1284.212	  7
    1284.350	  7
    1284.496	  7
    1284.642	  7
    1284.772	  7
    1284.906	  7
    1285.046	  7
    1285.216	  7
    1285.350	  7
    1285.506	  7
    1285.654	  7
    1285.804	  7
    1285.962	  7
    1286.104	  7
    1286.254	  7
    1286.394	  7
    1286.544	  7
    1286.696	  7
    1286.832	  7
    1286.984	  7
    1287.120	  7
    1287.264	  7
    1287.394	  7
    1287.538	  7
    1287.684	  7
    1287.820	  7
    1287.966	  7
    1288.110	  7
    1288.254	  7
    1288.410	  7
    1288.538	  7
    1288.798	  7
    1288.932	  7
    1289.074	  7
    1289.216	  7
    1289.342	  7
    1289.484	  7
    1289.628	  7
    1289.786	  7
    1289.912	  7
    1290.048	  7
    1290.194	  7
    1290.332	  7
    1290.484	  7
    1290.642	  7
    1290.774	  7
    1290.908	  7
    1291.054	  7
    1291.204	  7
    1291.352	  7
    1291.498	  7
    1291.652	  7
    1291.794	  7
    1291.940	  7
    1292.086	  7
    1292.232	  7
    1292.370	  7
    1292.518	  7
    1292.664	  7
    1292.822	  7
    1292.948	  7
    1293.094	  7
    1293.248	  7
    1293.384	  7
    1293.530	  7
    1293.676	  7
    1293.824	  7
    1293.962	  7
    1294.120	  7
    1294.252	  7
    1294.390	  7
    1294.534	  7
    1294.678	  7
    1294.818	  7
    1294.960	  7
    1295.106	  7
    1295.246	  7
    1295.386	  7
    1295.536	  7
    1295.698	  7
    1295.834	  7
    1295.966	  7
    1296.110	  7
    1296.260	  7
    1296.396	  7
    1296.546	  7
    1296.694	  7
    1296.836	  7
    1296.970	  7
    1297.114	  7
    1297.268	  7
    1297.412	  7
    1297.564	  7
    1297.694	  7
    1297.840	  7
    1297.976	  7
    1298.122	  7
    1298.268	  7
    1298.406	  7
    1298.550	  7
    1298.696	  7
    1298.844	  7
    1298.988	  7
    1299.146	  7
    1299.282	  7
    1299.422	  7
    1299.570	  7
    1299.728	  7
    1299.868	  7
    1300.006	  7
    1300.150	  7
    1300.306	  7
    1300.450	  7
    1300.592	  7
    1300.754	  7
    1300.882	  7
    1301.026	  7
    1301.166	  7
    1301.314	  7
    1301.454	  7
    1301.604	  7
    1301.758	  7
    1301.908	  7
    1302.052	  7
    1302.218	  7
    1302.352	  7
    1302.498	  7
    1302.646	  7
    1302.794	  7
    1302.938	  7
    1303.084	  7
    1303.236	  7
    1303.398	  7
    1303.540	  7
    1303.698	  7
    1303.842	  7
    1303.992	  7
    1304.126	  7
    1304.284	  7
    1304.440	  7
    1304.590	  7
    1304.740	  7
    1304.886	  7
    1305.020	  7
    1305.162	  7
    1305.316	  7
    1305.460	  7
    1305.612	  7
    1305.760	  7
    1305.916	  7
    1306.046	  7
    1306.192	  7
    1306.352	  7
    1306.496	  7
    1306.640	  7
    1306.778	  7
    1306.930	  7
    1307.074	  7
    1307.228	  7
    1307.378	  7
    1307.534	  7
    1307.676	  7
    1307.838	  7
    1307.980	  7
    1308.136	  7
    1308.278	  7
    1308.426	  7
    1308.574	  7
    1308.722	  7
    1308.878	  7
    1309.018	  7
    1309.196	  7
    1309.336	  7
    1309.486	  7
    1309.654	  7
    1309.798	  7
    1309.948	  7
    1310.084	  7
    1310.234	  7
    1310.390	  7
    1310.540	  7
    1310.704	  7
    1310.870	  7
    1311.012	  7
    1311.156	  7
    1311.308	  7
    1311.470	  7
    1311.626	  7
    1311.774	  7
    1311.936	  7
    1312.072	  7
    1312.224	  7
    1312.386	  7
    1312.544	  7
    1312.704	  7
    1312.836	  7
    1312.980	  7
    1313.116	  7
    1313.260	  7
    1313.546	  7
    1313.696	  7
    1313.840	  7
    1313.990	  7
    1314.128	  7
    1314.290	  7
    1314.426	  7
    1314.574	  7
    1314.720	  7
    1314.884	  7
    1315.032	  7
    1315.180	  7
    1315.324	  7
    1315.478	  7
    1315.622	  7
    1315.800	  7
    1315.964	  7
    1316.106	  7
    1316.250	  7
    1316.402	  7
    1316.544	  7
    1316.702	  7
    1316.842	  7
    1316.994	  7
    1317.128	  7
    1317.274	  7
    1317.426	  7
    1317.592	  7
    1317.728	  7
    1317.884	  7
    1318.032	  7
    1318.176	  7
    1318.322	  7
    1318.476	  7
    1318.616	  7
    1318.770	  7
    1318.914	  7
    1319.068	  7
    1319.236	  7
    1319.384	  7
    1319.542	  7
    1319.676	  7
    1319.822	  7
    1319.964	  7
    1320.104	  7
    1320.250	  7
    1320.408	  7
    1320.564	  7
    1320.718	  7
    1320.876	  7
    1321.028	  7
    1321.168	  7
    1321.326	  7
    1321.464	  7
    1321.610	  7
    1321.752	  7
    1321.906	  7
    1322.058	  7
    1322.200	  7
    1322.340	  7
    1323.122	  7
    1323.268	  7
    1323.404	  7
    1323.570	  7
    1323.800	  7
    1325.304	  7
    1325.616	  7
    1325.948	  7
    1326.098	  7
    1326.432	  7
    1326.620	  7
    1326.808	  7
    1326.972	  7
    1327.228	  7
    1327.340	  7
    1327.516	  7
    1327.668	  7
    1327.860	  7
    1328.004	  7
    1328.172	  7
    1328.328	  7
    1328.506	  7
    1328.674	  7
    1328.848	  7
    1329.214	  7
    1329.564	  7
    1329.710	  7
    1329.906	  7
    1330.264	  7
    1330.750	  7
    1330.934	  7
    1331.090	  7
    1331.440	  7
    1332.114	  7
    1332.472	  7
    1332.790	  7
    1332.946	  7
    1333.296	  7
    1333.816	  7
    1333.980	  7
    1334.328	  7
    1334.468	  7
    1334.880	  7
    1334.990	  7
    1335.312	  7
    1335.474	  7
    1335.808	  7
    1336.336	  7
    1367.256	  8
    1367.660	  8
    1368.612	  8
    1369.588	  8
    1369.972	  8
    1370.454	  8
    1371.008	  8
    1372.752	  8
    1372.938	  8
    1373.142	  8
    1373.930	  8
    1376.130	  8
    1376.556	  8
    1377.086	  8
    1377.134	  8
    1377.610	  8
    1379.690	  8
    1379.906	  8
    1380.392	  8
    1380.932	  8
    1383.412	  8
    1383.624	  8
    1384.184	  8
    1384.658	  8
    1385.654	  8
    1385.934	 53
    1389.106	  8
    1389.106	 20
    1389.106	 27
    1389.116	 28
    1389.116	 19
    1389.216	 29
    1389.384	  9
    1389.422	  8
    1409.236	 52
    1409.246	 18
    1417.024	  7
    1417.130	  7
    1417.454	  7
    1417.586	  7
    1417.776	  7
    1417.940	  7
    1418.214	  7
    1428.524	  7
    1428.682	  7
    1428.766	  7
    1428.826	  7
    1428.968	  7
    1429.086	  7
    1429.226	  7
    1429.376	  7
    1429.524	  7
    1429.694	  7
    1430.098	  7
    1430.252	  7
    1430.414	  7
    1430.546	  7
    1430.684	  7
    1430.828	  7
    1431.120	  7
    1431.260	  7
    1431.396	  7
    1431.538	  7
    1431.688	  7
    1431.836	  7
    1431.968	  7
    1432.110	  7
    1432.248	  7
    1432.390	  7
    1432.542	  7
    1432.682	  7
    1432.834	  7
    1432.984	  7
    1433.124	  7
    1433.272	  7
    1433.574	  7
    1433.710	  7
    1433.856	  7
    1434.000	  7
    1434.160	  7
    1434.290	  7
    1434.438	  7
    1434.586	  7
    1434.730	  7
    1434.908	  7
    1435.042	  7
    1435.182	  7
    1435.332	  7
    1435.482	  7
    1435.768	  7
    1435.926	  7
    1436.080	  7
    1436.232	  7
    1436.390	  7
    1436.536	  7
    1436.694	  7
    1436.830	  7
    1436.984	  7
    1437.134	  7
    1437.284	  7
    1437.434	  7
    1437.594	  7
    1437.740	  7
    1437.892	  7
    1438.048	  7
    1438.206	  7
    1438.388	  7
    1438.522	  7
    1438.670	  7
    1438.806	  7
    1438.956	  7
    1439.102	  7
    1439.234	  7
    1439.378	  7
    1439.526	  7
    1439.680	  7
    1439.826	  7
    1439.976	  7
    1440.126	  7
    1440.266	  7
    1440.434	  7
    1440.576	  7
    1440.724	  7
    1440.872	  7
    1441.020	  7
    1441.172	  7
    1441.346	  7
    1441.494	  7
    1441.650	  7
    1441.806	  7
    1441.958	  7
    1442.124	  7
    1442.260	  7
    1442.402	  7
    1442.566	  7
    1442.698	  7
    1442.846	  7
    1442.994	  7
    1443.144	  7
    1443.296	  7
    1443.446	  7
    1443.594	  7
    1443.742	  7
    1443.894	  7
    1444.052	  7
    1444.212	  7
    1444.360	  7
    1444.524	  7
    1444.662	  7
    1444.794	  7
    1444.942	  7
    1445.094	  7
    1445.238	  7
    1445.402	  7
    1445.558	  7
    1445.708	  7
    1445.854	  7
    1446.002	  7
    1446.154	  7
    1446.290	  7
    1446.444	  7
    1446.592	  7
    1446.764	  7
    1446.898	  7
    1447.046	  7
    1447.320	  7
    1447.464	  7
    1447.626	  7
    1447.780	  7
    1447.944	  7
    1448.098	  7
    1448.242	  7
    1448.376	  7
    1448.514	  7
    1448.664	  7
    1448.808	  7
    1448.968	  7
    1449.110	  7
    1449.258	  7
    1449.402	  7
    1449.554	  7
    1449.710	  7
    1449.852	  7
    1450.018	  7
    1450.168	  7
    1450.310	  7
    1450.462	  7
    1450.622	  7
    1450.782	  7
    1450.920	  7
    1451.082	  7
    1451.234	  7
    1451.390	  7
    1451.564	  7
    1451.736	  7
    1451.902	  7
    1452.070	  7
    1452.236	  7
    1452.390	  7
    1452.548	  7
    1452.710	  7
    1452.836	  7
    1452.852	  7
    1452.986	  7
    1453.162	  7
    1453.324	  7
    1453.490	  7
    1453.646	  7
    1453.788	  7
    1453.940	  7
    1454.100	  7
    1454.254	  7
    1454.402	  7
    1454.566	  7
    1454.730	  7
    1455.152	  7
    1455.290	  7
    1455.478	  7
    1455.624	  7
    1455.788	  7
    1455.948	  7
    1456.100	  7
    1456.234	  7
    1456.404	  7
    1456.568	  7
    1456.742	  7
    1456.884	  7
    1457.034	  7
    1457.188	  7
    1457.338	  7
    1457.498	  7
    1457.656	  7
    1457.818	  7
    1457.976	  7
    1458.132	  7
    1458.292	  7
    1458.462	  7
    1458.614	  7
    1458.772	  7
    1458.966	  7
    1459.126	  7
    1459.282	  7
    1459.422	  7
    1459.580	  7
    1459.732	  7
    1459.884	  7
    1460.034	  7
    1460.182	  7
    1460.334	  7
    1460.482	  7
    1460.644	  7
    1460.804	  7
    1460.974	  7
    1461.128	  7
    1461.288	  7
    1461.434	  7
    1461.598	  7
    1461.758	  7
    1461.930	  7
    1462.098	  7
    1462.250	  7
    1462.412	  7
    1462.576	  7
    1462.736	  7
    1462.918	  7
    1463.084	  7
    1463.242	  7
    1463.388	  7
    1463.532	  7
    1463.678	  7
    1463.830	  7
    1463.992	  7
    1464.144	  7
    1464.302	  7
    1464.450	  7
    1464.622	  7
    1464.774	  7
    1464.934	  7
    1465.304	  7
    1465.454	  7
    1465.602	  7
    1466.342	  7
    1466.462	  7
    1466.610	  7
    1466.742	  7
    1466.886	  7
    1467.028	  7
    1467.178	  7
    1467.322	  7
    1467.468	  7
    1467.616	  7
    1467.768	  7
    1467.932	  7
    1468.090	  7
    1468.422	  7
    1468.760	  7
    1468.892	  7
    1469.028	  7
    1469.172	  7
    1469.328	  7
    1469.462	  7
    1469.600	  7
    1469.748	  7
    1469.906	  7
    1470.042	  7
    1470.200	  7
    1470.348	  7
    1470.492	  7
    1470.642	  7
    1470.786	  7
    1470.936	  7
    1471.088	  7
    1471.248	  7
    1471.382	  7
    1471.528	  7
    1471.678	  7
    1471.828	  7
    1471.976	  7
    1472.136	  7
    1472.288	  7
    1472.454	  7
    1472.604	  7
    1472.756	  7
    1472.930	  7
    1473.072	  7
    1473.212	  7
    1473.374	  7
    1473.518	  7
    1473.664	  7
    1473.804	  7
    1473.960	  7
    1474.086	  7
    1474.240	  7
    1474.394	  7
    1474.548	  7
    1474.700	  7
    1474.840	  7
    1475.128	  7
    1475.270	  7
    1475.416	  7
    1475.572	  7
    1475.706	  7
    1475.850	  7
    1475.998	  7
    1476.158	  7
    1476.308	  7
    1476.462	  7
    1476.596	  7
    1476.760	  7
    1476.892	  7
    1477.050	  7
    1477.194	  7
    1477.342	  7
    1477.492	  7
    1477.648	  7
    1477.986	  7
    1478.142	  7
    1478.310	  7
    1478.484	  7
    1478.622	  7
    1478.780	  7
    1478.948	  7
    1479.108	  7
    1479.282	  7
    1479.450	  7
    1479.612	  7
    1479.768	  7
    1479.930	  7
    1480.092	  7
    1480.532	  7
    1480.702	  7
    1480.844	  7
    1481.000	  7
    1481.150	  7
    1481.302	  7
    1481.452	  7
    1481.606	  7
    1481.772	  7
    1481.942	  7
    1482.106	  7
    1482.268	  7
    1482.422	  7
    1482.574	  7
    1482.726	  7
    1482.898	  7
    1483.034	  7
    1483.188	  7
    1483.338	  7
    1483.496	  7
    1483.654	  7
    1483.822	  7
    1483.982	  7
    1484.140	  7
    1484.284	  7
    1484.356	  7
    1484.524	  7
    1484.668	  7
    1484.838	  7
    1485.006	  7
    1485.168	  7
    1485.352	  7
    1485.502	  7
    1485.814	  7
    1486.076	  7
    1486.148	  7
    1486.312	  7
    1486.462	  7
    1486.612	  7
    1486.766	  7
    1486.918	  7
    1487.060	  7
    1487.202	  7
    1487.372	  7
    1487.514	  7
    1487.662	  7
    1487.810	  7
    1487.964	  7
    1488.116	  7
    1488.266	  7
    1488.418	  7
    1488.570	  7
    1488.714	  7
    1488.866	  7
    1489.016	  7
    1489.166	  7
    1489.330	  7
    1489.462	  7
    1489.624	  7
    1489.774	  7
    1489.924	  7
    1490.082	  7
    1490.234	  7
    1490.390	  7
    1490.554	  7
    1490.696	  7
    1490.860	  7
    1491.034	  7
    1491.174	  7
    1491.370	  7
    1491.534	  7
    1491.698	  7
    1491.876	  7
    1492.044	  7
    1492.216	  7
    1492.376	  7
    1492.546	  7
    1492.716	  7
    1492.852	  7
    1493.016	  7
    1493.174	  7
    1493.324	  7
    1493.474	  7
    1493.632	  7
    1493.772	  7
    1493.940	  7
    1494.078	  7
    1494.234	  7
    1494.392	  7
    1494.550	  7
    1494.696	  7
    1494.862	  7
    1495.020	  7
    1495.184	  7
    1495.362	  7
    1495.530	  7
    1495.692	  7
    1495.842	  7
    1495.996	  7
    1496.150	  7
    1496.316	  7
    1496.494	  7
    1496.634	  7
    1496.796	  7
    1496.958	  7
    1497.122	  7
    1497.280	  7
    1497.452	  7
    1497.634	  7
    1497.786	  7
    1497.954	  7
    1498.118	  7
    1498.290	  7
    1498.464	  7
    1498.634	  7
    1498.798	  7
    1498.950	  7
    1499.144	  7
    1499.304	  7
    1499.476	  7
    1499.660	  7
    1499.838	  7
    1499.986	  7
    1500.150	  7
    1500.306	  7
    1500.472	  7
    1500.616	  7
    1500.776	  7
    1500.932	  7
    1501.080	  7
    1501.420	  7
    1501.570	  7
    1501.732	  7
    1501.890	  7
    1502.028	  7
    1502.178	  7
    1502.328	  7
    1502.476	  7
    1502.638	  7
    1502.794	  7
    1502.942	  7
    1503.096	  7
    1503.282	  7
    1503.426	  7
    1503.598	  7
    1503.756	  7
    1504.096	  7
    1504.406	  7
    1504.922	  7
    1513.028	  8
    1515.464	  8
    1516.410	  8
    1516.772	  8
    1518.062	  8
    1518.744	  8
    1519.144	  8
    1519.704	  8
    1520.864	  8
    1521.112	  8
    1521.500	  8
    1522.178	  8
    1524.234	  8
    1524.634	  8
    1526.806	  8
    1527.022	  8
    1527.586	  8
    1528.760	  8
    1529.246	 53
    1530.814	  8
    1530.814	 20
    1530.814	 27
    1530.824	 28
    1530.824	 19
    1530.924	 29
    1531.092	  9
    1531.184	  8
    1550.944	 50
    1550.954	 17
    1580.954	 53
    1580.964	 20
    1580.964	 27
    1600.984	 50
    1600.994	 17
    1629.372	  8
    1629.706	  8
    1630.456	  8
    1630.994	 53
    1631.004	 20
    1631.004	 27
    1651.024	 52
    1651.034	 18
    1694.992	  8
    1695.608	  8
    1698.988	  8
    1699.352	  8
    1720.180	  8
    1720.606	  8
    1725.018	  8
    1725.236	  8
    1726.772	  8
    1729.590	  8
    1729.860	  8
    1730.392	  8
    1730.970	  8
    1735.040	  8
    1735.252	  8
    1735.714	  8
    1740.122	  8
    1740.642	  8
    1741.348	  8
    1744.176	  8
    1744.380	  8
    1745.230	  8
    1749.762	  8
    1749.954	  8
    1752.974	  8
    1753.446	  8
    1753.922	  8
    1755.406	  8
    1755.906	  8
    1756.538	  8
    1757.746	  8
    1760.466	  8
    1760.748	  8
    1761.156	  8
    1762.298	  8
    1763.554	  8
    1764.952	  8
    1765.562	  8
    1766.056	  8
    1768.074	  8
    1768.228	  8
    1769.178	  8
    1769.476	  8
    1769.880	  8
    1771.034	 53
    1771.286	  8
    1771.286	 20
    1771.286	 27
    1771.296	 28
    1771.296	 19
    1771.396	 29
    1771.564	  9
    1791.416	 50
    1791.426	 17
    1819.306	  8
    1821.132	  8
    1821.426	 53
    1821.436	 20
    1821.436	 27
    1821.968	  8
    1841.456	 52
    1841.466	 18
    1889.326	  8
    1889.580	  8
    1890.008	  8
    1890.182	  8
    1898.670	  8
    1898.972	  8
    1899.794	  8
    1900.736	  8
    1902.936	  8
    1903.192	  8
    1903.784	  8
    1904.098	  8
    1905.014	  8
    1914.954	  8
    1915.282	  8
    1916.020	  8
    1920.118	  8
    1920.814	  8
    1921.580	  8
    1922.350	  8
    1924.806	  8
    1925.022	  8
    1926.638	  8
    1927.032	  8
    1927.080	  8
    1927.380	  8
    1928.582	  8
    1928.902	  8
    1929.356	  8
    1930.130	  8
    1930.532	  8
    1933.532	  8
    1933.682	  8
    1933.962	  8
    1934.446	  8
    1935.320	  8
    1936.492	  8
    1937.352	  8
    1937.772	  8
    1941.066	  8
    1941.244	  8
    1942.030	  8
    1943.130	  8
    1944.164	  8
    1944.518	  8
    1947.786	  8
    1948.372	  8
    1948.968	  8
    1949.500	  8
    1949.862	  8
    1950.418	  8
    1950.980	  8
    1955.062	  8
    1955.246	  8
    1955.880	  8
    1956.442	  8
    1956.734	  8
    1957.400	  8
    1957.892	  8
    1959.770	  8
    1960.366	  8
    1960.802	  8
    1961.466	 53
    1961.592	  8
    1961.592	 20
    1961.592	 27
    1961.602	 28
    1961.602	 19
    1961.702	 29
    1961.870	  9
    1981.722	 52
    1981.732	 18
    2013.814	  7
    2013.912	  7
    2014.184	  7
    2014.318	  7
    2087.610	  8
    2087.848	  8
    2093.482	  8
    2094.104	  8
    2099.100	  8
    2099.230	  8
    2099.644	  8
    2101.732	 53
    2106.134	  8
    2106.134	 20
    2106.134	 27
    2106.144	 28
    2106.144	 19
    2106.244	 29
    2106.394	  8
    2106.412	  9
    2126.264	 50
    2126.274	 17
    2156.274	 53
    2156.284	 20
    2156.284	 27
    2176.304	 50
    2176.314	 17
    2194.406	  8
    2194.736	  8
    2195.660	  8
    2196.370	  8
    2197.208	  8
    2198.820	  8
    2200.256	  8
    2202.022	  8
    2205.722	  8
    2206.314	 53
    2206.324	 20
    2206.324	 27
    2208.108	  8
    2210.988	  8
    2224.046	  8
    2226.344	 51
    2226.354	 10
    2226.562	  8
    2227.920	  8
    2228.468	  8
    2229.000	  8
    2229.354	  8
    2229.420	  8
    2231.496	  8
    2234.782	  8
    2235.000	  8
    2235.720	  8
    2238.016	  8
    2239.752	  8
    2240.258	  8
    2241.314	  8
    2243.542	  8
    2243.762	  8
    2245.180	  8
    2245.522	  8
    2246.838	  8
    2247.704	  8
    2248.722	  8
    2250.952	  8
    2251.172	  8
    2251.866	  8
    2253.252	  8
    2253.664	  8
    2254.524	  8
    2257.282	  8
    2258.492	  8
    2259.392	  8
    2260.622	  8
    2260.986	  8
    2261.130	  8
    2263.074	  8
    2264.888	  8
    2266.050	  8
    2267.204	  8
    2267.546	  8
    2269.978	  8
    2270.648	  8
    2272.052	  8
    2273.080	  8
    2274.632	  8
    2275.222	  8
    2275.418	  8
    2277.004	  8
    2277.184	  8
    2278.576	  8
    2279.054	  8
    2279.406	  8
    2281.300	  8
    2282.034	  8
    2282.830	  8
    2283.726	  8
    2284.802	  8
    2284.908	  8
    2285.106	  8
    2285.422	  8
    2286.354	 53
    2288.024	  8
    2288.024	 20
    2288.024	 27
    2288.034	 28
    2288.034	 19
    2288.134	 29
    2288.302	  9
    2308.154	 51
    2308.164	 10
    2368.164	 53
    2381.612	  8
    2381.612	 20
    2381.612	 27
    2381.622	 28
    2381.622	 19
    2381.722	 29
    2381.890	  9
    2381.910	  8
    2401.742	 51
    2401.752	 10
    2405.470	  7
    2405.600	  7
    2405.760	  7
    2405.886	  7
    2406.042	  7
    2406.582	  7
    2410.448	  7
    2411.032	  7
    2411.358	  7
    2411.492	  7
    2411.622	  7
    2411.760	  7
    2411.896	  7
    2412.030	  7
    2412.162	  7
    2412.306	  7
    2412.446	  7
    2412.584	  7
    2412.730	  7
    2412.874	  7
    2413.006	  7
    2413.148	  7
    2413.290	  7
    2413.428	  7
    2413.516	  7
    2413.544	  7
    2413.686	  7
    2413.828	  7
    2413.972	  7
    2414.116	  7
    2414.266	  7
    2414.418	  7
    2414.556	  7
    2414.830	  7
    2414.968	  7
    2415.116	  7
    2415.260	  7
    2415.410	  7
    2415.564	  7
    2415.696	  7
    2415.840	  7
    2415.978	  7
    2416.124	  7
    2416.274	  7
    2416.426	  7
    2416.576	  7
    2416.736	  7
    2416.894	  7
    2417.038	  7
    2417.176	  7
    2417.336	  7
    2417.466	  7
    2417.600	  7
    2417.736	  7
    2417.884	  7
    2418.028	  7
    2418.166	  7
    2418.302	  7
    2418.458	  7
    2418.600	  7
    2418.892	  7
    2419.014	  7
    2419.154	  7
    2419.430	  7
    2419.570	  7
    2419.718	  7
    2419.866	  7
    2420.012	  7
    2420.158	  7
    2420.302	  7
    2420.450	  7
    2420.598	  7
    2420.732	  7
    2420.876	  7
    2421.022	  7
    2421.174	  7
    2421.328	  7
    2421.484	  7
    2421.620	  7
    2421.926	  7
    2422.086	  7
    2422.234	  7
    2422.390	  7
    2422.526	  7
    2422.684	  7
    2422.838	  7
    2423.024	  7
    2423.180	  7
    2423.322	  7
    2423.460	  7
    2423.610	  7
    2423.766	  7
    2423.928	  7
    2424.068	  7
    2424.214	  7
    2424.496	  7
    2424.634	  7
    2424.784	  7
    2424.938	  7
    2425.094	  7
    2425.238	  7
    2425.388	  7
    2425.536	  7
    2425.676	  7
    2425.836	  7
    2425.976	  7
    2426.124	  7
    2426.292	  7
    2426.446	  7
    2426.590	  7
    2426.742	  7
    2426.886	  7
    2427.046	  7
    2427.190	  7
    2427.350	  7
    2427.496	  7
    2427.638	  7
    2427.804	  7
    2427.938	  7
    2428.108	  7
    2428.238	  7
    2428.388	  7
    2428.542	  7
    2428.696	  7
    2428.838	  7
    2428.986	  7
    2429.136	  7
    2429.284	  7
    2429.440	  7
    2429.592	  7
    2429.738	  7
    2429.902	  7
    2430.040	  7
    2430.182	  7
    2430.328	  7
    2430.470	  7
    2430.620	  7
    2430.770	  7
    2430.920	  7
    2431.070	  7
    2431.224	  7
    2431.374	  7
    2431.558	  7
    2431.702	  7
    2431.838	  7
    2431.988	  7
    2432.136	  7
    2432.286	  7
    2432.434	  7
    2432.582	  7
    2432.742	  7
    2432.906	  7
    2433.060	  7
    2433.236	  7
    2433.364	  7
    2433.510	  7
    2433.662	  7
    2433.810	  7
    2433.982	  7
    2434.124	  7
    2434.288	  7
    2434.434	  7
    2434.592	  7
    2434.740	  7
    2434.896	  7
    2435.056	  7
    2435.198	  7
    2435.344	  7
    2435.482	  7
    2435.638	  7
    2435.786	  7
    2435.934	  7
    2436.092	  7
    2436.248	  7
    2436.416	  7
    2436.572	  7
    2436.732	  7
    2436.888	  7
    2437.058	  7
    2437.242	  7
    2437.376	  7
    2437.530	  7
    2437.696	  7
    2437.864	  7
    2438.002	  7
    2438.168	  7
    2438.314	  7
    2438.460	  7
    2438.598	  7
    2438.758	  7
    2438.898	  7
    2439.052	  7
    2439.202	  7
    2440.058	  7
    2440.220	  7
    2440.340	  7
    2440.482	  7
    2440.640	  7
    2441.076	  7
    2441.230	  7
    2441.360	  7
    2441.520	  7
    2441.656	  7
    2441.802	  7
    2444.222	  8
    2445.140	  8
    2447.550	  8
    2448.248	  8
    2448.702	  8
    2449.012	  8
    2449.246	  8
    2450.620	  8
    2451.348	  8
    2453.390	  8
    2453.912	  8
    2455.122	  8
    2455.966	  8
    2457.150	  8
    2458.610	  8
    2459.362	  8
    2459.820	  8
    2461.752	 53
    2461.860	  8
    2461.860	 20
    2461.860	 27
    2461.870	 28
    2461.870	 19
    2461.970	 29
    2462.138	  9
    2481.990	 52
    2482.000	 18
    2493.778	  7
    2493.946	  7
    2494.484	  7
    2494.614	  7
    2494.772	  7
    2494.946	  7
    2495.138	  7
    2495.328	  7
    2495.518	  7
    2495.704	  7
    2521.830	  7
    2522.278	  7
    2588.870	  8
    2589.622	  8
    2590.000	  8
    2591.578	  8
    2592.186	  8
    2594.358	  8
    2594.516	  8
    2595.034	  8
    2599.602	  8
    2599.996	  8
    2600.644	  8
    2602.000	 53
    2604.570	  8
    2604.570	 20
    2604.570	 27
    2604.580	 28
    2604.580	 19
    2604.680	 29
    2604.848	  9
    2624.700	 51
    2624.710	 10
    2652.700	  8
    2667.998	  8
    2668.402	  8
    2668.514	  8
    2668.618	  8
    2672.160	  8
    2672.236	  8
    2673.028	  8
    2674.120	  8
    2677.216	  8
    2679.784	  8
    2679.886	  8
    2680.068	  8
    2684.006	  8
    2684.680	  8
    2684.710	 53
    2685.726	  8
    2685.726	 20
    2685.726	 27
    2685.736	 28
    2685.736	 19
    2685.836	 29
    2686.004	  9
    2705.856	 52
    2705.866	 18
    2742.324	  8
    2762.538	  8
    2762.872	  8
    2770.602	  8
    2771.160	  8
    2771.880	  8
    2777.148	  8
    2777.916	  8
    2781.856	  8
    2782.174	  8
    2783.830	  8
    2787.180	  8
    2787.786	  8
    2788.738	  8
    2791.670	  8
    2792.220	  8
    2797.212	  8
    2797.436	  8
    2797.744	  8
    2798.404	  8
    2799.268	  8
    2799.870	  8
    2801.050	  8
    2801.278	  8
    2802.038	  8
    2803.308	  8
    2806.560	  8
    2807.240	  8
    2808.700	  8
    2811.846	  8
    2812.298	  8
    2816.040	  8
    2816.610	  8
    2817.702	  8
    2818.280	  8
    2818.690	  8
    2819.310	  8
    2821.262	  8
    2821.786	  8
    2823.316	  8
    2825.866	 53
    2827.526	  8
    2827.526	 20
    2827.526	 27
    2827.536	 28
    2827.536	 19
    2827.636	 29
    2827.804	  9
    2829.140	  8
    2847.656	 51
    2847.666	 10
    2867.414	  8
    2868.002	  8
    2880.266	  8
    2880.808	  8
    2890.048	  8
    2890.370	  8
    2891.198	  8
    2891.298	  8
    2891.544	  8
    2894.832	  8
    2895.976	  8
    2897.068	  8
    2900.058	  8
    2900.270	  8
    2900.694	  8
    2901.324	  8
    2901.760	  8
    2904.660	  8
    2904.892	  8
    2905.742	  8
    2907.666	 53
    2907.678	  8
    2907.678	 20
    2907.678	 27
    2907.688	 28
    2907.688	 19
    2907.788	 29
    2907.956	  9
    2927.808	 52
    2927.818	 18
    3047.818	 53
    3070.086	  8
    3070.086	 20
    3070.086	 27
    3070.096	 28
    3070.096	 19
    3070.196	 29
    3070.364	  9
    3090.216	 50
    3090.226	 17
    3120.226	 53
    3120.236	 20
    3120.236	 27
    3137.466	  7
    3140.256	 50
    3140.266	 17
    3144.552	  7
    3145.070	  7
    3145.386	  7
    3145.778	  7
    3146.258	  7
    3146.472	  7
    3146.614	  7
    3146.770	  7
    3146.996	  7
    3149.824	  7
    3150.038	  7
    3150.318	  7
    3150.438	  7
    3151.954	  7
    3152.114	  7
    3152.272	  7
    3152.586	  7
    3153.338	  7
    3153.824	  7
    3154.348	  7
    3170.266	 53
    3170.276	 20
    3170.276	 27
    3180.374	  8
    3190.296	 52
    3190.306	 18
    3217.464	  8
    3221.662	  8
    3221.838	  8
    3294.832	  8
    3294.960	  8
    3299.970	  8
    3300.432	  8
    3308.388	  8
    3308.782	  8
    3309.514	  8
    3309.864	  8
    3310.306	 53
    3313.726	  8
    3313.726	 20
    3313.726	 27
    3313.736	 28
    3313.736	 19
    3313.836	 29
    3313.988	  8
    3314.004	  9
    3333.856	 50
    3333.866	 17
    3359.790	  8
    3360.038	  8
    3363.704	  8
    3363.866	 53
    3363.876	 20
    3363.876	 27
    3364.264	  8
    3383.896	 50
    3383.906	 17
    3408.178	  8
    3408.502	  8
    3413.102	  8
    3413.728	  8
    3413.906	 53
    3413.916	 20
    3413.916	 27
    3414.380	  8
    3428.910	  7
    3430.006	  7
    3430.586	  7
    3430.822	  7
    3431.470	  7
    3431.730	  7
    3431.830	  7
    3431.898	  7
    3432.048	  7
    3432.186	  7
    3432.314	  7
    3432.446	  7
    3432.584	  7
    3432.840	  7
    3432.984	  7
    3433.424	  7
    3433.542	  7
    3433.700	  7
    3433.842	  7
    3433.936	 52
    3433.946	 18
    3434.138	  7
    3434.270	  7
    3434.400	  7
    3434.540	  7
    3435.634	  7
    3435.784	  7
    3435.918	  7
    3436.050	  7
    3436.208	  7
    3436.350	  7
    3436.642	  7
    3479.778	  8
    3479.980	  8
    3488.784	  8
    3488.988	  8
    3489.200	  8
    3489.744	  8
    3493.834	  8
    3493.992	  8
    3494.322	  8
    3500.966	  8
    3501.210	  8
    3501.694	  8
    3505.554	  8
    3505.668	  8
    3506.220	  8
    3510.360	  8
    3510.644	  8
    3511.344	  8
    3514.548	  8
    3514.712	  8
    3518.888	  8
    3519.170	  8
    3519.656	  8
    3520.918	  8
    3523.932	  8
    3524.034	  8
    3524.174	  8
    3524.934	  8
    3528.264	  8
    3528.464	  8
    3528.554	  8
    3528.696	  8
    3529.794	  8
    3533.212	  8
    3533.418	  8
    3533.992	  8
    3535.302	  8
    3535.520	  8
    3538.812	  8
    3539.060	  8
    3539.534	  8
    3540.396	  8
    3542.802	  8
    3543.504	  8
    3545.226	  8
    3545.602	  8
    3549.534	  8
    3550.234	  8
    3551.036	  8
    3551.194	  8
    3553.946	 53
    3554.898	  8
    3554.898	 20
    3554.898	 27
    3554.908	 28
    3554.908	 19
    3555.008	 29
    3555.140	  8
    3555.176	  9
    3575.028	 50
    3575.038	 17
    3604.858	  8
    3605.038	 53
    3605.048	 20
    3605.048	 27
    3625.068	 50
    3625.078	 17
    3653.122	  7
    3655.078	 53
    3655.088	 20
    3655.088	 27
    3675.108	 50
    3675.118	 17
    3689.040	  8
    3699.920	  8
    3705.118	 53
    3705.128	 20
    3705.128	 27
    3725.148	 52
    3725.158	 18
    3765.512	  8
    3765.762	  8
    3766.220	  8
    3773.262	  8
    3773.738	  8
    3774.238	  8
    3779.000	  8
    3779.164	  8
    3780.172	  8
    3780.364	  8
    3782.790	  8
    3783.116	  8
    3787.332	  8
    3787.474	  8
    3787.794	  8
    3793.688	  8
    3794.428	  8
    3800.708	  8
    3800.914	  8
    3801.454	  8
    3802.152	  8
    3807.036	  8
    3807.558	  8
    3812.970	  8
    3813.394	  8
    3813.886	  8
    3818.362	  8
    3818.616	  8
    3819.438	  8
    3820.252	  8
    3823.932	  8
    3824.298	  8
    3825.154	  8
    3825.316	  8
    3832.664	  8
    3833.108	  8
    3836.240	  8
    3837.204	  8
    3842.514	  8
    3842.750	  8
    3843.358	  8
    3843.962	  8
    3845.158	 53
    3847.750	  8
    3847.750	 20
    3847.750	 27
    3847.760	 28
    3847.760	 19
    3847.860	 29
    3848.008	  8
    3848.028	  9
    3867.880	 51
    3867.890	 10
    3908.934	  8
    3909.840	  8
    3915.956	  8
    3916.214	  8
    3916.878	  8
    3921.836	  8
    3922.372	  8
    3923.724	  8
    3925.238	  8
    3927.890	 53
    3928.612	  8
    3928.612	 20
    3928.612	 27
    3928.622	 28
    3928.622	 19
    3928.722	 29
    3928.790	  8
    3928.890	  9
    3948.742	 50
    3948.752	 17
    3978.752	 53
    3978.762	 20
    3978.762	 27
    3998.782	 52
    3998.792	 18
    4047.080	  8
    4047.452	  8
    4047.824	  8
    4079.792	  8
    4079.960	  8
    4094.722	  8
    4094.964	  8
    4095.376	  8
    4103.152	  8
    4103.476	  8
    4104.022	  8
    4108.710	  8
    4108.962	  8
    4109.472	  8
    4115.632	  8
    4115.730	  8
    4118.792	 53
    4128.878	  8
    4128.878	 20
    4128.878	 27
    4128.888	 28
    4128.888	 19
    4128.988	 29
    4129.124	  8
    4129.156	  9
    4149.008	 51
    4149.018	 10
    4164.890	  8
    4209.018	 53
    4223.408	  8
    4223.408	 20
    4223.408	 27
    4223.418	 28
    4223.418	 19
    4223.518	 29
    4223.686	  9
    4243.538	 50
    4243.548	 17
    4273.548	 53
    4273.558	 20
    4273.558	 27
    4293.578	 50
    4293.588	 17
    4321.622	  8
    4322.070	  8
    4323.588	 53
    4323.598	 20
    4323.598	 27
    4323.720	  8
    4343.618	 51
    4343.628	 10
    4403.628	 53
    4406.372	  8
    4406.372	 20
    4406.372	 27
    4406.382	 28
    4406.382	 19
    4406.482	 29
    4406.650	  8
    4426.502	 50
    4426.512	 17
    4456.512	 53
    4456.522	 20
    4456.522	 27
    4476.542	 52
    4476.552	 18
    4514.124	  8
    4528.006	  8
    4528.324	  8
    4538.048	  8
    4538.480	  8
    4554.756	  8
    4555.272	  8
    4555.682	  8
    4555.882	  8
    4556.490	  8
    4562.500	  8
    4562.744	  8
    4563.250	  8
    4574.416	  8
    4583.542	  8
    4584.116	  8
    4585.376	  8
    4591.130	  8
    4591.604	  8
    4596.552	 53
    4600.114	  8
    4600.114	 20
    4600.114	 27
    4600.124	 28
    4600.124	 19
    4600.224	 29
    4600.636	  9
    4600.664	  8
    4620.244	 50
    4620.254	 17
    4650.254	 53
    4650.264	 20
    4650.264	 27
    4670.284	 50
    4670.294	 17
    4686.550	  8
    4700.294	 53
    4700.304	 20
    4700.304	 27
    4720.324	 52
    4720.334	 18
    4747.536	  8
    4752.100	  8
    4752.664	  8
    4761.758	  8
    4761.916	  8
    4763.468	  8
    4774.284	  8
    4774.828	  8
    4775.954	  8
    4777.024	  8
    4781.572	  8
    4782.310	  8
    4785.912	  8
    4786.236	  8
    4793.448	  8
    4793.632	  8
    4794.276	  8
    4794.622	  8
    4801.394	  8
    4801.628	  8
    4802.278	  8
    4807.212	  8
    4807.386	  8
    4807.810	  8
    4808.162	  8
    4814.042	  8
    4814.624	  8
    4815.048	  8
    4815.560	  8
    4815.642	  8
    4824.378	  8
    4824.500	  8
    4824.562	  8
    4825.282	  8
    4829.354	  8
    4829.630	  8
    4830.042	  8
    4836.728	  8
    4836.930	  8
    4837.384	  8
    4838.108	  8
    4838.368	  8
    4840.334	 53
    4845.198	  8
    4845.198	 20
    4845.198	 27
    4845.208	 28
    4845.208	 19
    4845.308	 29
    4845.476	  9
    4845.584	  8
    4865.328	 50
    4865.338	 17
    4895.338	 53
    4895.348	 20
    4895.348	 27
    4915.368	 51
    4915.378	 10
    4930.710	  8
    4931.186	  8
    4931.272	  8
    4935.390	  8
    4935.704	  8
    4941.374	  8
    4941.932	  8
    4946.708	  8
    4947.088	  8
    4948.440	  8
    4950.056	  8
    4950.376	  8
    4951.028	  8
    4953.962	  8
    4955.420	  8
    4956.504	  8
    4958.946	  8
    4959.434	  8
    4961.812	  8
    4963.290	  8
    4963.810	  8
    4966.816	  8
    4967.182	  8
    4967.924	  8
    4968.958	  8
    4972.362	  8
    4972.522	  8
    4973.990	  8
    4975.222	  8
    4975.378	 53
    4977.968	  8
    4977.968	 20
    4977.968	 27
    4977.978	 28
    4977.978	 19
    4978.078	 29
    4978.246	  9
    4998.098	 50
    4998.108	 17
    5028.108	 53
    5028.118	 20
    5028.118	 27
    5048.138	 52
    5048.148	 18
    5162.150	  8
    5165.640	  8
    5165.868	  8
    5166.250	  8
    5168.148	 53
    5168.260	  8
    5168.260	 20
    5168.260	 27
    5168.270	 28
    5168.270	 19
    5168.370	 29
    5168.538	  9
    5168.598	  8
    5188.390	 52
    5188.400	 18
    5286.544	  8
    5286.704	  8
    5289.766	  8
    5290.300	  8
    5291.314	  8
    5291.574	  8
    5291.888	  8
    5305.466	  8
    5306.096	  8
    5308.400	 53
    5313.598	  8
    5313.598	 20
    5313.598	 27
    5313.608	 28
    5313.608	 19
    5313.708	 29
    5313.876	  9
    5313.906	  8
    5333.728	 51
    5333.738	 10
    5372.642	  8
    5372.904	  8
    5373.460	  8
    5373.786	  8
    5374.402	  8
    5375.502	  8
    5380.038	  8
    5380.300	  8
    5380.856	  8
    5381.716	  8
    5383.096	  8
    5383.264	  8
    5383.726	  8
    5385.600	  8
    5386.726	  8
    5387.258	  8
    5390.178	  8
    5390.350	  8
    5391.156	  8
    5392.292	  8
    5392.574	  8
    5393.256	  8
    5393.738	 53
    5396.516	  8
    5396.516	 20
    5396.516	 27
    5396.526	 28
    5396.526	 19
    5396.626	 29
    5396.794	  9
    5416.646	 51
    5416.656	 10
    5436.574	  8
    5436.776	  8
    5452.984	  8
    5461.598	  8
    5462.740	  8
    5467.254	  8
    5467.454	  8
    5468.338	  8
    5468.724	  8
    5475.516	  8
    5476.656	 53
    5476.764	  8
    5476.764	 20
    5476.764	 27
    5476.774	 28
    5476.774	 19
    5476.874	 29
    5476.884	 61
