      20.010	 52
      20.020	 18
      31.752	  8
      50.366	  7
      50.668	  7
      51.234	  7
      51.742	  7
      79.492	  8
     117.006	  8
     130.682	  7
     130.766	  7
     130.908	  7
     131.488	  7
     131.736	  7
     131.936	  7
     132.058	  7
     132.202	  7
     132.394	  7
     132.562	  7
     132.736	  7
     132.910	  7
     135.796	  7
     136.070	  7
     136.362	  7
     136.700	  7
     138.624	  7
     138.812	  7
     138.886	  7
     140.020	 53
     165.576	  8
     165.576	 20
     165.576	 27
     165.586	 28
     165.586	 19
     165.686	 29
     165.882	  9
     168.432	  8
     168.644	  8
     173.194	  8
     173.374	  8
     185.706	 51
     185.716	 17
     222.326	  8
     222.516	  8
     224.426	  8
     227.240	  8
     227.458	  8
     227.608	  8
     232.584	  8
     235.240	  8
     239.950	  8
     240.534	  8
     240.994	  8
     241.310	  8
     241.554	  8
     242.084	  8
     242.354	  8
     242.610	  8
     242.934	  8
     245.716	 53
     245.752	  8
     245.752	 20
     245.752	 27
     245.762	 28
     245.762	 19
     245.862	 29
     246.058	  9
     265.882	 51
     265.892	 17
     278.252	  8
     287.998	  8
     288.990	  8
     290.378	  8
     292.158	  8
     292.554	  8
     293.566	  8
     294.048	  8
     294.416	  8
     295.516	  8
     297.882	  8
     298.228	  8
     298.450	  8
     299.302	  8
     299.648	  8
     300.606	  8
     300.874	  8
     301.126	  8
     301.492	  8
     304.018	  8
     306.012	  8
     306.670	  8
     307.734	  8
     308.020	  8
     308.298	  8
     308.568	  8
     308.950	  8
     309.954	  8
     310.316	  8
     310.582	  8
     310.884	  8
     311.188	  8
     311.522	  8
     311.974	  8
     312.198	  8
     312.442	  8
     312.500	  8
     312.766	  8
     313.042	  8
     313.410	  8
     313.600	  8
     315.260	  8
     315.762	  8
     316.158	  8
     316.464	  8
     316.774	  8
     317.400	  8
     317.986	  8
     318.252	  8
     318.546	  8
     319.278	  8
     321.348	  8
     321.542	  8
     322.016	  8
     322.388	  8
     323.434	  8
     323.708	  8
     324.066	  8
     324.368	  8
     324.628	  8
     324.954	  8
     325.254	  8
     325.892	 53
     326.404	  8
     326.404	 20
     326.404	 27
     326.414	 28
     326.414	 19
     326.514	 29
     326.710	  9
     346.534	 51
     346.544	 17
     364.492	  8
     371.528	  7
     375.184	  8
     375.372	  8
     375.914	  8
     377.742	  8
     377.908	  8
     378.888	  8
     379.600	  8
     380.212	  8
     380.516	  8
     382.166	  8
     382.828	  8
     384.500	  8
     385.128	  8
     385.420	  8
     388.326	  8
     389.274	  8
     389.910	  8
     390.644	  8
     391.352	  8
     391.630	  8
     392.080	  8
     392.562	  8
     392.870	  8
     393.172	  8
     393.644	  8
     394.638	  8
     395.114	  8
     395.478	  8
     396.132	  8
     396.696	  8
     397.222	  8
     397.546	  8
     397.818	  8
     398.336	  8
     398.828	  8
     399.716	  8
     400.324	  8
     400.482	  8
     401.196	  8
     401.594	  8
     401.902	  8
     402.268	  8
     402.662	  8
     402.904	  8
     403.310	  8
     403.744	  8
     404.178	  8
     404.370	  8
     404.760	  8
     405.228	  8
     405.522	  8
     405.810	  8
     406.050	  8
     406.332	  8
     406.544	 53
     406.642	  8
     406.642	 20
     406.642	 27
     406.652	 28
     406.652	 19
     406.752	 29
     406.948	  9
     426.772	 52
     426.782	 18
     441.324	  7
     441.522	  7
     441.654	  7
     441.966	  7
     442.304	  7
     442.400	  7
     442.506	  7
     442.734	  7
     444.954	  7
     445.066	  7
     445.182	  7
     445.330	  7
     445.476	  7
     445.626	  7
     445.802	  7
     445.968	  7
     446.100	  7
     446.266	  7
     446.444	  7
     446.598	  7
     446.754	  7
     446.928	  7
     447.090	  7
     447.266	  7
     447.424	  7
     447.580	  7
     447.734	  7
     447.908	  7
     448.078	  7
     448.240	  7
     448.404	  7
     448.576	  7
     448.736	  7
     448.926	  7
     449.072	  7
     449.236	  7
     449.404	  7
     449.582	  7
     449.748	  7
     449.910	  7
     450.080	  7
     450.248	  7
     450.420	  7
     450.576	  7
     450.744	  7
     451.074	  7
     451.242	  7
     451.410	  7
     451.772	  7
     452.086	  7
     452.240	  7
     452.412	  7
     452.928	  7
     453.242	  7
     453.408	  7
     453.740	  7
     455.386	  7
     460.236	  7
     460.388	  7
     460.676	  7
     460.810	  7
     460.960	  7
     461.138	  7
     461.428	  7
     461.584	  7
     461.748	  7
     461.916	  7
     462.252	  7
     462.588	  7
     463.272	  7
     464.178	  7
     464.352	  7
     464.482	  7
     469.668	  8
     470.648	  8
     473.324	  8
     482.746	  8
     484.062	  8
     484.162	  8
     503.506	  8
     546.782	 53
     570.682	  8
     570.682	 20
     570.682	 27
     570.692	 28
     570.692	 19
     570.792	 29
     570.990	  9
     576.346	  8
     576.668	  8
     590.812	 52
     590.822	 18
     593.246	  8
     593.328	  8
     617.550	  8
     618.242	  8
     618.456	  8
     639.104	  7
     642.092	  8
     645.960	  8
     646.094	  8
     646.618	  8
     647.016	  8
     647.674	  8
     648.148	  8
     648.674	  8
     649.132	  8
     650.066	  8
     650.716	  8
     652.164	  8
     652.522	  8
     653.386	  8
     653.702	  8
     654.168	  8
     655.162	  8
     655.858	  8
     656.220	  8
     677.756	  8
     682.232	  8
     685.318	  8
     685.932	  8
     686.542	  8
     710.822	 53
     721.530	  8
     721.530	 20
     721.530	 27
     721.540	 28
     721.540	 19
     721.640	 29
     721.838	  9
     726.450	  8
     727.022	  8
     741.660	 52
     741.670	 18
     758.118	  8
     758.226	  8
     758.902	  8
     788.054	  8
     788.476	  8
     789.556	  8
     800.574	  8
     801.120	  8
     801.870	  8
     803.494	  8
     804.612	  8
     804.960	  8
     810.756	  8
     811.712	  8
     812.496	  8
     813.222	  8
     814.260	  8
     814.752	  8
     817.870	  8
     819.546	  8
     820.214	  8
     820.338	  8
     821.462	  8
     821.718	  8
     823.368	  8
     823.860	  8
     824.490	  8
     824.898	  8
     828.352	  8
     829.066	  8
     829.418	  8
     829.902	  8
     830.502	  8
     830.900	  8
     831.376	  8
     832.270	  8
     832.898	  8
     833.212	  8
     834.368	  8
     834.866	  8
     835.304	  8
     835.622	  8
     836.204	  8
     836.566	  8
     837.264	  8
     837.814	  8
     839.048	  8
     840.102	  8
     840.766	  8
     842.572	  8
     843.248	  8
     843.612	  8
     843.974	  8
     844.560	  8
     844.842	  8
     845.028	  8
     845.116	  8
     845.740	  8
     846.098	  8
     847.896	  8
     851.568	  8
     852.000	  8
     852.554	  8
     852.968	  8
     853.436	  8
     854.086	  8
     854.560	  8
     855.572	  8
     855.948	  8
     856.914	  8
     858.636	  8
     859.766	  8
     860.220	  8
     860.602	  8
     861.670	 53
     862.120	  8
     862.120	 20
     862.120	 27
     862.130	 28
     862.130	 19
     862.230	 29
     862.426	  9
     882.250	 51
     882.260	 17
     887.604	  8
     890.698	  8
     891.116	  8
     898.064	  8
     929.276	  8
     929.854	  8
     930.184	  8
     930.528	  8
     931.034	  8
     931.360	  8
     931.720	  8
     932.348	  8
     932.626	  8
     933.640	  8
     933.790	  8
     933.980	  8
     935.564	  8
     935.946	  8
     936.628	  8
     937.002	  8
     937.398	  8
     937.756	  8
     938.028	  8
     938.488	  8
     938.922	  8
     939.282	  8
     940.570	  8
     940.886	  8
     941.264	  8
     941.648	  8
     942.050	  8
     942.260	 53
     942.620	  8
     942.620	 20
     942.620	 27
     942.630	 28
     942.630	 19
     942.730	 29
     942.926	  9
     962.750	 50
     962.760	 10
     968.310	  8
     968.358	  8
     968.698	  8
     968.940	  8
     972.324	  8
     972.764	  8
     973.116	  8
     973.508	  8
     973.892	  8
     974.196	  8
     974.566	  8
     980.354	  8
     980.612	  8
     980.990	  8
     981.502	  8
     981.768	  8
     982.082	  8
     982.426	  8
     982.796	  8
     983.086	  8
     983.504	  8
     983.778	  8
     984.826	  8
     985.112	  8
     985.382	  8
     985.618	  8
     985.914	  8
     986.450	  8
     986.908	  8
     987.312	  8
     987.542	  8
     987.650	  8
     987.974	  8
     988.248	  8
     988.614	  8
     988.988	  8
     989.248	  8
     989.506	  8
     989.784	  8
     990.056	  8
     990.372	  8
     990.520	  8
     990.888	  8
     991.034	  8
     991.414	  8
     991.508	  8
     992.130	  8
     992.430	  8
     992.738	  8
     992.760	 53
     992.892	  8
     992.892	 20
     992.892	 27
     992.902	 28
     992.902	 19
     993.002	 29
     993.198	  9
    1013.022	 51
    1013.032	 17
    1043.026	  8
    1049.254	  8
    1049.658	  8
    1050.422	  8
    1051.730	  8
    1053.046	  8
    1054.980	  8
    1056.170	  8
    1057.164	  8
    1058.556	  8
    1058.872	  8
    1059.246	  8
    1059.666	  8
    1060.494	  8
    1060.722	  8
    1061.332	  8
    1061.702	  8
    1061.848	  8
    1062.020	  8
    1062.398	  8
    1062.858	  8
    1063.382	  8
    1063.556	  8
    1064.162	  8
    1064.598	  8
    1064.992	  8
    1065.504	  8
    1066.278	  8
    1068.038	  8
    1068.354	  8
    1068.698	  8
    1069.202	  8
    1070.324	  8
    1070.684	  8
    1071.080	  8
    1071.460	  8
    1071.760	  8
    1072.028	  8
    1072.348	  8
    1072.612	  8
    1073.032	 53
    1073.106	  8
    1073.106	 20
    1073.106	 27
    1073.116	 28
    1073.116	 19
    1073.216	 29
    1073.412	  9
    1093.236	 50
    1093.246	 10
    1108.952	  8
    1114.126	  8
    1116.302	  8
    1117.096	  8
    1117.424	  8
    1117.766	  8
    1118.240	  8
    1118.432	  8
    1118.740	  8
    1118.948	  8
    1119.636	  8
    1119.996	  8
    1120.392	  8
    1120.678	  8
    1121.078	  8
    1121.352	  8
    1121.718	  8
    1122.056	  8
    1123.246	 53
    1123.252	  8
    1123.252	 20
    1123.252	 27
    1123.262	 28
    1123.262	 19
    1123.362	 29
    1123.802	  9
    1143.382	 52
    1143.392	 18
    1155.188	  8
    1155.300	  8
    1195.270	  8
    1219.162	  8
    1219.232	  8
    1220.426	  8
    1221.690	  8
    1229.830	  8
    1230.554	  8
    1231.656	  8
    1233.076	  8
    1234.584	  8
    1235.330	  8
    1263.392	 53
    1309.008	  8
    1309.008	 20
    1309.008	 27
    1309.018	 28
    1309.018	 19
    1309.118	 29
    1309.558	  9
    1317.118	  8
    1318.200	  8
    1329.138	 51
    1329.148	 17
    1349.168	  7
    1349.210	  7
    1352.248	  8
    1352.396	  8
    1353.100	  8
    1353.514	  8
    1353.958	  8
    1354.372	  8
    1356.750	  8
    1358.514	  8
    1360.448	  8
    1362.482	  8
    1364.558	  8
    1365.288	  8
    1368.014	  8
    1368.782	  8
    1369.128	  8
    1369.626	  8
    1370.466	  8
    1370.648	  8
    1371.004	  8
    1371.468	  8
    1372.150	  8
    1372.532	  8
    1373.222	  8
    1373.744	  8
    1374.086	  8
    1374.560	  8
    1374.872	  8
    1375.168	  8
    1375.684	  8
    1377.450	  8
    1377.876	  8
    1378.842	  8
    1379.286	  8
    1379.662	  8
    1380.190	  8
    1380.594	  8
    1380.922	  8
    1381.254	  8
    1381.556	  8
    1381.862	  8
    1382.176	  8
    1382.672	  8
    1382.996	  8
    1384.514	  8
    1384.894	  8
    1385.240	  8
    1385.744	  8
    1386.044	  8
    1386.364	  8
    1386.732	  8
    1387.078	  8
    1387.418	  8
    1387.814	  8
    1388.350	  8
    1388.488	  8
    1388.794	  8
    1389.148	 53
    1389.150	  8
    1389.150	 20
    1389.150	 27
    1389.160	 28
    1389.160	 19
    1389.260	 29
    1389.700	  9
    1409.280	 52
    1409.290	 18
    1416.324	  8
    1417.706	  8
    1418.454	  8
    1418.952	  8
    1419.416	  8
    1435.512	  8
    1472.206	  8
    1472.660	  8
    1476.878	  8
    1482.618	  8
    1483.718	  8
    1485.642	  8
    1490.532	  8
    1498.794	  8
    1499.612	  8
    1501.830	  8
    1502.656	  8
    1503.134	  8
    1503.620	  8
    1507.368	  8
    1507.870	  8
    1509.556	  8
    1510.388	  8
    1511.060	  8
    1511.166	  8
    1511.354	  8
    1511.824	  8
    1512.460	  8
    1515.108	  8
    1516.102	  8
    1516.702	  8
    1517.152	  8
    1517.528	  8
    1517.842	  8
    1518.362	  8
    1518.936	  8
    1519.450	  8
    1520.640	  8
    1521.024	  8
    1521.312	  8
    1522.112	  8
    1522.304	  8
    1522.514	  8
    1522.692	  8
    1523.366	  8
    1523.760	  8
    1524.050	  8
    1524.450	  8
    1524.792	  8
    1525.152	  8
    1525.544	  8
    1526.008	  8
    1526.410	  8
    1527.036	  8
    1527.338	  8
    1527.798	  8
    1528.080	  8
    1528.400	  8
    1528.704	  8
    1529.040	  8
    1529.290	 53
    1529.396	  8
    1529.396	 20
    1529.396	 27
    1529.406	 28
    1529.406	 19
    1529.506	 29
    1529.702	  9
    1547.538	  8
    1549.526	 51
    1549.536	 17
    1550.978	  8
    1551.024	  8
    1558.924	  8
    1569.218	  7
    1569.346	  7
    1569.448	  7
    1569.600	  7
    1569.744	  7
    1569.898	  7
    1570.056	  7
    1570.210	  7
    1570.384	  7
    1570.548	  7
    1570.682	  7
    1570.842	  7
    1570.998	  7
    1571.156	  7
    1571.310	  7
    1571.470	  7
    1571.634	  7
    1571.790	  7
    1571.954	  7
    1572.114	  7
    1572.276	  7
    1572.462	  7
    1572.590	  7
    1572.736	  7
    1572.886	  7
    1573.038	  7
    1573.194	  7
    1573.354	  7
    1573.520	  7
    1573.678	  7
    1573.890	  7
    1574.020	  7
    1574.184	  7
    1574.348	  7
    1574.504	  7
    1574.674	  7
    1574.832	  7
    1574.996	  7
    1575.186	  7
    1575.628	  7
    1576.332	  7
    1578.268	  7
    1579.058	  7
    1581.110	  7
    1581.526	  7
    1585.112	  7
    1586.300	  7
    1587.490	  7
    1588.616	  7
    1597.752	  8
    1597.918	  8
    1598.108	  8
    1598.210	  8
    1598.478	  8
    1599.014	  8
    1599.914	  8
    1600.320	  8
    1600.782	  8
    1601.196	  8
    1601.440	  8
    1601.806	  8
    1602.462	  8
    1603.036	  8
    1603.356	  8
    1604.420	  8
    1604.844	  8
    1605.402	  8
    1605.738	  8
    1606.026	  8
    1606.344	  8
    1606.834	  8
    1607.146	  8
    1607.486	  8
    1607.912	  8
    1608.088	  8
    1608.470	  8
    1608.508	  8
    1608.808	  8
    1609.044	  8
    1609.378	  8
    1609.536	 53
    1609.672	  8
    1609.672	 20
    1609.672	 27
    1609.682	 28
    1609.682	 19
    1609.782	 29
    1609.810	  8
    1609.980	  9
    1629.802	 51
    1629.812	 17
    1646.836	  7
    1646.946	  7
    1647.124	  7
    1647.510	  7
    1647.744	  7
    1647.956	  7
    1648.088	  7
    1648.274	  7
    1648.438	  7
    1648.626	  7
    1648.814	  7
    1648.986	  7
    1649.326	  7
    1649.502	  7
    1649.662	  7
    1649.856	  7
    1650.012	  7
    1650.162	  7
    1650.322	  7
    1650.476	  7
    1650.652	  7
    1650.808	  7
    1650.984	  7
    1651.182	  7
    1651.334	  7
    1651.512	  7
    1651.696	  7
    1651.840	  7
    1651.976	  7
    1652.128	  7
    1652.286	  7
    1652.448	  7
    1652.568	  7
    1652.724	  7
    1652.868	  7
    1653.038	  7
    1653.200	  7
    1653.378	  7
    1653.544	  7
    1653.702	  7
    1654.000	  7
    1654.150	  7
    1654.306	  7
    1654.474	  7
    1654.664	  7
    1654.792	  7
    1655.108	  7
    1655.266	  7
    1655.410	  7
    1655.568	  7
    1655.918	  7
    1656.072	  7
    1656.506	  7
    1656.654	  7
    1656.806	  7
    1657.006	  7
    1657.144	  7
    1657.304	  7
    1660.388	  8
    1661.674	  8
    1662.092	  8
    1663.116	  8
    1663.758	  8
    1664.202	  8
    1664.514	  8
    1664.872	  8
    1665.256	  8
    1665.586	  8
    1665.972	  8
    1666.428	  8
    1666.916	  8
    1667.002	  8
    1667.574	  8
    1667.906	  8
    1668.178	  8
    1668.496	  8
    1668.822	  8
    1669.160	  8
    1669.636	  8
    1669.766	  8
    1670.016	  8
    1670.424	  8
    1670.764	  8
    1671.090	  8
    1671.448	  8
    1671.798	  8
    1672.432	  8
    1672.772	  8
    1673.102	  8
    1673.404	  8
    1673.592	  8
    1673.890	  8
    1674.188	  8
    1674.466	  8
    1674.770	  8
    1675.246	  8
    1675.400	  8
    1675.516	  8
    1676.224	  8
    1677.102	  8
    1677.362	  8
    1677.752	  8
    1678.144	  8
    1678.250	  8
    1678.538	  8
    1678.800	  8
    1678.982	  8
    1679.094	  8
    1679.294	  8
    1679.448	  8
    1679.818	  8
    1680.118	  8
    1680.572	  8
    1680.906	  8
    1681.174	  8
    1681.522	  8
    1681.902	  8
    1682.262	  8
    1682.654	  8
    1683.270	  8
    1683.690	  8
    1684.102	  8
    1684.838	  8
    1685.046	  8
    1685.608	  8
    1685.862	  8
    1686.188	  8
    1686.654	  8
    1687.094	  8
    1687.256	  8
    1687.292	  8
    1687.710	  8
    1688.150	  8
    1689.424	  8
    1689.812	 53
    1690.038	  8
    1690.038	 20
    1690.038	 27
    1690.048	 28
    1690.048	 19
    1690.148	 29
    1690.346	  9
    1695.386	  8
    1696.398	  8
    1710.168	 52
    1710.178	 18
    1784.216	  8
    1784.932	  8
    1785.654	  8
    1795.970	  8
    1796.560	  8
    1797.100	  8
    1810.010	  8
    1810.730	  8
    1811.212	  8
    1812.524	  8
    1813.118	  8
    1813.498	  8
    1813.894	  8
    1814.186	  8
    1814.768	  8
    1815.400	  8
    1817.018	  8
    1818.066	  8
    1818.390	  8
    1819.678	  8
    1820.184	  8
    1820.754	  8
    1821.648	  8
    1822.024	  8
    1822.670	  8
    1822.742	  8
    1822.982	  8
    1823.610	  8
    1823.976	  8
    1824.514	  8
    1826.120	  8
    1826.576	  8
    1827.370	  8
    1830.178	 53
    1833.736	  8
    1833.736	 20
    1833.736	 27
    1833.746	 28
    1833.746	 19
    1833.846	 29
    1834.042	  9
    1836.972	  8
    1837.776	  8
    1853.866	 51
    1853.876	 17
    1874.960	  8
    1879.930	  8
    1882.758	  8
    1883.382	  8
    1884.552	  8
    1885.802	  8
    1886.368	  8
    1886.658	  8
    1887.038	  8
    1888.062	  8
    1888.392	  8
    1888.868	  8
    1889.302	  8
    1890.396	  8
    1890.810	  8
    1891.136	  8
    1892.830	  8
    1892.940	  8
    1893.168	  8
    1894.212	  8
    1895.588	  8
    1896.614	  8
    1897.052	  8
    1897.336	  8
    1897.726	  8
    1898.136	  8
    1899.602	  8
    1900.466	  8
    1900.966	  8
    1901.406	  8
    1902.188	  8
    1902.610	  8
    1903.232	  8
    1903.600	  8
    1904.402	  8
    1904.802	  8
    1905.150	  8
    1906.292	  8
    1907.286	  8
    1907.614	  8
    1907.904	  8
    1908.244	  8
    1908.594	  8
    1908.932	  8
    1909.188	  8
    1909.512	  8
    1909.756	  8
    1909.976	  8
    1910.050	  8
    1910.728	  8
    1911.104	  8
    1911.414	  8
    1911.706	  8
    1912.006	  8
    1912.330	  8
    1912.636	  8
    1912.958	  8
    1913.294	  8
    1913.564	  8
    1913.876	 53
    1914.046	  8
    1914.046	 20
    1914.046	 27
    1914.056	 28
    1914.056	 19
    1914.156	 29
    1914.354	  9
    1934.176	 50
    1934.186	 10
    1944.728	  8
    1950.528	  8
    1951.722	  8
    1952.230	  8
    1952.934	  8
    1953.448	  8
    1953.924	  8
    1954.756	  8
    1955.054	  8
    1955.326	  8
    1955.798	  8
    1956.116	  8
    1956.354	  8
    1957.182	  8
    1957.448	  8
    1957.730	  8
    1958.322	  8
    1958.590	  8
    1958.786	  8
    1959.180	  8
    1959.650	  8
    1960.000	  8
    1960.644	  8
    1960.958	  8
    1961.256	  8
    1961.388	  8
    1961.960	  8
    1962.322	  8
    1962.702	  8
    1963.034	  8
    1963.610	  8
    1964.118	  8
    1964.186	 53
    1964.674	  8
    1964.674	 20
    1964.674	 27
    1964.684	 28
    1964.684	 19
    1964.784	 29
    1964.980	  9
    1984.804	 50
    1984.814	 10
    1996.892	  8
    1996.996	  8
    1999.046	  8
    2000.054	  8
    2000.270	  8
    2002.324	  8
    2003.240	  8
    2003.594	  8
    2004.202	  8
    2004.620	  8
    2005.362	  8
    2005.704	  8
    2006.406	  8
    2006.758	  8
    2007.122	  8
    2008.078	  8
    2008.716	  8
    2009.058	  8
    2009.356	  8
    2009.618	  8
    2009.976	  8
    2010.312	  8
    2010.742	  8
    2011.064	  8
    2011.828	  8
    2012.190	  8
    2012.420	  8
    2012.580	  8
    2013.224	  8
    2013.488	  8
    2013.730	  8
    2014.028	  8
    2014.430	  8
    2014.638	  8
    2014.814	 53
    2014.818	  8
    2014.818	 20
    2014.818	 27
    2014.828	 28
    2014.828	 19
    2014.908	  8
    2014.928	 29
    2015.124	  9
    2034.948	 51
    2034.958	 17
    2041.472	  7
    2041.574	  7
    2041.848	  7
    2042.002	  7
    2042.252	  7
    2042.368	  7
    2042.552	  7
    2042.762	  7
    2042.954	  7
    2043.074	  7
    2043.256	  7
    2043.390	  7
    2043.552	  7
    2043.710	  7
    2043.874	  7
    2044.036	  7
    2044.218	  7
    2044.372	  7
    2044.522	  7
    2044.686	  7
    2044.858	  7
    2045.030	  7
    2045.178	  7
    2045.344	  7
    2045.494	  7
    2045.642	  7
    2045.834	  7
    2045.968	  7
    2046.122	  7
    2046.284	  7
    2046.438	  7
    2046.598	  7
    2046.760	  7
    2046.922	  7
    2047.074	  7
    2047.256	  7
    2047.402	  7
    2047.564	  7
    2048.054	  7
    2048.216	  7
    2049.536	  7
    2049.670	  7
    2050.002	  7
    2050.158	  7
    2050.316	  7
    2050.478	  7
    2050.672	  7
    2050.812	  7
    2050.974	  7
    2051.124	  7
    2051.282	  7
    2051.626	  7
    2051.914	  7
    2052.046	  7
    2052.184	  7
    2052.688	  7
    2052.954	  7
    2053.088	  7
    2053.224	  7
    2053.532	  7
    2053.720	  7
    2054.184	  7
    2054.336	  7
    2054.484	  7
    2054.646	  7
    2054.838	  7
    2054.968	  7
    2055.116	  7
    2055.432	  7
    2055.764	  7
    2056.098	  7
    2057.808	  7
    2058.288	  7
    2058.730	  7
    2059.508	  7
    2059.626	  7
    2059.780	  7
    2059.930	  7
    2060.084	  7
    2060.310	  7
    2060.452	  7
    2060.620	  7
    2060.738	  7
    2060.886	  7
    2061.056	  7
    2061.212	  7
    2061.358	  7
    2061.540	  7
    2061.676	  7
    2062.238	  7
    2063.690	  8
    2063.902	  8
    2064.246	  8
    2064.466	  8
    2065.540	  8
    2066.306	  8
    2066.930	  8
    2070.954	  8
    2071.590	  8
    2073.562	  8
    2074.906	  8
    2076.834	  8
    2085.380	  8
    2085.764	  8
    2086.474	  8
    2087.380	  8
    2088.436	  8
    2088.888	  8
    2090.498	  8
    2091.686	  8
    2092.144	  8
    2092.692	  8
    2093.382	  8
    2093.790	  8
    2094.510	  8
    2094.958	 53
    2095.014	  8
    2095.014	 20
    2095.014	 27
    2095.024	 28
    2095.024	 19
    2095.124	 29
    2095.320	  9
    2115.144	 50
    2115.154	 10
    2132.278	  8
    2134.656	  8
    2135.602	  8
    2136.550	  8
    2137.404	  8
    2137.694	  8
    2138.022	  8
    2138.318	  8
    2138.840	  8
    2139.386	  8
    2139.878	  8
    2140.202	  8
    2140.504	  8
    2140.938	  8
    2141.542	  8
    2141.660	  8
    2141.918	  8
    2142.266	  8
    2142.640	  8
    2142.906	  8
    2143.220	  8
    2143.824	  8
    2144.072	  8
    2144.392	  8
    2144.740	  8
    2144.850	  8
    2145.154	 53
    2145.798	  8
    2145.798	 20
    2145.798	 27
    2145.808	 28
    2145.808	 19
    2145.908	 29
    2146.104	  9
    2148.350	  8
    2165.928	 51
    2165.938	 17
    2167.062	  7
    2167.588	  7
    2167.728	  7
    2167.954	  7
    2168.042	  7
    2168.232	  7
    2168.416	  7
    2168.554	  7
    2168.756	  7
    2168.928	  7
    2169.120	  7
    2170.084	  7
    2170.226	  7
    2170.410	  7
    2171.396	  7
    2171.682	  7
    2172.150	  7
    2172.628	  7
    2172.772	  7
    2184.932	  8
    2185.152	  8
    2185.720	  8
    2186.348	  8
    2187.290	  8
    2187.580	  8
    2189.264	  8
    2189.598	  8
    2191.086	  8
    2192.568	  8
    2192.826	  8
    2192.868	  8
    2193.026	  8
    2193.198	  8
    2193.308	  8
    2194.066	  8
    2196.078	  8
    2196.354	  8
    2196.422	  8
    2198.016	  8
    2198.482	  8
    2199.176	  8
    2200.794	  8
    2201.092	  8
    2202.206	  8
    2202.690	  8
    2203.128	  8
    2203.674	  8
    2204.128	  8
    2204.618	  8
    2204.972	  8
    2205.420	  8
    2205.862	  8
    2206.148	  8
    2206.456	  8
    2206.894	  8
    2207.220	  8
    2207.400	  8
    2207.732	  8
    2208.058	  8
    2208.410	  8
    2208.992	  8
    2209.188	  8
    2209.480	  8
    2210.518	  8
    2210.702	  8
    2211.044	  8
    2211.522	  8
    2211.806	  8
    2212.092	  8
    2212.928	  8
    2213.144	  8
    2213.324	  8
    2214.092	  8
    2214.392	  8
    2214.696	  8
    2215.010	  8
    2215.292	  8
    2215.584	  8
    2215.906	  8
    2216.206	  8
    2216.558	  8
    2216.890	  8
    2217.022	  8
    2217.248	  8
    2217.802	  8
    2218.422	  8
    2218.974	  8
    2219.460	  8
    2219.844	  8
    2220.136	  8
    2220.450	  8
    2220.804	  8
    2221.146	  8
    2221.408	  8
    2221.972	  8
    2222.620	  8
    2222.984	  8
    2223.272	  8
    2223.554	  8
    2223.816	  8
    2224.136	  8
    2224.594	  8
    2224.924	  8
    2225.192	  8
    2225.466	  8
    2225.814	  8
    2225.938	 53
    2226.624	  8
    2226.624	 20
    2226.624	 27
    2226.634	 28
    2226.634	 19
    2226.734	 29
    2227.174	  9
    2246.754	 51
    2246.764	 17
    2253.862	  8
    2254.718	  8
    2255.010	  8
    2266.172	  5
    2266.470	  5
    2269.442	  8
    2269.674	  8
    2269.834	  8
    2270.534	  8
    2271.402	  8
    2271.796	  8
    2272.184	  8
    2272.620	  8
    2274.356	  8
    2274.838	  8
    2275.206	  8
    2275.566	  8
    2275.960	  8
    2276.358	  8
    2277.342	  8
    2279.898	  8
    2280.234	  8
    2281.870	  8
    2282.672	  8
    2284.762	  8
    2285.024	  8
    2285.356	  8
    2285.708	  8
    2286.240	  8
    2286.610	  8
    2286.876	  8
    2287.068	  8
    2289.368	  8
    2289.730	  8
    2290.228	  8
    2290.612	  8
    2291.316	  8
    2292.068	  8
    2292.680	  8
    2293.278	  8
    2293.634	  8
    2294.014	  8
    2294.392	  8
    2294.892	  8
    2295.348	  8
    2295.646	  8
    2296.010	  8
    2296.202	  8
    2297.206	  8
    2297.550	  8
    2297.842	  8
    2298.216	  8
    2298.652	  8
    2299.110	  8
    2299.302	  8
    2299.952	  8
    2300.190	  8
    2300.440	  8
    2300.824	  8
    2301.290	  8
    2302.010	  8
    2302.308	  8
    2302.628	  8
    2302.930	  8
    2303.386	  8
    2304.772	  8
    2305.982	  8
    2306.322	  8
    2306.642	  8
    2306.764	 53
    2307.262	  8
    2307.262	 20
    2307.262	 27
    2307.272	 28
    2307.272	 19
    2307.372	 29
    2307.568	  9
    2327.082	  8
    2327.392	 50
    2327.402	 10
    2327.566	  8
    2330.272	  8
    2341.980	  8
    2342.374	  8
    2342.956	  8
    2343.654	  8
    2344.224	  8
    2345.168	  8
    2347.294	  8
    2348.570	  8
    2350.214	  8
    2350.618	  8
    2351.086	  8
    2351.850	  8
    2352.322	  8
    2352.750	  8
    2353.026	  8
    2353.352	  8
    2353.710	  8
    2354.272	  8
    2354.576	  8
    2354.792	  8
    2355.060	  8
    2355.256	  8
    2355.752	  8
    2356.022	  8
    2356.370	  8
    2356.630	  8
    2357.170	  8
    2357.402	 53
    2357.524	  8
    2357.524	 20
    2357.524	 27
    2357.534	 28
    2357.534	 19
    2357.634	 29
    2357.830	  9
    2377.654	 52
    2377.664	 18
    2394.768	  8
    2459.842	  8
    2461.150	  8
    2461.886	  8
    2463.478	  8
    2464.294	  8
    2464.714	  8
    2467.156	  8
    2472.470	  8
    2473.178	  8
    2473.798	  8
    2476.422	  8
    2497.664	 53
    2519.106	  8
    2519.106	 20
    2519.106	 27
    2519.116	 28
    2519.116	 19
    2519.216	 29
    2519.412	  9
    2529.862	  8
    2539.236	 50
    2539.246	 10
    2555.672	  8
    2556.274	  8
    2556.682	  8
    2557.432	  8
    2557.750	  8
    2558.452	  8
    2559.042	  8
    2559.926	  8
    2561.458	  8
    2561.736	  8
    2562.168	  8
    2562.474	  8
    2562.558	  8
    2563.024	  8
    2563.520	  8
    2564.172	  8
    2564.808	  8
    2565.294	  8
    2565.758	  8
    2566.298	  8
    2566.742	  8
    2567.066	  8
    2567.590	  8
    2567.684	  8
    2567.964	  8
    2568.558	  8
    2568.870	  8
    2569.246	 53
    2569.346	  8
    2569.346	 20
    2569.346	 27
    2569.356	 28
    2569.356	 19
    2569.456	 29
    2569.652	  9
    2589.476	 50
    2589.486	 10
    2596.770	  8
    2597.322	  8
    2608.162	  8
    2610.936	  8
    2613.540	  8
    2614.056	  8
    2614.526	  8
    2616.916	  8
    2618.820	  8
    2619.422	  8
    2619.486	 53
    2619.802	  8
    2619.802	 20
    2619.802	 27
    2619.812	 28
    2619.812	 19
    2619.912	 29
    2620.108	  9
    2639.932	 52
    2639.942	 18
    2642.584	  8
    2647.764	  8
    2683.162	  7
    2683.536	  7
    2684.498	  7
    2684.740	  7
    2684.846	  7
    2685.030	  7
    2690.082	  7
    2694.360	  8
    2694.852	  8
    2700.536	  8
    2701.266	  8
    2703.434	  8
    2732.330	  8
    2735.266	  8
    2736.784	  8
    2738.220	  8
    2740.472	  8
    2741.008	  8
    2741.418	  8
    2742.654	  8
    2743.068	  8
    2743.526	  8
    2743.576	  8
    2743.746	  8
    2743.794	  8
    2744.204	  8
    2744.824	  8
    2745.670	  8
    2747.322	  8
    2747.894	  8
    2748.700	  8
    2748.884	  8
    2753.306	  8
    2753.828	  8
    2753.934	  8
    2754.050	  8
    2759.942	 53
    2773.338	  8
    2773.338	 20
    2773.338	 27
    2773.348	 28
    2773.348	 19
    2773.448	 29
    2773.644	  9
    2788.372	  8
    2791.526	  8
    2793.468	 50
    2793.478	 10
    2794.110	  8
    2798.912	  8
    2799.726	  8
    2800.632	  8
    2801.058	  8
    2803.690	  8
    2804.404	  8
    2804.566	  8
    2808.216	  8
    2809.550	  8
    2811.200	  8
    2811.920	  8
    2812.650	  8
    2813.402	  8
    2814.014	  8
    2815.128	  8
    2815.720	  8
    2816.734	  8
    2817.128	  8
    2817.584	  8
    2818.064	  8
    2818.328	  8
    2818.630	  8
    2819.160	  8
    2819.776	  8
    2820.100	  8
    2820.408	  8
    2821.084	  8
    2821.322	  8
    2821.556	  8
    2821.910	  8
    2822.114	  8
    2822.492	  8
    2822.776	  8
    2823.340	  8
    2823.478	 53
    2823.666	  8
    2823.666	 20
    2823.666	 27
    2823.676	 28
    2823.676	 19
    2823.776	 29
    2823.972	  9
    2825.690	  8
    2843.796	 50
    2843.806	 10
    2859.790	  8
    2860.030	  8
    2861.382	  8
    2863.096	  8
    2864.002	  8
    2864.678	  8
    2865.160	  8
    2866.892	  8
    2867.044	  8
    2867.576	  8
    2868.178	  8
    2869.498	  8
    2870.812	  8
    2871.146	  8
    2871.440	  8
    2871.882	  8
    2872.650	  8
    2873.092	  8
    2873.624	  8
    2873.806	 53
    2874.186	  8
    2874.186	 20
    2874.186	 27
    2874.196	 28
    2874.196	 19
    2874.296	 29
    2874.492	  9
    2894.316	 52
    2894.326	 18
    2905.012	  8
    2907.430	  8
    2912.886	  8
    2952.564	  8
    2953.436	  8
    2954.418	  8
    2955.652	  8
    2956.094	  8
    2957.360	  8
    2957.914	  8
    2958.590	  8
    2958.698	  8
    2961.574	  8
    2963.456	  8
    2965.010	  8
    2965.972	  8
    2969.278	  8
    2970.852	  8
    2972.272	  8
    2975.380	  8
    2975.866	  8
    2987.756	  8
    2994.016	  8
    3004.108	  8
    3004.878	  8
    3006.132	  8
    3007.456	  8
    3014.326	 53
    3031.762	  8
    3031.762	 20
    3031.762	 27
    3031.772	 28
    3031.772	 19
    3031.872	 29
    3032.068	  9
    3042.006	  8
    3044.348	  8
    3051.892	 52
    3051.902	 18
    3055.690	  8
    3099.474	  8
    3099.558	  8
    3101.540	  8
    3101.668	  8
    3103.496	  8
    3103.796	  8
    3105.344	  8
    3105.896	  8
    3106.182	  8
    3107.554	  8
    3108.324	  8
    3108.600	  8
    3110.186	  8
    3111.022	  8
    3112.686	  8
    3112.938	  8
    3114.020	  8
    3116.210	  8
    3116.650	  8
    3117.074	  8
    3117.730	  8
    3117.936	  8
    3118.638	  8
    3123.462	  7
    3123.554	  7
    3123.878	  7
    3124.068	  7
    3124.192	  7
    3124.362	  7
    3124.530	  7
    3124.696	  7
    3124.904	  7
    3125.064	  7
    3125.264	  7
    3125.404	  7
    3125.628	  7
    3125.726	  7
    3125.892	  7
    3126.048	  7
    3126.216	  7
    3126.380	  7
    3126.564	  7
    3126.712	  7
    3126.888	  7
    3127.038	  7
    3127.188	  7
    3127.354	  7
    3127.512	  7
    3127.666	  7
    3127.814	  7
    3127.980	  7
    3128.154	  7
    3128.346	  7
    3128.496	  7
    3128.792	  7
    3128.942	  7
    3129.100	  7
    3129.262	  7
    3129.426	  7
    3129.588	  7
    3129.798	  7
    3129.924	  7
    3130.084	  7
    3130.240	  7
    3130.400	  7
    3130.526	  7
    3130.684	  7
    3130.848	  7
    3131.018	  7
    3131.174	  7
    3131.330	  7
    3131.486	  7
    3131.646	  7
    3131.810	  7
    3131.982	  7
    3132.146	  7
    3132.346	  7
    3132.494	  7
    3132.648	  7
    3132.804	  7
    3132.966	  7
    3133.116	  7
    3133.284	  7
    3133.438	  7
    3133.622	  7
    3133.744	  7
    3133.922	  7
    3134.076	  7
    3134.268	  7
    3134.412	  7
    3134.572	  7
    3134.728	  7
    3134.856	  7
    3135.168	  7
    3137.518	  8
    3137.942	  8
    3138.484	  8
    3138.886	  8
    3139.390	  8
    3140.400	  8
    3140.636	  8
    3141.834	  8
    3142.284	  8
    3142.470	  8
    3143.008	  8
    3143.394	  8
    3143.704	  8
    3146.048	  8
    3146.760	  8
    3152.740	  8
    3155.584	  8
    3159.296	  8
    3162.258	  8
    3162.372	  8
    3164.712	  8
    3165.692	  8
    3165.770	  8
    3171.902	 53
    3184.732	  8
    3184.732	 20
    3184.732	 27
    3184.742	 28
    3184.742	 19
    3184.750	  8
    3184.842	 29
    3185.038	  9
    3188.294	  8
    3188.464	  8
    3188.840	  8
    3189.018	  8
    3204.862	 50
    3204.872	 10
    3213.938	  8
    3222.524	  8
    3223.846	  8
    3227.144	  8
    3228.128	  8
    3229.028	  8
    3229.274	  8
    3229.540	  8
    3229.880	  8
    3230.342	  8
    3230.634	  8
    3230.930	  8
    3232.492	  8
    3233.038	  8
    3233.324	  8
    3233.596	  8
    3233.894	  8
    3234.512	  8
    3234.872	 53
    3235.214	  8
    3235.214	 20
    3235.214	 27
    3235.224	 28
    3235.224	 19
    3235.324	 29
    3235.520	  9
    3255.344	 52
    3255.354	 18
    3273.028	  8
    3274.052	  8
    3274.380	  8
    3292.950	  8
    3293.332	  8
    3294.902	  8
    3295.336	  8
    3295.658	  8
    3299.350	  8
    3300.042	  8
    3300.560	  8
    3304.062	  8
    3313.666	  8
    3314.236	  8
    3316.594	  8
    3318.154	  8
    3321.112	  8
    3329.730	  8
    3357.920	  8
    3358.412	  8
    3358.488	  8
    3359.038	  8
    3359.890	  8
    3360.814	  8
    3362.424	  8
    3367.632	  8
    3368.200	  8
    3368.528	  8
    3369.142	  8
    3370.004	  8
    3375.354	 53
    3377.254	  8
    3377.254	 20
    3377.254	 27
    3377.264	 28
    3377.264	 19
    3377.364	 29
    3377.560	  9
    3382.662	  8
    3383.032	  8
    3383.372	  8
    3397.384	 50
    3397.394	 10
    3406.610	  8
    3409.292	  8
    3409.710	  8
    3410.332	  8
    3410.672	  8
    3411.796	  8
    3412.352	  8
    3412.912	  8
    3413.298	  8
    3415.508	  8
    3416.756	  8
    3417.572	  8
    3419.938	  8
    3421.074	  8
    3421.620	  8
    3422.300	  8
    3422.564	  8
    3422.916	  8
    3423.490	  8
    3423.804	  8
    3424.144	  8
    3424.572	  8
    3424.846	  8
    3425.392	  8
    3425.682	  8
    3426.014	  8
    3426.178	  8
    3426.744	  8
    3426.886	  8
    3427.020	  8
    3427.394	 53
    3427.412	  8
    3427.412	 20
    3427.412	 27
    3427.422	 28
    3427.422	 19
    3427.522	 29
    3427.718	  9
    3437.428	  8
    3438.036	  8
    3438.162	  8
    3438.446	  8
    3447.542	 50
    3447.552	 10
    3463.092	  8
    3463.364	  8
    3464.150	  8
    3464.398	  8
    3464.668	  8
    3464.760	  8
    3465.566	  8
    3466.234	  8
    3466.722	  8
    3467.176	  8
    3467.486	  8
    3467.882	  8
    3468.436	  8
    3468.712	  8
    3469.004	  8
    3469.354	  8
    3469.732	  8
    3470.196	  8
    3470.664	  8
    3470.772	  8
    3471.240	  8
    3471.378	  8
    3471.630	  8
    3471.914	  8
    3472.112	  8
    3472.870	  8
    3473.956	  8
    3474.776	  8
    3475.034	  8
    3475.350	  8
    3475.682	  8
    3476.014	  8
    3476.368	  8
    3476.816	  8
    3477.120	  8
    3477.390	  8
    3477.552	 53
    3477.628	  8
    3477.628	 20
    3477.628	 27
    3477.638	 28
    3477.638	 19
    3477.738	 29
    3477.934	  9
    3497.758	 50
    3497.768	 10
    3506.354	  8
    3507.394	  8
    3509.836	  8
    3510.064	  8
    3510.656	  8
    3511.730	  8
    3512.252	  8
    3512.944	  8
    3513.982	  8
    3514.590	  8
    3515.032	  8
    3515.846	  8
    3516.236	  8
    3517.696	  8
    3517.900	  8
    3518.300	  8
    3518.642	  8
    3519.030	  8
    3519.578	  8
    3519.896	  8
    3520.248	  8
    3520.576	  8
    3521.076	  8
    3521.526	  8
    3521.896	  8
    3522.220	  8
    3522.418	  8
    3522.810	  8
    3522.916	  8
    3523.514	  8
    3523.768	  8
    3524.162	  8
    3524.514	  8
    3524.750	  8
    3525.074	  8
    3525.374	  8
    3525.664	  8
    3525.964	  8
    3526.194	  8
    3526.390	  8
    3526.690	  8
    3526.870	  8
    3527.344	  8
    3527.626	  8
    3527.768	 53
    3528.126	  8
    3528.126	 20
    3528.126	 27
    3528.136	 28
    3528.136	 19
    3528.236	 29
    3528.432	  9
    3548.256	 51
    3548.266	 17
    3567.294	  7
    3568.470	  7
    3568.624	  7
    3568.716	  7
    3568.854	  7
    3569.020	  7
    3569.190	  7
    3569.334	  7
    3569.524	  7
    3569.712	  7
    3569.884	  7
    3570.046	  7
    3570.214	  7
    3570.372	  7
    3570.534	  7
    3570.694	  7
    3570.854	  7
    3571.022	  7
    3571.188	  7
    3571.354	  7
    3571.506	  7
    3571.954	  7
    3572.094	  7
    3572.304	  7
    3572.454	  7
    3572.766	  7
    3574.060	  7
    3574.162	  7
    3574.286	  7
    3574.460	  7
    3574.604	  7
    3575.506	  7
    3579.318	  7
    3581.608	  7
    3582.532	  7
    3583.920	  7
    3585.028	  7
    3587.434	  7
    3588.570	  7
    3589.660	  7
    3590.924	  7
    3592.252	  7
    3593.326	  7
    3595.348	  7
    3597.042	  8
    3597.354	  8
    3597.624	  8
    3598.338	  8
    3599.034	  8
    3599.766	  8
    3600.110	  8
    3600.532	  8
    3601.134	  8
    3601.506	  8
    3602.882	  8
    3605.806	  8
    3606.976	  8
    3607.450	  8
    3608.220	  8
    3608.266	 53
    3608.732	  8
    3608.732	 20
    3608.732	 27
    3608.742	 28
    3608.742	 19
    3608.842	 29
    3609.038	  9
    3628.862	 51
    3628.872	 17
    3648.664	  8
    3653.950	  7
    3670.040	  8
    3670.584	  8
    3670.988	  8
    3671.632	  8
    3672.126	  8
    3672.772	  8
    3673.594	  8
    3674.694	  8
    3675.070	  8
    3675.588	  8
    3675.936	  8
    3676.456	  8
    3676.860	  8
    3677.230	  8
    3677.710	  8
    3678.062	  8
    3679.160	  8
    3679.474	  8
    3680.150	  8
    3680.526	  8
    3681.210	  8
    3681.706	  8
    3682.004	  8
    3682.304	  8
    3682.722	  8
    3682.868	  8
    3683.414	  8
    3683.618	  8
    3683.794	  8
    3684.508	  8
    3684.798	  8
    3685.066	  8
    3685.518	  8
    3685.868	  8
    3686.196	  8
    3686.476	  8
    3686.828	  8
    3687.608	  8
    3687.926	  8
    3688.050	  8
    3688.310	  8
    3688.872	 53
    3689.024	  8
    3689.024	 20
    3689.024	 27
    3689.034	 28
    3689.034	 19
    3689.134	 29
    3689.330	  9
    3709.154	 50
    3709.164	 10
    3727.100	  8
    3732.790	  8
    3735.260	  8
    3737.256	  8
    3737.668	  8
    3737.982	  8
    3738.416	  8
    3739.164	 53
    3739.472	  8
    3739.472	 20
    3739.472	 27
    3739.482	 28
    3739.482	 19
    3739.582	 29
    3739.778	  9
    3747.266	  8
    3748.306	  8
    3755.920	  8
    3758.958	  8
    3759.602	 51
    3759.612	 17
    3768.172	  7
    3771.674	  8
    3777.332	  8
    3782.190	  7
    3785.526	  8
    3790.366	  8
    3792.606	  8
    3793.214	  8
    3794.804	  8
    3797.490	  8
    3797.772	  8
    3798.092	  8
    3798.708	  8
    3800.652	  8
    3802.480	  8
    3803.422	  8
    3803.780	  8
    3804.578	  8
    3806.348	  8
    3808.838	  8
    3809.298	  8
    3809.702	  8
    3810.056	  8
    3810.650	  8
    3811.094	  8
    3811.612	  8
    3812.184	  8
    3812.478	  8
    3813.532	  8
    3814.098	  8
    3814.434	  8
    3815.076	  8
    3816.218	  8
    3817.310	  8
    3818.010	  8
    3818.250	  8
    3818.446	  8
    3818.866	  8
    3819.228	  8
    3819.540	  8
    3819.612	 53
    3819.860	  8
    3819.860	 20
    3819.860	 27
    3819.870	 28
    3819.870	 19
    3819.970	 29
    3820.166	  9
    3839.990	 50
    3840.000	 10
    3854.580	  8
    3857.980	  8
    3859.228	  8
    3860.054	  8
    3860.782	  8
    3861.638	  8
    3862.050	  8
    3862.606	  8
    3863.062	  8
    3863.768	  8
    3864.348	  8
    3864.844	  8
    3865.288	  8
    3865.644	  8
    3866.228	  8
    3866.558	  8
    3866.750	  8
    3867.314	  8
    3867.630	  8
    3867.880	  8
    3868.168	  8
    3868.510	  8
    3868.776	  8
    3869.446	  8
    3869.810	  8
    3870.000	 53
    3870.114	  8
    3870.114	 20
    3870.114	 27
    3870.124	 28
    3870.124	 19
    3870.224	 29
    3870.420	  9
    3890.244	 50
    3890.254	 10
    3900.864	  8
    3901.342	  8
    3902.780	  8
    3903.572	  8
    3904.562	  8
    3905.014	  8
    3905.398	  8
    3906.116	  8
    3906.456	  8
    3906.932	  8
    3907.304	  8
    3907.884	  8
    3908.414	  8
    3908.876	  8
    3909.408	  8
    3909.972	  8
    3910.642	  8
    3911.238	  8
    3911.604	  8
    3911.764	  8
    3911.830	  8
    3911.946	  8
    3912.230	  8
    3912.522	  8
    3913.324	  8
    3913.712	  8
    3914.180	  8
    3914.524	  8
    3914.824	  8
    3915.118	  8
    3915.562	  8
    3916.010	  8
    3916.202	  8
    3916.520	  8
    3916.724	  8
    3916.970	  8
    3917.224	  8
    3917.606	  8
    3918.038	  8
    3918.318	  8
    3918.590	  8
    3918.868	  8
    3919.102	  8
    3919.372	  8
    3919.426	  8
    3919.678	  8
    3920.032	  8
    3920.254	 53
    3920.256	  8
    3920.256	 20
    3920.256	 27
    3920.266	 28
    3920.266	 19
    3920.366	 29
    3920.508	  8
    3920.562	  9
    3923.172	  8
    3940.386	 52
    3940.396	 18
    3954.944	  8
    3955.984	  8
    3957.126	  8
    3965.916	  8
    3966.506	  8
    3968.366	  8
    3982.278	  8
    3983.916	  8
    3985.412	  8
    3985.894	  8
    3990.250	  8
    3990.630	  8
    3992.458	  8
    3994.054	  8
    3997.000	  8
    3998.432	  8
    4011.574	  8
    4027.040	  7
    4027.552	  7
    4027.946	  7
    4028.070	  7
    4028.512	  7
    4028.596	  7
    4028.798	  7
    4028.976	  7
    4029.154	  7
    4029.370	  7
    4029.542	  7
    4029.722	  7
    4029.926	  7
    4030.090	  7
    4030.282	  7
    4030.686	  7
    4030.830	  7
    4032.702	  8
    4033.120	  8
    4033.432	  8
    4033.710	  8
    4034.010	  8
    4036.440	  8
    4044.232	  8
    4048.340	  8
    4048.840	  8
    4053.198	  8
    4055.628	  8
    4060.396	 53
    4062.352	  8
    4062.352	 20
    4062.352	 27
    4062.362	 28
    4062.362	 19
    4062.462	 29
    4062.658	  9
    4074.450	  8
    4074.502	  8
    4082.482	 51
    4082.492	 17
    4084.852	  8
    4097.216	  8
    4100.514	  8
    4100.876	  8
    4102.598	  8
    4109.970	  8
    4113.048	  8
    4113.836	  8
    4114.442	  8
    4117.076	  8
    4118.214	  8
    4122.374	  8
    4122.964	  8
    4123.048	  8
    4123.612	  8
    4126.782	  8
    4126.976	  8
    4129.128	  8
    4129.624	  8
    4132.600	  8
    4134.938	  8
    4135.954	  8
    4137.186	  8
    4138.956	  8
    4140.796	  8
    4141.424	  8
    4142.492	 53
    4143.202	  8
    4143.202	 20
    4143.202	 27
    4143.212	 28
    4143.212	 19
    4143.312	 29
    4143.406	  8
    4143.508	  9
    4163.332	 51
    4163.342	 17
    4184.698	  8
    4186.212	  8
    4191.462	  7
    4191.780	  7
    4191.948	  7
    4192.114	  7
    4192.376	  7
    4192.626	  7
    4192.742	  7
    4192.922	  7
    4193.168	  7
    4193.316	  7
    4193.450	  7
    4193.724	  7
    4193.902	  7
    4194.080	  7
    4194.230	  7
    4194.388	  7
    4194.542	  7
    4194.698	  7
    4194.854	  7
    4195.018	  7
    4195.160	  7
    4195.302	  7
    4195.454	  7
    4195.614	  7
    4195.766	  7
    4195.930	  7
    4196.104	  7
    4196.234	  7
    4196.384	  7
    4196.544	  7
    4196.700	  7
    4196.860	  7
    4197.028	  7
    4197.176	  7
    4197.354	  7
    4197.640	  7
    4197.776	  7
    4197.936	  7
    4198.256	  7
    4198.450	  7
    4198.596	  7
    4199.244	  7
    4199.890	  7
    4200.046	  7
    4200.186	  7
    4200.498	  7
    4201.618	  7
    4202.134	  7
    4203.278	  7
    4204.570	  7
    4206.158	  7
    4206.670	  7
    4207.110	  7
    4207.652	  7
    4207.774	  7
    4207.912	  7
    4208.064	  7
    4208.884	  7
    4209.882	  7
    4210.162	  7
    4210.830	  7
    4211.952	  7
    4212.910	  7
    4213.710	  7
    4214.068	  7
    4215.024	  7
    4215.450	  7
    4216.648	  7
    4216.962	  7
    4217.128	  7
    4217.308	  7
    4217.502	  7
    4217.626	  7
    4218.624	  7
    4219.410	  7
    4219.788	  7
    4219.920	  7
    4220.234	  7
    4220.940	  7
    4221.574	  7
    4221.734	  7
    4221.902	  7
    4222.106	  7
    4222.232	  7
    4222.522	  7
    4223.056	  7
    4223.196	  7
    4223.342	 53
    4224.328	  7
    4224.968	  7
    4225.892	  7
    4226.722	  7
    4226.844	  7
    4227.154	  7
    4227.686	  7
    4228.440	  7
    4228.598	  7
    4229.096	  7
    4229.754	  7
    4230.368	  7
    4230.866	  7
    4231.522	  7
    4233.482	  8
    4233.482	 20
    4233.482	 27
    4233.492	 28
    4233.492	 19
    4233.592	 29
    4233.788	  9
    4238.162	  8
    4238.594	  8
    4253.612	 50
    4253.622	 10
    4271.214	  8
    4271.580	  8
    4272.230	  8
    4273.700	  8
    4275.508	  8
    4276.990	  8
    4278.112	  8
    4278.582	  8
    4279.264	  8
    4279.594	  8
    4280.008	  8
    4280.322	  8
    4281.150	  8
    4281.898	  8
    4282.118	  8
    4282.346	  8
    4282.800	  8
    4282.896	  8
    4283.202	  8
    4283.490	  8
    4283.622	 53
    4284.176	  8
    4284.176	 20
    4284.176	 27
    4284.186	 28
    4284.186	 19
    4284.286	 29
    4284.482	  9
    4287.076	  8
    4304.306	 50
    4304.316	 10
    4306.874	  8
    4307.038	  8
    4308.272	  8
    4310.890	  8
    4314.084	  8
    4314.620	  8
    4315.174	  8
    4315.842	  8
    4316.754	  8
    4317.160	  8
    4317.498	  8
    4317.958	  8
    4318.250	  8
    4318.696	  8
    4319.186	  8
    4319.484	  8
    4319.780	  8
    4320.204	  8
    4320.482	  8
    4320.732	  8
    4321.108	  8
    4321.344	  8
    4321.516	  8
    4321.868	  8
    4322.676	  8
    4323.180	  8
    4323.388	  8
    4324.382	  8
    4324.648	  8
    4324.924	  8
    4325.464	  8
    4325.784	  8
    4326.076	  8
    4326.400	  8
    4326.884	  8
    4327.156	  8
    4327.424	  8
    4327.986	  8
    4328.160	  8
    4328.582	  8
    4328.844	  8
    4329.078	  8
    4329.382	  8
    4329.774	  8
    4330.150	  8
    4330.802	  8
    4330.974	  8
    4331.122	  8
    4331.384	  8
    4331.734	  8
    4332.046	  8
    4332.266	  8
    4332.522	  8
    4332.986	  8
    4333.390	  8
    4333.844	  8
    4334.014	  8
    4334.316	 53
    4334.622	  8
    4334.622	 20
    4334.622	 27
    4334.632	 28
    4334.632	 19
    4334.732	 29
    4334.928	  9
    4336.498	  8
    4354.752	 51
    4354.762	 17
    4371.158	  7
    4374.360	  8
    4390.546	  8
    4390.872	  8
    4391.264	  8
    4392.142	  8
    4394.404	  8
    4396.778	  8
    4398.874	  8
    4399.942	  8
    4401.614	  8
    4403.194	  8
    4403.552	  8
    4403.934	  8
    4404.858	  8
    4405.264	  8
    4405.924	  8
    4407.372	  8
    4408.614	  8
    4409.256	  8
    4409.910	  8
    4410.348	  8
    4410.872	  8
    4411.250	  8
    4411.606	  8
    4411.890	  8
    4412.276	  8
    4412.984	  8
    4413.196	  8
    4413.488	  8
    4414.002	  8
    4414.358	  8
    4414.710	  8
    4414.762	 53
    4415.326	  8
    4415.326	 20
    4415.326	 27
    4415.336	 28
    4415.336	 19
    4415.372	  8
    4415.436	 29
    4415.632	  9
    4418.794	  8
    4435.456	 52
    4435.466	 18
    4455.346	  8
    4458.858	  8
    4486.396	  7
    4486.482	  7
    4486.832	  7
    4487.086	  7
    4487.236	  7
    4487.440	  7
    4487.634	  7
    4487.824	  7
    4488.022	  7
    4488.222	  7
    4488.418	  7
    4488.994	  7
    4493.572	  7
    4493.720	  7
    4493.886	  7
    4494.184	  7
    4494.280	  7
    4494.420	  7
    4494.564	  7
    4494.890	  7
    4495.210	  7
    4495.412	  7
    4495.722	  7
    4503.060	  8
    4504.688	  8
    4507.900	  8
    4508.206	  8
    4508.520	  8
    4510.768	  8
    4511.056	  8
    4511.150	  8
    4515.050	  8
    4515.276	  8
    4515.628	  8
    4515.728	  8
    4515.952	  8
    4516.364	  8
    4521.114	  8
    4521.302	  8
    4531.442	  8
    4534.382	  8
    4535.036	  8
    4536.070	  8
    4538.528	  8
    4538.642	  8
    4545.128	  8
    4545.592	  8
    4547.124	  8
    4547.594	  8
    4548.104	  8
    4550.522	  8
    4551.422	  8
    4552.646	  8
    4555.232	  8
    4555.466	 53
    4559.060	  8
    4559.060	 20
    4559.060	 27
    4559.070	 28
    4559.070	 19
    4559.170	 29
    4559.366	  9
    4576.266	  8
    4579.190	 50
    4579.200	 10
    4591.110	  8
    4598.172	  8
    4598.784	  8
    4600.092	  8
    4600.414	  8
    4602.126	  8
    4602.414	  8
    4602.664	  8
    4603.106	  8
    4604.454	  8
    4604.608	  8
    4605.046	  8
    4605.942	  8
    4606.270	  8
    4606.584	  8
    4607.070	  8
    4607.646	  8
    4607.934	  8
    4608.242	  8
    4608.544	  8
    4608.768	  8
    4609.200	 53
    4609.304	  8
    4609.304	 20
    4609.304	 27
    4609.314	 28
    4609.314	 19
    4609.414	 29
    4609.610	  9
    4615.826	  8
    4629.434	 50
    4629.444	 10
    4648.086	  8
    4648.694	  8
    4649.546	  8
    4649.914	  8
    4650.386	  8
    4650.684	  8
    4651.204	  8
    4651.662	  8
    4652.334	  8
    4652.674	  8
    4653.264	  8
    4653.534	  8
    4654.018	  8
    4654.378	  8
    4654.712	  8
    4655.048	  8
    4655.658	  8
    4655.978	  8
    4656.136	  8
    4656.488	  8
    4656.822	  8
    4657.080	  8
    4657.358	  8
    4657.694	  8
    4657.922	  8
    4658.632	  8
    4659.106	  8
    4659.372	  8
    4659.444	 53
    4659.648	  8
    4659.648	 20
    4659.648	 27
    4659.658	 28
    4659.658	 19
    4659.758	 29
    4659.954	  9
    4679.778	 50
    4679.788	 10
    4690.252	  8
    4691.008	  8
    4692.672	  8
    4693.880	  8
    4694.738	  8
    4695.224	  8
    4695.674	  8
    4696.028	  8
    4696.616	  8
    4696.932	  8
    4697.744	  8
    4698.482	  8
    4698.874	  8
    4699.442	  8
    4699.836	  8
    4700.132	  8
    4700.622	  8
    4701.022	  8
    4701.392	  8
    4701.786	  8
    4702.154	  8
    4702.678	  8
    4703.002	  8
    4703.934	  8
    4703.998	  8
    4704.166	  8
    4705.080	  8
    4705.342	  8
    4705.614	  8
    4705.892	  8
    4706.160	  8
    4706.480	  8
    4706.818	  8
    4706.968	  8
    4707.354	  8
    4707.538	  8
    4707.858	  8
    4708.148	  8
    4708.374	  8
    4708.642	  8
    4708.854	  8
    4709.158	  8
    4709.352	  8
    4709.788	 53
    4710.052	  8
    4710.052	 20
    4710.052	 27
    4710.062	 28
    4710.062	 19
    4710.162	 29
    4710.358	  9
    4730.182	 51
    4730.192	 17
    4742.426	  7
    4742.768	  7
    4742.894	  7
    4743.042	  7
    4743.228	  7
    4743.386	  7
    4743.554	  7
    4743.722	  7
    4743.914	  7
    4744.108	  7
    4744.468	  7
    4744.816	  7
    4745.140	  7
    4745.302	  7
    4745.460	  7
    4745.628	  7
    4745.786	  7
    4745.942	  7
    4746.104	  7
    4746.268	  7
    4746.424	  7
    4746.582	  7
    4746.738	  7
    4746.910	  7
    4747.066	  7
    4747.230	  7
    4747.400	  7
    4747.562	  7
    4747.740	  7
    4747.950	  7
    4748.076	  7
    4748.226	  7
    4748.374	  7
    4748.534	  7
    4748.688	  7
    4748.858	  7
    4749.056	  7
    4749.184	  7
    4749.668	  7
    4749.996	  7
    4750.200	  7
    4750.334	  7
    4750.482	  7
    4750.638	  7
    4750.798	  7
    4751.134	  7
    4751.312	  7
    4751.624	  7
    4751.796	  7
    4752.458	  7
    4753.234	  7
    4753.754	  7
    4754.858	  7
    4755.052	  7
    4756.000	  7
    4756.358	  7
    4759.182	  7
    4759.330	  7
    4760.648	  7
    4762.432	  7
    4763.790	  7
    4764.910	  7
    4765.100	  7
    4765.406	  7
    4765.742	  7
    4766.266	  7
    4767.430	  7
    4768.396	  7
    4768.738	  7
    4771.102	  7
    4772.424	  7
    4773.564	  7
    4774.072	  7
    4774.384	  7
    4775.036	  7
    4776.012	  7
    4778.396	  7
    4779.744	  8
    4780.052	  8
    4780.372	  8
    4780.468	  8
    4780.932	  8
    4781.358	  8
    4781.816	  8
    4782.296	  8
    4782.698	  8
    4783.276	  8
    4783.758	  8
    4784.184	  8
    4784.498	  8
    4784.918	  8
    4785.910	  8
    4786.500	  8
    4787.140	  8
    4787.848	  8
    4788.246	  8
    4788.880	  8
    4789.190	  8
    4789.504	  8
    4789.882	  8
    4790.192	 53
    4790.316	  8
    4790.316	 20
    4790.316	 27
    4790.326	 28
    4790.326	 19
    4790.426	 29
    4790.624	  9
    4810.446	 50
    4810.456	 10
    4829.562	  8
    4829.838	  8
    4830.294	  8
    4830.644	  8
    4831.952	  8
    4833.712	  8
    4835.040	  8
    4835.290	  8
    4835.606	  8
    4835.916	  8
    4838.032	  8
    4838.794	  8
    4839.010	  8
    4839.508	  8
    4839.890	  8
    4840.160	  8
    4840.456	 53
    4840.726	  8
    4840.726	 20
    4840.726	 27
    4840.736	 28
    4840.736	 19
    4840.836	 29
    4841.032	  9
    4850.048	  8
    4860.856	 51
    4860.866	 17
    4882.924	  8
    4888.066	  8
    4888.426	  8
    4892.590	  8
    4893.250	  8
    4893.684	  8
    4894.318	  8
    4896.678	  8
    4898.372	  8
    4899.800	  8
    4905.312	  8
    4905.786	  8
    4906.964	  8
    4908.180	  8
    4908.952	  8
    4909.594	  8
    4909.948	  8
    4910.260	  8
    4910.860	  8
    4911.226	  8
    4911.424	  8
    4912.056	  8
    4912.384	  8
    4913.200	  8
    4913.704	  8
    4914.256	  8
    4914.734	  8
    4915.140	  8
    4915.550	  8
    4916.046	  8
    4916.456	  8
    4916.822	  8
    4917.136	  8
    4917.546	  8
    4917.676	  8
    4917.848	  8
    4918.168	  8
    4918.342	  8
    4918.994	  8
    4919.096	  8
    4919.374	  8
    4919.738	  8
    4920.636	  8
    4920.866	 53
    4920.942	  8
    4920.942	 20
    4920.942	 27
    4920.952	 28
    4920.952	 19
    4921.052	 29
    4921.248	  9
    4925.074	  8
    4941.072	 50
    4941.082	 10
    4958.390	  8
    4961.402	  8
    4962.692	  8
    4963.664	  8
    4963.894	  8
    4964.344	  8
    4964.476	  8
    4964.756	  8
    4965.038	  8
    4965.280	  8
    4965.998	  8
    4966.102	  8
    4966.798	  8
    4968.164	  8
    4968.914	  8
    4969.364	  8
    4969.856	  8
    4969.924	  8
    4970.540	  8
    4970.862	  8
    4971.082	 53
    4971.278	  8
    4971.278	 20
    4971.278	 27
    4971.288	 28
    4971.288	 19
    4971.388	 29
    4971.584	  9
    4991.408	 51
    4991.418	 17
    5011.078	  8
    5013.398	  8
    5014.424	  8
    5016.808	  8
    5018.734	  8
    5021.664	  8
    5022.860	  8
    5024.784	  8
    5026.424	  8
    5026.824	  8
    5027.234	  8
    5027.686	  8
    5028.164	  8
    5029.432	  8
    5029.872	  8
    5030.544	  8
    5030.812	  8
    5031.236	  8
    5032.216	  8
    5032.452	  8
    5033.264	  8
    5033.738	  8
    5034.120	  8
    5034.452	  8
    5034.856	  8
    5035.304	  8
    5035.724	  8
    5036.050	  8
    5036.296	  8
    5036.616	  8
    5036.920	  8
    5037.236	  8
    5037.632	  8
    5037.838	  8
    5038.488	  8
    5039.016	  8
    5039.316	  8
    5039.636	  8
    5040.244	  8
    5040.418	  8
    5040.700	  8
    5040.960	  8
    5041.256	  8
    5041.526	  8
    5041.826	  8
    5042.156	  8
    5042.492	  8
    5043.002	  8
    5043.194	  8
    5043.616	  8
    5043.956	  8
    5044.240	  8
    5044.570	  8
    5044.798	  8
    5045.014	  8
    5045.498	  8
    5045.706	  8
    5046.118	  8
    5046.426	  8
    5046.758	  8
    5047.102	  8
    5047.424	  8
    5047.728	  8
    5047.930	  8
    5048.226	  8
    5048.712	  8
    5048.886	  8
    5049.310	  8
    5050.018	  8
    5050.442	  8
    5050.564	  8
    5051.044	  8
    5051.244	  8
    5051.418	 53
    5051.420	  8
    5051.420	 20
    5051.420	 27
    5051.430	 28
    5051.430	 19
    5051.530	 29
    5051.726	  9
    5062.580	  8
    5067.410	  8
    5067.530	  8
    5071.550	 51
    5071.560	 17
    5082.812	  8
    5086.342	  8
    5088.064	  8
    5090.770	  8
    5091.272	  8
    5091.974	  8
    5092.250	  8
    5094.602	  8
    5095.410	  8
    5096.428	  8
    5096.922	  8
    5098.130	  8
    5098.792	  8
    5099.606	  8
    5101.654	  8
    5102.734	  8
    5103.050	  8
    5103.504	  8
    5104.208	  8
    5104.828	  8
    5105.610	  8
    5105.968	  8
    5106.280	  8
    5106.830	  8
    5107.110	  8
    5107.424	  8
    5107.796	  8
    5108.280	  8
    5108.756	  8
    5109.168	  8
    5109.318	  8
    5109.710	  8
    5110.026	  8
    5110.384	  8
    5110.764	  8
    5111.446	  8
    5112.238	  8
    5112.710	  8
    5112.880	  8
    5113.214	  8
    5113.502	  8
    5113.858	  8
    5114.054	  8
    5114.522	  8
    5114.798	  8
    5115.116	  8
    5115.412	  8
    5115.696	  8
    5116.048	  8
    5116.408	  8
    5116.676	  8
    5116.912	  8
    5117.106	  8
    5117.944	  8
    5118.240	  8
    5118.568	  8
    5118.884	  8
    5119.468	  8
    5119.864	  8
    5120.380	  8
    5120.584	  8
    5120.794	  8
    5121.038	  8
    5121.362	  8
    5121.780	  8
    5122.088	  8
    5123.002	  8
    5123.348	  8
    5123.514	  8
    5123.632	  8
    5123.778	  8
    5124.104	  8
    5124.628	  8
    5124.812	  8
    5125.828	  8
    5126.136	  8
    5126.476	  8
    5127.026	  8
    5127.424	  8
    5128.184	  8
    5128.460	  8
    5128.790	  8
    5129.192	  8
    5129.690	  8
    5129.912	  8
    5130.386	  8
    5130.592	  8
    5130.926	  8
    5131.560	 53
    5131.696	  8
    5131.696	 20
    5131.696	 27
    5131.706	 28
    5131.706	 19
    5131.806	 29
    5131.816	 61
