      10.804	  7
      10.968	  7
      12.332	  7
      12.562	  7
      12.922	  7
      13.032	  7
      13.302	  7
      13.548	  7
      13.652	  7
      13.754	  7
      13.930	  7
      15.240	  7
      15.506	  7
      20.010	 51
      20.020	 18
      29.276	  8
      46.868	  8
      47.014	  8
      70.942	  8
      71.154	  8
      80.020	 53
     112.168	  8
     112.168	 20
     112.168	 27
     112.178	 28
     112.178	 19
     112.278	 29
     112.470	  9
     112.540	  8
     113.580	  8
     130.594	  7
     130.764	  7
     132.298	 52
     132.308	 10
     133.916	  7
     134.306	  7
     134.494	  7
     135.004	  7
     135.336	  7
     135.624	  7
     135.668	  7
     136.194	  7
     144.336	  7
     145.072	  7
     145.228	  7
     145.390	  7
     145.570	  7
     197.590	  8
     236.200	  8
     236.602	  8
     252.308	 53
     263.462	  8
     263.462	 20
     263.462	 27
     263.472	 28
     263.472	 19
     263.572	 29
     263.764	  9
     263.794	  8
     263.832	  8
     264.954	  8
     283.592	 50
     283.602	 17
     295.064	  8
     299.164	  8
     299.424	  8
     299.666	  8
     299.832	  8
     300.062	  8
     300.760	  8
     300.912	  8
     301.012	  8
     301.798	  8
     303.030	  8
     303.216	  8
     303.636	  8
     304.268	  8
     304.724	  8
     305.154	  8
     305.294	  8
     305.410	  8
     306.302	  8
     306.886	  8
     307.784	  8
     308.070	  8
     308.362	  8
     308.706	  8
     309.246	  8
     310.196	  8
     310.544	  8
     310.870	  8
     311.820	  8
     312.032	  8
     312.532	  8
     312.594	  8
     313.204	  8
     313.380	  8
     313.602	 53
     313.738	  8
     313.738	 20
     313.738	 27
     313.748	 28
     313.748	 19
     313.848	 29
     314.040	  9
     314.042	  8
     333.868	 52
     333.878	 10
     374.712	  8
     375.200	  8
     383.422	  8
     383.650	  8
     384.438	  8
     384.710	  8
     386.184	  8
     386.628	  8
     386.928	  8
     388.442	  8
     388.742	  8
     389.200	  8
     389.494	  8
     392.652	  8
     393.034	  8
     393.298	  8
     393.468	  8
     394.790	  8
     395.068	  8
     395.418	  8
     396.012	  8
     396.758	  8
     397.708	  8
     399.702	  8
     399.946	  8
     401.840	  8
     402.034	  8
     402.406	  8
     402.790	  8
     402.978	  8
     403.396	  8
     404.124	  8
     404.712	  8
     405.196	  8
     405.622	  8
     405.912	  8
     406.218	  8
     406.770	  8
     406.998	  8
     407.364	  8
     407.578	  8
     407.834	  8
     408.070	  8
     408.372	  8
     410.444	  8
     410.576	  8
     410.994	  8
     411.360	  8
     411.860	  8
     412.242	  8
     412.516	  8
     413.138	  8
     413.846	  8
     414.108	  8
     414.452	  8
     416.016	  8
     416.224	  8
     416.448	  8
     418.526	  8
     418.672	  8
     418.956	  8
     419.216	  8
     419.442	  8
     419.954	  8
     420.354	  8
     420.616	  8
     420.876	  8
     422.044	  8
     422.454	  8
     423.786	  8
     423.952	  8
     425.948	  8
     427.182	  8
     427.704	  8
     429.052	  8
     429.210	  8
     429.274	  8
     430.676	  8
     431.124	  8
     431.400	  8
     432.370	  8
     432.596	  8
     432.842	  8
     433.186	  8
     433.548	  8
     433.790	  8
     434.336	  8
     434.510	  8
     435.368	  8
     437.244	  8
     437.834	  8
     438.462	  8
     438.846	  8
     439.246	  8
     439.626	  8
     440.148	  8
     441.472	  8
     441.582	  8
     442.808	  8
     443.120	  8
     443.270	  8
     444.238	  8
     444.668	  8
     445.824	  8
     447.990	  8
     448.212	  8
     448.600	  8
     448.876	  8
     451.504	  8
     451.874	  8
     452.144	  8
     452.660	  8
     453.040	  8
     453.164	  8
     453.284	  8
     453.574	  8
     453.878	 53
     454.550	  8
     454.550	 20
     454.550	 27
     454.560	 28
     454.560	 19
     454.660	 29
     454.852	  9
     454.948	  8
     457.008	  8
     457.812	  8
     474.680	 51
     474.690	 18
     476.894	  6
     478.660	  7
     478.826	  7
     478.996	  7
     479.294	  7
     480.016	  7
     480.224	  7
     480.288	  7
     480.468	  7
     480.664	  7
     480.762	  7
     480.854	  7
     481.036	  7
     481.174	  7
     481.292	  7
     481.672	  7
     482.012	  7
     482.310	  7
     482.490	  7
     512.168	  8
     512.340	  8
     512.674	  8
     513.260	  8
     513.462	  8
     513.548	  8
     513.644	  8
     514.262	  8
     514.510	  8
     515.284	  8
     516.246	  8
     516.956	  8
     517.284	  8
     517.378	  8
     517.668	  8
     518.040	  8
     518.408	  8
     519.168	  8
     520.010	  8
     520.452	  8
     520.910	  8
     521.450	  8
     521.826	  8
     522.766	  8
     523.142	  8
     523.452	  8
     523.842	  8
     524.306	  8
     524.508	  8
     524.970	  8
     525.606	  8
     526.778	  8
     527.114	  8
     527.650	  8
     528.486	  8
     529.144	  8
     529.330	  8
     531.918	  8
     532.054	  8
     532.378	  8
     532.754	  8
     533.296	  8
     533.724	  8
     533.950	  8
     534.560	  8
     534.690	 53
     534.854	  8
     534.854	 20
     534.854	 27
     534.864	 28
     534.864	 19
     534.964	 29
     535.136	  8
     535.156	  9
     546.414	  7
     547.606	  7
     547.722	  7
     547.976	  7
     548.454	  7
     548.822	  7
     549.858	  7
     549.978	  7
     550.172	  7
     550.356	  7
     550.822	  7
     551.104	  7
     551.578	  7
     551.774	  7
     552.294	  7
     552.460	  7
     553.274	  7
     553.392	  7
     553.686	  7
     553.886	  7
     554.050	  7
     554.984	 52
     554.994	 10
     630.712	  8
     631.028	  8
     631.766	  8
     637.352	  8
     637.766	  8
     637.902	  8
     638.406	  8
     638.804	  8
     639.182	  8
     642.842	  7
     643.024	  7
     648.648	  8
     648.906	  8
     649.594	  8
     650.476	  8
     650.818	  8
     651.344	  8
     651.724	  8
     652.028	  8
     652.394	  8
     652.828	  8
     653.116	  8
     653.768	  8
     655.878	  8
     656.386	  8
     656.908	  8
     657.678	  8
     657.728	  8
     659.798	  8
     660.002	  8
     660.308	  8
     661.114	  8
     661.464	  8
     661.606	  8
     661.828	  8
     662.038	  8
     662.502	  8
     663.058	  8
     663.302	  8
     663.854	  8
     664.468	  8
     664.730	  8
     665.724	  8
     666.010	  8
     667.840	  8
     668.042	  8
     668.394	  8
     669.020	  8
     669.654	  8
     670.026	  8
     670.500	  8
     670.842	  8
     671.074	  8
     671.814	  8
     672.126	  8
     672.546	  8
     673.928	  8
     674.522	  8
     674.844	  8
     674.898	  8
     674.994	 53
     675.104	  8
     675.104	 20
     675.104	 27
     675.114	 28
     675.114	 19
     675.214	 29
     675.406	  9
     675.492	  8
     676.216	  8
     695.234	 51
     695.244	 18
     708.878	  7
     709.192	  7
     709.556	  7
     709.734	  7
     709.948	  7
     710.142	  7
     710.484	  7
     711.684	  7
     712.426	  7
     712.804	  7
     713.140	  7
     713.382	  7
     713.892	  7
     721.018	  7
     721.274	  7
     721.412	  7
     721.584	  7
     722.036	  7
     729.472	  7
     729.542	  7
     729.792	  7
     729.888	  7
     736.628	  8
     736.846	  8
     737.074	  8
     737.124	  8
     737.508	  8
     737.934	  8
     738.222	  8
     738.624	  8
     739.030	  8
     739.310	  8
     739.656	  8
     739.810	  8
     740.228	  8
     740.628	  8
     740.736	  8
     741.004	  8
     741.156	  8
     741.374	  8
     741.464	  8
     742.566	  8
     743.066	  8
     743.314	  8
     743.612	  8
     744.150	  8
     744.266	  8
     745.234	  8
     745.834	  8
     745.906	  8
     746.170	  8
     746.422	  8
     747.140	  8
     747.298	  8
     747.516	  8
     747.994	  8
     748.316	  8
     748.748	  8
     748.968	  8
     749.272	  8
     749.850	  8
     751.000	  8
     751.262	  8
     751.546	  8
     751.874	  8
     752.174	  8
     752.286	  8
     752.454	  8
     752.540	  8
     753.030	  8
     753.188	  8
     753.798	  7
     753.820	  8
     754.682	  8
     755.202	  8
     755.244	 53
     756.338	  8
     756.338	 20
     756.338	 27
     756.348	 28
     756.348	 19
     756.448	 29
     756.502	  8
     756.640	  9
     756.900	  8
     757.980	  8
     758.322	  8
     758.414	  7
     776.468	 50
     776.478	 17
     806.478	 53
     812.858	  8
     812.858	 20
     812.858	 27
     812.868	 28
     812.868	 19
     812.968	 29
     813.016	  8
     814.194	  8
     832.988	 50
     832.998	 17
     862.998	 53
     878.130	  8
     878.130	 20
     878.130	 27
     878.140	 28
     878.140	 19
     878.240	 29
     878.338	  8
     878.432	  9
     878.574	  8
     898.260	 50
     898.270	 17
     925.416	  8
     926.220	  8
     926.400	  8
     926.964	  8
     927.404	  8
     928.120	  8
     928.270	 53
     928.452	  8
     928.452	 20
     928.452	 27
     928.462	 28
     928.462	 19
     928.562	 29
     928.754	  9
     928.768	  8
     948.582	 50
     948.592	 17
     978.592	 53
    1007.040	  8
    1007.040	 20
    1007.040	 27
    1007.050	 28
    1007.050	 19
    1007.150	 29
    1007.342	  9
    1007.386	  8
    1027.170	 50
    1027.180	 17
    1055.582	  8
    1055.758	  8
    1056.248	  8
    1056.590	  8
    1056.996	  8
    1057.180	 53
    1057.206	  8
    1057.206	 20
    1057.206	 27
    1057.216	 28
    1057.216	 19
    1057.316	 29
    1057.508	  9
    1057.516	  8
    1061.102	  8
    1061.344	  8
    1077.336	 52
    1077.346	 10
    1197.346	 53
    1206.660	  8
    1206.660	 20
    1206.660	 27
    1206.670	 28
    1206.670	 19
    1206.770	 29
    1206.962	  9
    1207.200	  8
    1208.224	  8
    1208.412	  8
    1226.790	 51
    1226.800	 18
    1265.648	  8
    1265.850	  8
    1266.108	  8
    1266.474	  8
    1268.040	  8
    1268.128	  8
    1268.692	  8
    1269.240	  8
    1269.852	  8
    1270.048	  8
    1270.536	  8
    1271.636	  8
    1273.070	  8
    1273.564	  8
    1274.162	  8
    1274.932	  8
    1275.848	  8
    1276.296	  8
    1276.838	  8
    1277.324	  8
    1277.722	  8
    1278.084	  8
    1278.208	  8
    1279.458	  8
    1279.808	  8
    1280.466	  8
    1280.946	  8
    1281.702	  8
    1282.062	  8
    1282.472	  8
    1282.814	  8
    1283.044	  8
    1283.364	  8
    1283.674	  8
    1283.898	  8
    1284.264	  8
    1285.770	  8
    1286.198	  8
    1286.678	  8
    1286.800	 53
    1287.466	  8
    1287.466	 20
    1287.466	 27
    1287.476	 28
    1287.476	 19
    1287.576	 29
    1287.760	  8
    1287.768	  9
    1307.596	 52
    1307.606	 10
    1370.066	  8
    1370.484	  8
    1380.856	  8
    1381.512	  8
    1381.914	  8
    1382.040	  8
    1385.072	  8
    1385.620	  8
    1385.914	  8
    1393.594	  8
    1394.644	  8
    1400.968	  8
    1401.082	  8
    1401.480	  8
    1401.796	  8
    1401.868	  8
    1402.326	  8
    1403.678	  8
    1404.766	  8
    1405.544	  8
    1405.876	  8
    1407.230	  8
    1407.902	  8
    1408.348	  8
    1408.738	  8
    1410.448	  8
    1412.502	  8
    1412.808	  8
    1413.268	  8
    1413.432	  8
    1415.650	  8
    1416.076	  8
    1416.376	  8
    1416.914	  8
    1417.342	  8
    1417.482	  8
    1418.144	  8
    1418.426	  8
    1419.114	  8
    1419.486	  8
    1420.196	  8
    1421.036	  8
    1421.340	  8
    1421.656	  8
    1421.974	  8
    1422.556	  8
    1422.700	  8
    1423.900	  8
    1424.212	  8
    1424.546	  8
    1424.968	  8
    1425.628	  8
    1426.006	  8
    1426.236	  8
    1426.812	  8
    1427.090	  8
    1427.418	  8
    1427.606	 53
    1428.820	  8
    1428.820	 20
    1428.820	 27
    1428.830	 28
    1428.830	 19
    1428.930	 29
    1429.092	  8
    1429.122	  9
    1430.928	  8
    1448.950	 52
    1448.960	 10
    1474.488	  8
    1485.510	  7
    1498.472	  7
    1498.864	  7
    1502.228	  7
    1502.342	  7
    1502.432	  7
    1502.598	  7
    1503.274	  7
    1522.280	  8
    1522.702	  8
    1523.176	  8
    1523.360	  8
    1523.826	  8
    1524.546	  8
    1524.738	  8
    1525.218	  8
    1525.872	  8
    1526.540	  8
    1528.496	  8
    1528.920	  8
    1529.234	  8
    1529.684	  8
    1530.258	  8
    1532.310	  8
    1532.480	  8
    1532.836	  8
    1533.200	  8
    1533.646	  8
    1534.024	  8
    1534.358	  8
    1535.006	  8
    1535.336	  8
    1535.848	  8
    1535.918	  8
    1536.786	  8
    1536.914	  8
    1537.302	  8
    1537.824	  8
    1538.126	  8
    1538.382	  8
    1538.718	  8
    1539.080	  8
    1539.442	  8
    1540.124	  8
    1540.538	  8
    1540.906	  8
    1542.220	  8
    1544.078	  8
    1544.690	  8
    1545.216	  8
    1546.338	  8
    1546.602	  8
    1546.958	  8
    1547.288	  8
    1548.284	  8
    1548.604	  8
    1548.828	  8
    1549.568	  8
    1549.918	  8
    1550.234	  8
    1550.548	  8
    1551.076	  8
    1551.574	  8
    1552.114	  8
    1552.510	  8
    1552.806	  8
    1553.538	  8
    1553.658	  8
    1553.756	  8
    1554.262	  8
    1554.956	  8
    1555.548	  8
    1556.266	  8
    1556.440	  8
    1557.080	  8
    1557.394	  8
    1557.832	  8
    1559.084	  8
    1559.964	  8
    1560.376	  8
    1560.938	  8
    1561.066	  8
    1561.462	  8
    1561.852	  8
    1562.154	  8
    1562.504	  8
    1563.372	  8
    1563.790	  8
    1564.176	  8
    1564.408	  8
    1565.000	  8
    1565.412	  8
    1566.334	  8
    1566.484	  8
    1566.880	  8
    1567.330	  8
    1567.934	  8
    1568.614	  8
    1568.960	 53
    1569.682	  8
    1569.682	 20
    1569.682	 27
    1569.692	 28
    1569.692	 19
    1569.792	 29
    1569.984	  8
    1572.362	  8
    1589.812	 50
    1589.822	 17
    1617.652	  8
    1617.862	  8
    1618.172	  8
    1618.502	  8
    1618.814	  8
    1619.822	 53
    1624.646	  8
    1624.646	 20
    1624.646	 27
    1624.656	 28
    1624.656	 19
    1624.756	 29
    1624.896	  8
    1624.940	  9
    1625.488	  8
    1644.776	 51
    1644.786	 18
    1704.786	 53
    1718.076	  8
    1718.076	 20
    1718.076	 27
    1718.086	 28
    1718.086	 19
    1718.152	  8
    1718.186	 29
    1718.378	  9
    1718.392	  8
    1738.206	 50
    1738.216	 17
    1757.996	  8
    1759.982	  8
    1767.376	  8
    1767.680	  8
    1768.216	 53
    1768.456	  8
    1768.456	 20
    1768.456	 27
    1768.466	 28
    1768.466	 19
    1768.566	 29
    1768.758	  9
    1768.850	  8
    1769.978	  8
    1770.592	  8
    1771.224	  8
    1772.008	  8
    1772.314	  8
    1788.586	 52
    1788.596	 10
    1828.008	  8
    1828.226	  8
    1828.582	  8
    1828.842	  8
    1829.088	  8
    1830.682	  8
    1830.942	  8
    1831.456	  8
    1832.690	  8
    1833.012	  8
    1833.266	  8
    1833.908	  8
    1834.634	  8
    1835.824	  8
    1836.434	  8
    1837.822	  8
    1838.098	  8
    1838.514	  8
    1838.818	  8
    1839.210	  8
    1839.642	  8
    1840.200	  8
    1840.514	  8
    1841.800	  8
    1843.312	  8
    1843.748	  8
    1844.042	  8
    1844.920	  8
    1845.320	  8
    1845.480	  8
    1845.752	  8
    1846.162	  8
    1846.506	  8
    1847.700	  8
    1847.852	  8
    1848.200	  8
    1848.386	  8
    1849.236	  8
    1849.394	  8
    1850.118	  8
    1850.712	  8
    1851.078	  8
    1851.356	  8
    1851.834	  8
    1851.900	  8
    1852.412	  8
    1852.992	  8
    1853.852	  8
    1854.428	  8
    1854.596	  8
    1855.212	  8
    1855.688	  8
    1856.064	  8
    1858.142	  8
    1858.814	  8
    1860.192	  8
    1861.064	  8
    1861.686	  8
    1862.400	  8
    1862.694	  8
    1863.186	  8
    1865.686	  8
    1865.996	  8
    1866.598	  8
    1866.730	  8
    1867.036	  8
    1867.844	  8
    1868.380	  8
    1869.456	  8
    1870.040	  8
    1870.698	  8
    1871.034	  8
    1871.672	  8
    1871.892	  8
    1873.480	  8
    1874.368	  8
    1874.718	  8
    1874.790	  8
    1875.086	  8
    1875.390	  8
    1875.726	  8
    1876.110	  8
    1876.982	  8
    1877.742	  8
    1878.378	  8
    1878.932	  8
    1879.408	  8
    1879.674	  8
    1880.090	  8
    1881.126	  8
    1881.242	  8
    1881.538	  8
    1881.916	  8
    1882.532	  8
    1882.630	  8
    1883.160	  8
    1884.090	  8
    1884.260	  8
    1885.278	  8
    1885.752	  8
    1886.100	  8
    1886.502	  8
    1886.800	  8
    1887.268	  8
    1887.990	  8
    1888.778	  8
    1889.146	  8
    1889.584	  8
    1890.090	  8
    1891.038	  8
    1891.690	  8
    1891.934	  8
    1892.708	  8
    1893.886	  8
    1894.008	  8
    1894.436	  8
    1894.794	  8
    1896.560	  8
    1897.420	  8
    1897.508	  8
    1897.810	  8
    1898.312	  8
    1900.596	  8
    1900.910	  8
    1901.042	  8
    1902.070	  8
    1902.156	  8
    1902.428	  8
    1903.042	  8
    1903.884	  8
    1904.454	  8
    1905.822	  8
    1906.098	  8
    1906.398	  8
    1908.042	  8
    1908.324	  8
    1908.596	 53
    1908.742	  8
    1908.742	 20
    1908.742	 27
    1908.752	 28
    1908.752	 19
    1908.852	 29
    1909.034	  8
    1909.044	  9
    1909.118	  8
    1912.296	  8
    1918.388	  8
    1928.872	 50
    1928.882	 17
    1958.882	 53
    1970.034	  8
    1970.034	 20
    1970.034	 27
    1970.044	 28
    1970.044	 19
    1970.144	 29
    1970.328	  8
    1970.336	  9
    1990.164	 50
    1990.174	 17
    2006.760	  8
    2009.116	  8
    2009.620	  8
    2010.068	  8
    2010.566	  8
    2011.000	  8
    2011.542	  8
    2013.124	  8
    2013.940	  8
    2014.050	  8
    2014.080	  8
    2014.728	  8
    2015.136	  8
    2015.458	  8
    2015.794	  8
    2016.350	  8
    2016.892	  8
    2017.658	  8
    2017.940	  8
    2018.484	  8
    2018.710	  8
    2019.008	  8
    2019.340	  8
    2019.940	  8
    2020.174	 53
    2020.490	  8
    2020.490	 20
    2020.490	 27
    2020.500	 28
    2020.500	 19
    2020.600	 29
    2020.740	  8
    2020.792	  9
    2022.222	  8
    2040.620	 52
    2040.630	 10
    2049.554	  7
    2051.616	  7
    2052.312	  7
    2052.716	  7
    2053.064	  7
    2053.318	  7
    2054.036	  7
    2054.584	  7
    2054.804	  7
    2055.204	  7
    2055.362	  7
    2055.752	  7
    2056.034	  7
    2056.244	  7
    2056.420	  7
    2056.800	  7
    2057.214	  7
    2057.438	  7
    2057.708	  7
    2057.842	  7
    2160.630	 53
    2167.898	  8
    2167.898	 20
    2167.898	 27
    2167.908	 28
    2167.908	 19
    2168.008	 29
    2168.200	  9
    2168.316	  8
    2169.692	  8
    2188.028	 51
    2188.038	 18
    2231.534	  8
    2235.168	  8
    2236.928	  8
    2237.534	  8
    2238.966	  8
    2239.568	  8
    2240.146	  8
    2241.130	  8
    2242.234	  8
    2242.858	  8
    2243.294	  8
    2243.838	  8
    2244.704	  8
    2245.130	  8
    2245.980	  8
    2246.544	  8
    2246.866	  8
    2247.512	  8
    2247.934	  8
    2248.038	 53
    2248.836	  8
    2248.836	 20
    2248.836	 27
    2248.846	 28
    2248.846	 19
    2248.946	 29
    2249.050	  8
    2249.138	  9
    2250.522	  8
    2254.998	  8
    2256.598	  8
    2258.208	  8
    2268.966	 52
    2268.976	 10
    2279.692	  8
    2303.988	  8
    2304.110	  8
    2305.042	  8
    2305.720	  8
    2307.198	  8
    2311.672	  8
    2315.936	  8
    2316.512	  8
    2318.104	  8
    2318.632	  8
    2320.684	  8
    2322.190	  8
    2322.544	  8
    2323.110	  8
    2323.202	  8
    2323.302	  8
    2330.048	  8
    2331.066	  8
    2332.056	  8
    2333.248	  8
    2335.774	  8
    2338.108	  8
    2340.408	  8
    2341.362	  8
    2342.194	  8
    2343.176	  8
    2344.168	  8
    2345.948	  8
    2346.424	  8
    2347.434	  8
    2348.156	  8
    2348.838	  8
    2349.058	  8
    2349.324	  8
    2350.890	  8
    2351.318	  8
    2351.790	  8
    2352.682	  8
    2353.090	  8
    2353.644	  8
    2354.180	  8
    2354.778	  8
    2355.050	  8
    2356.314	  8
    2356.792	  8
    2357.126	  8
    2357.988	  8
    2358.910	  8
    2359.466	  8
    2361.232	  8
    2361.804	  8
    2362.060	  8
    2362.182	  8
    2362.606	  8
    2363.458	  8
    2363.566	  8
    2364.028	  8
    2364.454	  8
    2364.842	  8
    2365.706	  8
    2366.332	  8
    2366.590	  8
    2367.302	  8
    2367.620	  8
    2368.198	  8
    2368.620	  8
    2368.990	  8
    2369.466	  8
    2369.958	  8
    2370.182	  8
    2370.570	  8
    2371.306	  8
    2371.744	  8
    2371.996	  8
    2372.444	  8
    2373.042	  8
    2373.774	  8
    2374.088	  8
    2374.482	  8
    2374.974	  8
    2376.636	  8
    2377.030	  8
    2377.502	  8
    2378.370	  8
    2379.162	  8
    2379.400	  8
    2379.898	  8
    2380.134	  8
    2380.296	  8
    2380.624	  8
    2380.970	  8
    2381.896	  8
    2382.478	  8
    2383.088	  8
    2384.462	  8
    2385.282	  8
    2385.566	  8
    2385.842	  8
    2386.664	  8
    2386.918	  8
    2387.624	  8
    2388.196	  8
    2388.976	 53
    2389.244	  8
    2389.244	 20
    2389.244	 27
    2389.254	 28
    2389.254	 19
    2389.354	 29
    2389.546	  9
    2389.572	  8
    2409.374	 51
    2409.384	 18
    2448.998	  8
    2449.154	  8
    2450.124	  8
    2451.420	  8
    2451.710	  8
    2451.910	  8
    2452.542	  8
    2453.208	  8
    2453.472	  8
    2454.224	  8
    2455.818	  8
    2456.682	  8
    2457.216	  8
    2457.848	  8
    2459.370	  8
    2460.464	  8
    2462.378	  8
    2463.106	  8
    2463.798	  8
    2464.856	  8
    2465.268	  8
    2465.814	  8
    2466.324	  8
    2466.812	  8
    2467.064	  8
    2468.100	  8
    2468.482	  8
    2469.064	  8
    2469.384	 53
    2469.542	  8
    2469.542	 20
    2469.542	 27
    2469.552	 28
    2469.552	 19
    2469.652	 29
    2469.844	  9
    2482.894	  8
    2489.672	 52
    2489.682	 10
    2523.112	  8
    2523.366	  8
    2523.872	  8
    2529.892	  8
    2532.652	  8
    2535.474	  8
    2535.986	  8
    2537.954	  8
    2543.642	  8
    2543.864	  8
    2544.582	  8
    2545.176	  8
    2545.868	  8
    2547.214	  8
    2548.108	  8
    2548.606	  8
    2549.144	  8
    2549.864	  8
    2550.236	  8
    2551.740	  8
    2552.032	  8
    2552.866	  8
    2553.292	  8
    2553.892	  8
    2554.784	  8
    2554.862	  8
    2555.152	  8
    2555.202	  8
    2555.856	  8
    2556.078	  8
    2556.158	  8
    2556.896	  8
    2557.512	  8
    2557.922	  8
    2558.014	  8
    2559.506	  8
    2560.438	  8
    2560.890	  8
    2561.452	  8
    2562.022	  8
    2562.450	  8
    2564.210	  8
    2564.688	  8
    2565.088	  8
    2565.536	  8
    2566.040	  8
    2566.534	  8
    2566.920	  8
    2567.784	  8
    2568.856	  8
    2570.102	  8
    2571.294	  8
    2572.026	  8
    2572.468	  8
    2572.644	  8
    2574.378	  8
    2574.952	  8
    2575.244	  8
    2575.604	  8
    2575.994	  8
    2576.224	  8
    2576.586	  8
    2577.678	  8
    2578.312	  8
    2578.760	  8
    2579.340	  8
    2579.790	  8
    2580.068	  8
    2580.970	  8
    2581.196	  8
    2582.162	  8
    2582.578	  8
    2583.576	  8
    2584.054	  8
    2584.752	  8
    2585.418	  8
    2585.952	  8
    2586.154	  8
    2587.272	  8
    2587.534	  8
    2587.868	  8
    2588.194	  8
    2588.548	  8
    2588.628	  8
    2588.992	  8
    2590.080	  8
    2590.706	  8
    2591.908	  8
    2593.818	  8
    2594.130	  8
    2594.354	  8
    2594.510	  8
    2595.232	  8
    2595.528	  8
    2596.510	  8
    2597.644	  8
    2597.986	  8
    2598.534	  8
    2599.282	  8
    2599.732	  8
    2599.948	  8
    2600.314	  8
    2600.576	  8
    2600.938	  8
    2601.196	  8
    2602.298	  8
    2603.282	  8
    2603.758	  8
    2603.844	  8
    2605.768	  8
    2606.766	  8
    2607.478	  8
    2607.876	  8
    2608.624	  8
    2608.838	  8
    2609.070	  8
    2609.626	  8
    2609.682	 53
    2609.990	  8
    2609.990	 20
    2609.990	 27
    2610.000	 28
    2610.000	 19
    2610.100	 29
    2610.250	  8
    2610.292	  9
    2611.632	  8
    2630.120	 50
    2630.130	 17
    2660.130	 53
    2669.596	  8
    2669.596	 20
    2669.596	 27
    2669.606	 28
    2669.606	 19
    2669.706	 29
    2669.884	  8
    2669.898	  9
    2670.086	  8
    2671.584	  8
    2672.068	  8
    2675.322	  8
    2675.408	  8
    2689.726	 50
    2689.736	 17
    2704.632	  8
    2705.268	  8
    2705.570	  8
    2706.846	  8
    2707.826	  8
    2707.882	  8
    2708.698	  8
    2709.358	  8
    2710.060	  8
    2710.284	  8
    2710.692	  8
    2710.834	  8
    2712.414	  8
    2713.134	  8
    2713.564	  8
    2714.380	  8
    2715.356	  8
    2716.042	  8
    2716.632	  8
    2716.764	  8
    2717.212	  8
    2717.594	  8
    2717.864	  8
    2719.356	  8
    2719.736	 53
    2720.688	  8
    2720.688	 20
    2720.688	 27
    2720.698	 28
    2720.698	 19
    2720.798	 29
    2720.946	  8
    2720.990	  9
    2740.818	 52
    2740.828	 10
    2798.874	  8
    2837.684	  8
    2838.064	  8
    2838.804	  8
    2839.298	  8
    2840.040	  8
    2840.782	  8
    2841.572	  8
    2842.622	  8
    2843.566	  8
    2845.138	  8
    2845.256	  8
    2848.168	  8
    2860.828	 53
    2865.556	  8
    2865.556	 20
    2865.556	 27
    2865.566	 28
    2865.566	 19
    2865.666	 29
    2865.810	  8
    2865.858	  9
    2885.686	 51
    2885.696	 18
    2943.406	  8
    2943.610	  8
    2943.774	  8
    2943.970	  8
    2944.258	  8
    2944.962	  8
    2945.396	  8
    2945.696	 53
    2946.608	  8
    2946.608	 20
    2946.608	 27
    2946.618	 28
    2946.618	 19
    2946.718	 29
    2946.910	  9
    2946.920	  8
    2947.170	  8
    2966.738	 52
    2966.748	 10
    2967.058	  8
    2991.938	  7
    3030.852	  8
    3031.080	  8
    3031.794	  8
    3032.746	  8
    3033.562	  8
    3034.082	  8
    3036.336	  8
    3036.798	  8
    3038.964	  8
    3039.182	  8
    3043.550	  8
    3044.524	  8
    3064.512	  8
    3064.934	  8
    3066.168	  8
    3066.852	  8
    3067.970	  8
    3068.624	  8
    3070.476	  8
    3072.526	  8
    3072.984	  8
    3074.058	  8
    3074.710	  8
    3075.628	  8
    3076.198	  8
    3079.574	  8
    3079.704	  8
    3080.024	  8
    3081.978	  8
    3083.034	  8
    3083.404	  8
    3085.214	  8
    3085.762	  8
    3086.366	  8
    3086.748	 53
    3086.818	  8
    3086.818	 20
    3086.818	 27
    3086.828	 28
    3086.828	 19
    3086.928	 29
    3087.084	  8
    3087.120	  9
    3092.096	  8
    3092.246	  8
    3094.110	  8
    3094.344	  8
    3094.640	  8
    3094.842	  8
    3094.982	  8
    3095.104	  8
    3095.348	  8
    3095.552	  8
    3095.736	  8
    3095.960	  8
    3096.158	  8
    3096.336	  8
    3096.552	  8
    3096.956	  8
    3097.136	  8
    3097.328	  8
    3097.752	  8
    3097.934	  8
    3098.098	  8
    3098.298	  8
    3098.718	  8
    3098.910	  8
    3099.094	  8
    3099.548	  8
    3099.742	  8
    3099.938	  8
    3100.442	  8
    3100.612	  8
    3106.948	 50
    3106.958	 17
    3132.766	  8
    3134.006	  8
    3134.412	  8
    3134.686	  8
    3135.512	  8
    3135.866	  8
    3136.554	  8
    3136.800	  8
    3136.958	 53
    3137.236	  8
    3137.236	 20
    3137.236	 27
    3137.246	 28
    3137.246	 19
    3137.346	 29
    3137.538	  9
    3157.366	 51
    3157.376	 18
    3215.044	  8
    3215.266	  8
    3215.660	  8
    3215.768	  8
    3216.816	  8
    3217.376	 53
    3218.008	  8
    3218.008	 20
    3218.008	 27
    3218.018	 28
    3218.018	 19
    3218.118	 29
    3218.310	  9
    3218.438	  8
    3238.138	 52
    3238.148	 10
    3273.802	  8
    3273.988	  8
    3278.686	  8
    3344.928	  8
    3345.044	  8
    3345.268	  8
    3346.034	  8
    3346.442	  8
    3346.664	  8
    3347.192	  8
    3347.790	  8
    3348.344	  8
    3348.864	  8
    3349.142	  8
    3349.562	  8
    3350.186	  8
    3351.304	  8
    3351.878	  8
    3352.524	  8
    3353.316	  8
    3354.702	  8
    3355.278	  8
    3355.682	  8
    3356.314	  8
    3356.728	  8
    3356.908	  8
    3357.260	  8
    3358.148	 53
    3359.090	  8
    3359.090	 20
    3359.090	 27
    3359.100	 28
    3359.100	 19
    3359.200	 29
    3359.392	  9
    3359.398	  8
    3364.982	  8
    3368.578	  8
    3379.220	 50
    3379.230	 17
    3403.598	  8
    3405.464	  8
    3407.062	  8
    3407.952	  8
    3408.406	  8
    3409.230	 53
    3409.788	  8
    3409.788	 20
    3409.788	 27
    3409.798	 28
    3409.798	 19
    3409.898	 29
    3410.044	  8
    3410.090	  9
    3415.954	  8
    3416.120	  8
    3429.918	 52
    3429.928	 10
    3442.436	  8
    3457.482	  7
    3501.216	  8
    3501.388	  8
    3501.548	  8
    3501.922	  8
    3502.528	  8
    3502.854	  8
    3503.134	  8
    3503.568	  8
    3504.054	  8
    3504.998	  8
    3505.532	  8
    3506.180	  8
    3506.498	  8
    3506.880	  8
    3508.102	  8
    3508.486	  8
    3509.970	  8
    3511.148	  8
    3511.796	  8
    3513.996	  8
    3514.390	  8
    3515.264	  8
    3515.792	  8
    3516.994	  8
    3517.758	  8
    3518.150	  8
    3518.290	  8
    3519.752	  8
    3520.122	  8
    3520.752	  8
    3521.252	  8
    3523.088	  8
    3523.790	  8
    3524.856	  8
    3526.666	  8
    3527.764	  8
    3528.318	  8
    3528.804	  8
    3529.144	  8
    3529.444	  8
    3529.954	  8
    3530.888	  8
    3531.242	  8
    3532.030	  8
    3532.220	  8
    3532.830	  8
    3533.302	  8
    3533.748	  8
    3534.094	  8
    3534.940	  8
    3535.470	  8
    3535.542	  8
    3536.168	  8
    3536.370	  8
    3536.782	  8
    3537.744	  8
    3538.098	  8
    3538.376	  8
    3539.504	  8
    3541.104	  8
    3541.974	  8
    3542.362	  8
    3543.712	  8
    3543.952	  8
    3545.174	  8
    3546.630	  8
    3547.164	  8
    3547.550	  8
    3548.158	  8
    3548.684	  8
    3549.524	  8
    3549.928	 53
    3550.076	  8
    3550.076	 20
    3550.076	 27
    3550.086	 28
    3550.086	 19
    3550.186	 29
    3550.336	  8
    3550.378	  9
    3570.206	 50
    3570.216	 17
    3597.268	  8
    3597.428	  8
    3598.266	  8
    3598.332	  8
    3598.640	  8
    3599.402	  8
    3599.698	  8
    3599.870	  8
    3600.172	  8
    3600.216	 53
    3600.834	  8
    3600.834	 20
    3600.834	 27
    3600.844	 28
    3600.844	 19
    3600.944	 29
    3601.076	  8
    3601.136	  9
    3601.292	  8
    3620.964	 51
    3620.974	 18
    3664.906	  7
    3673.062	  8
    3673.786	  8
    3674.558	  8
    3675.510	  8
    3676.676	  8
    3677.966	  8
    3679.028	  8
    3679.730	  8
    3680.304	  8
    3680.974	 53
    3681.664	  8
    3681.664	 20
    3681.664	 27
    3681.674	 28
    3681.674	 19
    3681.774	 29
    3681.966	  9
    3682.096	  8
    3686.074	  7
    3701.794	 52
    3701.804	 10
    3718.338	  7
    3718.450	  7
    3718.594	  7
    3718.726	  7
    3718.886	  7
    3719.034	  7
    3719.432	  7
    3719.992	  7
    3720.124	  7
    3720.276	  7
    3720.424	  7
    3720.572	  7
    3720.704	  7
    3720.840	  7
    3720.990	  7
    3721.144	  7
    3721.294	  7
    3721.440	  7
    3721.608	  7
    3721.762	  7
    3721.898	  7
    3722.044	  7
    3722.216	  7
    3722.350	  7
    3722.504	  7
    3722.662	  7
    3722.796	  7
    3722.970	  7
    3723.108	  7
    3723.256	  7
    3723.398	  7
    3723.540	  7
    3724.140	  7
    3724.270	  7
    3724.416	  7
    3724.590	  7
    3724.722	  7
    3724.862	  7
    3725.024	  7
    3725.150	  7
    3725.290	  7
    3725.438	  7
    3805.844	  8
    3806.038	  8
    3806.360	  8
    3806.922	  8
    3807.154	  8
    3808.124	  8
    3808.498	  8
    3809.070	  8
    3810.874	  8
    3811.592	  8
    3812.240	  8
    3812.752	  8
    3813.100	  8
    3813.222	  8
    3813.686	  8
    3814.314	  8
    3814.874	  8
    3815.532	  8
    3815.730	  8
    3816.316	  8
    3816.854	  8
    3817.366	  8
    3818.232	  8
    3818.680	  8
    3819.286	  8
    3821.186	  8
    3821.656	  8
    3821.804	 53
    3822.708	  8
    3822.708	 20
    3822.708	 27
    3822.718	 28
    3822.718	 19
    3822.818	 29
    3823.010	  9
    3823.146	  8
    3823.998	  8
    3824.274	  8
    3825.050	  8
    3827.966	  8
    3829.300	  8
    3842.838	 51
    3842.848	 18
    3902.848	 53
    3907.430	  8
    3907.430	 20
    3907.430	 27
    3907.440	 28
    3907.440	 19
    3907.540	 29
    3907.586	  8
    3907.732	  9
    3927.560	 51
    3927.570	 18
    3979.594	  8
    3981.194	  8
    3981.696	  8
    3982.692	  8
    3983.126	  8
    3983.550	  8
    3984.420	  8
    3984.910	  8
    3985.676	  8
    3986.254	  8
    3986.858	  8
    3987.530	  8
    3987.570	 53
    3988.080	  8
    3988.080	 20
    3988.080	 27
    3988.090	 28
    3988.090	 19
    3988.190	 29
    3988.366	  8
    3988.382	  9
    4008.210	 51
    4008.220	 18
    4063.958	  8
    4064.124	  8
    4065.132	  8
    4065.846	  8
    4066.268	  8
    4067.106	  8
    4068.220	 53
    4068.800	  8
    4068.800	 20
    4068.800	 27
    4068.810	 28
    4068.810	 19
    4068.910	 29
    4069.102	  9
    4069.188	  8
    4070.610	  8
    4088.930	 50
    4088.940	 17
    4117.076	  8
    4117.720	  8
    4118.358	  8
    4118.718	  8
    4118.940	 53
    4119.416	  8
    4119.416	 20
    4119.416	 27
    4119.426	 28
    4119.426	 19
    4119.526	 29
    4119.718	  9
    4139.546	 52
    4139.556	 10
    4193.348	  8
    4193.594	  8
    4193.858	  8
    4194.624	  8
    4194.906	  8
    4195.698	  8
    4196.488	  8
    4197.224	  8
    4198.236	  8
    4199.796	  8
    4200.392	  8
    4200.666	  8
    4202.096	  8
    4203.160	  8
    4203.780	  8
    4204.818	  8
    4205.158	  8
    4206.320	  8
    4206.684	  8
    4206.990	  8
    4207.424	  8
    4208.598	  8
    4210.590	  8
    4215.728	  8
    4216.290	  8
    4216.766	  8
    4217.550	  8
    4218.022	  8
    4218.278	  8
    4218.998	  8
    4219.650	  8
    4220.064	  8
    4220.662	  8
    4221.698	  8
    4222.308	  8
    4222.768	  8
    4223.622	  8
    4225.042	  8
    4225.300	  8
    4225.868	  8
    4227.002	  8
    4227.806	  8
    4228.828	  8
    4229.276	  8
    4229.638	  8
    4230.066	  8
    4230.688	  8
    4230.958	  8
    4231.408	  8
    4232.030	  8
    4232.946	  8
    4233.810	  8
    4234.586	  8
    4235.348	  8
    4235.646	  8
    4236.458	  8
    4236.974	  8
    4237.420	  8
    4238.380	  8
    4238.752	  8
    4239.290	  8
    4239.840	  8
    4240.504	  8
    4240.882	  8
    4241.558	  8
    4242.022	  8
    4242.434	  8
    4242.760	  8
    4244.052	  8
    4244.746	  8
    4244.984	  8
    4246.258	  8
    4246.750	  8
    4247.076	  8
    4249.272	  8
    4249.936	  8
    4250.232	  8
    4251.180	  8
    4255.096	  8
    4255.288	  8
    4255.652	  8
    4255.944	  8
    4256.732	  8
    4258.084	  8
    4259.556	 53
    4263.474	  8
    4263.474	 20
    4263.474	 27
    4263.484	 28
    4263.484	 19
    4263.584	 29
    4263.776	  9
    4264.016	  8
    4268.584	  8
    4271.648	  8
    4283.604	 50
    4283.614	 17
    4297.410	  8
    4309.972	  8
    4310.292	  8
    4311.368	  8
    4311.986	  8
    4312.502	  8
    4312.980	  8
    4313.152	  8
    4313.514	  8
    4313.614	 53
    4314.778	  8
    4314.778	 20
    4314.778	 27
    4314.788	 28
    4314.788	 19
    4314.816	  8
    4314.888	 29
    4315.080	  9
    4315.138	  8
    4320.376	  8
    4334.908	 52
    4334.918	 10
    4432.894	  8
    4433.036	  8
    4433.420	  8
    4433.840	  8
    4433.966	  8
    4434.290	  8
    4434.634	  8
    4435.176	  8
    4435.532	  8
    4436.112	  8
    4436.758	  8
    4437.108	  8
    4437.690	  8
    4438.166	  8
    4438.576	  8
    4439.000	  8
    4439.056	  8
    4440.812	  8
    4441.768	  8
    4442.282	  8
    4442.784	  8
    4443.898	  8
    4444.268	  8
    4445.344	  8
    4445.944	  8
    4446.456	  8
    4446.866	  8
    4447.224	  8
    4447.362	  8
    4447.908	  8
    4448.378	  8
    4448.654	  8
    4449.362	  8
    4450.658	  8
    4451.180	  8
    4451.526	  8
    4451.938	  8
    4452.338	  8
    4452.578	  8
    4453.354	  8
    4453.796	  8
    4454.426	  8
    4454.918	 53
    4455.362	  8
    4455.362	 20
    4455.362	 27
    4455.372	 28
    4455.372	 19
    4455.472	 29
    4455.664	  9
    4455.746	  8
    4456.844	  8
    4457.256	  8
    4475.492	 52
    4475.502	 10
    4515.148	  8
    4520.768	  8
    4573.058	  8
    4573.170	  8
    4573.216	  8
    4574.058	  8
    4574.474	  8
    4574.970	  8
    4575.796	  8
    4576.278	  8
    4576.620	  8
    4576.890	  8
    4577.536	  8
    4577.924	  8
    4578.714	  8
    4580.590	  8
    4581.578	  8
    4581.794	  8
    4582.190	  8
    4582.504	  8
    4583.582	  8
    4584.294	  8
    4584.734	  8
    4586.028	  8
    4586.490	  8
    4588.106	  8
    4588.816	  8
    4589.572	  8
    4589.714	  8
    4591.284	  8
    4591.824	  8
    4592.150	  8
    4592.934	  8
    4593.262	  8
    4593.992	  8
    4594.410	  8
    4594.924	  8
    4595.182	  8
    4595.502	 53
    4595.798	  8
    4595.798	 20
    4595.798	 27
    4595.808	 28
    4595.808	 19
    4595.908	 29
    4596.100	  9
    4596.310	  8
    4597.456	  8
    4598.624	  8
    4601.498	  8
    4602.090	  8
    4615.928	 51
    4615.938	 18
    4624.822	  7
    4624.930	  7
    4625.074	  7
    4625.214	  7
    4625.368	  7
    4625.790	  7
    4625.916	  7
    4626.612	  7
    4626.734	  7
    4626.878	  7
    4627.024	  7
    4627.162	  7
    4627.304	  7
    4627.438	  7
    4627.580	  7
    4627.726	  7
    4627.860	  7
    4628.020	  7
    4628.146	  7
    4628.288	  7
    4628.428	  7
    4628.596	  7
    4628.720	  7
    4628.884	  7
    4629.018	  7
    4629.190	  7
    4629.336	  7
    4629.482	  7
    4629.640	  7
    4629.780	  7
    4629.926	  7
    4630.096	  7
    4630.228	  7
    4630.388	  7
    4630.544	  7
    4630.692	  7
    4630.864	  7
    4631.022	  7
    4631.166	  7
    4631.312	  7
    4631.462	  7
    4631.596	  7
    4631.738	  7
    4631.918	  7
    4632.046	  7
    4632.230	  7
    4632.352	  7
    4632.494	  7
    4632.970	  7
    4633.158	  7
    4633.408	  7
    4633.532	  7
    4635.968	  7
    4636.338	  7
    4636.788	  7
    4636.906	  7
    4637.094	  7
    4671.120	  8
    4671.366	  8
    4671.838	  8
    4672.356	  8
    4672.658	  8
    4673.564	  8
    4673.860	  8
    4674.254	  8
    4674.650	  8
    4674.796	  8
    4675.354	  8
    4675.672	  8
    4675.938	 53
    4676.258	  8
    4676.258	 20
    4676.258	 27
    4676.268	 28
    4676.268	 19
    4676.368	 29
    4676.554	  8
    4676.560	  9
    4696.388	 52
    4696.398	 10
    4800.446	  8
    4800.628	  8
    4801.082	  8
    4801.198	  8
    4804.500	  8
    4805.064	  8
    4805.492	  8
    4807.112	  8
    4807.596	  8
    4808.560	  8
    4809.192	  8
    4809.706	  8
    4810.890	  8
    4811.732	  8
    4813.374	  8
    4814.368	  8
    4815.480	  8
    4816.398	 53
    4816.838	  8
    4816.838	 20
    4816.838	 27
    4816.848	 28
    4816.848	 19
    4816.948	 29
    4817.140	  9
    4817.276	  8
    4821.370	  8
    4836.968	 51
    4836.978	 18
    4887.844	  8
    4888.594	  8
    4888.670	  8
    4889.614	  8
    4890.948	  8
    4891.424	  8
    4891.824	  8
    4893.680	  8
    4894.088	  8
    4895.032	  8
    4895.368	  8
    4895.850	  8
    4896.476	  8
    4896.978	 53
    4896.998	  8
    4896.998	 20
    4896.998	 27
    4897.008	 28
    4897.008	 19
    4897.108	 29
    4897.224	  8
    4897.300	  9
    4917.128	 51
    4917.138	 18
    4968.418	  8
    4968.582	  8
    4968.898	  8
    4970.038	  8
    4971.766	  8
    4972.344	  8
    4973.126	  8
    4974.584	  8
    4975.204	  8
    4976.808	  8
    4977.138	 53
    4977.188	  8
    4977.188	 20
    4977.188	 27
    4977.198	 28
    4977.198	 19
    4977.298	 29
    4977.484	  8
    4977.490	  9
    4997.318	 52
    4997.328	 10
    5007.854	  8
    5067.854	  8
    5068.002	  8
    5068.918	  8
    5069.242	  8
    5069.664	  8
    5072.392	  8
    5074.970	  8
    5075.478	  8
    5075.538	  8
    5076.212	  8
    5079.518	  8
    5079.886	  8
    5080.876	  8
    5081.340	  8
    5082.014	  8
    5082.660	  8
    5083.824	  8
    5084.562	  8
    5085.050	  8
    5085.370	  8
    5085.656	  8
    5086.130	  8
    5087.986	  8
    5088.480	  8
    5088.824	  8
    5089.412	  8
    5089.666	  8
    5089.976	  8
    5090.178	  8
    5090.552	  8
    5091.162	  8
    5091.674	  8
    5092.738	  8
    5093.010	  8
    5093.872	  8
    5095.010	  8
    5095.558	  8
    5095.992	  8
    5096.292	  8
    5097.062	  8
    5097.440	  8
    5097.804	  8
    5098.526	  8
    5099.266	  8
    5099.602	  8
    5100.578	  8
    5100.874	  8
    5102.594	  8
    5102.988	  8
    5103.122	  8
    5103.630	  8
    5103.970	  8
    5104.984	  8
    5105.134	  8
    5105.712	  8
    5105.976	  8
    5106.324	  8
    5106.804	  8
    5107.862	  8
    5108.494	  8
    5108.872	  8
    5109.296	  8
    5109.604	  8
    5110.248	  8
    5110.670	  8
    5111.270	  8
    5112.244	  8
    5112.676	  8
    5113.114	  8
    5114.124	  8
    5114.526	  8
    5115.006	  8
    5115.432	  8
    5115.738	  8
    5116.916	  8
    5117.208	  8
    5117.328	 53
    5117.672	  8
    5117.672	 20
    5117.672	 27
    5117.682	 28
    5117.682	 19
    5117.782	 29
    5117.966	  8
    5117.974	  9
    5137.802	 51
    5137.812	 18
    5162.510	  8
    5163.894	  8
    5164.982	  8
    5165.734	  8
    5167.654	  8
    5168.662	  8
    5170.346	  8
    5171.272	  8
    5172.096	  8
    5172.766	  8
    5173.308	  8
    5173.692	  8
    5174.236	  8
    5174.558	  8
    5175.330	  8
    5176.190	  8
    5176.750	  8
    5177.290	  8
    5177.724	  8
    5178.344	  8
    5178.404	  8
    5179.502	  8
    5179.686	  8
    5179.828	  8
    5181.088	  8
    5181.232	  8
    5181.536	  8
    5182.110	  8
    5183.084	  8
    5183.638	  8
    5184.062	  8
    5184.336	  8
    5184.652	  8
    5185.410	  8
    5185.646	  8
    5186.062	  8
    5186.910	  8
    5187.058	  8
    5187.454	  8
    5187.888	  8
    5188.136	  8
    5188.622	  8
    5189.718	  8
    5190.162	  8
    5190.704	  8
    5191.220	  8
    5191.894	  8
    5192.540	  8
    5193.546	  8
    5194.192	  8
    5194.674	  8
    5195.352	  8
    5195.640	  8
    5195.920	  8
    5197.548	  8
    5197.720	  8
    5197.812	 53
    5197.992	  8
    5197.992	 20
    5197.992	 27
    5198.002	 28
    5198.002	 19
    5198.102	 29
    5198.294	  9
    5198.352	  8
    5199.458	  8
    5199.928	  8
    5200.174	  8
    5218.122	 51
    5218.132	 18
    5239.140	  8
    5239.902	  8
    5240.598	  8
    5241.088	  8
    5243.362	  8
    5243.552	  8
    5244.344	  8
    5245.042	  8
    5245.408	  8
    5245.738	  8
    5246.166	  8
    5246.574	  8
    5246.738	  8
    5247.520	  8
    5249.836	  8
    5250.338	  8
    5250.802	  8
    5251.080	  8
    5251.332	  8
    5252.278	  8
    5252.402	  8
    5252.864	  8
    5253.292	  8
    5254.960	  8
    5255.282	  8
    5255.440	  8
    5255.812	  8
    5256.374	  8
    5256.832	  8
    5257.756	  8
    5258.886	  8
    5259.326	  8
    5259.690	  8
    5261.148	  8
    5261.452	  8
    5262.122	  8
    5262.532	  8
    5263.124	  8
    5264.042	  8
    5264.620	  8
    5265.178	  8
    5265.616	  8
    5266.222	  8
    5266.896	  8
    5267.542	  8
    5268.024	  8
    5268.344	  8
    5268.650	  8
    5269.138	  8
    5269.700	  8
    5272.392	  8
    5272.554	  8
    5272.810	  8
    5273.248	  8
    5273.544	  8
    5274.364	  8
    5276.544	  8
    5276.866	  8
    5277.192	  8
    5277.926	  8
    5278.132	 53
    5278.436	  8
    5278.436	 20
    5278.436	 27
    5278.446	 28
    5278.446	 19
    5278.546	 29
    5278.650	  8
    5278.738	  9
    5298.566	 52
    5298.576	 10
    5366.666	  8
    5366.820	  8
    5367.452	  8
    5367.746	  8
    5368.250	  8
    5368.908	  8
    5369.514	  8
    5370.050	  8
    5370.988	  8
    5371.530	  8
    5371.786	  8
    5372.232	  8
    5372.696	  8
    5374.108	  8
    5375.418	  8
    5375.850	  8
    5376.266	  8
    5377.554	  8
    5377.794	  8
    5378.504	  8
    5379.136	  8
    5379.448	  8
    5381.324	  8
    5382.112	  8
    5382.738	  8
    5383.342	  8
    5383.684	  8
    5384.250	  8
    5385.348	  8
    5385.708	  8
    5386.252	  8
    5387.114	  8
    5387.318	  8
    5387.706	  8
    5387.830	  8
    5389.676	  8
    5390.176	  8
    5391.810	  8
    5392.746	  8
    5393.232	  8
    5393.672	  8
    5394.010	  8
    5394.506	  8
    5395.060	  8
    5395.358	  8
    5396.028	  8
    5397.322	  8
    5397.606	  8
    5398.960	  8
    5399.076	  8
    5400.732	  8
    5400.926	  8
    5401.628	  8
    5402.222	  8
    5402.696	  8
    5402.974	  8
    5403.690	  8
    5403.980	  8
    5405.046	  8
    5405.198	  8
    5406.004	  8
    5406.370	  8
    5406.520	  8
    5407.114	  8
    5407.516	  8
    5407.680	  8
    5410.560	  8
    5412.862	  8
    5413.074	  8
    5414.154	  8
    5414.618	  8
    5415.258	  8
    5415.652	  8
    5416.828	  8
    5417.034	  8
    5417.542	  8
    5417.930	  8
    5418.250	  8
    5418.466	  8
    5418.576	 53
    5419.064	  8
    5419.064	 20
    5419.064	 27
    5419.074	 28
    5419.074	 19
    5419.174	 29
    5419.366	  9
    5419.546	  8
    5420.600	  8
    5439.194	 52
    5439.204	 10
    5456.558	  7
    5456.912	  7
    5501.158	  8
    5501.496	  8
    5502.990	  8
    5503.618	  8
    5504.468	  8
    5504.974	  8
    5506.782	  8
    5509.896	  8
    5511.400	  8
    5513.224	  8
    5514.556	  8
    5515.158	  8
    5515.324	  8
    5516.094	  8
    5516.548	  8
    5517.290	  8
    5519.752	  8
    5520.208	  8
    5520.540	  8
    5521.588	  8
    5522.226	  8
    5526.502	  8
    5527.412	  8
    5527.770	  8
    5528.132	  8
    5529.178	  8
    5536.520	  8
    5536.806	  8
    5559.204	 53
    5597.104	  8
    5597.104	 20
    5597.104	 27
    5597.114	 28
    5597.114	 19
    5597.214	 29
    5597.406	  9
    5597.488	  8
    5617.234	 51
    5617.244	 18
    5644.618	  8
    5647.416	  8
    5647.736	  8
    5647.846	  8
    5654.864	  8
    5656.468	  8
    5657.346	  8
    5658.148	  8
    5658.588	  8
    5658.988	  8
    5659.460	  8
    5660.702	  8
    5661.456	  8
    5662.066	  8
    5662.518	  8
    5663.322	  8
    5663.764	  8
    5664.448	  8
    5666.092	  8
    5666.494	  8
    5667.284	  8
    5668.902	  8
    5669.062	  8
    5669.652	  8
    5670.036	  8
    5670.540	  8
    5670.786	  8
    5672.356	  8
    5674.290	  8
    5674.712	  8
    5675.288	  8
    5675.732	  8
    5675.838	  8
    5676.402	  8
    5676.874	  8
    5677.198	  8
    5677.244	 53
    5677.954	  8
    5677.954	 20
    5677.954	 27
    5677.964	 28
    5677.964	 19
    5678.064	 29
    5678.256	  9
    5678.430	  8
    5680.190	  8
    5680.924	  8
    5683.792	  8
    5683.998	  8
    5684.340	  8
    5698.084	 50
    5698.094	 17
    5716.454	  8
    5717.048	  8
    5720.336	  8
    5724.302	  8
    5726.268	  8
    5726.598	  8
    5728.038	  8
    5728.094	 53
    5728.770	  8
    5728.770	 20
    5728.770	 27
    5728.780	 28
    5728.780	 19
    5728.880	 29
    5729.052	  8
    5729.072	  9
    5731.416	  8
    5732.406	  8
    5748.900	 52
    5748.910	 10
    5827.594	  8
    5827.768	  8
    5828.528	  8
    5829.004	  8
    5829.724	  8
    5830.446	  8
    5830.908	  8
    5831.956	  8
    5833.160	  8
    5833.960	  8
    5835.418	  8
    5836.002	  8
    5839.356	  8
    5840.264	  8
    5841.388	  8
    5841.794	  8
    5842.126	  8
    5843.250	  8
    5845.066	  8
    5846.150	  8
    5847.270	  8
    5848.426	  8
    5849.286	  8
    5849.744	  8
    5850.210	  8
    5850.430	  8
    5851.432	  8
    5852.668	  8
    5853.748	  8
    5854.390	  8
    5854.948	  8
    5855.888	  8
    5856.510	  8
    5856.810	  8
    5858.432	  8
    5858.562	  8
    5858.938	  8
    5859.878	  8
    5861.642	  8
    5862.180	  8
    5862.456	  8
    5862.776	  8
    5863.244	  8
    5864.024	  8
    5865.822	  8
    5866.018	  8
    5866.436	  8
    5868.598	  8
    5868.910	 53
    5869.288	  8
    5869.288	 20
    5869.288	 27
    5869.298	 28
    5869.298	 19
    5869.398	 29
    5869.408	 61
