       8.282	  7
       8.682	  7
      20.010	 52
      20.020	 18
      21.894	  8
      33.938	  8
      34.266	  8
      44.924	  7
      45.066	  7
      45.564	  7
      45.942	  7
      99.822	  8
     111.406	  8
     113.052	  8
     116.580	  8
     140.020	 53
     144.970	  8
     144.970	 20
     144.970	 27
     144.980	 28
     144.980	 19
     145.080	 29
     145.250	  9
     145.282	  8
     165.100	 50
     165.110	 17
     195.110	 53
     254.804	  7
     256.880	  7
     257.028	  7
     257.154	  7
     257.290	  7
     257.430	  7
     257.558	  7
     257.694	  7
     257.828	  7
     257.968	  7
     258.098	  7
     258.234	  7
     258.378	  7
     258.510	  7
     258.662	  7
     258.780	  7
     258.922	  7
     259.076	  7
     259.208	  7
     259.346	  7
     259.506	  7
     259.638	  7
     259.772	  7
     259.910	  7
     260.052	  7
     260.194	  7
     260.338	  7
     260.480	  7
     260.618	  7
     260.782	  7
     260.912	  7
     261.040	  7
     262.252	  7
     262.368	  7
     262.498	  7
     262.628	  7
     262.764	  7
     262.908	  7
     263.046	  7
     263.218	  7
     263.330	  7
     263.464	  7
     263.594	  7
     263.734	  7
     263.874	  7
     264.014	  7
     264.152	  7
     264.292	  7
     264.438	  7
     264.600	  7
     264.730	  7
     264.874	  7
     266.128	  7
     266.242	  7
     266.382	  7
     291.058	  8
     291.058	 20
     291.058	 27
     291.068	 28
     291.068	 19
     291.168	 29
     291.306	  8
     291.338	  9
     311.188	 51
     311.198	 10
     316.788	  8
     351.768	  8
     352.612	  8
     356.532	  8
     356.874	  8
     357.134	  8
     358.680	  7
     361.254	  8
     361.342	  8
     361.566	  8
     361.914	  8
     362.228	  8
     364.138	  8
     364.456	  8
     364.942	  8
     368.008	  8
     368.370	  8
     368.470	  8
     371.198	 53
     372.202	  8
     372.202	 20
     372.202	 27
     372.212	 28
     372.212	 19
     372.312	 29
     372.482	  9
     373.726	  8
     392.332	 50
     392.342	 17
     422.342	 53
     424.182	  8
     424.182	 20
     424.182	 27
     424.192	 28
     424.192	 19
     424.292	 29
     424.462	  9
     444.312	 50
     444.322	 17
     474.322	 53
     510.154	  8
     510.154	 20
     510.154	 27
     510.164	 28
     510.164	 19
     510.264	 29
     510.434	  9
     530.284	 50
     530.294	 17
     532.820	  8
     541.504	  8
     560.294	 53
     567.406	  8
     567.406	 20
     567.406	 27
     567.416	 28
     567.416	 19
     567.516	 29
     567.686	  9
     574.076	  8
     585.396	  8
     587.536	 50
     587.546	 17
     596.334	  8
     604.116	  8
     604.548	  8
     617.546	 53
     627.840	  8
     627.840	 20
     627.840	 27
     627.850	 28
     627.850	 19
     627.950	 29
     628.076	  8
     628.120	  9
     629.826	  8
     647.970	 50
     647.980	 17
     650.116	  8
     650.612	  8
     659.022	  8
     659.138	  8
     669.640	  8
     669.780	  8
     674.962	  8
     677.980	 53
     681.158	  8
     681.158	 20
     681.158	 27
     681.168	 28
     681.168	 19
     681.268	 29
     681.438	  9
     694.336	  8
     694.640	  8
     697.526	  8
     701.288	 50
     701.298	 17
     713.612	  8
     713.912	  8
     725.108	  8
     725.996	  8
     726.244	  8
     731.298	 53
     781.164	  8
     781.164	 20
     781.164	 27
     781.174	 28
     781.174	 19
     781.274	 29
     781.400	  8
     781.444	  9
     792.668	  8
     801.294	 52
     801.304	 18
     822.566	  8
     822.684	  8
     830.092	  8
     830.464	  8
     869.522	  8
     870.142	  8
     870.594	  8
     870.696	  8
     872.368	  8
     872.850	  8
     877.772	  8
     878.066	  8
     880.398	  8
     880.658	  8
     880.922	  8
     884.700	  8
     886.024	  8
     891.160	  7
     891.304	  7
     891.422	  7
     891.606	  7
     891.764	  7
     891.950	  7
     892.132	  7
     892.306	  7
     892.494	  7
     894.872	  8
     895.270	  8
     921.304	 53
     971.316	  8
     971.316	 20
     971.316	 27
     971.326	 28
     971.326	 19
     971.426	 29
     971.586	  8
     971.596	  9
     991.446	 50
     991.456	 17
     994.100	  8
    1017.354	  8
    1021.456	 53
    1022.424	  8
    1022.424	 20
    1022.424	 27
    1022.434	 28
    1022.434	 19
    1022.534	 29
    1022.582	  8
    1022.704	  9
    1042.554	 51
    1042.564	 10
    1093.892	  8
    1094.114	  8
    1095.190	  8
    1097.814	  8
    1102.208	  8
    1102.378	  8
    1102.500	  8
    1102.564	 53
    1102.740	  8
    1102.740	 20
    1102.740	 27
    1102.750	 28
    1102.750	 19
    1102.850	 29
    1103.020	  9
    1122.870	 52
    1122.880	 18
    1143.372	  8
    1143.806	  8
    1150.416	  8
    1155.986	  8
    1161.728	  8
    1166.740	  8
    1180.358	  8
    1180.640	  8
    1184.414	  8
    1184.584	  8
    1184.840	  8
    1189.416	  8
    1189.664	  8
    1195.200	  8
    1195.400	  8
    1201.704	  8
    1201.938	  8
    1204.456	  8
    1204.636	  8
    1217.442	  8
    1218.074	  8
    1218.518	  8
    1218.828	  8
    1221.874	  8
    1222.298	  8
    1225.080	  8
    1225.256	  8
    1225.492	  8
    1230.888	  8
    1231.030	  8
    1231.222	  8
    1236.378	  8
    1236.620	  8
    1236.986	  8
    1237.276	  8
    1237.450	  8
    1242.880	 53
    1243.722	  8
    1243.722	 20
    1243.722	 27
    1243.732	 28
    1243.732	 19
    1243.784	  8
    1243.832	 29
    1243.948	  8
    1244.002	  9
    1250.100	  8
    1263.852	 52
    1263.862	 18
    1269.830	  7
    1270.102	  7
    1270.252	  7
    1270.352	  7
    1270.536	  7
    1270.696	  7
    1271.006	  7
    1271.170	  7
    1271.328	  7
    1271.468	  7
    1271.640	  7
    1271.770	  7
    1271.894	  7
    1272.024	  7
    1272.156	  7
    1272.280	  7
    1272.418	  7
    1272.566	  7
    1272.710	  7
    1272.828	  7
    1272.952	  7
    1273.090	  7
    1273.222	  7
    1273.352	  7
    1273.486	  7
    1273.618	  7
    1273.748	  7
    1273.886	  7
    1274.028	  7
    1274.184	  7
    1274.306	  7
    1274.438	  7
    1274.574	  7
    1274.712	  7
    1274.852	  7
    1275.002	  7
    1275.144	  7
    1275.296	  7
    1275.442	  7
    1275.586	  7
    1275.724	  7
    1275.876	  7
    1276.002	  7
    1276.142	  7
    1276.280	  7
    1276.426	  7
    1276.574	  7
    1276.710	  7
    1276.856	  7
    1277.006	  7
    1277.142	  7
    1277.290	  7
    1277.440	  7
    1277.590	  7
    1277.732	  7
    1277.898	  7
    1278.046	  7
    1278.192	  7
    1278.334	  7
    1278.474	  7
    1278.624	  7
    1278.760	  7
    1278.918	  7
    1279.084	  7
    1279.242	  7
    1279.376	  7
    1279.522	  7
    1279.664	  7
    1279.814	  7
    1279.966	  7
    1280.122	  7
    1280.276	  7
    1280.434	  7
    1280.590	  7
    1280.728	  7
    1280.870	  7
    1281.012	  7
    1281.162	  7
    1281.304	  7
    1281.452	  7
    1281.600	  7
    1281.740	  7
    1281.886	  7
    1282.028	  7
    1282.196	  7
    1282.330	  7
    1282.470	  7
    1282.606	  7
    1282.748	  7
    1282.888	  7
    1283.034	  7
    1283.186	  7
    1283.328	  7
    1283.470	  7
    1283.622	  7
    1283.766	  7
    1283.916	  7
    1284.064	  7
    1284.216	  7
    1284.366	  7
    1284.500	  7
    1284.648	  7
    1284.786	  7
    1284.940	  7
    1285.090	  7
    1285.238	  7
    1285.390	  7
    1285.528	  7
    1285.676	  7
    1285.820	  7
    1285.972	  7
    1286.126	  7
    1286.268	  7
    1286.422	  7
    1286.566	  7
    1286.716	  7
    1286.860	  7
    1287.024	  7
    1287.176	  7
    1287.310	  7
    1287.460	  7
    1287.606	  7
    1287.750	  7
    1287.892	  7
    1288.034	  7
    1288.180	  7
    1288.328	  7
    1288.474	  7
    1288.622	  7
    1288.778	  7
    1288.912	  7
    1289.066	  7
    1289.212	  7
    1289.352	  7
    1289.506	  7
    1289.658	  7
    1289.804	  7
    1289.952	  7
    1290.106	  7
    1290.254	  7
    1290.402	  7
    1290.554	  7
    1290.706	  7
    1290.858	  7
    1290.996	  7
    1291.146	  7
    1291.294	  7
    1291.438	  7
    1291.582	  7
    1291.730	  7
    1291.878	  7
    1292.024	  7
    1292.188	  7
    1292.340	  7
    1292.498	  7
    1292.658	  7
    1292.800	  7
    1292.942	  7
    1293.108	  7
    1293.242	  7
    1293.380	  7
    1293.528	  7
    1293.678	  7
    1293.820	  7
    1293.958	  7
    1294.112	  7
    1294.262	  7
    1294.402	  7
    1294.548	  7
    1294.690	  7
    1294.830	  7
    1294.980	  7
    1295.130	  7
    1295.278	  7
    1295.438	  7
    1295.580	  7
    1295.734	  7
    1295.872	  7
    1296.026	  7
    1296.180	  7
    1296.338	  7
    1296.476	  7
    1296.622	  7
    1296.770	  7
    1296.906	  7
    1297.058	  7
    1297.210	  7
    1297.360	  7
    1297.522	  7
    1297.662	  7
    1297.810	  7
    1297.948	  7
    1298.092	  7
    1298.238	  7
    1298.386	  7
    1298.702	  7
    1298.844	  7
    1298.984	  7
    1299.130	  7
    1299.280	  7
    1299.422	  7
    1299.576	  7
    1299.720	  7
    1299.858	  7
    1300.016	  7
    1300.158	  7
    1300.312	  7
    1300.464	  7
    1300.620	  7
    1300.776	  7
    1300.930	  7
    1301.082	  7
    1301.238	  7
    1301.394	  7
    1301.546	  7
    1301.692	  7
    1301.830	  7
    1301.972	  7
    1302.126	  7
    1302.276	  7
    1302.426	  7
    1302.578	  7
    1302.736	  7
    1302.888	  7
    1303.020	  7
    1303.162	  7
    1303.308	  7
    1303.448	  7
    1303.596	  7
    1303.750	  7
    1303.898	  7
    1304.048	  7
    1304.200	  7
    1304.348	  7
    1304.498	  7
    1304.648	  7
    1304.802	  7
    1304.966	  7
    1305.092	  7
    1305.238	  7
    1305.384	  7
    1305.530	  7
    1305.676	  7
    1305.826	  7
    1305.970	  7
    1306.120	  7
    1306.274	  7
    1306.426	  7
    1306.570	  7
    1306.720	  7
    1306.872	  7
    1307.008	  7
    1307.156	  7
    1307.320	  7
    1307.452	  7
    1307.606	  7
    1307.756	  7
    1307.914	  7
    1308.062	  7
    1308.210	  7
    1308.374	  7
    1308.516	  7
    1308.664	  7
    1308.814	  7
    1308.962	  7
    1309.098	  7
    1309.260	  7
    1309.428	  7
    1309.568	  7
    1309.724	  7
    1309.884	  7
    1310.034	  7
    1310.188	  7
    1310.330	  7
    1310.468	  7
    1310.624	  7
    1310.780	  7
    1310.944	  7
    1311.094	  7
    1311.236	  7
    1311.380	  7
    1311.528	  7
    1311.682	  7
    1311.836	  7
    1311.996	  7
    1312.134	  7
    1312.286	  7
    1312.434	  7
    1312.578	  7
    1312.726	  7
    1312.872	  7
    1313.020	  7
    1313.168	  7
    1313.316	  7
    1313.460	  7
    1313.600	  7
    1313.750	  7
    1313.916	  7
    1314.048	  7
    1314.196	  7
    1314.356	  7
    1314.510	  7
    1314.656	  7
    1314.810	  7
    1314.966	  7
    1315.110	  7
    1315.264	  7
    1315.416	  7
    1315.566	  7
    1315.740	  7
    1315.886	  7
    1316.038	  7
    1316.200	  7
    1316.362	  7
    1316.522	  7
    1316.690	  7
    1316.838	  7
    1316.992	  7
    1317.140	  7
    1317.292	  7
    1317.444	  7
    1317.584	  7
    1317.740	  7
    1317.898	  7
    1318.050	  7
    1318.200	  7
    1318.356	  7
    1318.504	  7
    1318.668	  7
    1318.818	  7
    1318.982	  7
    1319.134	  7
    1319.290	  7
    1319.452	  7
    1319.608	  7
    1319.760	  7
    1319.906	  7
    1320.058	  7
    1320.202	  7
    1320.356	  7
    1320.504	  7
    1320.656	  7
    1320.816	  7
    1320.978	  7
    1321.120	  7
    1321.282	  7
    1321.434	  7
    1321.588	  7
    1321.742	  7
    1321.896	  7
    1322.058	  7
    1322.200	  7
    1322.360	  7
    1322.512	  7
    1322.660	  7
    1322.814	  7
    1322.966	  7
    1323.136	  7
    1323.274	  7
    1323.426	  7
    1323.582	  7
    1323.732	  7
    1323.882	  7
    1324.042	  7
    1324.190	  7
    1324.344	  7
    1324.494	  7
    1324.644	  7
    1324.814	  7
    1324.958	  7
    1325.106	  7
    1325.262	  7
    1325.420	  7
    1325.572	  7
    1325.722	  7
    1325.876	  7
    1326.020	  7
    1326.170	  7
    1326.324	  7
    1326.472	  7
    1326.632	  7
    1326.786	  7
    1326.942	  7
    1327.110	  7
    1327.254	  7
    1327.556	  7
    1327.702	  7
    1327.850	  7
    1328.002	  7
    1328.152	  7
    1328.300	  7
    1328.452	  7
    1328.602	  7
    1328.756	  7
    1328.912	  7
    1329.076	  7
    1329.210	  7
    1329.364	  7
    1329.522	  7
    1329.684	  7
    1329.836	  7
    1329.990	  7
    1330.140	  7
    1330.290	  7
    1330.450	  7
    1330.598	  7
    1330.742	  7
    1330.904	  7
    1331.046	  7
    1331.198	  7
    1331.354	  7
    1331.508	  7
    1331.666	  7
    1331.818	  7
    1331.974	  7
    1332.134	  7
    1332.282	  7
    1332.434	  7
    1332.608	  7
    1332.760	  7
    1332.930	  7
    1333.076	  7
    1333.226	  7
    1333.374	  7
    1333.526	  7
    1333.690	  7
    1333.844	  7
    1334.004	  7
    1334.160	  7
    1334.316	  7
    1334.468	  7
    1334.608	  7
    1334.766	  7
    1334.918	  7
    1335.092	  7
    1335.232	  7
    1335.380	  7
    1335.544	  7
    1335.700	  7
    1335.844	  7
    1335.996	  7
    1336.160	  7
    1336.462	  7
    1336.618	  7
    1336.772	  7
    1336.930	  7
    1337.084	  7
    1337.238	  7
    1337.386	  7
    1337.548	  7
    1337.690	  7
    1337.832	  7
    1337.988	  7
    1338.148	  7
    1338.290	  7
    1338.442	  7
    1338.602	  7
    1338.754	  7
    1338.910	  7
    1339.064	  7
    1339.224	  7
    1339.372	  7
    1339.522	  7
    1339.690	  7
    1339.828	  7
    1339.980	  7
    1340.126	  7
    1340.274	  7
    1340.416	  7
    1340.572	  7
    1340.726	  7
    1340.874	  7
    1341.030	  7
    1341.196	  7
    1341.346	  7
    1341.508	  7
    1341.660	  7
    1341.822	  7
    1341.972	  7
    1342.118	  7
    1342.276	  7
    1342.434	  7
    1342.596	  7
    1342.756	  7
    1342.908	  7
    1343.072	  7
    1343.218	  7
    1343.356	  7
    1343.500	  7
    1343.646	  7
    1343.796	  7
    1343.954	  7
    1344.088	  7
    1344.238	  7
    1344.380	  7
    1344.532	  7
    1344.682	  7
    1344.826	  7
    1344.972	  7
    1345.130	  7
    1345.286	  7
    1345.432	  7
    1345.582	  7
    1345.758	  7
    1345.900	  7
    1346.062	  7
    1346.236	  7
    1346.390	  7
    1346.542	  7
    1346.690	  7
    1346.824	  7
    1346.968	  7
    1347.114	  7
    1347.256	  7
    1347.394	  7
    1347.560	  7
    1347.700	  7
    1347.852	  7
    1348.008	  7
    1348.154	  7
    1348.298	  7
    1348.438	  7
    1348.592	  7
    1348.752	  7
    1348.906	  7
    1349.064	  7
    1349.216	  7
    1349.360	  7
    1349.518	  7
    1349.660	  7
    1349.812	  7
    1349.958	  7
    1350.108	  7
    1350.250	  7
    1350.380	  7
    1350.518	  7
    1350.664	  7
    1350.810	  7
    1350.964	  7
    1351.124	  7
    1351.270	  7
    1351.414	  7
    1351.566	  7
    1351.724	  7
    1351.886	  7
    1352.038	  7
    1352.188	  7
    1352.340	  7
    1352.488	  7
    1352.656	  7
    1352.798	  7
    1352.954	  7
    1353.098	  7
    1353.238	  7
    1353.380	  7
    1353.524	  7
    1353.672	  7
    1353.820	  7
    1353.968	  7
    1354.118	  7
    1354.284	  7
    1354.418	  7
    1354.560	  7
    1354.704	  7
    1354.856	  7
    1355.000	  7
    1355.150	  7
    1355.304	  7
    1355.450	  7
    1355.602	  7
    1355.758	  7
    1355.912	  7
    1356.066	  7
    1356.230	  7
    1356.392	  7
    1356.526	  7
    1356.670	  7
    1356.822	  7
    1356.976	  7
    1357.132	  7
    1357.280	  7
    1357.418	  7
    1357.570	  7
    1357.720	  7
    1357.874	  7
    1358.018	  7
    1358.324	  7
    1358.454	  7
    1358.590	  7
    1358.734	  7
    1358.880	  7
    1359.030	  7
    1359.178	  7
    1359.334	  7
    1359.482	  7
    1359.626	  7
    1359.772	  7
    1359.918	  7
    1360.064	  7
    1360.208	  7
    1360.360	  7
    1360.506	  7
    1360.670	  7
    1360.806	  7
    1360.964	  7
    1361.108	  7
    1361.274	  7
    1361.434	  7
    1361.580	  7
    1361.732	  7
    1361.888	  7
    1362.044	  7
    1362.200	  7
    1362.344	  7
    1362.482	  7
    1362.634	  7
    1362.780	  7
    1362.940	  7
    1363.104	  7
    1363.250	  7
    1363.420	  7
    1363.578	  7
    1363.744	  7
    1363.904	  7
    1364.066	  7
    1364.214	  7
    1364.378	  7
    1364.528	  7
    1364.684	  7
    1364.844	  7
    1365.006	  7
    1365.164	  7
    1365.314	  7
    1365.486	  7
    1365.618	  7
    1365.772	  7
    1365.922	  7
    1366.068	  7
    1366.220	  7
    1366.380	  7
    1366.532	  7
    1366.664	  7
    1366.820	  7
    1366.974	  7
    1367.124	  7
    1367.300	  7
    1367.454	  7
    1367.602	  7
    1367.758	  7
    1367.918	  7
    1368.072	  7
    1368.230	  7
    1368.384	  7
    1368.538	  7
    1368.692	  7
    1368.844	  7
    1369.016	  7
    1369.158	  7
    1369.308	  7
    1369.460	  7
    1369.606	  7
    1369.758	  7
    1369.920	  7
    1370.068	  7
    1370.214	  7
    1370.368	  7
    1370.530	  7
    1370.678	  7
    1370.844	  7
    1370.986	  7
    1371.130	  7
    1371.278	  7
    1371.432	  7
    1371.582	  7
    1371.724	  7
    1371.860	  7
    1372.014	  7
    1372.160	  7
    1372.312	  7
    1372.472	  7
    1372.624	  7
    1372.794	  7
    1372.944	  7
    1373.098	  7
    1373.246	  7
    1373.410	  7
    1373.578	  7
    1373.734	  7
    1373.886	  7
    1374.044	  7
    1374.198	  7
    1374.354	  7
    1374.514	  7
    1374.664	  7
    1374.842	  7
    1374.998	  7
    1375.140	  7
    1375.286	  7
    1375.440	  7
    1375.598	  7
    1375.750	  7
    1375.908	  7
    1376.064	  7
    1376.216	  7
    1376.376	  7
    1376.538	  7
    1376.682	  7
    1376.846	  7
    1377.012	  7
    1377.174	  7
    1377.336	  7
    1377.486	  7
    1377.638	  7
    1377.794	  7
    1377.952	  7
    1378.100	  7
    1378.250	  7
    1378.412	  7
    1378.564	  7
    1378.720	  7
    1378.876	  7
    1379.178	  7
    1379.338	  7
    1379.508	  7
    1379.670	  7
    1379.824	  7
    1379.978	  7
    1380.130	  7
    1380.278	  7
    1380.436	  7
    1380.602	  7
    1380.742	  7
    1380.894	  7
    1381.048	  7
    1381.202	  7
    1381.352	  7
    1381.528	  7
    1381.678	  7
    1381.838	  7
    1382.012	  7
    1382.170	  7
    1382.324	  7
    1382.482	  7
    1382.636	  7
    1382.786	  7
    1382.952	  7
    1383.118	  7
    1383.270	  7
    1383.434	  7
    1383.604	  7
    1383.760	  7
    1383.862	 53
    1384.074	  7
    1384.222	  7
    1384.378	  7
    1384.988	  7
    1385.132	  7
    1385.276	  7
    1385.426	  7
    1385.590	  7
    1385.734	  7
    1385.886	  7
    1386.036	  7
    1386.184	  7
    1386.334	  7
    1386.486	  7
    1386.648	  7
    1386.796	  7
    1386.956	  7
    1387.112	  7
    1387.264	  7
    1387.420	  7
    1387.580	  7
    1388.016	  7
    1388.160	  7
    1388.298	  7
    1388.454	  7
    1388.604	  7
    1388.754	  7
    1388.916	  7
    1389.074	  7
    1389.228	  7
    1389.382	  7
    1389.540	  7
    1389.700	  7
    1389.846	  7
    1390.004	  7
    1390.166	  7
    1390.322	  7
    1390.474	  7
    1390.634	  7
    1390.798	  7
    1390.956	  7
    1391.118	  7
    1391.282	  7
    1391.442	  7
    1391.606	  7
    1391.774	  7
    1391.928	  7
    1392.080	  7
    1392.232	  7
    1392.398	  7
    1392.624	  7
    1392.726	  7
    1392.864	  7
    1393.012	  7
    1393.162	  7
    1393.310	  7
    1393.460	  7
    1393.614	  7
    1393.768	  7
    1393.916	  7
    1394.066	  7
    1394.214	  7
    1394.366	  7
    1394.544	  7
    1394.700	  7
    1394.856	  7
    1395.010	  7
    1395.162	  7
    1395.310	  7
    1395.470	  7
    1395.624	  7
    1396.258	  7
    1396.384	  7
    1396.530	  7
    1396.690	  7
    1396.834	  7
    1396.976	  7
    1397.136	  7
    1397.280	  7
    1397.416	  7
    1397.566	  7
    1397.734	  7
    1398.080	  7
    1398.218	  7
    1398.374	  7
    1398.524	  7
    1398.686	  7
    1398.830	  7
    1398.976	  7
    1399.138	  7
    1399.288	  7
    1399.442	  7
    1399.600	  7
    1399.764	  7
    1399.914	  7
    1400.068	  7
    1400.244	  7
    1400.390	  7
    1400.544	  7
    1400.712	  7
    1400.868	  7
    1401.030	  7
    1401.206	  7
    1401.358	  7
    1401.526	  7
    1401.684	  7
    1401.838	  7
    1401.972	  7
    1402.152	  7
    1402.296	  7
    1402.438	  7
    1402.596	  7
    1402.752	  7
    1402.936	  7
    1403.090	  7
    1403.252	  7
    1403.436	  7
    1403.744	  7
    1403.878	  7
    1404.036	  7
    1404.194	  7
    1404.342	  7
    1404.504	  7
    1404.666	  7
    1405.318	  7
    1405.452	  7
    1405.588	  7
    1405.720	  7
    1405.874	  7
    1406.254	  7
    1406.388	  7
    1406.758	  7
    1406.892	  7
    1407.038	  7
    1407.238	  7
    1407.366	  7
    1407.514	  7
    1407.678	  7
    1408.554	  7
    1408.836	  7
    1408.992	  7
    1409.190	  7
    1409.316	  7
    1409.480	  7
    1409.640	  7
    1409.828	  7
    1410.326	  7
    1410.508	  7
    1410.646	  7
    1410.788	  7
    1413.876	  8
    1413.876	 20
    1413.876	 27
    1413.886	 28
    1413.886	 19
    1413.986	 29
    1414.156	  9
    1422.132	  8
    1422.530	  8
    1434.006	 51
    1434.016	 10
    1454.502	  8
    1455.180	  8
    1461.148	  8
    1461.594	  8
    1462.680	  8
    1462.750	  8
    1464.480	  8
    1468.304	  8
    1477.788	  8
    1478.074	  8
    1478.786	  8
    1479.978	  8
    1481.504	  8
    1483.412	  8
    1483.754	  8
    1484.102	  8
    1484.674	  8
    1486.380	  8
    1486.620	  8
    1486.944	  8
    1487.308	  8
    1494.016	 53
    1501.304	  8
    1501.304	 20
    1501.304	 27
    1501.314	 28
    1501.314	 19
    1501.414	 29
    1501.584	  9
    1521.434	 52
    1521.444	 18
    1598.450	  8
    1598.850	  8
    1598.934	  8
    1619.046	  8
    1619.192	  8
    1619.490	  8
    1625.360	  8
    1625.592	  8
    1641.444	 53
    1677.730	  8
    1677.730	 20
    1677.730	 27
    1677.740	 28
    1677.740	 19
    1677.840	 29
    1677.954	  8
    1678.010	  9
    1697.860	 51
    1697.870	 10
    1722.344	  8
    1723.380	  8
    1725.120	  8
    1725.418	  8
    1725.698	  8
    1728.018	  8
    1728.206	  8
    1729.206	  8
    1729.588	  8
    1733.568	  8
    1733.820	  8
    1734.382	  8
    1735.156	  8
    1735.550	  8
    1736.754	  8
    1737.010	  8
    1738.098	  8
    1738.548	  8
    1738.906	  8
    1740.568	  8
    1741.302	  8
    1741.826	  8
    1744.084	  8
    1744.328	  8
    1752.292	  8
    1752.562	  8
    1753.270	  8
    1753.834	  8
    1754.828	  8
    1756.268	  8
    1756.548	  8
    1757.870	 53
    1758.328	  8
    1758.328	 20
    1758.328	 27
    1758.338	 28
    1758.338	 19
    1758.438	 29
    1758.608	  9
    1778.458	 52
    1778.468	 18
    1779.664	  8
    1798.464	  8
    1798.644	  8
    1807.888	  8
    1816.174	  8
    1819.158	  8
    1819.602	  8
    1842.804	  8
    1842.962	  8
    1843.624	  8
    1890.502	  8
    1890.972	  8
    1891.226	  8
    1891.822	  8
    1898.468	 53
    1918.566	  8
    1918.566	 20
    1918.566	 27
    1918.576	 28
    1918.576	 19
    1918.676	 29
    1919.090	  9
    1933.812	  8
    1936.562	  7
    1936.756	  7
    1936.902	  7
    1937.074	  7
    1937.218	  7
    1937.352	  7
    1937.492	  7
    1937.644	  7
    1937.784	  7
    1937.930	  7
    1938.068	  7
    1938.206	  7
    1938.344	  7
    1938.488	  7
    1938.618	  7
    1938.696	 51
    1938.706	 10
    1938.758	  7
    1938.884	  7
    1939.026	  7
    1939.172	  7
    1939.310	  7
    1939.450	  7
    1939.588	  7
    1939.730	  7
    1939.870	  7
    1940.006	  7
    1940.150	  7
    1940.294	  7
    1940.468	  7
    1940.594	  7
    1940.732	  7
    1940.870	  7
    1941.012	  7
    1941.144	  7
    1941.290	  7
    1941.442	  7
    1941.572	  7
    1941.744	  7
    1941.864	  7
    1942.000	  7
    1942.130	  7
    1942.266	  7
    1942.396	  7
    1942.534	  7
    1942.676	  7
    1942.812	  7
    1942.956	  7
    1943.098	  7
    1943.244	  7
    1943.388	  7
    1943.530	  7
    1943.668	  7
    1943.798	  7
    1943.966	  7
    1944.086	  7
    1944.220	  7
    1944.356	  7
    1944.502	  7
    1944.642	  7
    1944.776	  7
    1944.902	  7
    1945.038	  7
    1945.168	  7
    1945.328	  7
    1945.446	  7
    1945.586	  7
    1945.722	  7
    1945.862	  7
    1946.006	  7
    1946.144	  7
    1946.286	  7
    1946.450	  7
    1946.574	  7
    1946.716	  7
    1946.856	  7
    1947.004	  7
    1947.146	  7
    1947.288	  7
    1947.430	  7
    1947.582	  7
    1947.730	  7
    1947.884	  7
    1948.030	  7
    1948.190	  7
    1948.322	  7
    1948.474	  7
    1948.624	  7
    1948.776	  7
    1948.922	  7
    1949.070	  7
    1949.214	  7
    1949.366	  7
    1949.524	  7
    1949.680	  7
    1949.844	  7
    1949.988	  7
    1950.134	  7
    1950.290	  7
    1950.438	  7
    1950.588	  7
    1950.738	  7
    1950.890	  7
    1951.036	  7
    1951.184	  7
    1951.320	  7
    1951.468	  7
    1951.624	  7
    1951.758	  7
    1951.906	  7
    1952.056	  7
    1952.206	  7
    1952.362	  7
    1952.514	  7
    1952.670	  7
    1952.816	  7
    1952.962	  7
    1953.114	  7
    1953.266	  7
    1953.424	  7
    1953.574	  7
    1953.724	  7
    1953.882	  7
    1954.016	  7
    1954.168	  7
    1954.318	  7
    1954.468	  7
    1954.616	  7
    1954.774	  7
    1954.926	  7
    1955.078	  7
    1955.226	  7
    1955.384	  7
    1955.542	  7
    1955.690	  7
    1955.844	  7
    1955.996	  7
    1956.146	  7
    1956.294	  7
    1956.446	  7
    1956.604	  7
    1956.752	  7
    1956.904	  7
    1957.058	  7
    1957.222	  7
    1957.370	  7
    1957.522	  7
    1957.672	  7
    1957.824	  7
    1957.972	  7
    1958.120	  7
    1958.270	  7
    1958.422	  7
    1958.576	  7
    1958.728	  7
    1958.892	  7
    1959.040	  7
    1959.190	  7
    1959.358	  7
    1959.514	  7
    1959.676	  7
    1959.832	  7
    1960.026	  7
    1960.172	  7
    1960.312	  7
    1960.462	  7
    1960.624	  7
    1960.786	  7
    1961.132	  7
    1961.262	  7
    1961.398	  7
    1961.518	  7
    1961.684	  7
    1962.012	  7
    1963.970	  7
    1964.116	  7
    1964.276	  7
    1964.418	  7
    1964.572	  7
    1964.706	  7
    1964.866	  7
    1965.018	  7
    1965.168	  7
    1965.318	  7
    1965.464	  7
    1965.622	  7
    1965.766	  7
    1965.918	  7
    1966.066	  7
    1966.216	  7
    1966.366	  7
    1966.508	  7
    1966.686	  7
    1966.814	  7
    1966.956	  7
    1967.106	  7
    1967.250	  7
    1967.404	  7
    1967.556	  7
    1967.704	  7
    1967.858	  7
    1968.012	  7
    1968.162	  7
    1968.316	  7
    1968.472	  7
    1968.626	  7
    1968.802	  7
    1968.954	  7
    1969.108	  7
    1969.264	  7
    1969.426	  7
    1969.584	  7
    1969.740	  7
    1969.886	  7
    1970.040	  7
    1970.200	  7
    1970.366	  7
    1970.514	  7
    1970.674	  7
    1970.828	  7
    1970.988	  7
    1971.146	  7
    1971.306	  7
    1971.456	  7
    1971.602	  7
    1971.750	  7
    1971.900	  7
    1972.186	  7
    1972.344	  7
    1972.814	  7
    1973.018	  7
    1973.152	  7
    1973.300	  7
    1973.464	  7
    1973.624	  7
    1973.770	  7
    1973.920	  7
    1974.074	  7
    1974.230	  7
    1974.548	  7
    1974.700	  7
    1974.852	  7
    1975.008	  7
    1975.162	  7
    1975.320	  7
    1975.488	  7
    1975.644	  7
    1975.804	  7
    1975.960	  7
    1976.126	  7
    1976.304	  7
    1976.468	  7
    1976.618	  7
    1976.778	  7
    1976.936	  7
    1977.078	  7
    1977.248	  7
    1977.400	  7
    1977.562	  7
    1977.708	  7
    1977.874	  7
    1978.326	  7
    1978.482	  7
    1978.628	  7
    1978.784	  7
    1978.930	  7
    1979.082	  7
    1979.242	  7
    1979.408	  7
    1979.558	  7
    1979.708	  7
    1979.856	  7
    1980.016	  7
    1980.162	  7
    1980.320	  7
    1980.476	  7
    1981.016	  7
    1981.138	  7
    1981.294	  7
    1981.446	  7
    1981.608	  7
    1981.778	  7
    1981.918	  7
    1982.452	  7
    1982.604	  7
    1982.964	  7
    1983.076	  7
    1983.228	  7
    1983.378	  7
    1984.094	  7
    1984.220	  7
    1984.368	  7
    1984.514	  7
    1984.672	  7
    1984.822	  7
    1984.978	  7
    1985.136	  7
    1985.292	  7
    1985.496	  7
    1985.592	  7
    1985.774	  7
    1985.934	  7
    1986.092	  7
    1986.460	  7
    1986.564	  7
    1986.718	  7
    1986.870	  7
    1989.954	  8
    1990.112	  8
    1990.992	  8
    1993.150	  8
    1993.412	  8
    1993.464	  8
    1996.034	  8
    1998.030	  8
    1998.248	  8
    1998.706	 53
    1998.736	  8
    1998.736	 20
    1998.736	 27
    1998.746	 28
    1998.746	 19
    1998.846	 29
    1999.016	  9
    1999.050	  8
    2001.632	  8
    2009.784	  8
    2011.164	  8
    2018.866	 50
    2018.876	 17
    2048.876	 53
    2067.402	  8
    2067.402	 20
    2067.402	 27
    2067.412	 28
    2067.412	 19
    2067.512	 29
    2067.682	  9
    2084.142	  7
    2084.792	  7
    2087.532	 52
    2087.542	 18
    2088.712	  7
    2089.026	  7
    2089.072	  7
    2089.130	  7
    2089.184	  7
    2089.312	  7
    2090.052	  7
    2093.970	  8
    2094.176	  8
    2101.816	  8
    2129.504	  8
    2129.800	  8
    2130.218	  8
    2150.990	  8
    2151.208	  8
    2175.016	  8
    2175.030	  8
    2175.052	  8
    2175.434	  8
    2175.648	  8
    2184.964	  8
    2185.140	  8
    2185.368	  8
    2194.768	  8
    2194.928	  8
    2202.494	  8
    2207.542	 53
    2220.030	  8
    2220.030	 20
    2220.030	 27
    2220.040	 28
    2220.040	 19
    2220.140	 29
    2220.310	  9
    2240.160	 50
    2240.170	 17
    2270.170	 53
    2279.790	  8
    2279.790	 20
    2279.790	 27
    2279.800	 28
    2279.800	 19
    2279.900	 29
    2279.930	  8
    2280.070	  9
    2299.920	 50
    2299.930	 17
    2324.646	  8
    2325.726	  8
    2328.256	  8
    2328.632	  8
    2329.930	 53
    2341.894	  8
    2341.894	 20
    2341.894	 27
    2341.904	 28
    2341.904	 19
    2342.004	 29
    2342.084	  8
    2342.174	  9
    2362.024	 50
    2362.034	 17
    2362.180	  8
    2368.834	  8
    2372.916	  8
    2374.434	  8
    2379.258	  8
    2385.580	  8
    2390.356	  8
    2392.034	 53
    2428.890	  8
    2428.890	 20
    2428.890	 27
    2428.900	 28
    2428.900	 19
    2429.000	 29
    2429.170	  9
    2436.314	  8
    2436.578	  8
    2445.822	  8
    2449.020	 51
    2449.030	 10
    2460.470	  8
    2468.958	  8
    2475.560	  8
    2475.788	  8
    2477.096	  8
    2477.208	  8
    2477.756	  8
    2506.958	  8
    2507.790	  8
    2508.148	  8
    2509.030	 53
    2510.230	  8
    2510.230	 20
    2510.230	 27
    2510.240	 28
    2510.240	 19
    2510.340	 29
    2510.510	  9
    2525.732	  8
    2530.360	 52
    2530.370	 18
    2539.678	  8
    2539.836	  8
    2540.106	  8
    2546.156	  8
    2546.660	  8
    2552.186	  8
    2552.420	  8
    2552.722	  8
    2570.924	  8
    2571.042	  8
    2638.752	  8
    2639.398	  8
    2641.884	  8
    2642.348	  8
    2649.334	  8
    2649.766	  8
    2650.370	 53
    2654.140	  8
    2654.140	 20
    2654.140	 27
    2654.150	 28
    2654.150	 19
    2654.250	 29
    2654.420	  9
    2654.486	  8
    2657.568	  8
    2674.270	 52
    2674.280	 18
    2675.526	  8
    2683.188	  8
    2762.904	  8
    2763.040	  8
    2792.168	  8
    2792.370	  8
    2794.280	 53
    2797.540	  8
    2797.540	 20
    2797.540	 27
    2797.550	 28
    2797.550	 19
    2797.650	 29
    2797.796	  8
    2797.820	  9
    2817.670	 52
    2817.680	 18
    2834.112	  8
    2834.314	  8
    2834.482	  8
    2858.020	  8
    2858.194	  8
    2937.680	 53
    3017.074	  8
    3017.074	 20
    3017.074	 27
    3017.084	 28
    3017.084	 19
    3017.184	 29
    3017.334	  8
    3017.354	  9
    3033.504	  8
    3037.204	 52
    3037.214	 18
    3038.976	  8
    3039.176	  8
    3059.206	  8
    3059.660	  8
    3060.860	  8
    3061.844	  8
    3063.124	  8
    3067.354	  8
    3067.590	  8
    3069.648	  8
    3070.022	  8
    3071.274	  8
    3074.382	  8
    3074.584	  8
    3077.546	  8
    3079.524	  8
    3080.046	  8
    3084.764	  8
    3084.930	  8
    3085.340	  8
    3085.618	  8
    3090.278	  8
    3090.550	  8
    3090.808	  8
    3091.256	  8
    3091.436	  8
    3093.354	  8
    3093.512	  8
    3095.506	  8
    3101.156	  8
    3101.438	  8
    3101.676	  8
    3113.032	  8
    3113.332	  8
    3116.516	  8
    3116.750	  8
    3117.304	  8
    3120.248	  8
    3120.442	  8
    3139.450	  8
    3139.952	  8
    3148.112	  8
    3148.354	  8
    3148.894	  8
    3149.246	  8
    3155.020	  7
    3157.214	 53
    3159.004	  8
    3159.004	 20
    3159.004	 27
    3159.014	 28
    3159.014	 19
    3159.114	 29
    3159.284	  9
    3159.288	  8
    3179.134	 50
    3179.144	 17
    3193.854	  8
    3209.144	 53
    3215.106	  7
    3215.582	  7
    3215.956	  7
    3216.108	  7
    3216.292	  7
    3216.492	  7
    3216.658	  7
    3218.402	  7
    3218.572	  7
    3221.316	  7
    3221.622	  7
    3221.770	  7
    3227.268	  8
    3227.268	 20
    3227.268	 27
    3227.278	 28
    3227.278	 19
    3227.378	 29
    3227.534	  8
    3227.548	  9
    3243.786	  7
    3243.820	  7
    3244.044	  7
    3244.278	  7
    3244.422	  7
    3244.566	  7
    3244.712	  7
    3244.854	  7
    3244.990	  7
    3245.128	  7
    3245.272	  7
    3245.410	  7
    3245.552	  7
    3245.686	  7
    3245.828	  7
    3245.972	  7
    3246.110	  7
    3246.252	  7
    3246.390	  7
    3246.536	  7
    3246.678	  7
    3246.822	  7
    3246.960	  7
    3247.100	  7
    3247.242	  7
    3247.398	 52
    3247.406	  7
    3247.408	 18
    3247.540	  7
    3247.680	  7
    3247.830	  7
    3247.974	  7
    3248.116	  7
    3248.256	  7
    3248.400	  7
    3248.562	  7
    3248.686	  7
    3248.822	  7
    3248.970	  7
    3249.104	  7
    3249.248	  7
    3249.398	  7
    3249.554	  7
    3249.690	  7
    3249.856	  7
    3249.988	  7
    3250.122	  7
    3250.264	  7
    3250.418	  7
    3250.564	  7
    3250.712	  7
    3250.862	  7
    3251.016	  7
    3251.164	  7
    3251.316	  7
    3251.486	  7
    3251.616	  7
    3251.778	  7
    3251.918	  7
    3252.068	  7
    3252.206	  7
    3252.352	  7
    3252.502	  7
    3252.648	  7
    3252.792	  7
    3252.934	  7
    3253.094	  7
    3253.248	  7
    3253.380	  7
    3253.534	  7
    3253.682	  7
    3253.832	  7
    3253.978	  7
    3254.114	  7
    3254.260	  7
    3254.410	  7
    3254.554	  7
    3254.694	  7
    3254.848	  7
    3254.992	  7
    3255.168	  7
    3255.286	  7
    3255.420	  7
    3255.558	  7
    3255.698	  7
    3255.844	  7
    3255.982	  7
    3256.122	  7
    3256.266	  7
    3256.406	  7
    3256.554	  7
    3256.696	  7
    3256.850	  7
    3256.992	  7
    3257.140	  7
    3257.286	  7
    3257.428	  7
    3257.576	  7
    3257.716	  7
    3257.870	  7
    3258.026	  7
    3258.170	  7
    3258.310	  7
    3258.460	  7
    3258.604	  7
    3258.758	  7
    3258.904	  7
    3259.070	  7
    3259.200	  7
    3259.342	  7
    3259.488	  7
    3259.640	  7
    3259.796	  7
    3259.948	  7
    3260.110	  7
    3260.254	  7
    3260.408	  7
    3260.556	  7
    3260.702	  7
    3260.842	  7
    3260.998	  7
    3261.148	  7
    3261.296	  7
    3261.462	  7
    3261.604	  7
    3261.746	  7
    3261.892	  7
    3262.048	  7
    3262.198	  7
    3262.340	  7
    3262.492	  7
    3262.648	  7
    3262.796	  7
    3262.946	  7
    3263.112	  7
    3263.254	  7
    3263.408	  7
    3263.566	  7
    3263.722	  7
    3263.872	  7
    3264.040	  7
    3264.192	  7
    3264.330	  7
    3264.484	  7
    3264.630	  7
    3264.784	  7
    3264.934	  7
    3265.086	  7
    3265.226	  7
    3265.374	  7
    3265.522	  7
    3265.660	  7
    3265.806	  7
    3265.956	  7
    3266.112	  7
    3266.258	  7
    3266.414	  7
    3266.572	  7
    3266.728	  7
    3266.872	  7
    3267.044	  7
    3267.184	  7
    3267.326	  7
    3267.466	  7
    3267.622	  7
    3267.766	  7
    3267.916	  7
    3268.078	  7
    3268.220	  7
    3268.370	  7
    3268.510	  7
    3268.668	  7
    3268.808	  7
    3268.962	  7
    3269.116	  7
    3269.282	  7
    3269.424	  7
    3269.578	  7
    3269.734	  7
    3269.882	  7
    3270.034	  7
    3270.186	  7
    3270.344	  7
    3270.492	  7
    3270.642	  7
    3270.794	  7
    3270.948	  7
    3271.096	  7
    3271.248	  7
    3271.386	  7
    3271.538	  7
    3271.700	  7
    3271.866	  7
    3272.016	  7
    3272.186	  7
    3272.326	  7
    3272.478	  7
    3272.632	  7
    3272.792	  7
    3272.938	  7
    3273.096	  7
    3273.238	  7
    3273.384	  7
    3273.552	  7
    3273.696	  7
    3273.856	  7
    3274.006	  7
    3274.166	  7
    3274.314	  7
    3274.466	  7
    3274.624	  7
    3274.786	  7
    3274.922	  7
    3275.380	  7
    3275.530	  7
    3275.688	  7
    3275.840	  7
    3275.992	  7
    3276.148	  7
    3276.304	  7
    3276.448	  7
    3276.602	  7
    3276.754	  7
    3276.898	  7
    3277.080	  7
    3277.228	  7
    3277.380	  7
    3277.532	  7
    3277.692	  7
    3277.848	  7
    3278.010	  7
    3278.170	  7
    3278.328	  7
    3278.480	  7
    3278.638	  7
    3278.798	  7
    3278.960	  7
    3279.122	  7
    3279.278	  7
    3279.434	  7
    3279.598	  7
    3279.758	  7
    3279.924	  7
    3280.096	  7
    3280.250	  7
    3280.396	  7
    3280.556	  7
    3280.710	  7
    3280.870	  7
    3281.026	  7
    3281.184	  7
    3281.340	  7
    3281.490	  7
    3281.644	  7
    3281.928	  7
    3282.070	  7
    3282.214	  7
    3282.374	  7
    3282.512	  7
    3282.654	  7
    3282.826	  7
    3282.966	  7
    3283.118	  7
    3283.272	  7
    3283.420	  7
    3283.570	  7
    3283.722	  7
    3283.878	  7
    3284.030	  7
    3284.184	  7
    3284.340	  7
    3284.494	  7
    3284.654	  7
    3284.816	  7
    3284.980	  7
    3285.130	  7
    3285.286	  7
    3285.438	  7
    3285.594	  7
    3285.746	  7
    3285.900	  7
    3286.052	  7
    3286.530	  7
    3286.686	  7
    3286.832	  7
    3286.976	  7
    3287.138	  7
    3287.304	  7
    3287.454	  7
    3287.606	  7
    3287.766	  7
    3287.922	  7
    3288.078	  7
    3288.242	  7
    3288.402	  7
    3288.552	  7
    3288.706	  7
    3288.858	  7
    3289.010	  7
    3289.160	  7
    3289.332	  7
    3289.474	  7
    3289.626	  7
    3289.790	  7
    3289.944	  7
    3290.110	  7
    3290.282	  7
    3290.438	  7
    3290.602	  7
    3290.742	  7
    3290.906	  7
    3291.058	  7
    3291.208	  7
    3291.376	  7
    3291.526	  7
    3291.678	  7
    3291.838	  7
    3292.014	  7
    3292.160	  7
    3292.324	  7
    3292.486	  7
    3292.630	  7
    3292.788	  7
    3292.952	  7
    3293.106	  7
    3293.264	  7
    3293.428	  7
    3293.592	  7
    3293.766	  7
    3293.940	  7
    3294.578	  7
    3294.744	  7
    3294.914	  7
    3295.080	  7
    3295.254	  7
    3295.410	  7
    3295.564	  7
    3295.722	  7
    3295.898	  7
    3296.052	  7
    3296.234	  7
    3296.414	  7
    3297.046	  7
    3297.204	  7
    3297.364	  7
    3297.532	  7
    3297.674	  7
    3297.828	  7
    3297.982	  7
    3298.132	  7
    3298.286	  7
    3298.432	  7
    3298.580	  7
    3298.734	  7
    3298.894	  7
    3299.050	  7
    3299.204	  7
    3299.362	  7
    3299.522	  7
    3299.678	  7
    3299.834	  7
    3300.008	  7
    3300.156	  7
    3300.310	  7
    3300.458	  7
    3300.610	  7
    3300.768	  7
    3300.926	  7
    3301.076	  7
    3301.236	  7
    3301.408	  7
    3301.566	  7
    3301.726	  7
    3301.874	  7
    3302.028	  7
    3302.178	  7
    3302.346	  7
    3302.482	  7
    3302.622	  7
    3302.762	  7
    3302.920	  7
    3303.086	  7
    3303.230	  7
    3303.376	  7
    3303.526	  7
    3303.680	  7
    3303.830	  7
    3303.998	  7
    3304.150	  7
    3304.758	  7
    3304.912	  7
    3305.070	  7
    3305.218	  7
    3305.374	  7
    3305.548	  7
    3305.708	  7
    3306.024	  7
    3306.180	  7
    3306.344	  7
    3306.502	  7
    3306.666	  7
    3306.830	  7
    3307.014	  7
    3307.168	  7
    3308.590	  7
    3308.732	  7
    3309.070	  7
    3309.216	  7
    3309.366	  7
    3309.522	  7
    3309.674	  7
    3309.830	  7
    3309.992	  7
    3310.598	  7
    3310.744	  7
    3310.888	  7
    3311.042	  7
    3311.188	  7
    3311.336	  7
    3311.488	  7
    3311.646	  7
    3311.790	  7
    3311.940	  7
    3312.094	  7
    3312.244	  7
    3312.402	  7
    3312.590	  7
    3312.724	  7
    3312.880	  7
    3313.046	  7
    3313.208	  7
    3313.354	  7
    3313.514	  7
    3313.684	  7
    3313.822	  7
    3313.980	  7
    3314.124	  7
    3314.268	  7
    3314.422	  7
    3314.578	  7
    3314.746	  7
    3314.894	  7
    3315.050	  7
    3315.218	  7
    3315.368	  7
    3315.528	  7
    3315.680	  7
    3315.832	  7
    3315.986	  7
    3316.140	  7
    3316.286	  7
    3316.440	  7
    3316.614	  7
    3316.762	  7
    3316.908	  7
    3317.056	  7
    3317.208	  7
    3317.358	  7
    3317.518	  7
    3317.676	  7
    3317.818	  7
    3317.972	  7
    3318.128	  7
    3318.284	  7
    3318.446	  7
    3318.610	  7
    3318.784	  7
    3318.934	  7
    3319.084	  7
    3319.238	  7
    3319.388	  7
    3319.542	  7
    3319.706	  7
    3319.854	  7
    3320.004	  7
    3320.156	  7
    3320.304	  7
    3320.462	  7
    3320.616	  7
    3320.766	  7
    3320.938	  7
    3321.092	  7
    3321.242	  7
    3321.384	  7
    3321.536	  7
    3321.688	  7
    3321.838	  7
    3321.994	  7
    3322.136	  7
    3322.270	  7
    3322.422	  7
    3322.570	  7
    3322.730	  7
    3322.886	  7
    3323.078	  7
    3323.246	  7
    3323.394	  7
    3323.560	  7
    3323.716	  7
    3323.866	  7
    3324.320	  7
    3324.476	  7
    3324.632	  7
    3324.792	  7
    3324.944	  7
    3325.552	  7
    3325.706	  7
    3325.852	  7
    3326.002	  7
    3326.156	  7
    3326.452	  7
    3326.614	  7
    3326.778	  7
    3326.936	  7
    3327.246	  7
    3327.400	  7
    3327.564	  7
    3327.728	  7
    3327.878	  7
    3328.354	  7
    3328.484	  7
    3328.638	  7
    3328.792	  7
    3328.936	  7
    3329.090	  7
    3329.240	  7
    3329.390	  7
    3329.546	  7
    3329.702	  7
    3329.862	  7
    3330.014	  7
    3330.168	  7
    3330.320	  7
    3330.476	  7
    3330.636	  7
    3330.794	  7
    3330.946	  7
    3331.126	  7
    3331.264	  7
    3331.422	  7
    3331.574	  7
    3331.750	  7
    3331.906	  7
    3332.080	  7
    3332.250	  7
    3332.408	  7
    3332.572	  7
    3332.744	  7
    3332.898	  7
    3333.058	  7
    3333.222	  7
    3333.382	  7
    3333.538	  7
    3333.696	  7
    3333.880	  7
    3334.024	  7
    3334.178	  7
    3334.334	  7
    3334.484	  7
    3334.646	  7
    3334.810	  7
    3334.976	  7
    3335.138	  7
    3335.296	  7
    3335.452	  7
    3335.616	  7
    3335.774	  7
    3335.942	  7
    3336.084	  7
    3336.248	  7
    3336.534	  7
    3336.692	  7
    3337.228	  7
    3337.330	  7
    3337.472	  7
    3337.612	  7
    3337.762	  7
    3337.918	  7
    3338.068	  7
    3338.218	  7
    3338.384	  7
    3338.530	  7
    3338.682	  7
    3338.838	  7
    3338.996	  7
    3339.146	  7
    3339.314	  7
    3339.466	  7
    3339.628	  7
    3339.790	  7
    3339.944	  7
    3340.104	  7
    3340.246	  7
    3340.394	  7
    3340.536	  7
    3340.688	  7
    3340.838	  7
    3340.988	  7
    3341.142	  7
    3341.300	  7
    3341.456	  7
    3341.618	  7
    3341.786	  7
    3341.938	  7
    3342.088	  7
    3342.276	  7
    3342.412	  7
    3342.548	  7
    3342.708	  7
    3342.860	  7
    3343.326	  7
    3343.482	  7
    3343.636	  7
    3343.798	  7
    3344.944	  7
    3344.986	  7
    3345.162	  7
    3345.296	  7
    3345.452	  7
    3345.604	  7
    3345.762	  7
    3345.920	  7
    3347.022	  7
    3347.228	  7
    3347.348	  7
    3347.508	  7
    3347.660	  7
    3347.832	  7
    3352.004	  8
    3352.204	  8
    3352.368	  8
    3353.036	  8
    3367.408	 53
    3370.036	  8
    3370.036	 20
    3370.036	 27
    3370.046	 28
    3370.046	 19
    3370.146	 29
    3370.200	  8
    3370.316	  9
    3390.166	 50
    3390.176	 17
    3420.176	 53
    3425.012	  8
    3425.012	 20
    3425.012	 27
    3425.022	 28
    3425.022	 19
    3425.122	 29
    3425.272	  8
    3425.292	  9
    3445.142	 50
    3445.152	 17
    3454.322	  8
    3472.914	  8
    3473.254	  8
    3475.152	 53
    3478.146	  8
    3478.146	 20
    3478.146	 27
    3478.156	 28
    3478.156	 19
    3478.256	 29
    3478.426	  9
    3478.436	  8
    3498.276	 51
    3498.286	 10
    3511.014	  8
    3511.240	  8
    3525.870	  8
    3526.618	  8
    3530.860	  8
    3531.456	  8
    3533.480	  8
    3535.828	  8
    3536.884	  8
    3537.174	  8
    3537.518	  8
    3538.152	  8
    3539.432	  8
    3539.858	  8
    3540.420	  8
    3541.430	  8
    3543.796	  8
    3544.340	  8
    3544.778	  8
    3545.180	  8
    3547.352	  8
    3547.500	  8
    3547.886	  8
    3549.042	  8
    3549.448	  8
    3550.162	  8
    3550.610	  8
    3553.956	  8
    3554.308	  8
    3554.924	  8
    3555.500	  8
    3557.444	  8
    3557.554	  8
    3557.756	  8
    3558.286	 53
    3562.536	  8
    3562.536	 20
    3562.536	 27
    3562.546	 28
    3562.546	 19
    3562.646	 29
    3562.816	  9
    3582.666	 52
    3582.676	 18
    3624.204	  8
    3660.458	  8
    3660.644	  8
    3661.004	  8
    3661.404	  8
    3683.990	  8
    3684.252	  8
    3684.582	  8
    3684.932	  8
    3685.316	  8
    3685.566	  8
    3688.878	  8
    3689.124	  8
    3689.844	  8
    3695.752	  8
    3695.964	  8
    3699.552	  8
    3699.746	  8
    3702.676	 53
    3705.714	  8
    3705.714	 20
    3705.714	 27
    3705.724	 28
    3705.724	 19
    3705.824	 29
    3705.994	  9
    3705.996	  8
    3711.080	  8
    3725.844	 52
    3725.854	 18
    3737.752	  7
    3740.452	  7
    3740.604	  7
    3740.974	  7
    3741.070	  7
    3752.634	  8
    3755.888	  8
    3756.064	  8
    3756.360	  8
    3792.486	  8
    3792.876	  8
    3803.016	  8
    3803.468	  8
    3804.056	  8
    3845.854	 53
    3888.522	  8
    3888.522	 20
    3888.522	 27
    3888.532	 28
    3888.532	 19
    3888.632	 29
    3888.802	  9
    3908.652	 51
    3908.662	 10
    3908.850	  8
    3936.348	  8
    3936.472	  8
    3946.682	  8
    3946.988	  8
    3947.684	  8
    3952.576	  8
    3952.706	  8
    3953.466	  8
    3954.294	  8
    3955.096	  8
    3958.356	  8
    3958.624	  8
    3959.190	  8
    3963.006	  8
    3963.276	  8
    3963.670	  8
    3964.908	  8
    3967.166	  8
    3967.338	  8
    3968.662	 53
    3970.644	  8
    3970.644	 20
    3970.644	 27
    3970.654	 28
    3970.654	 19
    3970.754	 29
    3970.924	  9
    3970.988	  8
    3990.774	 51
    3990.784	 10
    4005.646	  8
    4008.602	  8
    4008.796	  8
    4016.164	  8
    4016.458	  8
    4031.432	  8
    4031.612	  8
    4039.218	  8
    4039.510	  8
    4040.552	  8
    4043.160	  8
    4043.842	  8
    4046.088	  8
    4046.708	  8
    4049.314	  8
    4049.760	  8
    4050.204	  8
    4050.682	  8
    4050.784	 53
    4051.234	  8
    4051.234	 20
    4051.234	 27
    4051.244	 28
    4051.244	 19
    4051.344	 29
    4051.514	  9
    4071.364	 50
    4071.374	 17
    4085.840	  8
    4086.360	  8
    4086.440	  8
    4087.862	  8
    4088.390	  8
    4088.666	  8
    4088.912	  8
    4091.318	  8
    4091.472	  8
    4091.754	  8
    4094.866	  7
    4095.460	  7
    4095.616	  7
    4095.808	  7
    4095.968	  7
    4096.134	  7
    4096.330	  7
    4096.532	  7
    4096.742	  7
    4096.944	  7
    4097.474	  7
    4098.340	  7
    4099.204	  7
    4099.526	  7
    4099.740	  7
    4099.826	  7
    4099.956	  7
    4100.284	  7
    4100.362	  7
    4100.588	  7
    4100.742	  7
    4100.880	  7
    4101.020	  7
    4101.164	  7
    4101.298	  7
    4101.374	 53
    4101.706	  7
    4101.830	  7
    4101.994	  7
    4102.152	  7
    4102.282	  7
    4102.712	  7
    4102.844	  7
    4103.026	  7
    4103.146	  7
    4103.288	  7
    4103.638	  7
    4103.762	  7
    4103.906	  7
    4104.060	  7
    4104.202	  7
    4104.556	  7
    4104.678	  7
    4104.820	  7
    4104.960	  7
    4105.096	  7
    4105.216	  7
    4105.360	  7
    4105.498	  7
    4105.652	  7
    4105.780	  7
    4105.918	  7
    4106.062	  7
    4106.198	  7
    4106.334	  7
    4106.484	  7
    4106.646	  7
    4106.774	  7
    4106.914	  7
    4107.056	  7
    4107.194	  7
    4107.322	  7
    4107.458	  7
    4107.606	  7
    4107.768	  7
    4107.902	  7
    4108.044	  7
    4108.182	  7
    4108.336	  7
    4108.478	  7
    4108.624	  7
    4108.764	  7
    4108.910	  7
    4109.070	  7
    4109.212	  7
    4109.352	  7
    4109.494	  7
    4109.638	  7
    4109.796	  7
    4109.942	  7
    4110.104	  7
    4110.260	  7
    4110.424	  7
    4110.564	  7
    4110.702	  7
    4110.854	  7
    4111.010	  7
    4111.146	  7
    4111.310	  7
    4111.460	  7
    4111.612	  7
    4111.760	  7
    4111.902	  7
    4112.056	  7
    4112.210	  7
    4112.384	  7
    4112.536	  7
    4112.690	  7
    4112.844	  7
    4112.988	  7
    4113.130	  7
    4113.270	  7
    4113.420	  7
    4113.570	  7
    4113.710	  7
    4113.858	  7
    4114.004	  7
    4114.156	  7
    4114.300	  7
    4114.450	  7
    4114.612	  7
    4114.750	  7
    4114.896	  7
    4115.046	  7
    4115.196	  7
    4115.348	  7
    4115.888	  7
    4116.012	  7
    4116.164	  7
    4116.310	  7
    4116.474	  7
    4116.676	  7
    4116.820	  7
    4116.986	  7
    4117.130	  7
    4117.278	  7
    4117.430	  7
    4117.584	  7
    4117.750	  7
    4117.906	  7
    4118.058	  7
    4118.210	  7
    4118.370	  7
    4118.526	  7
    4118.686	  7
    4118.832	  7
    4118.988	  7
    4119.138	  7
    4119.298	  7
    4119.458	  7
    4119.618	  7
    4119.804	  7
    4119.952	  7
    4120.102	  7
    4120.256	  7
    4120.424	  7
    4120.566	  7
    4120.714	  7
    4120.868	  7
    4121.024	  7
    4121.182	  7
    4121.342	  7
    4121.486	  7
    4121.986	  7
    4122.110	  7
    4122.564	  7
    4122.692	  7
    4122.850	  7
    4122.988	  7
    4123.134	  7
    4123.290	  7
    4123.440	  7
    4123.600	  7
    4123.910	  7
    4124.062	  7
    4124.214	  7
    4124.366	  7
    4124.524	  7
    4124.682	  7
    4124.834	  7
    4124.996	  7
    4125.154	  7
    4125.304	  7
    4125.452	  7
    4125.618	  7
    4125.756	  7
    4125.900	  7
    4126.052	  7
    4126.202	  7
    4126.354	  7
    4126.510	  7
    4126.670	  7
    4126.818	  7
    4126.966	  7
    4127.124	  7
    4127.282	  7
    4127.442	  7
    4127.604	  7
    4127.762	  7
    4127.926	  7
    4128.098	  7
    4128.262	  7
    4128.428	  7
    4128.568	  7
    4128.720	  7
    4128.870	  7
    4129.024	  7
    4129.180	  7
    4129.336	  7
    4129.490	  7
    4129.970	  7
    4130.102	  7
    4130.258	  7
    4130.412	  7
    4130.586	  7
    4130.724	  7
    4130.876	  7
    4131.028	  7
    4131.192	  7
    4131.344	  7
    4131.488	  7
    4131.630	  7
    4131.788	  7
    4131.944	  7
    4132.092	  7
    4132.244	  7
    4132.404	  7
    4132.562	  7
    4132.722	  7
    4132.894	  7
    4133.034	  7
    4133.190	  7
    4133.330	  7
    4133.480	  7
    4133.628	  7
    4133.766	  7
    4133.922	  7
    4134.226	  7
    4134.384	  7
    4134.532	  7
    4134.700	  7
    4134.848	  7
    4134.998	  7
    4135.150	  7
    4135.332	  7
    4135.480	  7
    4135.638	  7
    4135.798	  7
    4135.948	  7
    4136.106	  7
    4136.264	  7
    4136.412	  7
    4136.580	  7
    4136.980	  7
    4137.108	  7
    4137.278	  7
    4137.430	  7
    4137.586	  7
    4137.910	  7
    4138.060	  7
    4138.208	  7
    4138.368	  7
    4138.522	  7
    4138.684	  7
    4138.826	  7
    4138.984	  7
    4139.136	  7
    4139.300	  7
    4139.462	  7
    4139.622	  7
    4139.774	  7
    4139.932	  7
    4140.080	  7
    4140.234	  7
    4140.396	  7
    4140.560	  7
    4140.732	  7
    4140.872	  7
    4141.034	  7
    4141.260	  7
    4141.408	  7
    4141.554	  7
    4141.704	  7
    4141.874	  7
    4142.036	  7
    4142.204	  7
    4142.364	  7
    4142.534	  7
    4142.698	  7
    4142.854	  7
    4143.014	  7
    4143.168	  7
    4143.322	  7
    4143.474	  7
    4143.612	  7
    4143.754	  7
    4144.444	  7
    4144.602	  7
    4144.752	  7
    4144.908	  7
    4145.242	  7
    4145.400	  7
    4145.552	  7
    4145.702	  7
    4145.862	  7
    4146.022	  7
    4146.184	  7
    4146.334	  7
    4146.490	  7
    4146.672	  7
    4146.812	  7
    4146.962	  7
    4147.120	  7
    4147.274	  7
    4147.424	  7
    4147.576	  7
    4147.728	  7
    4147.880	  7
    4148.040	  7
    4148.194	  7
    4148.348	  7
    4148.496	  7
    4148.652	  7
    4148.804	  7
    4148.956	  7
    4149.116	  7
    4149.266	  7
    4149.422	  7
    4149.560	  7
    4149.716	  7
    4149.872	  7
    4150.020	  7
    4150.186	  7
    4150.334	  7
    4150.478	  7
    4150.616	  7
    4150.770	  7
    4150.924	  7
    4151.072	  7
    4151.232	  7
    4151.386	  7
    4151.558	  7
    4151.706	  7
    4151.876	  7
    4152.012	  7
    4152.174	  7
    4152.330	  7
    4152.482	  7
    4152.630	  7
    4152.788	  7
    4152.938	  7
    4153.090	  7
    4153.258	  7
    4153.406	  7
    4153.564	  7
    4153.708	  7
    4153.852	  7
    4154.002	  7
    4154.156	  7
    4154.320	  7
    4154.466	  7
    4154.610	  7
    4154.760	  7
    4154.912	  7
    4155.106	  7
    4155.230	  7
    4155.404	  7
    4155.556	  7
    4155.708	  7
    4155.870	  7
    4156.026	  7
    4156.188	  7
    4156.350	  7
    4156.496	  7
    4156.652	  7
    4156.808	  7
    4156.958	  7
    4157.106	  7
    4157.260	  7
    4157.414	  7
    4157.564	  7
    4157.720	  7
    4157.880	  7
    4158.034	  7
    4158.200	  7
    4158.352	  7
    4158.504	  7
    4158.658	  7
    4158.836	  7
    4158.982	  7
    4159.134	  7
    4159.414	  7
    4159.570	  7
    4159.732	  7
    4159.880	  7
    4160.034	  7
    4160.496	  7
    4160.660	  7
    4160.818	  7
    4160.978	  7
    4161.128	  7
    4161.274	  7
    4161.422	  7
    4162.006	  7
    4162.158	  7
    4162.308	  7
    4162.470	  7
    4162.622	  7
    4162.792	  7
    4162.924	  7
    4163.080	  7
    4163.336	  7
    4163.466	  7
    4163.612	  7
    4163.764	  7
    4163.912	  7
    4164.064	  7
    4164.214	  7
    4164.368	  7
    4164.520	  7
    4164.674	  7
    4164.824	  7
    4164.978	  7
    4165.128	  7
    4165.280	  7
    4165.432	  7
    4165.582	  7
    4165.750	  7
    4165.888	  7
    4166.036	  7
    4166.184	  7
    4166.342	  7
    4166.494	  7
    4166.652	  7
    4166.810	  7
    4166.968	  7
    4167.120	  7
    4167.278	  7
    4167.428	  7
    4167.580	  7
    4167.738	  7
    4167.888	  7
    4168.052	  7
    4168.208	  7
    4168.360	  7
    4168.512	  7
    4168.664	  7
    4168.816	  7
    4168.966	  7
    4169.120	  7
    4169.278	  7
    4169.424	  7
    4169.794	  7
    4169.932	  7
    4170.086	  7
    4170.248	  7
    4170.398	  7
    4170.534	  7
    4170.680	  7
    4170.822	  7
    4170.982	  7
    4171.142	  7
    4171.300	  7
    4171.450	  7
    4171.600	  7
    4171.768	  7
    4171.916	  7
    4172.090	  7
    4172.250	  7
    4172.410	  7
    4172.582	  7
    4172.712	  7
    4172.858	  7
    4173.014	  7
    4173.164	  7
    4173.336	  7
    4173.484	  7
    4173.632	  7
    4173.786	  7
    4173.946	  7
    4174.098	  7
    4174.384	  7
    4174.506	  7
    4174.638	  7
    4174.770	  7
    4174.934	  7
    4175.070	  7
    4175.224	  7
    4175.366	  7
    4175.540	  7
    4175.684	  7
    4175.834	  7
    4175.988	  7
    4176.142	  7
    4176.286	  7
    4176.424	  7
    4176.760	  7
    4176.910	  7
    4177.076	  7
    4177.220	  7
    4177.390	  7
    4177.546	  7
    4178.166	  7
    4178.324	  7
    4178.554	  7
    4178.698	  7
    4182.902	  8
    4182.902	 20
    4182.902	 27
    4182.912	 28
    4182.912	 19
    4183.012	 29
    4183.182	  9
    4203.032	 50
    4203.042	 17
    4207.750	  7
    4217.404	  8
    4223.406	  7
    4227.092	  8
    4227.420	  8
    4227.788	  8
    4228.146	  8
    4233.042	 53
    4236.446	  8
    4236.446	 20
    4236.446	 27
    4236.456	 28
    4236.456	 19
    4236.556	 29
    4236.726	  9
    4256.576	 51
    4256.586	 10
    4261.564	  8
    4274.278	  8
    4274.548	  8
    4282.470	  8
    4287.264	  8
    4287.514	  8
    4288.084	  8
    4290.802	  8
    4291.008	  8
    4299.352	  8
    4304.114	  8
    4306.766	  8
    4310.884	  8
    4312.746	  8
    4315.758	  8
    4316.586	 53
    4316.842	  8
    4316.842	 20
    4316.842	 27
    4316.852	 28
    4316.852	 19
    4316.952	 29
    4317.102	  8
    4317.122	  9
    4336.972	 52
    4336.982	 18
    4421.780	  8
    4422.044	  8
    4422.748	  8
    4443.930	  8
    4444.146	  8
    4446.438	  8
    4453.706	  8
    4453.900	  8
    4456.754	  8
    4456.982	 53
    4463.824	  8
    4463.824	 20
    4463.824	 27
    4463.834	 28
    4463.834	 19
    4463.934	 29
    4464.104	  9
    4483.954	 52
    4483.964	 18
    4486.332	  8
    4486.604	  8
    4603.964	 53
    4615.098	  8
    4615.098	 20
    4615.098	 27
    4615.108	 28
    4615.108	 19
    4615.208	 29
    4615.378	  9
    4635.228	 51
    4635.238	 10
    4667.474	  8
    4667.854	  8
    4668.242	  8
    4671.932	  8
    4672.144	  8
    4672.506	  8
    4672.646	  8
    4695.238	 53
    4704.744	  8
    4704.744	 20
    4704.744	 27
    4704.754	 28
    4704.754	 19
    4704.854	 29
    4705.024	  9
    4713.208	  8
    4724.874	 52
    4724.884	 18
    4753.202	  8
    4762.930	  8
    4777.474	  8
    4777.664	  8
    4778.464	  8
    4784.050	  8
    4784.204	  8
    4791.076	  7
    4793.440	  8
    4793.684	  8
    4798.396	  8
    4798.498	  8
    4826.758	  8
    4826.830	  8
    4827.022	  8
    4838.384	  8
    4838.570	  8
    4838.880	  8
    4839.154	  8
    4840.134	  8
    4840.216	  8
    4840.346	  8
    4840.360	  8
    4840.872	  8
    4841.118	  8
    4844.318	  8
    4844.730	  8
    4844.884	 53
    4849.744	  8
    4849.744	 20
    4849.744	 27
    4849.754	 28
    4849.754	 19
    4849.854	 29
    4850.002	  8
    4850.024	  9
    4864.116	  8
    4869.874	 51
    4869.884	 10
    4878.280	  8
    4884.608	  7
    4886.830	  8
    4887.050	  8
    4887.532	  8
    4887.738	  8
    4887.940	  8
    4888.266	  8
    4892.626	  8
    4892.824	  8
    4893.104	  8
    4893.320	  8
    4899.320	  8
    4899.536	  8
    4899.990	  8
    4901.554	  8
    4902.226	  8
    4903.386	  8
    4903.854	  8
    4904.336	  8
    4906.780	  8
    4907.108	  8
    4907.372	  8
    4907.656	  8
    4908.540	  8
    4909.206	  8
    4909.814	  8
    4911.126	  8
    4911.326	  8
    4912.464	  8
    4913.278	  8
    4913.752	  8
    4914.592	  8
    4915.058	  8
    4916.502	  8
    4916.774	  8
    4917.420	  8
    4917.826	  8
    4919.136	  8
    4919.684	  8
    4920.402	  8
    4921.208	  8
    4922.206	  8
    4926.998	  8
    4927.848	  8
    4929.884	 53
    4930.086	  8
    4930.086	 20
    4930.086	 27
    4930.096	 28
    4930.096	 19
    4930.196	 29
    4930.366	  9
    4930.398	  8
    4950.216	 52
    4950.226	 18
    4974.034	  7
    4974.200	  7
    4975.862	  7
    4979.684	  8
    4980.148	  8
    4987.770	  8
    4991.080	  8
    4995.874	  8
    5001.226	  8
    5001.476	  8
    5005.222	  8
    5005.490	  8
    5009.774	  8
    5010.034	  8
    5010.798	  8
    5014.600	  8
    5014.684	  8
    5021.698	  8
    5021.810	  8
    5022.622	  8
    5022.896	  8
    5026.198	  8
    5026.442	  8
    5034.320	  8
    5034.612	  8
    5040.072	  8
    5040.294	  8
    5040.312	  8
    5040.358	  8
    5044.804	  8
    5045.060	  8
    5045.186	  8
    5049.192	  8
    5049.360	  8
    5056.882	  8
    5057.022	  8
    5057.918	  8
    5069.984	  8
    5070.218	  8
    5070.226	 53
    5075.458	  8
    5075.458	 20
    5075.458	 27
    5075.468	 28
    5075.468	 19
    5075.568	 29
    5075.738	  9
    5075.740	  8
    5095.588	 52
    5095.598	 18
    5134.770	  8
    5134.970	  8
    5146.170	  8
    5146.458	  8
    5156.738	  8
    5156.956	  8
    5162.382	  8
    5162.864	  8
    5186.354	  8
    5186.474	  8
    5215.598	 53
    5226.092	  8
    5226.092	 20
    5226.092	 27
    5226.102	 28
    5226.102	 19
    5226.180	  8
    5226.202	 29
    5226.372	  9
    5226.394	  8
    5246.222	 52
    5246.232	 18
    5264.878	  8
    5278.318	  8
    5286.820	  8
    5291.794	  8
    5292.226	  8
    5294.524	  8
    5294.778	  8
    5298.730	  8
    5298.974	  8
    5299.326	  8
    5302.936	  8
    5303.344	  8
    5303.586	  8
    5306.254	  8
    5306.530	  8
    5312.094	  8
    5312.304	  8
    5312.928	  8
    5313.306	  8
    5313.696	  8
    5315.766	  8
    5316.252	  8
    5320.654	  8
    5321.132	  8
    5321.940	  8
    5324.806	  8
    5325.280	  8
    5325.742	  8
    5325.946	  8
    5330.310	  8
    5330.496	  8
    5330.908	  8
    5332.604	  8
    5332.846	  8
    5333.942	  8
    5334.498	  8
    5335.612	  8
    5338.214	  8
    5338.444	  8
    5338.784	  8
    5338.822	  8
    5340.470	  8
    5340.578	  8
    5342.318	  8
    5342.814	  8
    5345.586	  8
    5345.932	  8
    5352.214	  8
    5352.420	  8
    5353.782	  8
    5360.184	  8
    5360.638	  8
    5366.232	 53
    5373.392	  8
    5373.392	 20
    5373.392	 27
    5373.402	 28
    5373.402	 19
    5373.502	 29
    5373.672	  9
    5393.522	 52
    5393.532	 18
    5453.574	  8
    5453.924	  8
    5454.018	  8
    5468.568	  8
    5468.844	  8
    5469.640	  8
    5470.046	  8
    5472.846	  8
    5473.048	  8
    5473.366	  8
    5476.584	  8
    5476.778	  8
    5485.060	  8
    5485.256	  8
    5485.432	  8
    5485.796	  8
    5491.298	  8
    5497.896	  8
    5499.772	  8
    5500.072	  8
    5501.574	  8
    5509.004	  8
    5509.248	  8
    5513.532	 53
    5515.742	  8
    5515.742	 20
    5515.742	 27
    5515.752	 28
    5515.752	 19
    5515.852	 29
    5516.006	  8
    5516.022	  9
    5535.872	 52
    5535.882	 18
    5554.336	  8
    5554.506	  8
    5560.390	  8
    5655.882	 53
    5677.310	  8
    5677.310	 20
    5677.310	 27
    5677.320	 28
    5677.320	 19
    5677.420	 29
    5677.560	  8
    5677.590	  9
    5697.440	 51
    5697.450	 10
    5751.784	  8
    5751.966	  8
    5752.880	  8
    5753.470	  8
    5754.212	  8
    5754.710	  8
    5755.668	  8
    5756.002	  8
    5756.132	  8
    5756.274	  8
    5756.636	  8
    5757.148	  8
    5757.450	 53
    5757.852	  8
    5757.852	 20
    5757.852	 27
    5757.862	 28
    5757.862	 19
    5757.962	 29
    5758.100	  8
    5758.132	  9
    5777.982	 51
    5777.992	 10
    5784.630	  8
    5796.752	  7
    5797.124	  7
    5797.820	  7
    5797.966	  7
    5798.092	  7
    5814.232	  8
    5823.386	  8
    5823.656	  8
    5824.842	  8
    5825.348	  8
    5825.836	  8
    5827.084	  8
    5828.400	  8
    5829.390	  8
    5830.138	  8
    5831.908	  8
    5832.212	  8
    5832.770	  8
    5833.730	  8
    5834.528	  8
    5834.956	  8
    5835.374	  8
    5836.418	  8
    5836.748	  8
    5837.992	 53
    5838.768	  8
    5838.768	 20
    5838.768	 27
    5838.778	 28
    5838.778	 19
    5838.878	 29
    5839.048	  9
    5858.898	 52
    5858.908	 18
    5865.648	  7
    5871.600	  7
    5871.760	  7
    5872.022	  7
    5872.188	  7
    5872.344	  7
    5872.516	  7
    5872.708	  7
    5872.884	  7
    5873.062	  7
    5873.274	  7
    5873.434	  7
    5873.632	  7
    5873.828	  7
    5874.014	  7
    5874.216	  7
    5874.398	  7
    5874.614	  7
    5874.782	  7
    5874.984	  7
    5875.600	  7
    5875.790	  7
    5876.008	  7
    5876.232	  7
    5876.428	  7
    5911.204	  8
    5911.564	  8
    5940.986	  8
    5942.242	  8
    5958.956	  8
    5959.146	  8
    5959.524	  8
    5964.232	  8
    5964.482	  8
    5968.730	  8
    5969.116	  8
    5978.908	 53
    6003.246	  8
    6003.246	 20
    6003.246	 27
    6003.256	 28
    6003.256	 19
    6003.356	 29
    6003.486	  8
    6003.526	  9
    6023.376	 51
    6023.386	 10
    6047.552	  8
    6047.862	  8
    6050.264	  8
    6058.212	  8
    6058.672	  8
    6059.310	  8
    6060.656	  8
    6063.542	  8
    6063.684	  8
    6064.228	  8
    6065.000	  8
    6066.668	  8
    6067.442	  8
    6068.174	  8
    6068.912	  8
    6069.244	  8
    6072.020	  8
    6072.610	  8
    6074.098	  8
    6074.642	  8
    6076.336	  8
    6078.464	  8
    6079.444	  8
    6080.466	  8
    6081.670	  8
    6082.160	  8
    6083.386	 53
    6084.082	  8
    6084.082	 20
    6084.082	 27
    6084.092	 28
    6084.092	 19
    6084.192	 29
    6084.280	  8
    6084.362	  9
    6092.976	  8
    6104.212	 52
    6104.222	 18
    6143.460	  8
    6143.656	  8
    6184.246	  8
    6184.544	  8
    6224.222	 53
    6235.916	  8
    6235.916	 20
    6235.916	 27
    6235.926	 28
    6235.926	 19
    6236.026	 29
    6236.130	  8
    6236.196	  9
    6256.046	 50
    6256.056	 17
    6286.056	 53
    6307.904	  8
    6307.904	 20
    6307.904	 27
    6307.914	 28
    6307.914	 19
    6308.014	 29
    6308.124	  8
    6308.184	  9
    6309.548	  8
    6328.034	 52
    6328.044	 18
    6335.074	  7
    6335.276	  7
    6335.592	  7
    6335.732	  7
    6335.870	  7
    6335.940	  7
    6336.032	  7
    6336.186	  7
    6336.320	  7
    6336.460	  7
    6336.628	  7
    6336.738	  7
    6336.876	  7
    6337.006	  7
    6337.138	  7
    6337.280	  7
    6337.422	  7
    6337.566	  7
    6337.706	  7
    6337.844	  7
    6337.992	  7
    6338.148	  7
    6338.300	  7
    6338.448	  7
    6338.600	  7
    6338.748	  7
    6338.890	  7
    6339.038	  7
    6339.178	  7
    6339.320	  7
    6339.456	  7
    6339.592	  7
    6339.744	  7
    6339.880	  7
    6340.036	  7
    6340.174	  7
    6340.320	  7
    6340.464	  7
    6340.618	  7
    6340.764	  7
    6340.910	  7
    6341.064	  7
    6341.216	  7
    6341.388	  7
    6341.526	  7
    6341.676	  7
    6341.828	  7
    6341.972	  7
    6342.110	  7
    6342.250	  7
    6342.392	  7
    6342.542	  7
    6342.702	  7
    6342.842	  7
    6342.984	  7
    6343.128	  7
    6343.270	  7
    6343.422	  7
    6343.570	  7
    6343.718	  7
    6343.866	  7
    6344.014	  7
    6344.174	  7
    6344.328	  7
    6344.482	  7
    6344.634	  7
    6344.794	  7
    6344.934	  7
    6345.084	  7
    6345.244	  7
    6345.386	  7
    6345.544	  7
    6345.700	  7
    6345.850	  7
    6345.998	  7
    6346.150	  7
    6346.316	  7
    6346.490	  7
    6346.638	  7
    6346.802	  7
    6346.964	  7
    6347.124	  7
    6347.296	  7
    6347.452	  7
    6347.604	  7
    6347.744	  7
    6347.894	  7
    6348.044	  7
    6348.198	  7
    6348.364	  7
    6348.494	  7
    6348.658	  7
    6348.820	  7
    6348.988	  7
    6349.134	  7
    6349.286	  7
    6349.438	  7
    6349.732	  7
    6349.872	  7
    6350.034	  7
    6350.180	  7
    6350.352	  7
    6350.506	  7
    6350.662	  7
    6350.820	  7
    6350.968	  7
    6351.130	  7
    6351.290	  7
    6351.448	  7
    6351.612	  7
    6351.774	  7
    6351.942	  7
    6352.098	  7
    6352.270	  7
    6352.436	  7
    6352.618	  7
    6352.770	  7
    6352.940	  7
    6353.084	  7
    6353.230	  7
    6353.372	  7
    6353.520	  7
    6353.678	  7
    6353.828	  7
    6353.974	  7
    6354.134	  7
    6354.288	  7
    6354.442	  7
    6354.606	  7
    6354.768	  7
    6354.940	  7
    6355.090	  7
    6355.246	  7
    6355.394	  7
    6355.556	  7
    6355.702	  7
    6355.866	  7
    6356.008	  7
    6356.164	  7
    6356.320	  7
    6356.472	  7
    6356.636	  7
    6356.808	  7
    6356.970	  7
    6357.124	  7
    6357.288	  7
    6357.444	  7
    6357.594	  7
    6357.756	  7
    6357.918	  7
    6358.136	  7
    6358.282	  7
    6358.434	  7
    6358.588	  7
    6358.738	  7
    6358.902	  7
    6359.054	  7
    6359.210	  7
    6359.362	  7
    6359.494	  7
    6359.654	  7
    6359.816	  7
    6359.972	  7
    6360.122	  7
    6360.276	  7
    6360.434	  7
    6360.580	  7
    6360.736	  7
    6360.896	  7
    6361.060	  7
    6361.212	  7
    6361.372	  7
    6361.528	  7
    6361.686	  7
    6361.864	  7
    6362.016	  7
    6362.172	  7
    6362.324	  7
    6362.480	  7
    6362.630	  7
    6362.784	  7
    6362.946	  7
    6363.096	  7
    6363.256	  7
    6363.432	  7
    6363.572	  7
    6363.738	  7
    6363.898	  7
    6364.064	  7
    6364.224	  7
    6364.390	  7
    6364.536	  7
    6364.688	  7
    6364.850	  7
    6365.006	  7
    6365.160	  7
    6365.332	  7
    6365.488	  7
    6365.656	  7
    6365.814	  7
    6365.974	  7
    6366.128	  7
    6366.286	  7
    6366.462	  7
    6366.612	  7
    6366.782	  7
    6366.940	  7
    6367.102	  7
    6367.250	  7
    6367.418	  7
    6367.576	  7
    6367.728	  7
    6367.888	  7
    6368.048	  7
    6368.196	  7
    6368.356	  7
    6368.516	  7
    6368.662	  7
    6368.816	  7
    6368.990	  7
    6369.134	  7
    6369.298	  7
    6369.454	  7
    6369.730	  7
    6369.878	  7
    6370.038	  7
    6370.184	  7
    6370.348	  7
    6370.504	  7
    6370.664	  7
    6370.826	  7
    6370.980	  7
    6371.150	  7
    6371.288	  7
    6371.450	  7
    6371.604	  7
    6371.756	  7
    6371.916	  7
    6372.080	  7
    6372.240	  7
    6372.408	  7
    6372.574	  7
    6372.750	  7
    6372.922	  7
    6373.092	  7
    6373.254	  7
    6373.412	  7
    6373.564	  7
    6373.736	  7
    6373.886	  7
    6374.038	  7
    6374.194	  7
    6374.348	  7
    6374.510	  7
    6374.670	  7
    6374.834	  7
    6375.000	  7
    6375.146	  7
    6375.282	  7
    6375.446	  7
    6375.620	  7
    6375.798	  7
    6375.960	  7
    6376.126	  7
    6376.280	  7
    6376.448	  7
    6376.622	  7
    6376.786	  7
    6376.956	  7
    6377.120	  7
    6377.272	  7
    6377.446	  7
    6377.620	  7
    6377.770	  7
    6378.188	  7
    6378.328	  7
    6378.482	  7
    6378.640	  7
    6378.800	  7
    6378.964	  7
    6379.134	  7
    6379.288	  7
    6379.444	  7
    6379.598	  7
    6379.752	  7
    6379.912	  7
    6380.076	  7
    6380.226	  7
    6380.386	  7
    6380.542	  7
    6380.696	  7
    6380.852	  7
    6381.010	  7
    6381.166	  7
    6381.314	  7
    6381.478	  7
    6381.660	  7
    6381.794	  7
    6381.948	  7
    6382.112	  7
    6382.266	  7
    6382.412	  7
    6382.554	  7
    6382.704	  7
    6382.860	  7
    6383.016	  7
    6383.174	  7
    6383.328	  7
    6383.492	  7
    6383.652	  7
    6383.802	  7
    6383.966	  7
    6384.126	  7
    6384.290	  7
    6384.432	  7
    6384.602	  7
    6384.766	  7
    6384.934	  7
    6385.098	  7
    6385.262	  7
    6385.434	  7
    6385.598	  7
    6385.742	  7
    6386.130	  7
    6386.588	  7
    6386.724	  7
    6386.870	  7
    6387.026	  7
    6387.200	  7
    6387.340	  7
    6387.488	  7
    6387.646	  7
    6387.798	  7
    6387.956	  7
    6388.114	  7
    6388.268	  7
    6388.424	  7
    6388.582	  7
    6388.742	  7
    6388.894	  7
    6389.052	  7
    6389.208	  7
    6389.360	  7
    6389.518	  7
    6389.674	  7
    6389.822	  7
    6389.992	  7
    6390.148	  7
    6390.300	  7
    6390.448	  7
    6390.604	  7
    6390.760	  7
    6390.916	  7
    6391.082	  7
    6391.242	  7
    6391.398	  7
    6391.564	  7
    6391.726	  7
    6391.874	  7
    6392.040	  7
    6392.216	  7
    6392.374	  7
    6392.566	  7
    6392.728	  7
    6392.890	  7
    6393.054	  7
    6393.230	  7
    6393.402	  7
    6393.558	  7
    6393.718	  7
    6393.868	  7
    6394.024	  7
    6394.188	  7
    6394.348	  7
    6394.518	  7
    6394.694	  7
    6394.856	  7
    6395.030	  7
    6395.194	  7
    6395.356	  7
    6395.528	  7
    6395.672	  7
    6395.834	  7
    6395.986	  7
    6396.160	  7
    6396.330	  7
    6396.494	  7
    6396.650	  7
    6396.828	  7
    6396.986	  7
    6397.170	  7
    6397.346	  7
    6397.510	  7
    6397.686	  7
    6397.870	  7
    6398.036	  7
    6398.218	  7
    6398.366	  7
    6398.512	  7
    6398.668	  7
    6398.844	  7
    6399.022	  7
    6399.194	  7
    6399.366	  7
    6399.544	  7
    6399.716	  7
    6399.888	  7
    6400.058	  7
    6400.240	  7
    6400.406	  7
    6400.564	  7
    6400.724	  7
    6400.886	  7
    6401.040	  7
    6401.202	  7
    6401.354	  7
    6401.506	  7
    6401.662	  7
    6401.816	  7
    6401.966	  7
    6402.126	  7
    6402.288	  7
    6402.444	  7
    6402.616	  7
    6402.770	  7
    6402.932	  7
    6403.098	  7
    6403.382	  7
    6403.530	  7
    6403.696	  7
    6403.866	  7
    6404.026	  7
    6404.190	  7
    6404.360	  7
    6404.520	  7
    6404.684	  7
    6404.834	  7
    6404.984	  7
    6405.132	  7
    6405.330	  7
    6405.462	  7
    6405.630	  7
    6405.794	  7
    6405.958	  7
    6406.128	  7
    6406.280	  7
    6406.762	  7
    6406.928	  7
    6407.194	  7
    6407.854	  7
    6408.008	  7
    6408.166	  7
    6408.322	  7
    6408.480	  7
    6408.620	  7
    6408.782	  7
    6408.928	  7
    6409.076	  7
    6409.226	  7
    6409.384	  7
    6409.534	  7
    6409.688	  7
    6409.842	  7
    6410.000	  7
    6410.160	  7
    6410.322	  7
    6410.470	  7
    6410.618	  7
    6410.774	  7
    6410.926	  7
    6411.074	  7
    6411.234	  7
    6411.402	  7
    6411.556	  7
    6411.712	  7
    6411.874	  7
    6412.034	  7
    6412.192	  7
    6412.354	  7
    6412.514	  7
    6412.684	  7
    6412.826	  7
    6412.970	  7
    6413.120	  7
    6413.278	  7
    6413.438	  7
    6413.592	  7
    6413.758	  7
    6413.940	  7
    6414.092	  7
    6414.258	  7
    6414.420	  7
    6414.570	  7
    6414.736	  7
    6414.926	  7
    6415.066	  7
    6415.222	  7
    6415.380	  7
    6415.532	  7
    6415.686	  7
    6415.846	  7
    6416.006	  7
    6416.156	  7
    6416.306	  7
    6416.460	  7
    6416.608	  7
    6416.766	  7
    6416.918	  7
    6417.074	  7
    6417.230	  7
    6417.506	  7
    6417.658	  7
    6417.814	  7
    6417.988	  7
    6418.132	  7
    6418.292	  7
    6418.446	  7
    6418.586	  7
    6418.726	  7
    6418.880	  7
    6419.044	  7
    6419.200	  7
    6419.364	  7
    6419.538	  7
    6419.696	  7
    6419.850	  7
    6420.018	  7
    6420.166	  7
    6420.330	  7
    6420.488	  7
    6420.654	  7
    6420.816	  7
    6420.980	  7
    6421.138	  7
    6421.294	  7
    6421.464	  7
    6421.620	  7
    6421.782	  7
    6421.940	  7
    6422.092	  7
    6422.246	  7
    6422.410	  7
    6422.570	  7
    6422.706	  7
    6422.852	  7
    6423.012	  7
    6423.160	  7
    6423.332	  7
    6423.494	  7
    6423.654	  7
    6423.808	  7
    6423.964	  7
    6424.126	  7
    6424.278	  7
    6424.450	  7
    6424.894	  7
    6425.052	  7
    6425.198	  7
    6425.350	  7
    6425.516	  7
    6425.674	  7
    6425.832	  7
    6425.990	  7
    6426.130	  7
    6426.758	  7
    6426.926	  7
    6427.078	  7
    6427.542	  7
    6427.822	  7
    6430.208	  8
    6430.574	  8
    6430.938	  8
    6431.026	  8
    6431.456	  8
    6433.542	  8
    6434.052	  8
    6434.188	  8
    6434.324	  8
    6448.044	 53
    6465.746	  8
    6465.746	 20
    6465.746	 27
    6465.756	 28
    6465.756	 19
    6465.856	 29
    6465.920	  8
    6466.026	  9
    6485.876	 52
    6485.886	 18
    6534.908	  8
    6535.184	  8
    6554.958	  8
    6555.112	  8
    6562.392	  8
    6562.580	  8
    6570.332	  8
    6570.552	  8
    6570.912	  8
    6571.118	  8
    6575.622	  8
    6576.158	  8
    6576.392	  8
    6581.366	  8
    6581.568	  8
    6585.828	  8
    6585.952	  8
    6586.118	  8
    6588.588	  8
    6588.768	  8
    6596.794	  8
    6597.204	  8
    6597.368	  8
    6598.780	  8
    6602.202	  8
    6602.414	  8
    6605.886	 53
    6607.388	  8
    6607.388	 20
    6607.388	 27
    6607.398	 28
    6607.398	 19
    6607.498	 29
    6607.602	  8
    6607.668	  9
    6627.518	 52
    6627.528	 18
    6698.030	  8
    6711.194	  8
    6711.508	  8
    6747.528	 53
    6761.010	  8
    6761.010	 20
    6761.010	 27
    6761.020	 28
    6761.020	 19
    6761.120	 29
    6761.130	 61
