       0.076	  8
      18.336	  8
      20.010	 51
      20.020	 17
      33.226	  7
      36.026	  8
      36.870	  8
      54.322	  8
      55.212	  8
      55.494	  8
      55.570	  8
      60.566	  8
      60.964	  8
      61.350	  8
      80.020	 53
      90.696	  8
      90.696	 20
      90.696	 27
      90.706	 28
      90.706	 19
      90.790	  8
      90.806	 29
      90.968	  8
      90.974	  9
     110.826	 51
     110.836	 17
     132.730	  8
     132.986	  8
     141.902	  8
     141.996	  8
     152.974	  8
     153.770	  8
     161.806	  8
     165.516	  8
     169.742	  8
     170.836	 53
     173.522	  8
     173.522	 20
     173.522	 27
     173.532	 28
     173.532	 19
     173.630	  8
     173.632	 29
     173.800	  9
     173.860	  8
     193.652	 50
     193.662	 18
     213.956	  8
     215.480	  8
     219.064	  8
     220.234	  8
     220.410	  8
     220.634	  8
     220.776	  8
     222.024	  8
     222.864	  8
     223.158	  8
     223.508	  8
     223.662	 53
     224.034	  8
     224.034	 20
     224.034	 27
     224.044	 28
     224.044	 19
     224.144	 29
     224.312	  9
     226.328	  8
     229.348	  8
     244.164	 51
     244.174	 17
     274.806	  8
     278.394	  8
     279.030	  8
     279.076	  8
     279.262	  8
     287.132	  8
     288.014	  8
     288.422	  8
     288.534	  8
     288.848	  8
     289.562	  8
     290.068	  8
     290.402	  8
     291.030	  8
     291.276	  8
     292.278	  8
     294.010	  8
     294.782	  8
     295.856	  8
     295.992	  8
     296.168	  8
     296.396	  8
     296.924	  8
     297.432	  8
     297.476	  8
     298.472	  8
     299.736	  8
     300.702	  8
     302.400	  8
     302.646	  8
     304.174	 53
     305.080	  8
     305.080	 20
     305.080	 27
     305.090	 28
     305.090	 19
     305.190	 29
     305.358	  9
     325.210	 51
     325.220	 17
     332.798	  8
     342.714	  6
     347.936	  8
     370.238	  8
     372.162	  8
     372.494	  8
     373.066	  8
     373.332	  8
     373.876	  8
     375.676	  8
     375.796	  8
     376.396	  8
     376.720	  8
     377.586	  8
     378.096	  8
     378.590	  8
     378.634	  8
     379.324	  8
     380.624	  8
     382.432	  8
     384.350	  8
     385.132	  8
     385.220	 53
     386.312	  8
     386.312	 20
     386.312	 27
     386.322	 28
     386.322	 19
     386.422	 29
     386.590	  9
     406.442	 50
     406.452	 18
     436.452	 53
     438.218	  8
     438.218	 20
     438.218	 27
     438.228	 28
     438.228	 19
     438.328	 29
     438.496	  9
     458.348	 52
     458.358	 10
     480.350	  7
     480.442	  7
     480.606	  7
     480.846	  7
     480.964	  7
     481.288	  7
     481.460	  7
     481.648	  7
     481.822	  7
     481.996	  7
     482.216	  7
     497.044	  7
     522.250	  8
     523.066	  8
     523.364	  8
     529.714	  8
     530.258	  8
     530.694	  8
     530.880	  8
     539.606	  8
     540.278	  8
     540.518	  8
     541.102	  8
     541.994	  8
     542.322	  8
     542.874	  8
     543.182	  8
     543.958	  8
     544.574	  8
     545.538	  8
     548.460	  8
     549.016	  8
     549.376	  8
     550.030	  8
     550.844	  8
     551.706	  8
     552.118	  8
     553.080	  8
     555.112	  8
     555.622	  8
     555.998	  8
     556.460	  8
     557.270	  8
     557.572	  8
     559.644	  8
     560.490	  8
     561.124	  8
     561.616	  8
     563.328	  7
     563.440	  7
     563.594	  7
     564.604	  7
     565.728	  8
     566.888	  8
     567.622	  8
     567.688	  8
     568.446	  8
     568.994	  8
     569.144	  8
     569.484	  8
     570.170	  8
     570.730	  8
     572.348	  8
     573.344	  8
     574.218	  8
     574.950	  8
     575.294	  8
     576.636	  8
     576.918	  8
     577.214	  8
     577.516	  8
     577.838	  8
     578.334	  8
     578.358	 53
     579.496	  8
     579.496	 20
     579.496	 27
     579.506	 28
     579.506	 19
     579.606	 29
     580.018	  9
     599.626	 51
     599.636	 17
     645.164	  8
     646.016	  8
     646.430	  8
     646.970	  8
     647.136	  8
     647.394	  8
     647.436	  8
     647.832	  8
     648.270	  8
     648.648	  8
     650.192	  8
     650.410	  8
     651.752	  8
     652.344	  8
     652.550	  8
     652.636	  8
     653.060	  8
     653.758	  8
     653.918	  8
     654.064	  8
     654.586	  8
     654.840	  8
     655.686	  8
     657.820	  8
     658.310	  8
     658.884	  8
     659.636	 53
     660.174	  8
     660.174	 20
     660.174	 27
     660.184	 28
     660.184	 19
     660.284	 29
     660.452	  9
     662.108	  8
     680.304	 50
     680.314	 18
     710.314	 53
     712.282	  8
     712.282	 20
     712.282	 27
     712.292	 28
     712.292	 19
     712.392	 29
     712.560	  9
     732.412	 52
     732.422	 10
     823.058	  8
     823.252	  8
     823.498	  8
     824.022	  8
     824.884	  8
     826.856	  8
     827.098	  8
     827.842	  8
     827.882	  8
     828.746	  8
     829.622	  8
     830.138	  8
     830.346	  8
     831.220	  8
     832.272	  8
     832.476	  8
     835.408	  8
     836.316	  8
     837.980	  8
     838.474	  8
     838.592	  8
     839.376	  8
     839.416	  8
     841.324	  8
     841.648	  8
     842.634	  8
     843.208	  8
     843.836	  8
     844.046	  8
     844.654	  8
     845.708	  8
     846.602	  8
     847.024	  8
     847.978	  8
     848.500	  8
     849.644	  8
     852.346	  8
     852.422	 53
     852.886	  8
     852.886	 20
     852.886	 27
     852.896	 28
     852.896	 19
     852.996	 29
     853.164	  9
     873.016	 52
     873.026	 10
     898.588	  8
     923.402	  8
     924.716	  8
     925.196	  8
     928.312	  8
     929.680	  8
     930.776	  8
     931.168	  8
     933.786	  8
     933.860	  8
     934.102	  8
     935.186	  8
     936.106	  8
     939.456	  8
     940.010	  8
     941.468	  8
     941.620	  8
     942.632	  8
     943.184	  8
     943.786	  8
     943.972	  8
     944.224	  8
     944.430	  8
     944.876	  8
     946.448	  8
     946.668	  8
     946.908	  8
     948.024	  8
     948.996	  8
     951.324	  7
     952.384	  8
     952.636	  8
     952.692	  8
     953.850	  8
     953.916	  8
     954.314	  8
     954.754	  8
     955.526	  8
     955.804	  8
     957.862	  8
     958.478	  8
     959.134	  8
     959.680	  8
     960.454	  8
     960.876	  8
     962.764	  8
     963.526	  8
     963.668	  8
     964.112	  8
     964.512	  8
     965.250	  8
     965.546	  8
     965.794	  8
     966.240	  8
     966.622	  8
     967.246	  8
     967.854	  8
     968.124	  8
     968.692	  8
     972.526	  7
     972.632	  7
     972.798	  7
     974.024	  8
     975.044	  8
     976.832	  8
     977.828	  8
     978.670	  8
     979.310	  8
     981.362	  8
     981.688	  8
     982.550	  8
     982.864	  8
     983.024	  8
     983.188	  8
     983.830	  8
     983.956	  8
     984.806	  8
     985.604	  8
     986.622	  8
     993.026	 53
     995.540	  8
     995.540	 20
     995.540	 27
     995.550	 28
     995.550	 19
     995.650	 29
     995.818	  9
    1015.670	 52
    1015.680	 10
    1068.154	  8
    1068.240	  8
    1072.386	  8
    1072.498	  8
    1073.186	  8
    1073.606	  8
    1073.888	  8
    1074.634	  8
    1081.536	  8
    1082.178	  8
    1087.646	  8
    1088.778	  8
    1089.796	  8
    1091.298	  8
    1095.232	  8
    1095.708	  8
    1096.088	  8
    1096.788	  8
    1097.448	  8
    1098.420	  8
    1098.614	  8
    1098.802	  8
    1098.924	  8
    1104.618	  8
    1105.008	  8
    1105.266	  8
    1106.428	  8
    1106.824	  8
    1107.468	  8
    1109.194	  8
    1109.458	  8
    1109.932	  8
    1111.224	  8
    1111.738	  8
    1115.034	  8
    1115.398	  8
    1116.358	  8
    1117.594	  8
    1117.926	  8
    1118.170	  8
    1118.602	  8
    1119.544	  8
    1119.908	  8
    1120.466	  8
    1120.710	  8
    1121.228	  8
    1122.016	  8
    1122.152	  8
    1122.250	  8
    1122.600	  8
    1123.910	  8
    1129.418	  8
    1129.518	  8
    1130.588	  8
    1131.348	  8
    1131.786	  8
    1132.810	  8
    1133.310	  8
    1133.574	  8
    1133.876	  8
    1135.220	  8
    1135.444	  8
    1135.680	 53
    1135.848	  8
    1135.848	 20
    1135.848	 27
    1135.858	 28
    1135.858	 19
    1135.958	 29
    1136.126	  9
    1155.978	 52
    1155.988	 10
    1196.924	  8
    1197.244	  8
    1198.200	  8
    1200.106	  8
    1200.804	  8
    1201.118	  8
    1201.324	  8
    1201.458	  8
    1201.832	  8
    1201.954	  8
    1202.388	  8
    1203.160	  8
    1203.468	  8
    1204.218	  8
    1204.596	  8
    1204.700	  8
    1205.186	  8
    1208.248	  8
    1208.522	  8
    1211.286	  8
    1211.378	  8
    1212.058	  8
    1212.714	  8
    1213.306	  8
    1214.562	  8
    1215.296	  8
    1215.604	  8
    1221.378	  7
    1221.468	  7
    1221.604	  7
    1221.768	  7
    1221.922	  7
    1222.130	  7
    1222.322	  7
    1222.466	  7
    1222.680	  7
    1222.852	  7
    1223.042	  7
    1223.242	  7
    1223.418	  7
    1223.654	  7
    1223.840	  7
    1224.022	  7
    1224.232	  7
    1224.398	  7
    1224.618	  7
    1224.846	  7
    1225.038	  7
    1225.224	  7
    1225.392	  7
    1225.584	  7
    1225.762	  7
    1225.978	  7
    1226.194	  7
    1226.396	  7
    1226.628	  7
    1226.810	  7
    1226.982	  7
    1227.186	  7
    1227.416	  7
    1227.596	  7
    1227.792	  7
    1229.502	  7
    1229.726	  7
    1229.884	  7
    1230.066	  7
    1230.268	  7
    1231.352	  7
    1231.498	  7
    1231.674	  7
    1231.880	  7
    1232.058	  7
    1232.246	  7
    1233.320	  7
    1234.924	  8
    1236.958	  8
    1237.264	  8
    1237.872	  8
    1238.312	  8
    1238.974	  8
    1239.198	  8
    1239.874	  8
    1240.658	  8
    1241.308	  8
    1243.852	  8
    1244.216	  8
    1244.596	  8
    1244.762	  8
    1246.424	  8
    1246.608	  8
    1248.550	  8
    1248.888	  8
    1249.534	  8
    1250.052	  8
    1251.448	  8
    1251.868	  8
    1252.036	  8
    1252.308	  8
    1252.546	  8
    1253.786	  8
    1255.832	  8
    1258.158	  7
    1258.282	  7
    1258.424	  7
    1258.668	  7
    1258.814	  7
    1258.980	  7
    1260.726	  8
    1262.482	  8
    1263.600	  8
    1263.948	  8
    1264.656	  8
    1267.384	  8
    1268.476	  8
    1271.560	  8
    1272.874	  8
    1275.788	  8
    1275.988	 53
    1278.956	  8
    1278.956	 20
    1278.956	 27
    1278.966	 28
    1278.966	 19
    1279.066	 29
    1279.112	  8
    1279.234	  9
    1299.086	 51
    1299.096	 17
    1337.336	  8
    1339.556	  8
    1340.258	  8
    1341.800	  8
    1343.290	  8
    1344.360	  8
    1346.674	  8
    1347.324	  8
    1347.592	  8
    1348.990	  8
    1349.478	  8
    1349.608	  8
    1351.530	  8
    1352.586	  8
    1353.174	  8
    1355.544	  8
    1356.260	  8
    1356.404	  8
    1357.016	  8
    1357.740	  8
    1357.930	  8
    1359.096	 53
    1360.484	  8
    1360.484	 20
    1360.484	 27
    1360.494	 28
    1360.494	 19
    1360.594	 29
    1360.622	  8
    1360.762	  9
    1371.032	  8
    1380.614	 51
    1380.624	 17
    1390.642	  8
    1390.966	  8
    1408.766	  8
    1410.588	  8
    1411.462	  8
    1411.586	  8
    1412.938	  8
    1413.632	  8
    1413.760	  8
    1414.800	  8
    1415.630	  8
    1417.478	  8
    1417.870	  8
    1418.988	  8
    1419.232	  8
    1420.034	  8
    1422.544	  8
    1423.020	  8
    1423.544	  8
    1423.892	  8
    1424.912	  8
    1425.922	  8
    1427.142	  8
    1427.320	  8
    1428.228	  8
    1428.306	  8
    1429.036	  8
    1429.448	  8
    1431.432	  8
    1431.760	  8
    1432.262	  8
    1432.690	  8
    1432.778	  8
    1433.030	  8
    1433.412	  8
    1433.714	  8
    1435.100	  8
    1435.738	  8
    1436.220	  8
    1436.684	  8
    1436.846	  8
    1436.882	  8
    1437.608	  8
    1438.320	  8
    1438.688	  8
    1439.270	  8
    1440.624	 53
    1440.760	  8
    1440.760	 20
    1440.760	 27
    1440.770	 28
    1440.770	 19
    1440.870	 29
    1441.038	  9
    1460.890	 50
    1460.900	 18
    1490.900	 53
    1495.324	  8
    1495.324	 20
    1495.324	 27
    1495.334	 28
    1495.334	 19
    1495.434	 29
    1495.602	  9
    1515.454	 52
    1515.464	 10
    1565.850	  8
    1565.976	  8
    1598.560	  8
    1598.822	  8
    1599.758	  8
    1602.310	  8
    1602.456	  8
    1603.112	  8
    1603.216	  8
    1603.740	  8
    1604.664	  8
    1605.292	  8
    1605.454	  8
    1605.900	  8
    1606.210	  8
    1606.246	  8
    1607.122	  8
    1607.938	  8
    1608.266	  8
    1608.578	  8
    1611.188	  8
    1611.730	  8
    1611.918	  8
    1612.104	  8
    1612.168	  8
    1613.364	  8
    1613.746	  8
    1615.392	  8
    1617.252	  8
    1617.862	  8
    1618.090	  8
    1621.892	  8
    1623.324	  8
    1623.684	  8
    1625.144	  8
    1625.426	  8
    1625.956	  8
    1626.756	  8
    1627.274	  8
    1627.670	  8
    1627.896	  8
    1628.340	  8
    1628.616	  8
    1629.120	  8
    1630.868	  8
    1631.228	  8
    1633.952	  8
    1634.144	  8
    1635.200	  8
    1635.236	  8
    1635.464	 53
    1635.816	  8
    1635.816	 20
    1635.816	 27
    1635.826	 28
    1635.826	 19
    1635.926	 29
    1636.094	  9
    1655.946	 52
    1655.956	 10
    1704.082	  8
    1718.424	  7
    1720.272	  7
    1721.518	  7
    1724.818	  7
    1728.034	  7
    1728.212	  7
    1739.024	  8
    1740.336	  8
    1741.600	  8
    1742.586	  8
    1743.146	  8
    1744.708	  8
    1745.284	  8
    1745.486	  8
    1745.902	  8
    1746.262	  8
    1746.546	  8
    1748.092	  8
    1748.862	  8
    1751.380	  8
    1751.580	  8
    1753.982	  8
    1756.056	  8
    1756.154	  8
    1757.536	  8
    1757.882	  8
    1758.430	  8
    1759.132	  8
    1759.924	  8
    1761.468	  8
    1761.782	  8
    1768.698	  8
    1770.914	  8
    1771.542	  8
    1772.102	  8
    1773.400	  8
    1774.308	  8
    1774.984	  8
    1775.044	  8
    1775.190	  8
    1775.596	  8
    1775.956	 53
    1776.458	  8
    1776.458	 20
    1776.458	 27
    1776.468	 28
    1776.468	 19
    1776.568	 29
    1776.610	  8
    1776.736	  9
    1777.590	  8
    1796.588	 51
    1796.598	 17
    1814.648	  8
    1818.240	  8
    1820.978	  8
    1823.898	  8
    1824.386	  8
    1824.944	  8
    1828.430	  8
    1829.004	  8
    1829.320	  8
    1829.744	  8
    1832.264	  8
    1833.012	  8
    1835.204	  8
    1835.490	  8
    1836.248	  8
    1836.568	  8
    1838.630	  8
    1839.814	  8
    1841.684	  8
    1842.142	  8
    1842.824	  8
    1844.236	  8
    1845.474	  8
    1845.846	  8
    1845.936	  8
    1846.472	  8
    1847.080	  8
    1847.612	  8
    1847.844	  8
    1848.154	  8
    1848.922	  8
    1849.444	  8
    1849.914	  8
    1850.144	  8
    1851.002	  8
    1851.378	  8
    1851.720	  8
    1853.868	  8
    1854.206	  8
    1855.196	  8
    1855.800	  8
    1856.490	  8
    1856.598	 53
    1856.850	  8
    1856.850	 20
    1856.850	 27
    1856.860	 28
    1856.860	 19
    1856.940	  8
    1856.960	 29
    1857.128	  9
    1876.980	 51
    1876.990	 17
    1894.034	  8
    1894.310	  8
    1901.716	  8
    1902.716	  8
    1906.928	  8
    1911.186	  8
    1911.914	  8
    1912.278	  8
    1912.896	  8
    1913.808	  8
    1914.958	  8
    1916.282	  8
    1917.518	  8
    1917.928	  8
    1917.996	  8
    1918.356	  8
    1918.992	  8
    1919.614	  8
    1919.716	  8
    1920.290	  8
    1920.568	  8
    1920.800	  8
    1921.946	  8
    1923.766	  8
    1924.236	  8
    1924.430	  8
    1924.612	  8
    1925.546	  8
    1928.530	  8
    1929.084	  8
    1929.456	  8
    1930.706	  8
    1931.832	  8
    1932.734	  8
    1936.602	  8
    1936.990	 53
    1938.064	  8
    1938.064	 20
    1938.064	 27
    1938.074	 28
    1938.074	 19
    1938.174	 29
    1938.342	  9
    1958.194	 52
    1958.204	 10
    2005.908	  8
    2011.612	  8
    2028.112	  8
    2029.672	  8
    2031.080	  8
    2031.988	  8
    2033.048	  8
    2035.974	  8
    2036.038	  8
    2038.678	  8
    2039.494	  8
    2040.074	  8
    2040.626	  8
    2040.734	  8
    2041.606	  8
    2043.688	  8
    2044.212	  8
    2052.564	  8
    2053.328	  8
    2054.826	  8
    2055.354	  8
    2056.384	  8
    2058.948	  8
    2060.804	  8
    2064.114	  8
    2064.710	  8
    2065.362	  8
    2066.412	  8
    2067.636	  8
    2068.230	  8
    2068.644	  8
    2069.460	  8
    2069.966	  8
    2070.824	  8
    2075.398	  8
    2075.906	  8
    2076.548	  8
    2078.204	 53
    2078.586	  8
    2078.586	 20
    2078.586	 27
    2078.596	 28
    2078.596	 19
    2078.696	 29
    2079.108	  9
    2098.716	 52
    2098.726	 10
    2165.248	  8
    2165.636	  8
    2171.458	  8
    2172.712	  8
    2173.088	  8
    2173.654	  8
    2174.558	  8
    2174.738	  8
    2175.556	  8
    2176.124	  8
    2176.738	  8
    2181.216	  8
    2182.516	  8
    2183.218	  8
    2183.592	  8
    2183.924	  8
    2187.158	  8
    2188.208	  8
    2188.442	  8
    2189.116	  8
    2189.174	  8
    2189.308	  8
    2190.950	  8
    2191.688	  8
    2192.012	  8
    2197.412	  8
    2198.092	  8
    2199.024	  8
    2200.678	  8
    2201.478	  8
    2202.524	  8
    2206.206	  8
    2206.688	  8
    2207.370	  8
    2207.970	  8
    2208.024	  8
    2209.494	  8
    2210.016	  8
    2210.610	  8
    2210.656	  8
    2210.960	  8
    2212.388	  8
    2212.680	  8
    2213.782	  8
    2213.826	  8
    2214.026	  8
    2214.206	  8
    2215.208	  8
    2215.328	  8
    2215.374	  8
    2215.512	  8
    2216.370	  8
    2217.078	  8
    2217.298	  8
    2218.726	 53
    2219.070	  8
    2219.070	 20
    2219.070	 27
    2219.080	 28
    2219.080	 19
    2219.180	 29
    2219.348	  9
    2220.724	  8
    2239.200	 52
    2239.210	 10
    2284.850	  8
    2285.136	  8
    2285.524	  8
    2285.652	  8
    2285.972	  8
    2286.690	  8
    2287.254	  8
    2287.820	  8
    2291.040	  8
    2291.222	  8
    2291.760	  8
    2292.154	  8
    2294.104	  8
    2294.172	  8
    2294.436	  8
    2297.372	  8
    2299.500	  8
    2301.174	  8
    2304.072	  8
    2309.138	  8
    2311.402	  8
    2311.818	  8
    2314.116	  8
    2314.440	  8
    2314.772	  8
    2316.426	  8
    2320.214	  8
    2320.786	  8
    2321.134	  8
    2324.038	  8
    2324.476	  8
    2325.622	  8
    2326.320	  8
    2327.802	  8
    2328.438	  8
    2330.654	  8
    2332.516	  8
    2334.030	  8
    2334.194	  8
    2335.018	  8
    2336.056	  8
    2337.220	  8
    2340.450	  8
    2341.236	  8
    2341.422	  8
    2341.662	  8
    2342.194	  8
    2342.678	  8
    2344.808	  8
    2345.250	  8
    2346.676	  8
    2349.872	  8
    2350.536	  8
    2351.258	  8
    2351.704	  8
    2351.974	  8
    2352.784	  8
    2355.032	  8
    2355.858	  8
    2356.030	  8
    2356.388	  8
    2356.870	  8
    2357.184	  8
    2357.380	  8
    2359.210	 53
    2362.420	  8
    2362.420	 20
    2362.420	 27
    2362.430	 28
    2362.430	 19
    2362.530	 29
    2362.596	  8
    2362.698	  9
    2363.182	  8
    2382.550	 52
    2382.560	 10
    2432.434	  8
    2433.916	  8
    2434.002	  8
    2434.272	  8
    2434.718	  8
    2435.284	  8
    2436.038	  8
    2436.458	  8
    2440.968	  8
    2442.540	  8
    2443.330	  8
    2444.718	  8
    2445.532	  8
    2446.684	  8
    2446.832	  8
    2447.924	  8
    2448.602	  8
    2462.770	  8
    2462.998	  8
    2463.636	  8
    2464.366	  8
    2465.136	  8
    2465.442	  8
    2466.268	  8
    2466.940	  8
    2467.952	  8
    2468.088	  8
    2468.360	  8
    2468.440	  8
    2469.606	  8
    2469.704	  8
    2470.482	  8
    2471.096	  8
    2471.886	  8
    2472.114	  8
    2472.502	  8
    2473.022	  8
    2473.990	  8
    2474.400	  8
    2475.174	  8
    2476.288	  8
    2476.652	  8
    2477.318	  8
    2477.748	  8
    2477.942	  8
    2479.156	  8
    2479.360	  8
    2481.004	  8
    2481.752	  8
    2482.326	  8
    2483.526	  8
    2484.034	  8
    2485.780	  8
    2486.050	  8
    2486.402	  8
    2486.708	  8
    2489.942	  8
    2490.644	  8
    2491.190	  8
    2491.894	  8
    2492.942	  8
    2495.502	  8
    2496.348	  8
    2499.182	  8
    2499.990	  8
    2500.748	  8
    2502.148	  8
    2502.560	 53
    2503.318	  8
    2503.318	 20
    2503.318	 27
    2503.328	 28
    2503.328	 19
    2503.428	 29
    2503.596	  9
    2517.490	  8
    2523.448	 52
    2523.458	 10
    2582.034	  8
    2593.014	  8
    2602.716	  8
    2603.252	  8
    2603.438	  8
    2605.110	  8
    2608.628	  8
    2612.122	  8
    2612.248	  8
    2613.462	  8
    2614.892	  8
    2616.348	  8
    2621.702	  8
    2623.538	  8
    2624.420	  8
    2626.028	  8
    2626.866	  8
    2628.010	  8
    2629.060	  8
    2629.232	  8
    2629.730	  8
    2631.504	  8
    2634.708	  8
    2635.158	  8
    2639.070	  8
    2639.636	  8
    2641.428	  8
    2642.016	  8
    2643.458	 53
    2644.560	  8
    2644.560	 20
    2644.560	 27
    2644.570	 28
    2644.570	 19
    2644.670	 29
    2644.838	  9
    2658.136	  8
    2658.480	  8
    2664.690	 52
    2664.700	 10
    2681.036	  7
    2681.170	  7
    2681.322	  7
    2681.784	  7
    2681.970	  7
    2682.784	  7
    2683.442	  7
    2684.472	  7
    2684.882	  7
    2685.458	  7
    2692.860	  7
    2693.118	  7
    2700.242	  7
    2700.488	  7
    2710.292	  8
    2714.024	  8
    2714.768	  8
    2718.494	  8
    2718.574	  8
    2718.724	  8
    2720.566	  8
    2722.202	  8
    2722.840	  8
    2723.032	  8
    2725.474	  8
    2726.518	  8
    2726.976	  8
    2734.502	  8
    2742.090	  8
    2743.804	  8
    2744.682	  8
    2749.550	  8
    2750.430	  8
    2750.972	  8
    2751.608	  8
    2752.934	  8
    2754.488	  8
    2755.478	  8
    2755.932	  8
    2756.494	  8
    2757.402	  8
    2757.512	  8
    2758.416	  8
    2759.678	  8
    2760.106	  8
    2761.058	  8
    2761.438	  8
    2762.188	  8
    2762.328	  8
    2764.118	  8
    2764.940	  8
    2766.504	  8
    2766.654	  8
    2767.286	  8
    2767.732	  8
    2774.126	  8
    2774.464	  8
    2775.038	  8
    2775.922	  8
    2777.014	  8
    2777.428	  8
    2778.702	  8
    2779.298	  8
    2779.756	  8
    2781.498	  8
    2781.830	  8
    2782.872	  8
    2783.478	  8
    2784.206	  8
    2784.700	 53
    2785.380	  8
    2785.380	 20
    2785.380	 27
    2785.390	 28
    2785.390	 19
    2785.490	 29
    2785.658	  9
    2805.510	 51
    2805.520	 17
    2865.520	 53
    2871.406	  5
    2875.180	  5
    2883.988	  8
    2883.988	 20
    2883.988	 27
    2883.998	 28
    2883.998	 19
    2884.098	 29
    2884.266	  9
    2897.546	  8
    2897.588	  8
    2904.118	 50
    2904.128	 18
    2933.156	  8
    2933.840	  8
    2934.128	 53
    2934.732	  8
    2934.732	 20
    2934.732	 27
    2934.742	 28
    2934.742	 19
    2934.842	 29
    2935.010	  9
    2935.992	  8
    2954.862	 52
    2954.872	 10
    2965.276	  8
    2965.354	  8
    2986.420	  7
    2986.570	  7
    2987.462	  7
    2988.914	  7
    2989.160	  7
    2989.690	  7
    2989.940	  7
    2997.378	  7
    2997.584	  7
    3016.824	  8
    3017.162	  8
    3018.026	  8
    3020.100	  8
    3020.512	  8
    3020.752	  8
    3021.096	  8
    3021.502	  8
    3022.012	  8
    3022.760	  8
    3023.080	  8
    3023.314	  8
    3023.728	  8
    3023.828	  8
    3030.448	  8
    3030.480	  8
    3050.418	  8
    3051.862	  8
    3052.378	  8
    3052.456	  8
    3053.090	  8
    3054.192	  8
    3055.720	  8
    3056.782	  8
    3057.212	  8
    3057.350	  8
    3058.152	  8
    3061.376	  8
    3062.892	  8
    3064.368	  8
    3066.048	  8
    3066.364	  8
    3067.924	  8
    3068.214	  8
    3068.592	  8
    3068.652	  8
    3069.100	  8
    3069.302	  8
    3069.692	  8
    3070.302	  8
    3071.954	  8
    3072.384	  8
    3073.186	  8
    3073.624	  8
    3074.250	  8
    3074.620	  8
    3074.872	 53
    3075.102	  8
    3075.102	 20
    3075.102	 27
    3075.112	 28
    3075.112	 19
    3075.194	  8
    3075.212	 29
    3075.380	  9
    3085.960	  8
    3095.232	 51
    3095.242	 17
    3119.130	  7
    3119.812	  7
    3128.732	  8
    3132.476	  8
    3133.890	  8
    3134.704	  8
    3135.002	  8
    3135.480	  8
    3135.948	  8
    3136.606	  8
    3137.616	  8
    3137.912	  8
    3138.994	  8
    3140.612	  8
    3140.890	  8
    3141.106	  8
    3141.282	  8
    3141.386	  8
    3141.488	  8
    3143.348	  8
    3144.982	  8
    3146.860	  8
    3147.820	  8
    3149.170	  8
    3150.622	  8
    3150.938	  8
    3151.534	  8
    3152.692	  8
    3153.408	  8
    3153.696	  8
    3154.354	  8
    3155.242	 53
    3155.820	  8
    3155.820	 20
    3155.820	 27
    3155.830	 28
    3155.830	 19
    3155.930	 29
    3155.942	  8
    3156.098	  9
    3168.292	  8
    3175.950	 51
    3175.960	 17
    3189.928	  8
    3195.240	  8
    3196.770	  8
    3197.428	  8
    3197.902	  8
    3200.132	  8
    3201.774	  8
    3202.166	  8
    3202.256	  8
    3202.498	  8
    3202.562	  8
    3204.278	  8
    3205.988	  8
    3206.062	  8
    3210.194	  8
    3211.408	  8
    3213.768	  8
    3215.068	  8
    3216.082	  8
    3216.284	  8
    3216.338	  8
    3216.640	  8
    3217.094	  8
    3217.782	  8
    3218.344	  8
    3218.662	  8
    3219.948	  8
    3220.522	  8
    3221.252	  8
    3221.578	  8
    3221.812	  8
    3221.892	  8
    3222.626	  8
    3223.924	  8
    3224.434	  8
    3226.232	  8
    3226.476	  8
    3227.008	  8
    3227.434	  8
    3227.892	  8
    3228.624	  8
    3229.296	  8
    3230.334	  8
    3231.058	  8
    3231.526	  8
    3231.818	  8
    3232.360	  8
    3233.364	  8
    3233.816	  8
    3233.940	  8
    3234.736	  8
    3235.960	 53
    3236.340	  8
    3236.340	 20
    3236.340	 27
    3236.350	 28
    3236.350	 19
    3236.450	 29
    3236.618	  9
    3249.410	  8
    3256.470	 51
    3256.480	 17
    3273.954	  8
    3279.332	  8
    3286.392	  8
    3287.570	  8
    3288.076	  8
    3288.382	  8
    3292.902	  8
    3293.464	  8
    3294.510	  8
    3295.856	  8
    3299.502	  8
    3300.542	  8
    3301.004	  8
    3302.090	  8
    3303.788	  8
    3304.546	  8
    3304.672	  8
    3306.572	  8
    3307.018	  8
    3307.726	  8
    3309.076	  8
    3309.896	  8
    3313.056	  8
    3313.508	  8
    3313.804	  8
    3314.974	  8
    3315.744	  8
    3316.480	 53
    3316.516	  8
    3316.516	 20
    3316.516	 27
    3316.526	 28
    3316.526	 19
    3316.626	 29
    3316.794	  9
    3336.646	 52
    3336.656	 10
    3345.930	  5
    3353.168	  7
    3353.302	  7
    3353.448	  7
    3353.606	  7
    3354.330	  7
    3355.230	  7
    3355.334	  7
    3363.148	  7
    3376.854	  7
    3377.046	  7
    3377.416	  7
    3377.576	  7
    3389.010	  8
    3391.420	  8
    3393.328	  8
    3393.958	  8
    3394.150	  8
    3394.312	  8
    3396.726	  8
    3397.056	  8
    3397.368	  8
    3397.940	  8
    3401.822	  8
    3414.270	  8
    3426.098	  8
    3427.262	  8
    3428.102	  8
    3428.676	  8
    3429.532	  8
    3430.632	  8
    3431.286	  8
    3432.022	  8
    3432.474	  8
    3433.402	  8
    3433.738	  8
    3434.672	  8
    3436.202	  8
    3436.934	  8
    3437.880	  8
    3438.242	  8
    3441.032	  8
    3445.136	  8
    3445.518	  8
    3445.946	  8
    3446.310	  8
    3447.402	  8
    3447.574	  8
    3448.378	  8
    3451.530	  8
    3452.014	  8
    3452.486	  8
    3453.222	  8
    3454.896	  8
    3456.476	  8
    3456.656	 53
    3458.510	  8
    3458.510	 20
    3458.510	 27
    3458.520	 28
    3458.520	 19
    3458.620	 29
    3458.788	  9
    3478.640	 52
    3478.650	 10
    3537.906	  8
    3538.460	  8
    3539.100	  8
    3539.496	  8
    3540.338	  8
    3541.222	  8
    3542.750	  8
    3542.824	  8
    3546.296	  8
    3547.036	  8
    3547.536	  8
    3549.080	  8
    3550.108	  8
    3550.734	  8
    3551.082	  8
    3553.040	  8
    3557.376	  8
    3558.378	  8
    3558.792	  8
    3562.098	  8
    3562.618	  8
    3562.818	  8
    3563.712	  8
    3565.582	  8
    3566.546	  8
    3566.834	  8
    3567.512	  8
    3568.472	  8
    3573.008	  8
    3573.240	  8
    3574.720	  8
    3575.166	  8
    3576.154	  8
    3577.154	  8
    3578.276	  8
    3579.672	  8
    3581.950	  8
    3583.130	  8
    3583.968	  8
    3584.312	  8
    3584.584	  8
    3585.438	  8
    3585.606	  8
    3586.988	  8
    3587.530	  8
    3588.504	  8
    3589.106	  8
    3589.574	  8
    3589.866	  8
    3590.562	  8
    3592.214	  8
    3592.256	  8
    3592.320	  8
    3593.946	  8
    3595.392	  8
    3596.446	  8
    3597.916	  8
    3598.650	 53
    3598.992	  8
    3598.992	 20
    3598.992	 27
    3599.002	 28
    3599.002	 19
    3599.102	 29
    3599.108	  8
    3599.270	  9
    3619.122	 52
    3619.132	 10
    3634.554	  7
    3635.464	  7
    3635.582	  7
    3635.786	  7
    3654.854	  8
    3654.960	  8
    3674.192	  7
    3674.904	  7
    3678.662	  8
    3678.888	  8
    3679.908	  8
    3686.212	  8
    3686.850	  8
    3687.618	  8
    3688.800	  8
    3689.392	  8
    3691.822	  8
    3691.904	  8
    3692.398	  8
    3692.878	  8
    3695.170	  8
    3696.640	  8
    3696.800	  8
    3697.228	  8
    3697.730	  8
    3698.096	  8
    3698.278	  8
    3698.698	  8
    3699.614	  8
    3701.422	  8
    3701.578	  8
    3702.860	  8
    3703.328	  8
    3707.778	  8
    3707.854	  8
    3708.138	  8
    3709.162	  8
    3709.996	  8
    3711.052	  8
    3711.694	  8
    3712.806	  8
    3713.978	  8
    3715.790	  8
    3717.204	  8
    3717.534	  8
    3718.464	  8
    3718.722	  8
    3722.092	  8
    3722.942	  8
    3723.864	  8
    3724.800	  8
    3725.216	  8
    3725.692	  8
    3726.010	  8
    3729.436	  8
    3729.890	  8
    3730.940	  8
    3731.222	  8
    3733.588	  8
    3734.470	  8
    3734.772	  8
    3736.496	  8
    3736.632	  8
    3736.910	  8
    3737.142	  8
    3737.916	  8
    3738.310	  8
    3738.814	  8
    3739.132	 53
    3740.218	  8
    3740.218	 20
    3740.218	 27
    3740.228	 28
    3740.228	 19
    3740.328	 29
    3740.496	  9
    3741.234	  8
    3756.852	  8
    3760.348	 51
    3760.358	 17
    3780.788	  7
    3784.148	  8
    3785.678	  8
    3787.420	  8
    3787.512	  8
    3789.060	  8
    3789.722	  8
    3790.814	  8
    3792.070	  8
    3792.512	  8
    3793.432	  8
    3794.202	  8
    3800.696	  8
    3801.226	  8
    3801.912	  8
    3802.576	  8
    3802.650	  8
    3803.812	  8
    3804.430	  8
    3805.332	  8
    3806.948	  8
    3808.078	  8
    3808.760	  8
    3809.276	  8
    3810.210	  8
    3810.442	  8
    3811.902	  8
    3812.914	  8
    3813.632	  8
    3814.154	  8
    3814.412	  8
    3815.208	  8
    3817.452	  8
    3817.772	  8
    3818.078	  8
    3818.576	  8
    3820.358	 53
    3820.508	  8
    3820.508	 20
    3820.508	 27
    3820.518	 28
    3820.518	 19
    3820.618	 29
    3820.786	  9
    3835.158	  8
    3840.638	 51
    3840.648	 17
    3858.384	  8
    3858.624	  8
    3861.018	  8
    3861.474	  8
    3865.262	  8
    3867.696	  8
    3870.632	  8
    3870.776	  8
    3870.934	  8
    3871.496	  8
    3872.404	  8
    3873.280	  8
    3873.678	  8
    3874.272	  8
    3875.374	  8
    3876.338	  8
    3877.408	  8
    3880.946	  8
    3881.374	  8
    3882.010	  8
    3882.784	  8
    3883.896	  8
    3884.068	  8
    3884.398	  8
    3885.004	  8
    3885.812	  8
    3886.796	  8
    3888.510	  8
    3888.650	  8
    3889.456	  8
    3890.994	  8
    3891.706	  8
    3892.004	  8
    3892.478	  8
    3892.682	  8
    3893.376	  8
    3894.242	  8
    3894.810	  8
    3895.580	  8
    3896.578	  8
    3897.326	  8
    3897.836	  8
    3898.716	  8
    3899.516	  8
    3900.566	  8
    3900.648	 53
    3901.946	  8
    3901.946	 20
    3901.946	 27
    3901.956	 28
    3901.956	 19
    3902.056	 29
    3902.224	  9
    3918.460	  8
    3919.966	  8
    3922.076	 51
    3922.086	 17
    3941.968	  5
    3945.996	  8
    3946.050	  8
    3950.244	  8
    3950.290	  8
    3951.316	  8
    3951.890	  8
    3951.948	  8
    3952.504	  8
    3953.762	  8
    3954.326	  8
    3955.184	  8
    3955.674	  8
    3955.994	  8
    3965.106	  8
    3965.498	  8
    3969.196	  8
    3970.220	  8
    3970.874	  8
    3971.874	  8
    3972.108	  8
    3972.658	  8
    3973.578	  8
    3974.262	  8
    3974.346	  8
    3974.462	  8
    3974.616	  8
    3974.952	  8
    3976.098	  8
    3976.470	  8
    3977.216	  8
    3978.734	  8
    3979.016	  8
    3979.160	  8
    3979.578	  8
    3979.924	  8
    3980.580	  8
    3980.822	  8
    3980.928	  8
    3981.132	  8
    3982.086	 53
    3982.176	  8
    3982.176	 20
    3982.176	 27
    3982.186	 28
    3982.186	 19
    3982.286	 29
    3982.454	  9
    4002.306	 52
    4002.316	 10
    4063.016	  8
    4063.896	  8
    4064.018	  8
    4064.280	  8
    4065.460	  8
    4066.832	  8
    4067.516	  8
    4069.080	  8
    4069.184	  8
    4069.534	  8
    4070.486	  8
    4072.336	  8
    4072.786	  8
    4073.728	  8
    4074.858	  8
    4075.800	  8
    4075.990	  8
    4077.048	  8
    4077.376	  8
    4080.584	  8
    4080.876	  8
    4080.964	  8
    4081.702	  8
    4082.340	  8
    4083.520	  8
    4083.846	  8
    4088.402	  8
    4089.010	  8
    4089.132	  8
    4089.438	  8
    4089.810	  8
    4090.178	  8
    4091.190	  8
    4091.670	  8
    4091.926	  8
    4093.662	  8
    4094.078	  8
    4094.792	  8
    4095.602	  8
    4096.194	  8
    4096.244	  8
    4096.456	  8
    4099.056	  8
    4099.648	  8
    4100.370	  8
    4100.728	  8
    4101.112	  8
    4101.666	  8
    4102.662	  8
    4103.900	  8
    4105.194	  8
    4107.268	  8
    4107.786	  8
    4108.562	  8
    4109.176	  8
    4109.888	  8
    4110.738	  8
    4110.958	  8
    4111.298	  8
    4111.640	  8
    4111.730	  8
    4112.538	  8
    4112.964	  8
    4113.238	  8
    4114.548	  8
    4114.700	  8
    4115.020	  8
    4116.304	  8
    4116.928	  8
    4118.528	  8
    4121.900	  8
    4122.316	 53
    4122.692	  8
    4122.692	 20
    4122.692	 27
    4122.702	 28
    4122.702	 19
    4122.802	 29
    4122.970	  9
    4135.122	  8
    4142.822	 52
    4142.832	 10
    4215.776	  8
    4217.202	  8
    4220.514	  8
    4220.628	  8
    4226.166	  8
    4227.786	  8
    4228.238	  8
    4231.770	  8
    4234.412	  8
    4234.598	  8
    4235.932	  8
    4235.992	  8
    4236.056	  8
    4236.174	  8
    4238.026	  8
    4238.406	  8
    4243.140	  8
    4243.272	  8
    4244.896	  8
    4246.962	  8
    4247.680	  8
    4251.170	  8
    4251.928	  8
    4252.326	  8
    4256.082	  8
    4256.838	  8
    4257.004	  8
    4257.908	  8
    4258.820	  8
    4261.794	  8
    4262.832	 53
    4276.840	  8
    4276.840	 20
    4276.840	 27
    4276.850	 28
    4276.850	 19
    4276.950	 29
    4277.106	  8
    4277.118	  9
    4277.208	  8
    4292.652	  8
    4294.182	  8
    4296.970	 51
    4296.980	 17
    4329.434	  8
    4356.980	 53
    4360.150	  8
    4360.150	 20
    4360.150	 27
    4360.160	 28
    4360.160	 19
    4360.246	  8
    4360.260	 29
    4360.428	  9
    4370.738	  8
    4371.098	  8
    4380.280	 52
    4380.290	 10
    4424.830	  8
    4425.136	  8
    4426.708	  8
    4428.148	  8
    4429.496	  8
    4429.806	  8
    4439.704	  8
    4440.278	  8
    4451.610	  8
    4452.924	  8
    4454.794	  8
    4454.848	  8
    4454.982	  8
    4455.796	  8
    4456.282	  8
    4459.250	  8
    4480.576	  8
    4480.764	  8
    4481.762	  8
    4484.120	  8
    4485.862	  8
    4486.240	  8
    4487.384	  8
    4489.876	  8
    4489.988	  8
    4491.814	  8
    4492.314	  8
    4493.970	  8
    4495.084	  8
    4495.444	  8
    4495.794	  8
    4497.604	  8
    4499.230	  8
    4500.290	 53
    4501.108	  8
    4501.108	 20
    4501.108	 27
    4501.118	 28
    4501.118	 19
    4501.218	 29
    4501.386	  9
    4521.238	 52
    4521.248	 10
    4570.744	  8
    4571.450	  8
    4572.126	  8
    4572.516	  8
    4574.222	  8
    4576.534	  8
    4577.832	  8
    4578.560	  8
    4579.482	  8
    4580.248	  8
    4581.124	  8
    4581.710	  8
    4582.164	  8
    4583.060	  8
    4585.666	  8
    4586.434	  8
    4586.954	  8
    4588.842	  8
    4591.198	  8
    4592.552	  8
    4592.862	  8
    4593.490	  8
    4593.918	  8
    4594.112	  8
    4594.620	  8
    4594.840	  8
    4595.404	  8
    4597.022	  8
    4600.436	  8
    4600.520	  8
    4602.448	  8
    4603.290	  8
    4604.212	  8
    4604.908	  8
    4605.496	  8
    4605.674	  8
    4606.308	  8
    4606.532	  8
    4607.516	  8
    4608.560	  8
    4608.918	  8
    4609.598	  8
    4609.914	  8
    4611.998	  8
    4612.624	  8
    4617.456	  8
    4617.896	  8
    4618.544	  8
    4619.068	  8
    4619.890	  8
    4620.506	  8
    4621.174	  8
    4622.902	  8
    4623.764	  8
    4623.892	  8
    4625.894	  8
    4626.182	  8
    4627.202	  8
    4628.784	  8
    4629.002	  8
    4629.248	  8
    4631.836	  8
    4634.124	  8
    4634.964	  8
    4635.472	  8
    4636.526	  8
    4637.196	  8
    4637.798	  8
    4639.006	  8
    4640.670	  8
    4641.248	 53
    4641.436	  8
    4641.436	 20
    4641.436	 27
    4641.446	 28
    4641.446	 19
    4641.546	 29
    4641.714	  9
    4658.016	  8
    4658.154	  8
    4658.358	  8
    4661.566	 50
    4661.576	 18
    4691.576	 53
    4692.760	  8
    4692.760	 20
    4692.760	 27
    4692.770	 28
    4692.770	 19
    4692.870	 29
    4693.038	  9
    4712.890	 51
    4712.900	 17
    4741.218	  8
    4745.916	  8
    4747.910	  8
    4750.704	  8
    4750.772	  8
    4751.972	  8
    4754.228	  8
    4754.320	  8
    4754.438	  8
    4756.856	  8
    4762.440	  8
    4768.398	  8
    4769.450	  8
    4770.900	  8
    4771.404	  8
    4772.066	  8
    4772.422	  8
    4772.900	 53
    4773.446	  8
    4773.446	 20
    4773.446	 27
    4773.456	 28
    4773.456	 19
    4773.556	 29
    4773.724	  9
    4774.490	  8
    4788.806	  8
    4793.576	 51
    4793.586	 17
    4801.246	  8
    4801.340	  8
    4803.272	  8
    4813.900	  8
    4824.880	  8
    4831.150	  8
    4832.408	  8
    4833.314	  8
    4834.250	  8
    4834.568	  8
    4835.002	  8
    4836.256	  8
    4837.102	  8
    4837.642	  8
    4838.198	  8
    4838.682	  8
    4840.526	  8
    4841.246	  8
    4842.036	  8
    4843.868	  8
    4844.074	  8
    4844.860	  8
    4845.184	  8
    4845.588	  8
    4846.112	  8
    4846.406	  8
    4846.830	  8
    4847.164	  8
    4847.800	  8
    4850.110	  8
    4850.602	  8
    4851.400	  8
    4853.224	  8
    4853.586	 53
    4854.650	  8
    4854.650	 20
    4854.650	 27
    4854.660	 28
    4854.660	 19
    4854.704	  8
    4854.760	 29
    4854.798	  8
    4854.928	  9
    4855.894	  8
    4874.780	 51
    4874.790	 17
    4898.850	  8
    4901.476	  8
    4902.204	  8
    4902.764	  8
    4903.522	  8
    4903.574	  8
    4905.278	  8
    4909.510	  8
    4911.958	  8
    4914.472	  8
    4919.284	  8
    4919.470	  8
    4923.772	  8
    4924.404	  8
    4925.098	  8
    4926.528	  8
    4928.818	  8
    4929.054	  8
    4929.776	  8
    4930.168	  8
    4931.072	  8
    4931.900	  8
    4932.410	  8
    4932.934	  8
    4933.388	  8
    4934.566	  8
    4934.790	 53
    4934.978	  8
    4934.978	 20
    4934.978	 27
    4934.988	 28
    4934.988	 19
    4935.088	 29
    4935.256	  9
    4935.328	  8
    4955.108	 52
    4955.118	 10
    4990.242	  7
    4990.434	  7
    4990.634	  7
    4990.814	  7
    4990.994	  7
    4991.204	  7
    4991.366	  7
    4995.032	  8
    4995.178	  8
    5003.862	  8
    5003.902	  8
    5005.800	  8
    5006.526	  8
    5007.824	  8
    5008.622	  8
    5008.840	  8
    5010.430	  8
    5013.350	  8
    5013.954	  8
    5018.436	  7
    5018.558	  7
    5018.696	  7
    5018.872	  7
    5019.774	  7
    5020.000	  7
    5024.320	  7
    5029.476	  7
    5042.648	  8
    5045.890	  8
    5048.050	  8
    5048.902	  8
    5050.984	  8
    5051.190	  8
    5051.764	  8
    5052.828	  8
    5053.746	  8
    5055.642	  8
    5056.150	  8
    5056.212	  8
    5058.014	  8
    5058.956	  8
    5059.284	  8
    5061.556	  8
    5061.662	  8
    5061.970	  8
    5062.418	  8
    5062.672	  8
    5063.824	  8
    5065.314	  8
    5066.006	  8
    5067.632	  8
    5069.402	  8
    5069.718	  8
    5071.396	  8
    5072.384	  8
    5073.330	  8
    5074.842	  8
    5075.118	 53
    5075.868	  8
    5075.868	 20
    5075.868	 27
    5075.878	 28
    5075.878	 19
    5075.978	 29
    5076.146	  9
    5095.998	 50
    5096.008	 18
    5126.008	 53
    5141.414	  8
    5141.414	 20
    5141.414	 27
    5141.424	 28
    5141.424	 19
    5141.524	 29
    5141.692	  9
    5161.544	 51
    5161.554	 17
    5180.332	  8
    5186.002	  8
    5186.614	  8
    5189.608	  8
    5189.756	  8
    5193.712	  8
    5195.480	  8
    5196.140	  8
    5200.960	  8
    5201.238	  8
    5202.402	  8
    5202.926	  8
    5203.534	  8
    5204.362	  8
    5204.582	  8
    5208.522	  8
    5208.728	  8
    5208.844	  8
    5209.332	  8
    5209.926	  8
    5211.004	  8
    5212.050	  8
    5213.586	  8
    5214.636	  8
    5214.806	  8
    5216.678	  8
    5216.974	  8
    5217.464	  8
    5217.594	  8
    5218.654	  8
    5219.472	  8
    5220.276	  8
    5221.554	 53
    5223.086	  8
    5223.086	 20
    5223.086	 27
    5223.096	 28
    5223.096	 19
    5223.196	 29
    5223.240	  8
    5223.364	  9
    5224.040	  8
    5243.216	 52
    5243.226	 10
    5315.950	  8
    5317.398	  8
    5319.146	  8
    5319.660	  8
    5320.546	  8
    5320.862	  8
    5321.218	  8
    5321.808	  8
    5322.080	  8
    5322.596	  8
    5322.714	  8
    5323.866	  8
    5325.918	  8
    5326.372	  8
    5327.066	  8
    5328.610	  8
    5329.616	  8
    5330.984	  8
    5331.396	  8
    5335.172	  8
    5335.956	  8
    5336.340	  8
    5336.808	  8
    5337.322	  8
    5338.840	  8
    5339.014	  8
    5340.400	  8
    5340.466	  8
    5340.816	  8
    5342.920	  8
    5344.396	  8
    5345.900	  8
    5346.424	  8
    5346.676	  8
    5348.182	  8
    5348.536	  8
    5348.628	  8
    5350.684	  8
    5351.124	  8
    5351.910	  8
    5352.662	  8
    5353.014	  8
    5358.388	  8
    5358.696	  8
    5359.138	  8
    5361.124	  8
    5363.226	 53
    5365.622	  8
    5365.622	 20
    5365.622	 27
    5365.632	 28
    5365.632	 19
    5365.732	 29
    5365.900	  9
    5385.752	 50
    5385.762	 18
    5415.762	 53
    5424.604	  8
    5424.604	 20
    5424.604	 27
    5424.614	 28
    5424.614	 19
    5424.714	 29
    5424.882	  9
    5444.734	 50
    5444.744	 18
    5474.744	 53
    5488.836	  8
    5488.836	 20
    5488.836	 27
    5488.846	 28
    5488.846	 19
    5488.946	 29
    5489.024	  8
    5489.114	  9
    5495.334	  8
    5495.540	  8
    5508.966	 52
    5508.976	 10
    5577.186	  8
    5577.716	  8
    5589.260	  8
    5596.814	  8
    5597.332	  8
    5607.418	  8
    5607.712	  8
    5609.606	  8
    5611.626	  8
    5611.854	  8
    5613.356	  8
    5615.100	  8
    5615.930	  8
    5616.036	  8
    5623.860	  8
    5624.482	  8
    5625.110	  8
    5626.666	  8
    5628.466	  8
    5628.976	 53
    5629.254	  8
    5629.254	 20
    5629.254	 27
    5629.264	 28
    5629.264	 19
    5629.364	 29
    5629.532	  9
    5638.278	  8
    5640.238	  8
    5649.384	 52
    5649.394	 10
    5655.358	  8
    5687.368	  8
    5689.546	  8
    5691.992	  8
    5693.520	  8
    5694.492	  8
    5695.176	  8
    5697.986	  8
    5698.882	  8
    5699.096	  8
    5700.250	  8
    5701.676	  8
    5702.596	  8
    5709.672	  8
    5710.618	  8
    5711.630	  8
    5713.580	  8
    5713.678	  8
    5714.878	  8
    5716.910	  8
    5718.090	  8
    5718.620	  8
    5720.644	  8
    5721.562	  8
    5722.638	  8
    5723.064	  8
    5724.308	  8
    5726.260	  8
    5726.694	  8
    5726.850	  8
    5727.398	  8
    5727.968	  8
    5728.326	  8
    5728.932	  8
    5730.040	  8
    5731.914	  8
    5732.544	  8
    5733.686	  8
    5734.164	  8
    5734.678	  8
    5736.706	  8
    5737.034	  8
    5737.646	  8
    5738.826	  8
    5741.300	  8
    5741.790	  8
    5743.510	  8
    5744.260	  8
    5745.536	  8
    5748.298	  8
    5748.850	  8
    5750.362	  8
    5750.612	  8
    5750.838	  8
    5751.026	  8
    5751.846	  8
    5753.084	  8
    5753.688	  8
    5753.956	  8
    5754.016	  8
    5754.294	  8
    5754.828	  8
    5755.490	  8
    5755.786	  8
    5756.298	  8
    5756.728	  8
    5757.130	  8
    5757.522	  8
    5758.192	  8
    5758.712	  8
    5759.924	  8
    5761.026	  8
    5762.916	  8
    5763.328	  8
    5763.788	  8
    5764.148	  8
    5764.932	  8
    5765.384	  8
    5765.952	  8
    5766.572	  8
    5766.912	  8
    5767.170	  8
    5768.586	  8
    5769.076	  8
    5769.394	 53
    5769.698	  8
    5769.698	 20
    5769.698	 27
    5769.708	 28
    5769.708	 19
    5769.808	 29
    5769.976	  9
    5780.914	  8
    5789.828	 50
    5789.838	 18
    5818.122	  8
    5819.838	 53
    5821.434	  8
    5821.434	 20
    5821.434	 27
    5821.444	 28
    5821.444	 19
    5821.544	 29
    5821.712	  9
    5822.540	  8
    5832.524	  8
    5841.564	 52
    5841.574	 10
    5923.992	  8
    5924.406	  8
    5925.686	  8
    5927.786	  8
    5928.336	  8
    5929.518	  8
    5929.884	  8
    5930.386	  8
    5931.332	  8
    5932.402	  8
    5932.504	  8
    5934.026	  8
    5934.738	  8
    5936.494	  8
    5938.454	  8
    5939.420	  8
    5940.304	  8
    5940.376	  8
    5942.088	  8
    5943.044	  8
    5943.490	  8
    5943.724	  8
    5943.858	  8
    5944.272	  8
    5944.670	  8
    5945.710	  8
    5946.002	  8
    5946.456	  8
    5947.718	  8
    5948.344	  8
    5949.286	  8
    5949.764	  8
    5950.910	  8
    5951.208	  8
    5951.530	  8
    5951.902	  8
    5952.324	  8
    5953.392	  8
    5954.874	  8
    5955.498	  8
    5958.288	  8
    5958.620	  8
    5959.028	  8
    5959.544	  8
    5960.986	  8
    5961.274	  8
    5961.574	 53
    5962.416	  8
    5962.416	 20
    5962.416	 27
    5962.426	 28
    5962.426	 19
    5962.492	  8
    5962.526	 29
    5962.938	  9
    5975.260	  8
    5982.546	 52
    5982.556	 10
    6018.408	  8
    6036.346	  8
    6039.994	  8
    6045.020	  8
    6045.530	  8
    6049.382	  8
    6056.928	  8
    6061.408	  8
    6069.486	  8
    6069.686	  8
    6070.066	  8
    6077.212	  8
    6078.294	  8
    6079.566	  8
    6080.758	  8
    6081.120	  8
    6083.030	  8
    6083.336	  8
    6083.640	  8
    6083.792	  8
    6084.854	  8
    6085.530	  8
    6085.866	  8
    6086.372	  8
    6087.374	  8
    6089.456	  8
    6091.074	  8
    6091.512	  8
    6093.414	  8
    6094.676	  8
    6094.806	  8
    6095.280	  8
    6095.670	  8
    6096.468	  8
    6097.442	  8
    6098.874	  8
    6099.598	  8
    6100.950	  8
    6101.542	  8
    6102.162	  8
    6102.556	 53
    6103.226	  8
    6103.226	 20
    6103.226	 27
    6103.236	 28
    6103.236	 19
    6103.336	 29
    6103.504	  9
    6115.380	  8
    6115.970	  8
    6117.566	  8
    6118.818	  8
    6119.366	  8
    6123.356	 50
    6123.366	 18
    6152.522	  8
    6152.888	  8
    6153.366	 53
    6154.208	  8
    6154.208	 20
    6154.208	 27
    6154.218	 28
    6154.218	 19
    6154.304	  8
    6154.318	 29
    6154.486	  9
    6155.954	  8
    6162.254	  8
    6162.430	  8
    6174.338	 51
    6174.348	 17
    6188.320	  8
    6207.344	  8
    6215.788	  8
    6216.470	  8
    6217.786	  8
    6218.002	  8
    6218.854	  8
    6219.938	  8
    6220.844	  8
    6221.036	  8
    6221.582	  8
    6222.860	  8
    6223.250	  8
    6223.954	  8
    6224.346	  8
    6224.416	  8
    6225.702	  8
    6226.254	  8
    6228.126	  8
    6228.916	  8
    6229.764	  8
    6230.320	  8
    6232.382	  8
    6233.654	  8
    6234.348	 53
    6236.364	  8
    6236.364	 20
    6236.364	 27
    6236.374	 28
    6236.374	 19
    6236.474	 29
    6236.484	 61
