      10.962	  7
      13.536	  8
      13.854	  8
      20.010	 52
      20.020	 18
      21.384	  8
      36.850	  8
      51.898	  8
      52.342	  8
      52.770	  8
      57.970	  8
      58.532	  8
      58.920	  8
      64.326	  8
      65.062	  8
      65.108	  8
      65.324	  8
      65.672	  8
      66.018	  8
      66.492	  8
      67.632	  8
      67.860	  8
      67.956	  8
      68.108	  8
      68.518	  8
      69.502	  8
      70.230	  8
      70.628	  8
      70.942	  8
      71.220	  8
      71.516	  8
      71.832	  8
      72.144	  8
      72.512	  8
      73.262	  8
      73.660	  8
      73.754	  8
      74.084	  8
      74.560	  8
      77.458	  8
      78.010	  8
      78.518	  8
      78.908	  8
      79.264	  8
      79.702	  8
      80.192	  8
      80.770	  8
      81.176	  8
      81.580	  8
      82.200	  8
      82.740	  8
      83.042	  8
      83.482	  8
      84.018	  8
      84.280	  8
      84.490	  8
      84.626	  8
      85.502	  8
      85.816	  8
      85.904	  8
      86.222	  8
      86.772	  8
      87.104	  8
      88.734	  8
      89.166	  8
      89.772	  8
      90.096	  8
      90.786	  8
      93.458	  8
      93.768	  8
      94.282	  8
      94.834	  8
      95.268	  8
      95.752	  8
      96.140	  8
      96.890	  8
      97.278	  8
      97.812	  8
      98.174	  8
      98.808	  8
      99.136	  8
      99.674	  8
     100.354	  8
     100.806	  8
     102.042	  8
     102.244	  8
     102.364	  8
     102.952	  8
     105.080	  8
     105.552	  8
     106.446	  8
     106.768	  8
     107.244	  8
     107.626	  8
     107.912	  8
     108.238	  8
     108.654	  8
     109.414	  8
     111.000	  8
     111.600	  8
     112.036	  8
     112.724	  8
     113.096	  8
     113.598	  8
     113.954	  8
     114.234	  8
     114.576	  8
     115.028	  8
     115.310	  8
     116.194	  8
     116.624	  8
     117.126	  8
     118.174	  8
     118.608	  8
     118.800	  8
     118.880	  8
     119.170	  8
     119.538	  8
     119.828	  8
     120.076	  8
     122.028	  8
     122.434	  8
     122.910	  8
     123.290	  8
     123.552	  8
     124.164	  8
     124.486	  8
     124.920	  8
     125.232	  8
     125.750	  8
     126.334	  8
     126.582	  8
     127.272	  8
     127.596	  8
     127.894	  8
     128.258	  8
     128.830	  8
     129.906	  8
     130.370	  8
     131.658	  8
     131.952	  8
     133.394	  8
     135.388	  8
     135.792	  8
     137.716	  8
     138.760	  8
     139.052	  8
     139.532	  8
     140.020	 53
     142.182	  8
     142.182	 20
     142.182	 27
     142.192	 28
     142.192	 19
     142.292	 29
     142.488	  9
     143.460	  8
     162.312	 51
     162.322	 17
     199.696	  8
     200.166	  8
     200.208	  8
     200.598	  8
     200.920	  8
     201.052	  8
     201.642	  8
     204.124	  8
     204.336	  8
     204.382	  8
     204.752	  8
     205.022	  8
     205.116	  8
     205.488	  8
     206.240	  8
     206.540	  8
     206.654	  8
     206.748	  8
     207.344	  8
     207.746	  8
     208.180	  8
     209.356	  8
     210.688	  8
     210.954	  8
     211.400	  8
     211.760	  8
     212.094	  8
     214.270	  8
     214.618	  8
     215.020	  8
     215.494	  8
     215.828	  8
     216.218	  8
     216.494	  8
     217.046	  8
     217.342	  8
     219.132	  8
     219.388	  8
     222.004	  8
     222.322	 53
     222.370	  8
     222.370	 20
     222.370	 27
     222.380	 28
     222.380	 19
     222.480	 29
     222.920	  9
     223.734	  8
     242.500	 51
     242.510	 17
     269.466	  8
     279.984	  8
     286.004	  8
     286.696	  8
     287.352	  8
     287.576	  8
     287.834	  8
     288.140	  8
     290.978	  8
     295.004	  8
     296.248	  8
     296.418	  8
     296.874	  8
     297.260	  8
     297.644	  8
     297.838	  8
     297.932	  8
     298.188	  8
     298.438	  8
     298.484	  8
     298.642	  8
     299.100	  8
     300.280	  8
     300.528	  8
     300.804	  8
     300.956	  8
     301.184	  8
     301.278	  8
     301.660	  8
     302.026	  8
     302.462	  8
     302.510	 53
     302.760	  8
     302.760	 20
     302.760	 27
     302.770	 28
     302.770	 19
     302.870	 29
     303.066	  9
     322.890	 52
     322.900	 18
     347.362	  7
     347.638	  7
     347.736	  7
     347.880	  7
     348.002	  7
     348.172	  7
     348.308	  7
     348.464	  7
     348.650	  7
     348.830	  7
     348.978	  7
     349.136	  7
     349.290	  7
     349.454	  7
     349.612	  7
     349.774	  7
     349.924	  7
     350.074	  7
     350.236	  7
     350.402	  7
     350.582	  7
     350.752	  7
     350.908	  7
     351.082	  7
     351.256	  7
     351.424	  7
     351.596	  7
     351.770	  7
     351.926	  7
     352.086	  7
     352.256	  7
     352.418	  7
     352.586	  7
     352.768	  7
     352.936	  7
     353.102	  7
     353.280	  7
     353.442	  7
     353.612	  7
     353.786	  7
     353.938	  7
     354.096	  7
     354.260	  7
     354.420	  7
     354.586	  7
     354.766	  7
     354.916	  7
     355.098	  7
     355.250	  7
     355.412	  7
     355.574	  7
     355.740	  7
     355.900	  7
     356.080	  7
     356.254	  7
     356.408	  7
     356.576	  7
     356.784	  7
     356.920	  7
     357.086	  7
     357.262	  7
     357.410	  7
     357.574	  7
     357.746	  7
     357.908	  7
     358.070	  7
     358.228	  7
     358.388	  7
     358.564	  7
     358.724	  7
     358.888	  7
     359.052	  7
     359.214	  7
     359.366	  7
     359.530	  7
     359.728	  7
     359.870	  7
     360.006	  7
     360.166	  7
     360.322	  7
     360.482	  7
     360.652	  7
     360.824	  7
     360.980	  7
     361.146	  7
     361.328	  7
     361.488	  7
     361.656	  7
     361.822	  7
     361.988	  7
     362.154	  7
     362.318	  7
     362.484	  7
     362.662	  7
     362.826	  7
     362.984	  7
     363.144	  7
     363.306	  7
     363.500	  7
     363.640	  7
     363.798	  7
     363.960	  7
     364.116	  7
     364.274	  7
     364.438	  7
     364.596	  7
     364.762	  7
     364.928	  7
     365.110	  7
     365.270	  7
     365.438	  7
     365.594	  7
     365.758	  7
     365.922	  7
     366.072	  7
     366.240	  7
     366.410	  7
     366.596	  7
     366.754	  7
     366.912	  7
     367.082	  7
     367.244	  7
     367.408	  7
     367.572	  7
     367.736	  7
     367.954	  7
     368.082	  7
     368.242	  7
     368.408	  7
     368.578	  7
     368.744	  7
     368.892	  7
     369.048	  7
     369.206	  7
     369.372	  7
     369.556	  7
     370.128	  7
     370.408	  7
     370.568	  7
     370.728	  7
     370.886	  7
     371.078	  7
     371.246	  7
     371.418	  7
     371.624	  7
     371.792	  7
     371.928	  7
     372.160	  7
     372.354	  7
     372.686	  7
     372.858	  7
     373.226	  7
     373.972	  7
     374.062	  7
     374.416	  7
     374.768	  7
     374.878	  7
     375.012	  7
     375.154	  7
     375.336	  7
     375.488	  7
     375.616	  7
     375.780	  7
     375.958	  7
     376.102	  7
     376.270	  7
     376.434	  7
     376.598	  7
     376.784	  7
     376.936	  7
     377.094	  7
     377.262	  7
     377.430	  7
     377.600	  7
     377.746	  7
     377.918	  7
     378.068	  7
     378.226	  7
     378.390	  7
     378.566	  7
     378.722	  7
     378.888	  7
     379.054	  7
     379.218	  7
     379.376	  7
     379.542	  7
     379.728	  7
     379.884	  7
     380.052	  7
     380.190	  7
     380.354	  7
     380.518	  7
     380.686	  7
     380.850	  7
     381.014	  7
     381.164	  7
     381.340	  7
     381.500	  7
     381.646	  7
     381.796	  7
     381.958	  7
     382.120	  7
     382.280	  7
     382.456	  7
     386.066	  8
     404.014	  8
     404.390	  8
     412.942	  8
     416.982	  8
     417.796	  8
     419.120	  8
     421.584	  8
     425.266	  8
     425.860	  8
     426.578	  8
     427.078	  8
     438.324	  8
     442.900	 53
     446.100	  8
     446.100	 20
     446.100	 27
     446.110	 28
     446.110	 19
     446.210	 29
     446.406	  9
     466.230	 52
     466.240	 18
     501.330	  8
     513.052	  6
     518.040	  7
     518.128	  7
     518.264	  7
     518.412	  7
     518.570	  7
     518.728	  7
     518.896	  7
     519.088	  7
     519.258	  7
     519.408	  7
     519.588	  7
     519.732	  7
     519.902	  7
     520.068	  7
     520.234	  7
     520.396	  7
     520.550	  7
     520.716	  7
     520.832	  7
     520.878	  7
     521.036	  7
     521.220	  7
     521.368	  7
     521.524	  7
     521.692	  7
     521.874	  7
     522.036	  7
     522.192	  7
     522.358	  7
     522.518	  7
     522.696	  7
     522.858	  7
     523.008	  7
     523.172	  7
     523.344	  7
     523.496	  7
     523.664	  7
     523.840	  7
     523.992	  7
     524.136	  7
     524.300	  7
     524.464	  7
     524.628	  7
     524.802	  7
     524.962	  7
     525.168	  7
     525.326	  7
     525.486	  7
     525.652	  7
     525.840	  7
     526.000	  7
     526.154	  7
     526.314	  7
     526.482	  7
     526.646	  7
     526.822	  7
     526.982	  7
     527.150	  7
     527.478	  7
     527.642	  7
     527.802	  7
     527.988	  7
     528.134	  7
     528.290	  7
     528.454	  7
     528.620	  7
     528.824	  7
     528.972	  7
     529.138	  7
     529.302	  7
     529.472	  7
     529.634	  7
     529.800	  7
     529.988	  7
     530.152	  7
     530.318	  7
     530.480	  7
     530.632	  7
     530.792	  7
     530.960	  7
     531.126	  7
     531.312	  7
     531.474	  7
     531.630	  7
     531.796	  7
     531.954	  7
     532.116	  7
     532.284	  7
     532.480	  7
     532.636	  7
     532.796	  7
     532.978	  7
     533.150	  7
     533.318	  7
     533.490	  7
     533.654	  7
     533.842	  7
     534.000	  7
     534.168	  7
     534.346	  7
     534.522	  7
     534.686	  7
     534.856	  7
     535.018	  7
     535.192	  7
     535.390	  7
     535.696	  7
     535.862	  7
     536.024	  7
     536.188	  7
     536.348	  7
     536.536	  7
     536.676	  7
     536.822	  7
     536.986	  7
     537.148	  7
     537.340	  7
     537.510	  7
     537.666	  7
     537.834	  7
     538.008	  7
     538.178	  7
     538.352	  7
     538.550	  7
     538.704	  7
     538.864	  7
     539.024	  7
     539.176	  7
     539.342	  7
     539.536	  7
     539.690	  7
     539.856	  7
     540.030	  7
     540.198	  7
     540.366	  7
     540.558	  7
     540.714	  7
     540.872	  7
     541.026	  7
     541.196	  7
     541.358	  7
     541.536	  7
     541.732	  7
     541.884	  7
     542.050	  7
     542.220	  7
     542.546	  7
     542.716	  7
     542.910	  7
     543.066	  7
     543.230	  7
     543.402	  7
     543.574	  7
     543.734	  7
     546.850	  8
     547.234	  8
     547.826	  8
     549.408	  8
     549.806	  8
     550.578	  8
     551.390	  8
     552.138	  8
     552.768	  8
     553.310	  8
     553.970	  8
     554.492	  8
     556.002	  8
     556.552	  8
     557.040	  8
     557.534	  8
     558.868	  8
     559.184	  8
     561.178	  8
     567.604	  8
     568.092	  8
     568.668	  8
     569.240	  8
     569.626	  8
     569.998	  8
     570.582	  8
     570.920	  8
     571.560	  8
     571.888	  8
     572.416	  8
     573.016	  8
     573.574	  8
     574.636	  8
     575.090	  8
     575.532	  8
     575.932	  8
     576.356	  8
     576.778	  8
     577.206	  8
     577.922	  8
     578.672	  8
     579.012	  8
     579.332	  8
     579.842	  8
     580.482	  8
     581.274	  8
     581.718	  8
     581.996	  8
     582.314	  8
     582.700	  8
     582.876	  8
     583.272	  8
     583.696	  8
     583.808	  8
     584.630	  8
     585.180	  8
     585.790	  8
     586.240	 53
     586.408	  8
     586.408	 20
     586.408	 27
     586.418	 28
     586.418	 19
     586.518	 29
     586.714	  9
     606.538	 50
     606.548	 10
     636.548	 53
     646.152	  8
     646.152	 20
     646.152	 27
     646.162	 28
     646.162	 19
     646.262	 29
     646.458	  9
     647.318	  8
     666.282	 50
     666.292	 10
     695.548	  8
     695.890	  8
     696.268	  8
     696.292	 53
     696.680	  8
     696.680	 20
     696.680	 27
     696.690	 28
     696.690	 19
     696.790	 29
     696.986	  9
     716.810	 52
     716.820	 18
     747.162	  7
     747.256	  7
     747.400	  7
     747.566	  7
     747.742	  7
     747.908	  7
     748.066	  7
     748.266	  7
     748.408	  7
     748.582	  7
     748.758	  7
     748.940	  7
     749.150	  7
     749.342	  7
     749.480	  7
     749.636	  7
     749.794	  7
     749.970	  7
     750.138	  7
     750.310	  7
     750.490	  7
     750.674	  7
     750.838	  7
     751.024	  7
     751.184	  7
     751.346	  7
     751.512	  7
     751.688	  7
     751.846	  7
     752.002	  7
     752.170	  7
     752.332	  7
     752.488	  7
     752.680	  7
     752.834	  7
     752.998	  7
     753.164	  7
     753.324	  7
     753.492	  7
     753.676	  7
     753.826	  7
     753.986	  7
     754.170	  7
     754.330	  7
     754.496	  7
     754.664	  7
     754.832	  7
     755.002	  7
     755.174	  7
     755.340	  7
     755.534	  7
     755.694	  7
     755.856	  7
     756.020	  7
     756.224	  7
     756.508	  7
     756.660	  7
     756.832	  7
     756.992	  7
     757.162	  7
     757.346	  7
     757.502	  7
     757.674	  7
     757.828	  7
     757.994	  7
     758.164	  7
     758.328	  7
     758.484	  7
     758.644	  7
     758.822	  7
     758.984	  7
     759.164	  7
     759.320	  7
     759.486	  7
     759.644	  7
     759.808	  7
     759.962	  7
     760.128	  7
     760.298	  7
     760.442	  7
     760.634	  7
     760.786	  7
     760.938	  7
     761.102	  7
     761.260	  7
     761.430	  7
     761.594	  7
     761.766	  7
     761.956	  7
     762.104	  7
     762.264	  7
     762.424	  7
     762.908	  7
     763.072	  7
     763.234	  7
     763.436	  7
     763.582	  7
     763.708	  7
     763.844	  7
     763.978	  7
     764.126	  7
     764.292	  7
     764.462	  7
     764.652	  7
     764.804	  7
     764.966	  7
     765.132	  7
     765.274	  7
     765.582	  7
     765.760	  7
     765.886	  7
     766.048	  7
     766.202	  7
     767.052	  7
     767.316	  7
     767.666	  7
     769.228	  7
     771.646	  8
     772.342	  8
     772.506	  8
     773.228	  8
     773.968	  8
     774.102	  8
     774.696	  8
     779.584	  8
     780.262	  8
     780.998	  8
     789.594	  8
     790.100	  8
     790.370	  8
     791.034	  8
     791.876	  8
     794.652	  8
     795.104	  8
     795.660	  8
     796.600	  8
     797.722	  8
     798.144	  8
     798.878	  8
     799.570	  8
     800.090	  8
     800.908	  8
     801.286	  8
     801.828	  8
     802.302	  8
     802.850	  8
     803.352	  8
     805.630	  8
     805.976	  8
     806.722	  8
     807.180	  8
     807.602	  8
     808.374	  8
     808.848	  8
     809.306	  8
     809.798	  8
     810.186	  8
     810.750	  8
     811.872	  8
     812.672	  8
     813.014	  8
     813.282	  8
     814.166	  8
     814.458	  8
     814.642	  8
     814.802	  8
     815.068	  8
     815.582	  8
     816.654	  8
     817.828	  8
     818.212	  8
     818.550	  8
     818.858	  8
     819.392	  8
     819.850	  8
     820.210	  8
     820.580	  8
     820.976	  8
     821.284	  8
     822.744	  8
     823.080	  8
     823.268	  8
     823.980	  8
     824.382	  8
     824.766	  8
     825.104	  8
     825.484	  8
     825.866	  8
     826.228	  8
     826.602	  8
     827.008	  8
     827.376	  8
     828.302	  8
     828.758	  8
     829.116	  8
     829.418	  8
     829.756	  8
     830.094	  8
     830.432	  8
     831.698	  8
     832.258	  8
     832.730	  8
     833.122	  8
     833.778	  8
     834.026	  8
     834.378	  8
     834.736	  8
     835.244	  8
     835.766	  8
     836.446	  8
     836.820	 53
     836.862	  8
     836.862	 20
     836.862	 27
     836.872	 28
     836.872	 19
     836.972	 29
     837.168	  9
     838.884	  8
     839.338	  8
     839.688	  8
     856.992	 52
     857.002	 18
     862.850	  8
     890.384	  8
     893.036	  8
     893.138	  8
     895.848	  8
     901.440	  8
     902.136	  8
     903.590	  8
     907.020	  8
     909.218	  8
     909.794	  8
     910.920	  8
     912.552	  8
     913.478	  8
     914.092	  8
     915.406	  8
     915.630	  8
     916.104	  8
     917.606	  8
     918.392	  8
     918.826	  8
     919.136	  8
     919.486	  8
     919.866	  8
     920.348	  8
     920.652	  8
     921.092	  8
     921.736	  8
     922.106	  8
     922.482	  8
     922.862	  8
     923.246	  8
     923.724	  8
     924.410	  8
     925.062	  8
     925.594	  8
     926.048	  8
     926.500	  8
     927.090	  8
     931.626	  8
     931.972	  8
     932.292	  8
     932.718	  8
     933.052	  8
     934.106	  8
     934.494	  8
     934.932	  8
     935.262	  8
     936.022	  8
     936.374	  8
     936.558	  8
     936.802	  8
     937.526	  8
     938.388	  8
     939.034	  8
     939.380	  8
     939.646	  8
     939.966	  8
     940.306	  8
     940.976	  8
     941.202	  8
     941.546	  8
     941.890	  8
     942.128	  8
     942.586	  8
     942.654	  8
     943.336	  8
     943.626	  8
     944.008	  8
     945.146	  8
     945.788	  8
     945.938	  8
     946.342	  8
     946.964	  8
     947.784	  8
     948.254	  8
     948.674	  8
     949.014	  8
     949.382	  8
     949.908	  8
     950.592	  8
     953.544	  8
     953.876	  8
     954.410	  8
     954.908	  8
     955.268	  8
     955.764	  8
     956.196	  8
     956.548	  8
     957.076	  8
     957.480	  8
     957.804	  8
     958.122	  8
     958.586	  8
     959.136	  8
     959.412	  8
     959.740	  8
     960.136	  8
     960.762	  8
     961.414	  8
     962.116	  8
     962.512	  8
     963.012	  8
     963.504	  8
     963.870	  8
     964.050	  8
     964.352	  8
     964.666	  8
     965.342	  8
     965.650	  8
     966.050	  8
     966.366	  8
     966.746	  8
     967.060	  8
     967.892	  8
     968.750	  8
     969.136	  8
     969.486	  8
     969.926	  8
     970.274	  8
     970.676	  8
     971.858	  8
     972.232	  8
     972.712	  8
     973.104	  8
     973.348	  8
     973.810	  8
     974.152	  8
     974.434	  8
     976.590	  8
     976.906	  8
     977.002	 53
     977.304	  8
     977.304	 20
     977.304	 27
     977.314	 28
     977.314	 19
     977.414	 29
     977.610	  9
     997.434	 52
     997.444	 18
    1019.510	  8
    1019.762	  8
    1019.864	  8
    1025.436	  8
    1025.662	  8
    1061.136	  8
    1061.952	  8
    1062.150	  8
    1063.868	  8
    1066.068	  8
    1068.226	  8
    1072.874	  8
    1075.198	  8
    1079.958	  8
    1083.720	  8
    1083.770	  8
    1085.708	  8
    1085.848	  8
    1086.246	  8
    1087.332	  8
    1088.278	  8
    1088.550	  8
    1089.710	  8
    1090.014	  8
    1090.742	  8
    1090.928	  8
    1091.382	  8
    1091.684	  8
    1092.256	  8
    1092.804	  8
    1093.976	  8
    1094.356	  8
    1094.884	  8
    1095.276	  8
    1095.734	  8
    1096.766	  8
    1097.614	  8
    1097.972	  8
    1098.702	  8
    1099.086	  8
    1101.622	  8
    1103.924	  8
    1104.646	  8
    1105.160	  8
    1106.208	  8
    1106.804	  8
    1107.408	  8
    1107.800	  8
    1107.936	  8
    1108.546	  8
    1108.944	  8
    1109.454	  8
    1110.452	  8
    1110.884	  8
    1111.666	  8
    1112.372	  8
    1112.782	  8
    1113.162	  8
    1113.736	  8
    1114.144	  8
    1114.738	  8
    1115.092	  8
    1116.984	  8
    1117.444	 53
    1118.018	  8
    1118.018	 20
    1118.018	 27
    1118.028	 28
    1118.028	 19
    1118.128	 29
    1118.324	  9
    1138.148	 51
    1138.158	 17
    1160.194	  7
    1160.284	  7
    1160.420	  7
    1160.574	  7
    1160.744	  7
    1160.914	  7
    1161.064	  7
    1161.214	  7
    1161.368	  7
    1161.536	  7
    1161.684	  7
    1161.836	  7
    1162.016	  7
    1162.174	  7
    1162.324	  7
    1162.514	  7
    1162.646	  7
    1162.802	  7
    1162.962	  7
    1163.114	  7
    1163.284	  7
    1163.442	  7
    1163.604	  7
    1163.778	  7
    1163.930	  7
    1164.110	  7
    1164.252	  7
    1164.410	  7
    1164.572	  7
    1164.728	  7
    1164.890	  7
    1165.050	  7
    1165.218	  7
    1165.390	  7
    1165.556	  7
    1165.764	  7
    1165.892	  7
    1166.052	  7
    1166.204	  7
    1166.362	  7
    1166.522	  7
    1166.682	  7
    1166.836	  7
    1167.010	  7
    1167.156	  7
    1167.312	  7
    1169.064	  7
    1169.146	  7
    1169.272	  7
    1169.412	  7
    1169.556	  7
    1169.710	  7
    1169.874	  7
    1170.036	  7
    1170.204	  7
    1170.372	  7
    1170.532	  7
    1170.680	  7
    1170.856	  7
    1171.006	  7
    1171.162	  7
    1171.328	  7
    1171.480	  7
    1171.636	  7
    1171.804	  7
    1171.974	  7
    1172.128	  7
    1172.326	  7
    1172.456	  7
    1172.592	  7
    1172.748	  7
    1172.896	  7
    1173.056	  7
    1173.210	  7
    1173.358	  7
    1173.512	  7
    1173.744	  7
    1173.900	  7
    1174.040	  7
    1174.206	  7
    1174.372	  7
    1174.538	  7
    1174.702	  7
    1174.868	  7
    1175.026	  7
    1175.186	  7
    1175.352	  7
    1175.524	  7
    1175.760	  7
    1175.896	  7
    1176.052	  7
    1176.204	  7
    1176.370	  7
    1176.540	  7
    1176.700	  7
    1176.874	  7
    1177.040	  7
    1177.204	  7
    1177.370	  7
    1177.544	  7
    1177.714	  7
    1177.884	  7
    1178.048	  7
    1178.224	  7
    1178.390	  7
    1178.550	  7
    1178.722	  7
    1178.892	  7
    1179.060	  7
    1179.214	  7
    1179.384	  7
    1179.566	  7
    1179.716	  7
    1179.880	  7
    1180.052	  7
    1180.216	  7
    1180.374	  7
    1180.532	  7
    1180.676	  7
    1180.820	  7
    1180.974	  7
    1181.138	  7
    1181.324	  7
    1181.468	  7
    1181.626	  7
    1181.794	  7
    1181.952	  7
    1182.112	  7
    1182.286	  7
    1182.440	  7
    1182.604	  7
    1182.808	  7
    1182.998	  7
    1183.130	  7
    1183.288	  7
    1183.458	  7
    1183.620	  7
    1183.786	  7
    1183.944	  7
    1184.100	  7
    1184.266	  7
    1184.420	  7
    1184.616	  7
    1184.758	  7
    1184.916	  7
    1185.072	  7
    1185.238	  7
    1185.412	  7
    1186.248	  7
    1186.356	  7
    1186.484	  7
    1186.630	  7
    1186.778	  7
    1186.990	  7
    1187.110	  7
    1187.270	  7
    1187.426	  7
    1187.602	  7
    1187.770	  7
    1187.932	  7
    1188.084	  7
    1188.240	  7
    1188.394	  7
    1188.548	  7
    1188.732	  7
    1188.876	  7
    1189.036	  7
    1189.200	  7
    1189.364	  7
    1189.510	  7
    1189.668	  7
    1189.834	  7
    1189.988	  7
    1190.134	  7
    1190.296	  7
    1190.738	  7
    1190.870	  7
    1191.020	  7
    1191.182	  7
    1191.512	  7
    1191.986	  7
    1193.140	  8
    1193.502	  8
    1193.780	  8
    1194.194	  8
    1194.776	  8
    1195.144	  8
    1195.582	  8
    1196.420	  8
    1196.656	  8
    1197.026	  8
    1197.542	  8
    1197.974	  8
    1198.158	 53
    1198.248	  8
    1198.248	 20
    1198.248	 27
    1198.258	 28
    1198.258	 19
    1198.358	 29
    1198.554	  9
    1218.378	 51
    1218.388	 17
    1241.828	  8
    1255.552	  8
    1255.936	  8
    1256.358	  8
    1256.732	  8
    1259.992	  8
    1260.330	  8
    1260.832	  8
    1261.262	  8
    1261.676	  8
    1262.108	  8
    1262.504	  8
    1263.016	  8
    1263.644	  8
    1263.966	  8
    1264.362	  8
    1264.616	  8
    1265.894	  8
    1266.604	  8
    1266.982	  8
    1267.298	  8
    1267.648	  8
    1268.020	  8
    1268.474	  8
    1269.966	  8
    1270.158	  8
    1270.954	  8
    1271.776	  8
    1272.154	  8
    1272.740	  8
    1273.274	  8
    1274.284	  8
    1274.652	  8
    1275.022	  8
    1275.326	  8
    1275.848	  8
    1276.268	  8
    1276.786	  8
    1277.294	  8
    1277.652	  8
    1278.092	  8
    1278.388	 53
    1278.630	  8
    1278.630	 20
    1278.630	 27
    1278.640	 28
    1278.640	 19
    1278.740	 29
    1278.936	  9
    1298.760	 50
    1298.770	 10
    1327.246	  8
    1327.932	  8
    1328.330	  8
    1328.730	  8
    1328.770	 53
    1328.938	  8
    1328.938	 20
    1328.938	 27
    1328.948	 28
    1328.948	 19
    1329.048	 29
    1329.244	  9
    1349.068	 50
    1349.078	 10
    1374.378	  8
    1375.344	  8
    1375.686	  8
    1375.976	  8
    1376.330	  8
    1376.570	  8
    1376.952	  8
    1377.184	  8
    1377.576	  8
    1379.070	  8
    1379.078	 53
    1379.478	  8
    1379.478	 20
    1379.478	 27
    1379.488	 28
    1379.488	 19
    1379.588	 29
    1379.784	  9
    1399.608	 50
    1399.618	 10
    1429.618	 53
    1431.960	  8
    1431.960	 20
    1431.960	 27
    1431.970	 28
    1431.970	 19
    1432.070	 29
    1432.266	  9
    1452.090	 52
    1452.100	 18
    1488.534	  7
    1488.820	  7
    1488.988	  7
    1489.126	  7
    1489.344	  7
    1489.488	  7
    1489.678	  7
    1489.836	  7
    1490.044	  7
    1522.052	  7
    1522.162	  7
    1522.304	  7
    1522.498	  7
    1522.834	  7
    1529.942	  6
    1530.034	  6
    1553.044	  8
    1563.562	  8
    1563.812	  8
    1564.386	  8
    1566.856	  8
    1569.800	  8
    1572.100	 53
    1573.568	  8
    1573.568	 20
    1573.568	 27
    1573.578	 28
    1573.578	 19
    1573.678	 29
    1573.874	  9
    1575.458	  8
    1593.698	 51
    1593.708	 17
    1617.782	  7
    1617.912	  7
    1618.038	  7
    1618.206	  7
    1618.348	  7
    1618.504	  7
    1618.648	  7
    1618.814	  7
    1618.980	  7
    1619.144	  7
    1619.290	  7
    1619.458	  7
    1619.614	  7
    1619.776	  7
    1619.932	  7
    1620.110	  7
    1620.274	  7
    1620.442	  7
    1620.612	  7
    1620.766	  7
    1620.926	  7
    1621.084	  7
    1621.400	  7
    1621.544	  7
    1621.698	  7
    1621.844	  7
    1622.006	  7
    1622.164	  7
    1622.318	  7
    1622.472	  7
    1622.626	  7
    1622.790	  7
    1622.970	  7
    1623.118	  7
    1623.276	  7
    1623.424	  7
    1623.574	  7
    1623.726	  7
    1623.886	  7
    1624.052	  7
    1624.214	  7
    1624.382	  7
    1624.558	  7
    1624.702	  7
    1624.880	  7
    1625.032	  7
    1625.196	  7
    1625.350	  7
    1625.512	  7
    1625.666	  7
    1625.822	  7
    1625.986	  7
    1626.144	  7
    1626.302	  7
    1626.494	  7
    1626.636	  7
    1626.774	  7
    1626.930	  7
    1627.080	  7
    1627.552	  7
    1627.718	  7
    1627.880	  7
    1628.074	  7
    1628.206	  7
    1628.360	  7
    1628.520	  7
    1628.684	  7
    1628.850	  7
    1629.012	  7
    1629.176	  7
    1629.342	  7
    1629.488	  7
    1629.640	  7
    1629.810	  7
    1629.962	  7
    1630.114	  7
    1630.276	  7
    1630.438	  7
    1630.594	  7
    1630.760	  7
    1630.920	  7
    1631.072	  7
    1631.236	  7
    1631.382	  7
    1631.542	  7
    1631.714	  7
    1631.882	  7
    1632.046	  7
    1632.208	  7
    1632.364	  7
    1632.998	  7
    1633.146	  7
    1633.308	  7
    1633.472	  7
    1633.580	  7
    1633.790	  7
    1633.952	  7
    1634.128	  7
    1634.284	  7
    1634.466	  7
    1634.612	  7
    1634.768	  7
    1634.916	  7
    1635.212	  7
    1635.370	  7
    1635.532	  7
    1635.700	  7
    1635.858	  7
    1636.042	  7
    1636.168	  7
    1636.324	  7
    1636.488	  7
    1636.654	  7
    1636.828	  7
    1636.986	  7
    1637.468	  7
    1637.628	  7
    1637.818	  7
    1637.972	  7
    1638.124	  7
    1638.286	  7
    1638.436	  7
    1638.602	  7
    1638.766	  7
    1638.928	  7
    1639.092	  7
    1639.216	  7
    1639.282	  7
    1639.422	  7
    1639.530	  7
    1639.738	  7
    1640.218	  7
    1640.500	  7
    1640.748	  7
    1640.868	  7
    1641.022	  7
    1641.344	  7
    1641.502	  7
    1641.664	  7
    1641.976	  7
    1642.156	  7
    1642.312	  7
    1642.472	  7
    1642.634	  7
    1642.792	  7
    1642.956	  7
    1643.092	  7
    1643.248	  7
    1643.410	  7
    1643.572	  7
    1643.740	  7
    1643.890	  7
    1644.050	  7
    1644.216	  7
    1644.378	  7
    1644.522	  7
    1644.716	  7
    1644.854	  7
    1645.010	  7
    1645.170	  7
    1645.332	  7
    1645.500	  7
    1645.668	  7
    1646.160	  7
    1646.306	  7
    1646.462	  7
    1646.622	  7
    1646.940	  7
    1647.116	  7
    1647.440	  7
    1647.764	  7
    1647.932	  7
    1648.096	  7
    1648.258	  7
    1648.428	  7
    1648.586	  7
    1648.748	  7
    1648.882	  7
    1649.030	  7
    1649.168	  7
    1649.322	  7
    1649.484	  7
    1649.672	  7
    1649.820	  7
    1649.960	  7
    1650.120	  7
    1650.284	  7
    1650.456	  7
    1650.612	  7
    1650.778	  7
    1650.928	  7
    1651.116	  7
    1651.282	  7
    1651.436	  7
    1651.602	  7
    1651.766	  7
    1651.948	  7
    1652.094	  7
    1652.248	  7
    1652.434	  7
    1652.582	  7
    1652.732	  7
    1652.888	  7
    1653.052	  7
    1653.708	 53
    1653.870	  7
    1654.022	  7
    1654.176	  7
    1654.338	  7
    1654.518	  7
    1654.692	  7
    1654.836	  7
    1654.994	  7
    1655.156	  7
    1655.290	  7
    1655.440	  7
    1655.590	  7
    1655.740	  7
    1655.886	  7
    1656.028	  7
    1657.360	  8
    1657.360	 20
    1657.360	 27
    1657.370	 28
    1657.370	 19
    1657.456	  8
    1657.470	 29
    1657.666	  9
    1677.490	 52
    1677.500	 18
    1693.972	  8
    1700.068	  8
    1702.266	  8
    1702.346	  8
    1709.474	  8
    1715.398	  8
    1720.122	  8
    1725.336	  8
    1725.786	  8
    1726.458	  8
    1727.002	  8
    1727.642	  8
    1728.172	  8
    1728.516	  8
    1732.368	  8
    1732.834	  8
    1733.188	  8
    1734.176	  8
    1734.876	  8
    1735.358	  8
    1735.484	  8
    1736.534	  8
    1736.784	  8
    1738.022	  8
    1738.878	  8
    1739.502	  8
    1739.782	  8
    1740.214	  8
    1740.552	  8
    1741.810	  8
    1742.358	  8
    1742.746	  8
    1743.300	  8
    1744.128	  8
    1744.424	  8
    1744.828	  8
    1745.272	  8
    1745.370	  8
    1745.944	  8
    1748.298	  8
    1748.794	  8
    1749.266	  8
    1749.800	  8
    1750.328	  8
    1750.884	  8
    1751.258	  8
    1751.714	  8
    1752.006	  8
    1752.436	  8
    1753.140	  8
    1753.560	  8
    1753.990	  8
    1754.410	  8
    1754.746	  8
    1756.692	  8
    1756.980	  8
    1757.394	  8
    1757.802	  8
    1758.306	  8
    1758.974	  8
    1759.474	  8
    1762.370	  8
    1762.782	  8
    1763.256	  8
    1763.744	  8
    1764.120	  8
    1764.630	  8
    1764.966	  8
    1765.476	  8
    1766.260	  8
    1766.668	  8
    1766.798	  8
    1767.144	  8
    1767.816	  8
    1768.194	  8
    1771.038	  8
    1771.668	  8
    1772.038	  8
    1772.616	  8
    1773.308	  8
    1773.648	  8
    1774.028	  8
    1775.004	  8
    1775.610	  8
    1776.046	  8
    1776.380	  8
    1776.718	  8
    1777.256	  8
    1777.518	  8
    1778.038	  8
    1778.356	  8
    1778.748	  8
    1779.096	  8
    1779.324	  8
    1779.614	  8
    1780.068	  8
    1780.116	  8
    1780.386	  8
    1780.620	  8
    1781.562	  8
    1782.220	  8
    1782.540	  8
    1782.634	  8
    1783.344	  8
    1783.564	  8
    1783.922	  8
    1785.180	  8
    1785.490	  8
    1785.978	  8
    1786.472	  8
    1786.848	  8
    1789.122	  8
    1789.480	  8
    1789.806	  8
    1790.130	  8
    1790.502	  8
    1790.890	  8
    1791.244	  8
    1791.750	  8
    1792.406	  8
    1793.132	  8
    1794.552	  8
    1795.748	  8
    1796.284	  8
    1796.838	  8
    1797.288	  8
    1797.500	 53
    1797.668	  8
    1797.668	 20
    1797.668	 27
    1797.678	 28
    1797.678	 19
    1797.778	 29
    1797.974	  9
    1817.798	 52
    1817.808	 18
    1820.550	  8
    1851.988	  8
    1852.564	  8
    1852.974	  8
    1853.692	  8
    1854.520	  8
    1855.114	  8
    1855.254	  8
    1859.366	  8
    1859.820	  8
    1860.364	  8
    1860.624	  8
    1860.832	  8
    1861.666	  8
    1862.272	  8
    1865.124	  8
    1865.600	  8
    1867.096	  8
    1867.862	  8
    1868.664	  8
    1870.072	  8
    1872.562	  8
    1872.920	  8
    1875.360	  8
    1875.934	  8
    1877.200	  8
    1877.274	  8
    1878.692	  8
    1879.032	  8
    1881.116	  8
    1881.812	  8
    1882.090	  8
    1882.256	  8
    1883.120	  8
    1884.152	  8
    1884.366	  8
    1884.552	  8
    1885.006	  8
    1885.424	  8
    1885.958	  8
    1886.278	  8
    1887.112	  8
    1889.668	  8
    1890.176	  8
    1890.582	  8
    1891.038	  8
    1891.504	  8
    1891.936	  8
    1892.342	  8
    1892.762	  8
    1893.238	  8
    1893.722	  8
    1894.124	  8
    1894.666	  8
    1895.034	  8
    1895.582	  8
    1895.794	  8
    1896.914	  8
    1897.278	  8
    1900.094	  8
    1900.464	  8
    1900.860	  8
    1901.252	  8
    1901.966	  8
    1902.258	  8
    1902.672	  8
    1902.980	  8
    1903.730	  8
    1904.230	  8
    1904.628	  8
    1904.906	  8
    1905.290	  8
    1905.836	  8
    1906.342	  8
    1906.852	  8
    1907.612	  8
    1907.964	  8
    1908.356	  8
    1908.764	  8
    1909.126	  8
    1909.772	  8
    1910.886	  8
    1911.314	  8
    1911.416	  8
    1911.756	  8
    1912.010	  8
    1912.760	  8
    1913.184	  8
    1913.994	  8
    1914.540	  8
    1914.918	  8
    1915.166	  8
    1915.652	  8
    1917.170	  8
    1917.874	  8
    1918.410	  8
    1919.122	  8
    1919.492	  8
    1919.838	  8
    1920.396	  8
    1921.232	  8
    1921.648	  8
    1922.824	  8
    1923.422	  8
    1923.894	  8
    1924.520	  8
    1924.956	  8
    1927.676	  8
    1928.034	  8
    1928.710	  8
    1929.216	  8
    1929.716	  8
    1930.188	  8
    1931.134	  8
    1931.458	  8
    1931.856	  8
    1932.308	  8
    1932.952	  8
    1933.378	  8
    1933.616	  8
    1934.262	  8
    1934.448	  8
    1935.298	  8
    1935.670	  8
    1936.084	  8
    1936.458	  8
    1937.442	  8
    1937.774	  8
    1937.808	 53
    1938.376	  8
    1938.376	 20
    1938.376	 27
    1938.386	 28
    1938.386	 19
    1938.486	 29
    1938.682	  9
    1958.506	 50
    1958.516	 10
    1980.948	  8
    1981.324	  8
    1981.408	  8
    1981.800	  8
    1988.516	 53
    1990.736	  8
    1990.736	 20
    1990.736	 27
    1990.746	 28
    1990.746	 19
    1990.846	 29
    1991.042	  9
    2010.866	 50
    2010.876	 10
    2040.876	 53
    2047.056	  8
    2047.056	 20
    2047.056	 27
    2047.066	 28
    2047.066	 19
    2047.166	 29
    2047.362	  9
    2067.186	 50
    2067.196	 10
    2097.196	 53
    2101.248	  8
    2101.248	 20
    2101.248	 27
    2101.258	 28
    2101.258	 19
    2101.358	 29
    2101.554	  9
    2121.378	 50
    2121.388	 10
    2135.754	  8
    2136.188	  8
    2144.334	  8
    2144.696	  8
    2144.950	  8
    2145.312	  8
    2148.372	  8
    2148.862	  8
    2149.236	  8
    2149.798	  8
    2151.224	  8
    2151.388	 53
    2151.528	  8
    2151.528	 20
    2151.528	 27
    2151.538	 28
    2151.538	 19
    2151.638	 29
    2151.834	  9
    2171.658	 51
    2171.668	 17
    2217.224	  8
    2220.994	  8
    2226.192	  8
    2226.932	  8
    2229.138	  8
    2229.788	  8
    2230.180	  8
    2230.976	  8
    2231.668	 53
    2232.462	  8
    2232.462	 20
    2232.462	 27
    2232.472	 28
    2232.472	 19
    2232.572	 29
    2232.768	  9
    2252.592	 52
    2252.602	 18
    2303.748	  8
    2332.126	  7
    2335.386	  7
    2335.552	  7
    2335.684	  7
    2335.886	  7
    2336.062	  7
    2336.196	  7
    2339.820	  7
    2339.958	  7
    2340.122	  7
    2340.292	  7
    2340.448	  7
    2340.624	  7
    2340.798	  7
    2340.952	  7
    2341.108	  7
    2341.272	  7
    2341.448	  7
    2341.622	  7
    2341.802	  7
    2341.980	  7
    2342.126	  7
    2342.292	  7
    2342.460	  7
    2342.620	  7
    2342.788	  7
    2342.972	  7
    2343.142	  7
    2343.312	  7
    2343.488	  7
    2343.644	  7
    2343.806	  7
    2343.970	  7
    2344.130	  7
    2344.298	  7
    2344.454	  7
    2344.636	  7
    2344.808	  7
    2344.980	  7
    2345.146	  7
    2345.350	  7
    2345.508	  7
    2345.666	  7
    2345.832	  7
    2346.006	  7
    2346.178	  7
    2346.350	  7
    2346.526	  7
    2346.700	  7
    2346.904	  7
    2347.050	  7
    2347.192	  7
    2347.332	  7
    2347.498	  7
    2347.648	  7
    2347.812	  7
    2347.982	  7
    2348.152	  7
    2348.350	  7
    2348.496	  7
    2348.664	  7
    2348.834	  7
    2349.000	  7
    2349.170	  7
    2349.330	  7
    2349.494	  7
    2349.670	  7
    2349.848	  7
    2349.990	  7
    2350.160	  7
    2350.316	  7
    2350.478	  7
    2350.638	  7
    2350.770	  7
    2350.930	  7
    2351.464	  7
    2351.570	  7
    2351.722	  7
    2351.926	  7
    2352.076	  7
    2352.220	  7
    2353.082	  7
    2353.358	  7
    2353.512	  7
    2354.220	  7
    2354.360	  7
    2354.640	  7
    2354.840	  7
    2354.998	  7
    2356.954	  8
    2357.260	  8
    2358.250	  8
    2358.794	  8
    2364.556	  8
    2365.096	  8
    2366.854	  8
    2368.106	  8
    2370.112	  8
    2372.012	  8
    2372.602	 53
    2372.708	  8
    2372.708	 20
    2372.708	 27
    2372.718	 28
    2372.718	 19
    2372.818	 29
    2373.014	  9
    2392.838	 50
    2392.848	 10
    2422.848	 53
    2425.738	  8
    2425.738	 20
    2425.738	 27
    2425.748	 28
    2425.748	 19
    2425.848	 29
    2426.044	  9
    2445.868	 50
    2445.878	 10
    2461.466	  8
    2466.904	  8
    2467.606	  8
    2467.860	  8
    2468.318	  8
    2471.092	  8
    2471.602	  8
    2471.772	  8
    2472.074	  8
    2472.508	  8
    2472.940	  8
    2473.298	  8
    2474.546	  8
    2475.064	  8
    2475.264	  8
    2475.650	  8
    2475.878	 53
    2476.130	  8
    2476.130	 20
    2476.130	 27
    2476.140	 28
    2476.140	 19
    2476.240	 29
    2476.436	  9
    2496.260	 50
    2496.270	 10
    2525.812	  8
    2526.270	 53
    2526.606	  8
    2526.606	 20
    2526.606	 27
    2526.616	 28
    2526.616	 19
    2526.716	 29
    2526.912	  9
    2546.736	 50
    2546.746	 10
    2569.166	  8
    2569.692	  8
    2571.472	  8
    2571.752	  8
    2571.940	  8
    2572.474	  8
    2572.780	  8
    2573.050	  8
    2573.432	  8
    2574.696	  8
    2574.994	  8
    2575.370	  8
    2576.560	  8
    2576.746	 53
    2576.896	  8
    2576.896	 20
    2576.896	 27
    2576.906	 28
    2576.906	 19
    2577.006	 29
    2577.202	  9
    2597.026	 50
    2597.036	 10
    2617.660	  8
    2618.266	  8
    2618.684	  8
    2624.066	  8
    2624.462	  8
    2624.526	  8
    2625.050	  8
    2625.322	  8
    2625.658	  8
    2626.056	  8
    2626.414	  8
    2626.778	  8
    2627.036	 53
    2627.278	  8
    2627.278	 20
    2627.278	 27
    2627.288	 28
    2627.288	 19
    2627.388	 29
    2627.584	  9
    2647.408	 51
    2647.418	 17
    2691.604	  7
    2691.706	  7
    2691.868	  7
    2692.040	  7
    2692.194	  7
    2692.340	  7
    2692.494	  7
    2692.654	  7
    2692.844	  7
    2693.006	  7
    2693.166	  7
    2693.330	  7
    2693.488	  7
    2693.650	  7
    2693.802	  7
    2693.960	  7
    2694.144	  7
    2694.290	  7
    2694.442	  7
    2694.604	  7
    2694.772	  7
    2694.924	  7
    2695.086	  7
    2695.250	  7
    2695.444	  7
    2695.584	  7
    2695.732	  7
    2695.888	  7
    2696.048	  7
    2696.214	  7
    2696.368	  7
    2696.532	  7
    2696.678	  7
    2696.838	  7
    2696.998	  7
    2697.156	  7
    2697.344	  7
    2697.754	  7
    2697.872	  7
    2698.032	  7
    2698.166	  7
    2698.318	  7
    2698.478	  7
    2698.636	  7
    2698.798	  7
    2698.976	  7
    2699.116	  7
    2699.260	  7
    2699.414	  7
    2699.566	  7
    2699.724	  7
    2699.888	  7
    2700.072	  7
    2700.218	  7
    2700.360	  7
    2700.512	  7
    2700.672	  7
    2700.822	  7
    2700.994	  7
    2701.132	  7
    2701.292	  7
    2701.456	  7
    2701.628	  7
    2701.780	  7
    2701.936	  7
    2702.096	  7
    2702.272	  7
    2702.422	  7
    2702.582	  7
    2702.736	  7
    2702.896	  7
    2703.054	  7
    2703.230	  7
    2703.378	  7
    2703.536	  7
    2703.684	  7
    2703.846	  7
    2704.002	  7
    2704.184	  7
    2704.320	  7
    2704.468	  7
    2704.620	  7
    2704.758	  7
    2704.944	  7
    2705.082	  7
    2705.252	  7
    2705.416	  7
    2705.576	  7
    2705.734	  7
    2705.904	  7
    2706.086	  7
    2706.218	  7
    2706.372	  7
    2706.532	  7
    2706.698	  7
    2706.856	  7
    2707.018	  7
    2707.190	  7
    2707.350	  7
    2707.418	 53
    2707.512	  7
    2707.670	  7
    2707.838	  7
    2708.000	  7
    2708.204	  7
    2708.348	  7
    2708.520	  7
    2708.730	  7
    2708.854	  7
    2709.718	  7
    2709.818	  7
    2709.970	  7
    2710.106	  7
    2710.432	  7
    2710.562	  7
    2710.714	  7
    2710.862	  7
    2711.024	  7
    2711.164	  7
    2711.304	  7
    2711.452	  7
    2711.598	  7
    2711.752	  7
    2711.938	  7
    2712.064	  7
    2712.206	  7
    2712.356	  7
    2712.518	  7
    2712.676	  7
    2712.836	  7
    2713.008	  7
    2713.136	  7
    2713.294	  7
    2713.446	  7
    2713.760	  7
    2713.892	  7
    2714.040	  7
    2714.226	  7
    2714.374	  7
    2714.536	  7
    2714.686	  7
    2714.846	  7
    2715.004	  7
    2715.164	  7
    2715.322	  7
    2715.500	  7
    2715.662	  7
    2715.886	  7
    2716.292	  7
    2716.410	  7
    2716.558	  7
    2716.722	  7
    2716.872	  7
    2717.026	  7
    2717.188	  7
    2717.536	  7
    2717.642	  7
    2717.810	  7
    2717.950	  7
    2718.098	  7
    2718.250	  7
    2718.414	  7
    2718.554	  7
    2718.696	  7
    2718.868	  7
    2719.022	  7
    2719.172	  7
    2719.338	  7
    2719.502	  7
    2719.652	  7
    2719.804	  7
    2719.966	  7
    2720.134	  7
    2720.298	  7
    2720.456	  7
    2720.622	  7
    2720.786	  7
    2720.944	  7
    2721.210	  7
    2721.338	  7
    2721.480	  7
    2721.624	  7
    2721.774	  7
    2721.920	  7
    2722.082	  7
    2722.236	  7
    2722.408	  7
    2722.552	  7
    2722.700	  7
    2722.856	  7
    2723.000	  7
    2723.308	  7
    2723.434	  7
    2723.586	  7
    2723.770	  7
    2724.070	  7
    2724.236	  7
    2724.398	  7
    2724.554	  7
    2724.702	  7
    2724.888	  7
    2725.038	  7
    2725.190	  7
    2725.350	  7
    2725.504	  7
    2725.662	  7
    2725.794	  7
    2725.954	  7
    2726.124	  7
    2726.284	  7
    2726.436	  7
    2726.596	  7
    2726.754	  7
    2726.918	  7
    2727.084	  7
    2727.414	  7
    2727.568	  7
    2728.162	  7
    2728.310	  7
    2728.800	  7
    2728.962	  7
    2729.108	  7
    2729.336	  7
    2729.462	  7
    2729.606	  7
    2729.762	  7
    2729.920	  7
    2730.086	  7
    2730.250	  7
    2730.400	  7
    2730.560	  7
    2730.714	  7
    2730.850	  7
    2731.008	  7
    2731.170	  7
    2732.720	  8
    2732.720	 20
    2732.720	 27
    2732.730	 28
    2732.730	 19
    2732.830	 29
    2733.026	  9
    2752.850	 50
    2752.860	 10
    2782.860	 53
    2783.276	  8
    2783.276	 20
    2783.276	 27
    2783.286	 28
    2783.286	 19
    2783.386	 29
    2783.582	  9
    2803.406	 50
    2803.416	 10
    2819.334	  8
    2819.912	  8
    2820.614	  8
    2821.134	  8
    2821.506	  8
    2821.756	  8
    2822.382	  8
    2822.880	  8
    2823.506	  8
    2823.652	  8
    2824.304	  8
    2824.832	  8
    2825.208	  8
    2825.504	  8
    2826.294	  8
    2826.400	  8
    2826.664	  8
    2826.956	  8
    2827.196	  8
    2827.586	  8
    2827.808	  8
    2828.122	  8
    2828.580	  8
    2828.954	  8
    2829.304	  8
    2829.554	  8
    2829.804	  8
    2830.072	  8
    2830.554	  8
    2830.890	  8
    2831.392	  8
    2831.786	  8
    2832.036	  8
    2832.272	  8
    2832.612	  8
    2833.416	 53
    2833.682	  8
    2833.682	 20
    2833.682	 27
    2833.692	 28
    2833.692	 19
    2833.792	 29
    2833.988	  9
    2853.812	 51
    2853.822	 17
    2889.844	  8
    2899.926	  8
    2900.210	  8
    2900.868	  8
    2904.414	  8
    2905.814	  8
    2906.526	  8
    2908.046	  8
    2910.100	  8
    2911.176	  8
    2911.626	  8
    2912.568	  8
    2913.082	  8
    2913.582	  8
    2913.822	 53
    2913.978	  8
    2913.978	 20
    2913.978	 27
    2913.988	 28
    2913.988	 19
    2914.088	 29
    2914.520	  9
    2934.108	 50
    2934.118	 10
    2951.464	  8
    2955.400	  8
    2955.932	  8
    2956.596	  8
    2958.426	  8
    2958.848	  8
    2958.944	  8
    2959.144	  8
    2959.414	  8
    2959.604	  8
    2960.144	  8
    2960.580	  8
    2960.964	  8
    2962.060	  8
    2962.342	  8
    2962.574	  8
    2962.674	  8
    2962.852	  8
    2963.182	  8
    2963.538	  8
    2963.878	  8
    2964.118	 53
    2964.230	  8
    2964.230	 20
    2964.230	 27
    2964.240	 28
    2964.240	 19
    2964.340	 29
    2964.536	  9
    2965.122	  8
    2984.360	 52
    2984.370	 18
    3027.478	  8
    3040.604	  7
    3040.726	  7
    3040.852	  7
    3041.030	  7
    3041.188	  7
    3041.406	  7
    3041.524	  7
    3043.448	  7
    3043.734	  7
    3043.898	  7
    3044.074	  7
    3044.218	  7
    3044.388	  7
    3044.592	  7
    3044.728	  7
    3044.882	  7
    3045.050	  7
    3045.214	  7
    3045.408	  7
    3045.576	  7
    3045.752	  7
    3045.934	  7
    3046.108	  7
    3046.274	  7
    3046.442	  7
    3046.608	  7
    3046.770	  7
    3046.938	  7
    3047.134	  7
    3047.286	  7
    3047.452	  7
    3047.610	  7
    3047.768	  7
    3047.930	  7
    3048.114	  7
    3048.264	  7
    3048.422	  7
    3048.596	  7
    3048.762	  7
    3048.934	  7
    3049.106	  7
    3049.272	  7
    3049.438	  7
    3049.592	  7
    3049.748	  7
    3049.944	  7
    3050.098	  7
    3050.256	  7
    3050.468	  7
    3050.610	  7
    3050.764	  7
    3050.938	  7
    3051.114	  7
    3051.280	  7
    3051.448	  7
    3051.654	  7
    3051.800	  7
    3051.964	  7
    3052.136	  7
    3052.304	  7
    3052.478	  7
    3052.652	  7
    3052.848	  7
    3053.002	  7
    3053.160	  7
    3053.322	  7
    3053.514	  7
    3053.676	  7
    3053.858	  7
    3054.012	  7
    3054.178	  7
    3054.344	  7
    3054.508	  7
    3054.684	  7
    3054.862	  7
    3055.062	  7
    3055.216	  7
    3055.380	  7
    3055.550	  7
    3055.718	  7
    3055.894	  7
    3056.074	  7
    3056.232	  7
    3056.400	  7
    3056.588	  7
    3056.760	  7
    3056.940	  7
    3057.114	  7
    3057.286	  7
    3057.480	  7
    3057.646	  7
    3057.802	  7
    3057.964	  7
    3058.128	  7
    3058.320	  7
    3058.486	  7
    3058.666	  7
    3058.834	  7
    3058.996	  7
    3059.172	  7
    3059.336	  7
    3059.506	  7
    3059.678	  7
    3059.886	  7
    3060.028	  7
    3060.200	  7
    3060.362	  7
    3060.628	  7
    3060.758	  7
    3060.984	  7
    3061.118	  7
    3061.274	  7
    3061.448	  7
    3061.644	  7
    3061.788	  7
    3061.954	  7
    3062.122	  7
    3062.290	  7
    3062.468	  7
    3062.634	  7
    3062.798	  7
    3062.986	  7
    3063.154	  7
    3063.314	  7
    3063.484	  7
    3063.650	  7
    3063.820	  7
    3063.984	  7
    3064.158	  7
    3064.318	  7
    3064.522	  7
    3064.666	  7
    3064.818	  7
    3064.984	  7
    3065.136	  7
    3065.312	  7
    3065.486	  7
    3065.680	  7
    3065.842	  7
    3065.998	  7
    3066.158	  7
    3066.322	  7
    3066.490	  7
    3066.664	  7
    3066.856	  7
    3066.992	  7
    3067.164	  7
    3067.346	  7
    3067.458	  7
    3067.498	  7
    3068.070	  7
    3068.174	  7
    3068.320	  7
    3068.490	  7
    3068.644	  7
    3068.828	  7
    3068.992	  7
    3069.146	  7
    3069.316	  7
    3069.480	  7
    3069.650	  7
    3069.822	  7
    3069.980	  7
    3070.162	  7
    3070.310	  7
    3070.500	  7
    3070.638	  7
    3073.096	  8
    3074.002	  8
    3075.170	  8
    3076.338	  8
    3076.712	  8
    3077.374	  8
    3078.024	  8
    3079.436	  8
    3079.932	  8
    3080.494	  8
    3080.742	  8
    3081.798	  8
    3082.262	  8
    3082.652	  8
    3083.332	  8
    3086.478	  8
    3087.902	  8
    3088.314	  8
    3088.744	  8
    3089.120	  8
    3089.354	  8
    3089.818	  8
    3090.166	  8
    3090.470	  8
    3090.934	  8
    3092.832	  8
    3094.330	  8
    3094.524	  8
    3094.918	  8
    3095.530	  8
    3095.994	  8
    3096.416	  8
    3096.834	  8
    3097.268	  8
    3097.676	  8
    3098.368	  8
    3098.764	  8
    3099.152	  8
    3099.720	  8
    3100.360	  8
    3100.722	  8
    3101.066	  8
    3101.598	  8
    3101.994	  8
    3102.366	  8
    3102.704	  8
    3102.844	  8
    3103.190	  8
    3103.480	  8
    3103.924	  8
    3104.370	 53
    3104.618	  8
    3104.618	 20
    3104.618	 27
    3104.628	 28
    3104.628	 19
    3104.728	 29
    3104.924	  9
    3124.748	 52
    3124.758	 18
    3128.430	  8
    3177.042	  8
    3177.534	  8
    3178.104	  8
    3178.434	  8
    3179.100	  8
    3180.076	  8
    3180.124	  8
    3180.854	  8
    3181.148	  8
    3181.520	  8
    3184.392	  8
    3184.910	  8
    3187.028	  8
    3187.250	  8
    3187.358	  8
    3187.478	  8
    3188.514	  8
    3189.728	  8
    3190.262	  8
    3190.754	  8
    3191.212	  8
    3193.296	  8
    3194.286	  8
    3195.072	  8
    3195.662	  8
    3196.234	  8
    3196.992	  8
    3197.918	  8
    3198.438	  8
    3198.962	  8
    3199.702	  8
    3200.138	  8
    3200.936	  8
    3201.596	  8
    3202.000	  8
    3202.650	  8
    3202.992	  8
    3203.310	  8
    3203.620	  8
    3203.928	  8
    3203.998	  8
    3204.386	  8
    3205.064	  8
    3205.386	  8
    3205.790	  8
    3206.282	  8
    3206.458	  8
    3206.816	  8
    3207.120	  8
    3207.664	  8
    3208.072	  8
    3208.746	  8
    3208.812	  8
    3208.936	  8
    3209.216	  8
    3209.698	  8
    3210.466	  8
    3210.812	  8
    3211.314	  8
    3211.764	  8
    3212.062	  8
    3212.338	  8
    3214.202	  8
    3214.718	  8
    3215.074	  8
    3215.490	  8
    3216.030	  8
    3216.454	  8
    3217.262	  8
    3217.994	  8
    3218.316	  8
    3218.972	  8
    3219.358	  8
    3219.870	  8
    3219.996	  8
    3220.340	  8
    3220.700	  8
    3221.022	  8
    3221.380	  8
    3221.760	  8
    3222.148	  8
    3222.882	  8
    3223.316	  8
    3223.476	  8
    3223.878	  8
    3224.414	  8
    3225.254	  8
    3225.734	  8
    3226.056	  8
    3226.880	  8
    3227.300	  8
    3227.772	  8
    3228.098	  8
    3228.562	  8
    3228.982	  8
    3229.608	  8
    3229.962	  8
    3230.416	  8
    3230.756	  8
    3231.012	  8
    3231.266	  8
    3231.634	  8
    3232.136	  8
    3232.436	  8
    3233.342	  8
    3233.490	  8
    3234.032	  8
    3234.554	  8
    3235.142	  8
    3235.508	  8
    3236.194	  8
    3236.302	  8
    3237.248	  8
    3237.870	  8
    3238.284	  8
    3238.718	  8
    3239.120	  8
    3239.412	  8
    3240.118	  8
    3241.152	  8
    3241.430	  8
    3241.624	  8
    3242.526	  8
    3243.894	  8
    3244.376	  8
    3244.580	  8
    3244.758	 53
    3245.050	  8
    3245.050	 20
    3245.050	 27
    3245.060	 28
    3245.060	 19
    3245.140	  8
    3245.160	 29
    3245.356	  9
    3265.180	 50
    3265.190	 10
    3295.190	 53
    3295.494	  8
    3295.494	 20
    3295.494	 27
    3295.504	 28
    3295.504	 19
    3295.604	 29
    3295.800	  9
    3315.624	 50
    3315.634	 10
    3336.486	  8
    3336.762	  8
    3341.422	  8
    3341.662	  8
    3341.902	  8
    3342.270	  8
    3345.124	  8
    3345.384	  8
    3345.634	 53
    3345.974	  8
    3345.974	 20
    3345.974	 27
    3345.984	 28
    3345.984	 19
    3346.084	 29
    3346.280	  9
    3366.104	 50
    3366.114	 10
    3390.366	  8
    3391.550	  8
    3391.900	  8
    3396.114	 53
    3397.140	  8
    3397.140	 20
    3397.140	 27
    3397.150	 28
    3397.150	 19
    3397.250	 29
    3397.446	  9
    3417.270	 50
    3417.280	 10
    3426.422	  8
    3440.676	  8
    3441.254	  8
    3441.494	  8
    3444.932	  8
    3445.164	  8
    3445.646	  8
    3446.112	  8
    3446.460	  8
    3446.992	  8
    3447.162	  8
    3447.280	 53
    3447.662	  8
    3447.662	 20
    3447.662	 27
    3447.672	 28
    3447.672	 19
    3447.772	 29
    3447.968	  9
    3467.792	 50
    3467.802	 10
    3486.358	  8
    3489.608	  8
    3490.240	  8
    3490.684	  8
    3491.072	  8
    3491.470	  8
    3491.862	  8
    3492.272	  8
    3493.098	  8
    3493.464	  8
    3493.776	  8
    3493.966	  8
    3494.086	  8
    3494.920	  8
    3495.252	  8
    3495.622	  8
    3495.958	  8
    3496.260	  8
    3496.638	  8
    3497.096	  8
    3497.316	  8
    3497.558	  8
    3497.802	 53
    3497.846	  8
    3497.846	 20
    3497.846	 27
    3497.856	 28
    3497.856	 19
    3497.906	  8
    3497.956	 29
    3498.152	  9
    3517.976	 51
    3517.986	 17
    3544.910	  7
    3545.032	  7
    3545.188	  7
    3545.328	  7
    3545.492	  7
    3545.662	  7
    3545.824	  7
    3545.998	  7
    3546.146	  7
    3546.304	  7
    3546.510	  7
    3546.648	  7
    3546.808	  7
    3546.966	  7
    3547.136	  7
    3547.294	  7
    3547.454	  7
    3547.606	  7
    3547.760	  7
    3547.908	  7
    3548.092	  7
    3548.238	  7
    3548.392	  7
    3548.546	  7
    3548.700	  7
    3548.860	  7
    3549.030	  7
    3549.192	  7
    3549.352	  7
    3549.510	  7
    3549.672	  7
    3549.828	  7
    3549.984	  7
    3550.136	  7
    3550.288	  7
    3550.454	  7
    3550.624	  7
    3550.804	  7
    3550.956	  7
    3551.112	  7
    3551.278	  7
    3551.440	  7
    3551.598	  7
    3551.766	  7
    3551.948	  7
    3552.080	  7
    3552.226	  7
    3552.382	  7
    3552.536	  7
    3552.688	  7
    3552.848	  7
    3553.046	  7
    3553.200	  7
    3553.346	  7
    3553.506	  7
    3553.656	  7
    3553.812	  7
    3553.956	  7
    3554.122	  7
    3554.278	  7
    3554.452	  7
    3554.590	  7
    3554.734	  7
    3554.870	  7
    3555.018	  7
    3555.174	  7
    3555.360	  7
    3555.512	  7
    3555.670	  7
    3555.834	  7
    3555.992	  7
    3556.152	  7
    3556.340	  7
    3556.478	  7
    3556.634	  7
    3556.794	  7
    3556.948	  7
    3557.106	  7
    3557.290	  7
    3557.410	  7
    3557.564	  7
    3557.712	  7
    3557.870	  7
    3558.036	  7
    3558.200	  7
    3558.378	  7
    3558.544	  7
    3558.696	  7
    3558.860	  7
    3559.018	  7
    3559.178	  7
    3559.328	  7
    3559.502	  7
    3559.664	  7
    3559.812	  7
    3559.980	  7
    3560.128	  7
    3560.296	  7
    3560.452	  7
    3560.610	  7
    3560.784	  7
    3560.936	  7
    3561.084	  7
    3561.248	  7
    3561.448	  7
    3561.596	  7
    3561.730	  7
    3561.892	  7
    3562.048	  7
    3562.360	  7
    3562.478	  7
    3562.622	  7
    3562.804	  7
    3562.940	  7
    3563.080	  7
    3563.240	  7
    3563.432	  7
    3563.592	  7
    3563.774	  7
    3563.918	  7
    3564.070	  7
    3564.230	  7
    3564.388	  7
    3564.546	  7
    3564.702	  7
    3564.904	  7
    3565.048	  7
    3565.364	  7
    3565.526	  7
    3565.684	  7
    3565.842	  7
    3566.016	  7
    3566.154	  7
    3566.306	  7
    3566.462	  7
    3566.610	  7
    3566.752	  7
    3566.936	  7
    3567.080	  7
    3567.234	  7
    3567.390	  7
    3567.544	  7
    3567.694	  7
    3567.842	  7
    3568.012	  7
    3568.162	  7
    3568.312	  7
    3568.624	  7
    3568.788	  7
    3568.954	  7
    3569.100	  7
    3569.270	  7
    3569.420	  7
    3569.586	  7
    3569.746	  7
    3569.902	  7
    3570.060	  7
    3570.238	  7
    3570.380	  7
    3570.536	  7
    3570.694	  7
    3570.856	  7
    3571.022	  7
    3571.190	  7
    3571.396	  7
    3571.538	  7
    3571.698	  7
    3571.862	  7
    3572.000	  7
    3572.166	  7
    3572.316	  7
    3572.972	  7
    3573.132	  7
    3573.282	  7
    3573.436	  7
    3573.594	  7
    3573.764	  7
    3574.066	  7
    3574.214	  7
    3574.352	  7
    3574.510	  7
    3574.658	  7
    3574.828	  7
    3575.136	  7
    3575.296	  7
    3575.460	  7
    3575.622	  7
    3576.864	  7
    3577.012	  7
    3577.986	 53
    3582.272	  7
    3582.422	  7
    3582.588	  7
    3582.776	  7
    3582.932	  7
    3583.094	  7
    3583.250	  7
    3583.412	  7
    3583.576	  7
    3583.804	  7
    3583.928	  7
    3584.398	  7
    3584.668	  7
    3584.798	  7
    3584.952	  7
    3585.128	  7
    3585.284	  7
    3585.442	  7
    3585.578	  7
    3585.874	  7
    3586.004	  7
    3586.184	  7
    3586.332	  7
    3587.502	  8
    3587.502	 20
    3587.502	 27
    3587.512	 28
    3587.512	 19
    3587.612	 29
    3587.808	  9
    3589.142	  8
    3589.250	  8
    3607.632	 50
    3607.642	 10
    3627.272	  8
    3627.670	  8
    3629.460	  8
    3629.856	  8
    3630.260	  8
    3633.092	  8
    3633.496	  8
    3633.964	  8
    3634.390	  8
    3634.886	  8
    3635.478	  8
    3635.822	  8
    3636.156	  8
    3636.388	  8
    3636.608	  8
    3636.980	  8
    3637.642	 53
    3637.820	  8
    3637.820	 20
    3637.820	 27
    3637.830	 28
    3637.830	 19
    3637.930	 29
    3638.126	  9
    3657.950	 50
    3657.960	 10
    3683.366	  8
    3683.576	  8
    3683.828	  8
    3686.418	  8
    3686.604	  8
    3686.704	  8
    3687.098	  8
    3687.550	  8
    3687.856	  8
    3687.960	 53
    3688.192	  8
    3688.192	 20
    3688.192	 27
    3688.202	 28
    3688.202	 19
    3688.302	 29
    3688.498	  9
    3708.322	 52
    3708.332	 18
    3761.540	  8
    3765.778	  8
    3765.802	  8
    3771.086	  8
    3771.634	  8
    3772.972	  8
    3780.134	  8
    3780.180	  8
    3794.354	  8
    3794.838	  8
    3801.920	  8
    3802.322	  8
    3803.580	  8
    3803.974	  8
    3804.418	  8
    3804.770	  8
    3806.064	  8
    3806.582	  8
    3806.912	  8
    3807.258	  8
    3807.800	  8
    3810.474	  8
    3811.050	  8
    3811.272	  8
    3815.322	  8
    3815.812	  8
    3816.330	  8
    3817.002	  8
    3817.272	  8
    3817.990	  8
    3818.550	  8
    3819.058	  8
    3819.450	  8
    3820.014	  8
    3821.450	  8
    3823.726	  8
    3824.074	  8
    3824.734	  8
    3825.528	  8
    3826.518	  8
    3827.386	  8
    3828.188	  8
    3828.332	 53
    3828.750	  8
    3828.750	 20
    3828.750	 27
    3828.760	 28
    3828.760	 19
    3828.860	 29
    3829.056	  9
    3848.880	 51
    3848.890	 17
    3863.994	  8
    3864.572	  8
    3865.214	  8
    3865.366	  8
    3865.434	  8
    3865.900	  8
    3866.422	  8
    3866.818	  8
    3867.296	  8
    3867.684	  8
    3868.036	  8
    3870.574	  8
    3871.984	  8
    3874.226	  8
    3875.356	  8
    3875.758	  8
    3876.158	  8
    3876.546	  8
    3876.858	  8
    3877.172	  8
    3877.618	  8
    3877.888	  8
    3878.582	  8
    3879.850	  8
    3880.720	  8
    3880.956	  8
    3881.506	  8
    3881.948	  8
    3882.648	  8
    3883.126	  8
    3883.808	  8
    3884.516	  8
    3884.968	  8
    3885.326	  8
    3886.278	  8
    3887.150	  8
    3887.562	  8
    3887.828	  8
    3888.698	  8
    3889.514	  8
    3891.038	  8
    3891.356	  8
    3891.548	  8
    3891.974	  8
    3892.390	  8
    3892.832	  8
    3893.420	  8
    3893.762	  8
    3894.050	  8
    3894.406	  8
    3894.750	  8
    3895.236	  8
    3895.584	  8
    3896.112	  8
    3896.518	  8
    3896.686	  8
    3897.670	  8
    3898.170	  8
    3898.524	  8
    3899.258	  8
    3899.838	  8
    3900.266	  8
    3900.534	  8
    3902.016	  8
    3902.536	  8
    3902.774	  8
    3903.126	  8
    3903.390	  8
    3903.808	  8
    3904.166	  8
    3906.180	  8
    3906.352	  8
    3906.530	  8
    3906.936	  8
    3907.376	  8
    3907.694	  8
    3908.116	  8
    3908.664	  8
    3908.890	 53
    3908.978	  8
    3908.978	 20
    3908.978	 27
    3908.988	 28
    3908.988	 19
    3909.088	 29
    3909.284	  9
    3929.108	 50
    3929.118	 10
    3954.790	  8
    3955.114	  8
    3955.550	  8
    3955.888	  8
    3959.118	 53
    3959.502	  8
    3959.502	 20
    3959.502	 27
    3959.512	 28
    3959.512	 19
    3959.612	 29
    3959.808	  9
    3979.632	 50
    3979.642	 10
    4001.658	  8
    4002.160	  8
    4002.904	  8
    4005.870	  8
    4006.230	  8
    4006.580	  8
    4006.884	  8
    4007.516	  8
    4007.846	  8
    4008.346	  8
    4008.882	  8
    4009.642	 53
    4011.296	  8
    4011.296	 20
    4011.296	 27
    4011.306	 28
    4011.306	 19
    4011.406	 29
    4011.846	  9
    4031.426	 51
    4031.436	 17
    4045.058	  8
    4045.120	  8
    4054.398	  7
    4054.528	  7
    4054.684	  7
    4054.864	  7
    4055.020	  7
    4055.198	  7
    4055.354	  7
    4055.528	  7
    4055.710	  7
    4055.858	  7
    4056.018	  7
    4056.186	  7
    4056.358	  7
    4056.504	  7
    4056.652	  7
    4056.812	  7
    4056.964	  7
    4057.128	  7
    4057.290	  7
    4057.452	  7
    4057.612	  7
    4057.776	  7
    4057.960	  7
    4058.094	  7
    4058.248	  7
    4058.406	  7
    4058.570	  7
    4058.720	  7
    4058.878	  7
    4059.054	  7
    4059.202	  7
    4059.366	  7
    4059.532	  7
    4059.704	  7
    4059.858	  7
    4060.020	  7
    4060.164	  7
    4060.336	  7
    4060.486	  7
    4060.640	  7
    4060.808	  7
    4060.968	  7
    4061.122	  7
    4061.282	  7
    4061.442	  7
    4061.600	  7
    4061.742	  7
    4061.892	  7
    4062.048	  7
    4062.204	  7
    4062.362	  7
    4062.512	  7
    4062.664	  7
    4062.844	  7
    4062.996	  7
    4063.144	  7
    4063.298	  7
    4063.482	  7
    4063.622	  7
    4063.772	  7
    4063.930	  7
    4064.084	  7
    4064.234	  7
    4064.424	  7
    4064.560	  7
    4064.706	  7
    4064.866	  7
    4065.036	  7
    4065.204	  7
    4065.360	  7
    4065.526	  7
    4065.672	  7
    4065.830	  7
    4065.990	  7
    4066.144	  7
    4066.292	  7
    4066.450	  7
    4066.630	  7
    4066.774	  7
    4066.932	  7
    4067.102	  7
    4067.266	  7
    4067.430	  7
    4067.578	  7
    4067.756	  7
    4067.904	  7
    4068.062	  7
    4068.222	  7
    4068.384	  7
    4068.530	  7
    4068.686	  7
    4068.884	  7
    4069.010	  7
    4069.170	  7
    4069.336	  7
    4069.470	  7
    4069.630	  7
    4069.786	  7
    4069.946	  7
    4070.118	  7
    4070.256	  7
    4070.402	  7
    4070.564	  7
    4070.718	  7
    4070.878	  7
    4071.034	  7
    4071.200	  7
    4071.348	  7
    4071.506	  7
    4071.670	  7
    4071.812	  7
    4071.974	  7
    4072.140	  7
    4072.318	  7
    4072.460	  7
    4072.624	  7
    4072.786	  7
    4072.946	  7
    4073.098	  7
    4073.258	  7
    4073.436	  7
    4073.574	  7
    4073.734	  7
    4073.886	  7
    4074.048	  7
    4074.212	  7
    4074.354	  7
    4074.520	  7
    4074.686	  7
    4074.852	  7
    4075.010	  7
    4075.152	  7
    4075.316	  7
    4075.474	  7
    4075.622	  7
    4075.780	  7
    4076.104	  7
    4076.258	  7
    4076.404	  7
    4076.540	  7
    4076.698	  7
    4076.858	  7
    4077.018	  7
    4077.190	  7
    4077.316	  7
    4077.472	  7
    4077.626	  7
    4077.786	  7
    4077.944	  7
    4078.082	  7
    4078.242	  7
    4078.396	  7
    4078.588	  7
    4078.740	  7
    4079.044	  7
    4079.202	  7
    4079.358	  7
    4079.512	  7
    4079.660	  7
    4079.832	  7
    4080.304	  7
    4080.464	  7
    4080.624	  7
    4080.822	  7
    4080.942	  7
    4081.098	  7
    4081.254	  7
    4081.414	  7
    4081.566	  7
    4081.726	  7
    4081.870	  7
    4082.052	  7
    4082.200	  7
    4082.354	  7
    4082.516	  7
    4082.664	  7
    4082.818	  7
    4082.980	  7
    4083.190	  7
    4084.324	  7
    4084.428	  7
    4084.568	  7
    4084.702	  7
    4084.844	  7
    4084.988	  7
    4085.142	  7
    4085.286	  7
    4085.596	  7
    4086.322	  7
    4086.446	  7
    4086.742	  7
    4086.888	  7
    4087.042	  7
    4087.466	  7
    4087.580	  7
    4087.744	  7
    4089.396	  7
    4089.838	  7
    4090.306	  7
    4090.346	  7
    4090.502	  7
    4090.666	  7
    4091.436	 53
    4094.146	  8
    4094.146	 20
    4094.146	 27
    4094.156	 28
    4094.156	 19
    4094.256	 29
    4094.696	  9
    4114.276	 50
    4114.286	 10
    4137.624	  8
    4138.028	  8
    4138.278	  8
    4141.144	  8
    4141.904	  8
    4142.278	  8
    4142.638	  8
    4143.134	  8
    4143.466	  8
    4143.878	  8
    4144.286	 53
    4144.342	  8
    4144.342	 20
    4144.342	 27
    4144.352	 28
    4144.352	 19
    4144.452	 29
    4144.648	  9
    4164.472	 52
    4164.482	 18
    4202.292	  5
    4226.838	  8
    4247.234	  8
    4247.874	  8
    4249.718	  8
    4250.294	  8
    4250.958	  8
    4253.082	  8
    4253.934	  8
    4255.562	  8
    4256.428	  8
    4257.020	  8
    4257.842	  8
    4258.192	  8
    4258.680	  8
    4260.022	  8
    4260.520	  8
    4261.238	  8
    4262.120	  8
    4262.586	  8
    4263.046	  8
    4263.662	  8
    4264.256	  8
    4264.286	  8
    4264.990	  8
    4265.334	  8
    4265.710	  8
    4266.410	  8
    4266.860	  8
    4267.354	  8
    4269.118	  8
    4269.774	  8
    4270.130	  8
    4270.192	  8
    4270.620	  8
    4271.568	  8
    4272.062	  8
    4272.572	  8
    4272.964	  8
    4273.812	  8
    4274.170	  8
    4274.860	  8
    4275.260	  8
    4275.804	  8
    4276.212	  8
    4276.780	  8
    4277.200	  8
    4277.730	  8
    4278.304	  8
    4278.546	  8
    4279.196	  8
    4279.602	  8
    4280.218	  8
    4280.674	  8
    4281.314	  8
    4282.604	  8
    4283.236	  8
    4283.636	  8
    4284.164	  8
    4284.482	 53
    4284.564	  8
    4284.564	 20
    4284.564	 27
    4284.574	 28
    4284.574	 19
    4284.674	 29
    4284.870	  9
    4304.694	 50
    4304.704	 10
    4328.352	  8
    4334.704	 53
    4338.618	  8
    4338.618	 20
    4338.618	 27
    4338.628	 28
    4338.628	 19
    4338.728	 29
    4338.924	  9
    4358.748	 51
    4358.758	 17
    4373.086	  7
    4373.242	  7
    4373.434	  7
    4373.626	  7
    4373.784	  7
    4373.966	  7
    4374.116	  7
    4374.312	  7
    4374.470	  7
    4374.638	  7
    4374.786	  7
    4374.958	  7
    4375.124	  7
    4375.340	  7
    4375.514	  7
    4375.646	  7
    4375.808	  7
    4375.972	  7
    4376.118	  7
    4376.282	  7
    4376.444	  7
    4376.606	  7
    4376.756	  7
    4376.926	  7
    4377.080	  7
    4377.234	  7
    4377.444	  7
    4377.590	  7
    4377.758	  7
    4377.920	  7
    4378.076	  7
    4378.230	  7
    4378.398	  7
    4378.548	  7
    4378.718	  7
    4378.874	  7
    4379.030	  7
    4379.188	  7
    4379.372	  7
    4379.542	  7
    4379.712	  7
    4379.882	  7
    4380.048	  7
    4380.224	  7
    4380.378	  7
    4380.540	  7
    4380.698	  7
    4380.862	  7
    4381.036	  7
    4381.188	  7
    4381.348	  7
    4381.514	  7
    4381.692	  7
    4381.842	  7
    4382.000	  7
    4382.152	  7
    4382.316	  7
    4382.484	  7
    4382.656	  7
    4382.842	  7
    4382.992	  7
    4383.134	  7
    4383.334	  7
    4383.478	  7
    4383.630	  7
    4383.788	  7
    4383.950	  7
    4384.140	  7
    4384.292	  7
    4384.456	  7
    4384.618	  7
    4384.772	  7
    4384.932	  7
    4385.092	  7
    4385.306	  7
    4385.422	  7
    4385.578	  7
    4385.740	  7
    4386.070	  7
    4386.240	  7
    4386.408	  7
    4386.566	  7
    4386.732	  7
    4386.902	  7
    4387.060	  7
    4387.216	  7
    4387.374	  7
    4387.542	  7
    4387.864	  7
    4388.028	  7
    4388.188	  7
    4388.854	  7
    4389.006	  7
    4389.162	  7
    4389.320	  7
    4389.630	  7
    4389.790	  7
    4389.954	  7
    4390.118	  7
    4390.294	  7
    4390.442	  7
    4390.606	  7
    4390.802	  7
    4390.942	  7
    4391.094	  7
    4391.608	  7
    4391.760	  7
    4392.076	  7
    4392.242	  7
    4392.408	  7
    4392.570	  7
    4392.740	  7
    4392.936	  7
    4393.072	  7
    4393.232	  7
    4393.404	  7
    4393.570	  7
    4393.730	  7
    4393.892	  7
    4394.058	  7
    4394.248	  7
    4394.398	  7
    4394.558	  7
    4394.724	  7
    4394.890	  7
    4395.060	  7
    4395.230	  7
    4395.430	  7
    4395.544	  7
    4395.700	  7
    4395.858	  7
    4396.022	  7
    4396.186	  7
    4396.352	  7
    4396.484	  7
    4396.626	  7
    4396.790	  7
    4396.966	  7
    4397.128	  7
    4397.290	  7
    4397.458	  7
    4397.624	  7
    4397.794	  7
    4397.936	  7
    4398.058	  7
    4398.132	  7
    4398.280	  7
    4398.434	  7
    4398.608	  7
    4398.780	  7
    4398.948	  7
    4399.114	  7
    4399.308	  7
    4399.456	  7
    4399.618	  7
    4399.788	  7
    4399.950	  7
    4400.118	  7
    4400.948	  7
    4401.288	  7
    4401.458	  7
    4401.652	  7
    4401.810	  7
    4401.968	  7
    4402.136	  7
    4402.308	  7
    4402.478	  7
    4402.654	  7
    4402.816	  7
    4402.986	  7
    4403.166	  7
    4403.324	  7
    4403.494	  7
    4403.662	  7
    4403.996	  7
    4404.160	  7
    4404.320	  7
    4404.508	  7
    4404.652	  7
    4404.822	  7
    4404.976	  7
    4405.144	  7
    4405.312	  7
    4405.486	  7
    4405.658	  7
    4405.834	  7
    4405.952	  7
    4405.992	  7
    4406.152	  7
    4406.320	  7
    4406.486	  7
    4406.750	  7
    4406.894	  7
    4407.098	  7
    4407.244	  7
    4407.410	  7
    4407.568	  7
    4407.726	  7
    4407.898	  7
    4408.064	  7
    4408.198	  7
    4408.378	  7
    4408.538	  7
    4408.698	  7
    4408.854	  7
    4409.024	  7
    4409.190	  7
    4409.352	  7
    4409.522	  7
    4409.670	  7
    4409.826	  7
    4409.986	  7
    4410.150	  7
    4410.310	  7
    4410.472	  7
    4410.638	  7
    4410.814	  7
    4410.966	  7
    4411.118	  7
    4411.420	  7
    4411.574	  7
    4411.744	  7
    4411.908	  7
    4412.060	  7
    4413.394	  8
    4413.798	  8
    4414.118	  8
    4414.548	  8
    4414.972	  8
    4415.310	  8
    4415.668	  8
    4416.096	  8
    4416.424	  8
    4416.890	  8
    4417.582	  8
    4417.960	  8
    4418.650	  8
    4418.758	 53
    4419.108	  8
    4419.108	 20
    4419.108	 27
    4419.118	 28
    4419.118	 19
    4419.218	 29
    4419.342	  8
    4419.414	  9
    4420.582	  8
    4439.238	 50
    4439.248	 10
    4458.634	  8
    4459.302	  8
    4460.034	  8
    4460.326	  8
    4460.606	  8
    4460.790	  8
    4461.064	  8
    4461.384	  8
    4461.820	  8
    4462.124	  8
    4465.268	  8
    4465.714	  8
    4466.298	  8
    4466.710	  8
    4467.048	  8
    4467.570	  8
    4468.056	  8
    4468.350	  8
    4468.702	  8
    4469.224	  8
    4469.248	 53
    4469.484	  8
    4469.484	 20
    4469.484	 27
    4469.494	 28
    4469.494	 19
    4469.594	 29
    4469.790	  9
    4489.614	 50
    4489.624	 10
    4512.286	  8
    4512.740	  8
    4513.078	  8
    4513.632	  8
    4516.616	  8
    4517.078	  8
    4517.460	  8
    4517.962	  8
    4518.268	  8
    4518.618	  8
    4519.070	  8
    4519.490	  8
    4519.624	 53
    4520.136	  8
    4520.136	 20
    4520.136	 27
    4520.146	 28
    4520.146	 19
    4520.246	 29
    4520.442	  9
    4540.266	 51
    4540.276	 17
    4560.848	  7
    4560.950	  7
    4561.138	  7
    4561.282	  7
    4561.442	  7
    4561.660	  7
    4561.842	  7
    4562.034	  7
    4562.182	  7
    4562.340	  7
    4562.498	  7
    4562.666	  7
    4562.830	  7
    4562.994	  7
    4563.156	  7
    4563.324	  7
    4563.498	  7
    4563.648	  7
    4563.810	  7
    4563.980	  7
    4564.144	  7
    4564.308	  7
    4564.476	  7
    4564.626	  7
    4564.790	  7
    4564.954	  7
    4565.114	  7
    4565.308	  7
    4565.452	  7
    4565.606	  7
    4565.772	  7
    4565.936	  7
    4566.104	  7
    4566.270	  7
    4566.430	  7
    4566.620	  7
    4566.764	  7
    4566.924	  7
    4567.082	  7
    4567.240	  7
    4567.416	  7
    4567.582	  7
    4567.742	  7
    4567.910	  7
    4568.072	  7
    4568.252	  7
    4568.408	  7
    4568.566	  7
    4568.722	  7
    4568.882	  7
    4569.046	  7
    4569.228	  7
    4569.390	  7
    4569.526	  7
    4569.686	  7
    4569.842	  7
    4570.004	  7
    4570.168	  7
    4570.340	  7
    4570.516	  7
    4570.688	  7
    4570.866	  7
    4571.018	  7
    4571.166	  7
    4571.334	  7
    4571.512	  7
    4571.674	  7
    4571.840	  7
    4572.004	  7
    4572.166	  7
    4572.336	  7
    4572.516	  7
    4572.672	  7
    4572.836	  7
    4573.002	  7
    4573.170	  7
    4573.334	  7
    4573.504	  7
    4573.662	  7
    4573.822	  7
    4573.984	  7
    4574.176	  7
    4574.330	  7
    4574.486	  7
    4574.650	  7
    4574.816	  7
    4574.942	  7
    4575.106	  7
    4575.274	  7
    4575.430	  7
    4575.618	  7
    4575.774	  7
    4575.938	  7
    4576.092	  7
    4576.256	  7
    4576.426	  7
    4576.584	  7
    4576.774	  7
    4576.906	  7
    4577.070	  7
    4577.238	  7
    4577.402	  7
    4577.570	  7
    4577.728	  7
    4577.900	  7
    4578.110	  7
    4578.240	  7
    4578.402	  7
    4578.556	  7
    4578.722	  7
    4578.892	  7
    4579.026	  7
    4579.184	  7
    4579.352	  7
    4579.508	  7
    4579.864	  7
    4580.188	  7
    4580.352	  7
    4580.524	  7
    4580.688	  7
    4580.854	  7
    4581.022	  7
    4581.156	  7
    4581.468	  7
    4581.628	  7
    4581.782	  7
    4581.938	  7
    4582.098	  7
    4582.410	  7
    4582.896	  7
    4583.054	  7
    4583.208	  7
    4585.088	  7
    4585.416	  7
    4585.554	  7
    4585.888	  7
    4586.018	  7
    4586.168	  7
    4586.338	  7
    4586.674	  7
    4586.980	  7
    4587.076	  7
    4587.244	  7
    4587.398	  7
    4587.574	  7
    4588.060	  7
    4588.224	  7
    4588.388	  7
    4588.554	  7
    4588.734	  7
    4588.882	  7
    4589.024	  7
    4589.502	  7
    4589.654	  7
    4590.148	  7
    4590.306	  7
    4590.472	  7
    4590.626	  7
    4590.928	  7
    4591.316	  7
    4591.444	  7
    4591.620	  7
    4591.766	  7
    4591.920	  7
    4592.076	  7
    4592.234	  7
    4592.398	  7
    4592.546	  7
    4592.964	  7
    4594.590	  8
    4595.118	  8
    4595.494	  8
    4596.348	  8
    4596.796	  8
    4597.222	  8
    4597.620	  8
    4597.980	  8
    4598.234	  8
    4598.592	  8
    4599.274	  8
    4599.572	  8
    4599.972	  8
    4600.276	 53
    4600.444	  8
    4600.444	 20
    4600.444	 27
    4600.454	 28
    4600.454	 19
    4600.554	 29
    4600.750	  9
    4620.574	 51
    4620.584	 17
    4654.970	  8
    4655.296	  8
    4655.502	  8
    4655.542	  8
    4655.674	  8
    4656.232	  8
    4656.550	  8
    4656.764	  8
    4657.476	  8
    4657.912	  8
    4658.336	  8
    4658.996	  8
    4660.028	  8
    4660.932	  8
    4661.158	  8
    4662.254	  8
    4662.914	  8
    4663.404	  8
    4663.736	  8
    4664.186	  8
    4664.916	  8
    4665.250	  8
    4665.906	  8
    4666.248	  8
    4666.846	  8
    4667.730	  8
    4668.128	  8
    4669.122	  8
    4669.590	  8
    4669.804	  8
    4670.150	  8
    4670.826	  8
    4671.198	  8
    4671.840	  8
    4672.074	  8
    4673.410	  8
    4674.778	  8
    4675.282	  8
    4675.666	  8
    4675.984	  8
    4676.514	  8
    4676.862	  8
    4677.204	  8
    4677.666	  8
    4678.244	  8
    4678.694	  8
    4679.094	  8
    4679.290	  8
    4679.502	  8
    4680.062	  8
    4680.584	 53
    4680.604	  8
    4680.604	 20
    4680.604	 27
    4680.614	 28
    4680.614	 19
    4680.714	 29
    4680.910	  9
    4700.734	 50
    4700.744	 10
    4723.956	  8
    4730.744	 53
    4731.256	  8
    4731.256	 20
    4731.256	 27
    4731.266	 28
    4731.266	 19
    4731.366	 29
    4731.562	  9
    4751.386	 50
    4751.396	 10
    4765.406	  8
    4773.708	  8
    4774.390	  8
    4774.854	  8
    4775.168	  8
    4775.438	  8
    4775.708	  8
    4775.764	  8
    4776.246	  8
    4777.994	  8
    4778.294	  8
    4778.380	  8
    4778.742	  8
    4779.272	  8
    4779.760	  8
    4780.104	  8
    4780.446	  8
    4780.766	  8
    4781.026	  8
    4781.214	  8
    4781.396	 53
    4781.528	  8
    4781.528	 20
    4781.528	 27
    4781.538	 28
    4781.538	 19
    4781.612	  8
    4781.638	 29
    4781.648	 61
