      20.010	 51
      20.020	 10
      80.020	 53
     130.308	  8
     130.308	 20
     130.308	 27
     130.318	 28
     130.318	 19
     130.418	 29
     130.506	  8
     130.588	  9
     134.576	  7
     134.696	  7
     134.856	  7
     135.008	  7
     135.138	  7
     135.292	  7
     135.448	  7
     135.606	  7
     135.760	  7
     135.912	  7
     136.062	  7
     136.212	  7
     136.344	  7
     136.544	  7
     136.678	  7
     136.816	  7
     136.958	  7
     137.108	  7
     137.262	  7
     137.426	  7
     137.578	  7
     137.712	  7
     137.856	  7
     138.010	  7
     138.194	  7
     138.332	  7
     138.456	  7
     138.590	  7
     138.732	  7
     138.878	  7
     139.040	  7
     139.194	  7
     139.336	  7
     139.494	  7
     139.644	  7
     139.778	  7
     139.916	  7
     140.096	  7
     140.232	  7
     140.364	  7
     140.508	  7
     140.668	  7
     140.808	  7
     140.960	  7
     141.114	  7
     141.264	  7
     141.446	  7
     141.576	  7
     141.718	  7
     141.876	  7
     142.022	  7
     142.168	  7
     142.298	  7
     142.436	  7
     142.576	  7
     142.712	  7
     142.892	  7
     143.032	  7
     143.300	  7
     143.438	  7
     143.594	  7
     143.744	  7
     143.910	  7
     144.076	  7
     144.234	  7
     144.404	  7
     144.536	  7
     144.712	  7
     144.860	  7
     145.068	  7
     145.186	  7
     145.326	  7
     145.460	  7
     145.622	  7
     145.746	  7
     145.916	  7
     146.048	  7
     146.202	  7
     146.352	  7
     150.438	 52
     150.448	 18
     196.816	  8
     216.588	  8
     216.788	  8
     219.526	  8
     219.726	  8
     221.930	  8
     232.340	  8
     232.580	  8
     233.276	  8
     237.408	  8
     237.474	  8
     237.696	  8
     238.050	  8
     238.302	  8
     238.616	  8
     238.778	  8
     239.410	  8
     239.854	  8
     240.356	  8
     240.594	  8
     245.052	  8
     245.342	  8
     245.666	  8
     246.058	  8
     246.114	  8
     246.668	  8
     247.212	  8
     247.886	  8
     248.422	  8
     248.890	  8
     249.762	  8
     251.956	  8
     252.150	  8
     252.328	  8
     252.486	  8
     252.702	  8
     254.142	  8
     254.456	  8
     261.236	  8
     261.366	  8
     270.448	 53
     279.902	  7
     281.820	  5
     284.778	  8
     284.778	 20
     284.778	 27
     284.788	 28
     284.788	 19
     284.888	 29
     285.050	  8
     285.058	  9
     288.000	  7
     288.072	  7
     288.208	  7
     288.564	  7
     288.662	  7
     288.806	  7
     288.948	  7
     289.092	  7
     289.198	  7
     289.344	  7
     289.480	  7
     289.648	  7
     290.036	  7
     290.220	  7
     290.314	  7
     290.448	  7
     290.586	  7
     290.712	  7
     290.842	  7
     290.962	  7
     291.130	  7
     291.246	  7
     291.372	  7
     291.502	  7
     291.642	  7
     291.780	  7
     291.926	  7
     292.054	  7
     292.252	  7
     292.364	  7
     292.496	  7
     292.640	  7
     292.792	  7
     292.936	  7
     293.086	  7
     293.228	  7
     293.364	  7
     293.554	  7
     293.676	  7
     293.822	  7
     293.974	  7
     294.120	  7
     294.272	  7
     294.416	  7
     294.566	  7
     294.760	  7
     294.888	  7
     295.014	  7
     295.154	  7
     295.300	  7
     295.458	  7
     295.600	  7
     295.764	  7
     295.912	  7
     296.104	  7
     296.224	  7
     296.360	  7
     296.522	  7
     296.648	  7
     296.788	  7
     296.934	  7
     297.074	  7
     297.224	  7
     297.388	  7
     297.524	  7
     297.654	  7
     297.802	  7
     297.960	  7
     298.106	  7
     298.306	  7
     298.430	  7
     298.568	  7
     298.722	  7
     298.874	  7
     299.030	  7
     299.166	  7
     299.366	  7
     299.508	  7
     299.640	  7
     299.776	  7
     299.922	  7
     300.070	  7
     300.220	  7
     300.358	  7
     300.506	  7
     300.672	  7
     300.794	  7
     300.940	  7
     301.104	  7
     301.260	  7
     301.400	  7
     301.536	  7
     301.684	  7
     301.880	  7
     302.032	  7
     302.162	  7
     302.300	  7
     302.450	  7
     302.610	  7
     302.762	  7
     302.930	  7
     303.076	  7
     303.268	  7
     303.392	  7
     303.534	  7
     303.668	  7
     304.082	  7
     304.256	  7
     304.398	  7
     304.552	  7
     304.706	  7
     304.862	  7
     304.908	 50
     304.918	 17
     305.014	  7
     305.176	  7
     305.326	  7
     306.270	  7
     306.476	  7
     306.602	  7
     306.800	  7
     306.908	  7
     307.074	  7
     307.528	  7
     307.704	  7
     307.856	  7
     307.994	  7
     308.156	  7
     308.338	  7
     308.494	  7
     308.674	  7
     308.838	  7
     308.996	  7
     309.212	  7
     313.064	  8
     315.176	  8
     315.508	  8
     316.142	  8
     320.054	  8
     320.166	  8
     321.064	  8
     325.280	  8
     325.362	  8
     326.744	  8
     327.108	  8
     327.528	  8
     328.048	  8
     328.788	  8
     330.130	  8
     332.384	  8
     332.818	  8
     333.164	  8
     333.732	  8
     334.278	  8
     334.862	  8
     334.918	 53
     335.574	  8
     335.574	 20
     335.574	 27
     335.584	 28
     335.584	 19
     335.684	 29
     335.824	  8
     335.854	  9
     342.546	  7
     342.680	  7
     342.814	  7
     342.958	  7
     343.124	  7
     343.266	  7
     343.406	  7
     343.564	  7
     343.706	  7
     343.846	  7
     343.980	  7
     344.106	  7
     344.244	  7
     344.390	  7
     344.516	  7
     344.652	  7
     344.812	  7
     344.922	  7
     345.052	  7
     345.184	  7
     345.332	  7
     345.462	  7
     345.598	  7
     345.742	  7
     345.882	  7
     346.026	  7
     346.174	  7
     346.320	  7
     346.496	  7
     346.610	  7
     346.738	  7
     346.872	  7
     347.002	  7
     347.148	  7
     347.296	  7
     347.490	  7
     347.626	  7
     347.760	  7
     347.910	  7
     348.056	  7
     348.190	  7
     348.336	  7
     348.490	  7
     348.616	  7
     348.780	  7
     348.904	  7
     349.086	  7
     349.256	  7
     349.404	  7
     349.570	  7
     349.702	  7
     349.890	  7
     350.024	  7
     350.156	  7
     350.314	  7
     350.464	  7
     350.604	  7
     350.746	  7
     350.892	  7
     351.058	  7
     351.250	  7
     351.392	  7
     351.522	  7
     351.678	  7
     351.818	  7
     351.968	  7
     352.108	  7
     352.248	  7
     352.388	  7
     352.524	  7
     352.672	  7
     352.820	  7
     352.968	  7
     353.122	  7
     353.272	  7
     353.434	  7
     353.592	  7
     353.744	  7
     353.926	  7
     354.070	  7
     354.194	  7
     354.338	  7
     354.470	  7
     354.614	  7
     354.764	  7
     354.898	  7
     355.030	  7
     355.206	  7
     355.378	  7
     355.522	  7
     355.704	 50
     355.714	 17
     355.930	  7
     356.444	  7
     356.792	  7
     357.002	  7
     357.136	  7
     357.364	  7
     357.870	  7
     358.152	  7
     358.276	  7
     361.544	  8
     361.816	  8
     369.800	  8
     377.260	  8
     377.414	  8
     378.862	  8
     379.146	  8
     382.174	  8
     382.642	  8
     383.016	  8
     383.334	  8
     384.032	  8
     384.606	  8
     385.052	  8
     385.378	  8
     385.660	  8
     385.714	 53
     385.916	  8
     385.916	 20
     385.916	 27
     385.926	 28
     385.926	 19
     385.942	  8
     386.026	 29
     386.196	  9
     391.580	  7
     391.702	  7
     391.862	  7
     392.030	  7
     392.158	  7
     392.312	  7
     392.488	  7
     392.648	  7
     392.802	  7
     392.962	  7
     393.112	  7
     393.244	  7
     393.382	  7
     393.524	  7
     393.682	  7
     393.830	  7
     393.966	  7
     394.094	  7
     394.220	  7
     394.394	  7
     394.502	  7
     394.638	  7
     394.780	  7
     394.920	  7
     395.082	  7
     395.244	  7
     395.394	  7
     395.540	  7
     395.680	  7
     395.884	  7
     395.998	  7
     396.120	  7
     396.252	  7
     396.386	  7
     396.530	  7
     396.686	  7
     396.862	  7
     397.028	  7
     397.184	  7
     397.340	  7
     397.502	  7
     397.706	  7
     397.856	  7
     398.008	  7
     398.148	  7
     398.334	  7
     398.442	  7
     398.572	  7
     398.710	  7
     398.848	  7
     398.980	  7
     399.152	  7
     399.322	  7
     399.496	  7
     399.656	  7
     399.798	  7
     399.994	  7
     400.136	  7
     400.286	  7
     400.406	  7
     400.542	  7
     400.692	  7
     400.880	  7
     401.230	  7
     401.494	  7
     401.638	  7
     401.822	  7
     401.952	  7
     402.094	  7
     402.224	  7
     402.356	  7
     402.496	  7
     402.626	  7
     402.778	  7
     402.972	  7
     403.124	  7
     403.288	  7
     404.346	  7
     404.480	  7
     404.606	  7
     404.752	  7
     404.924	  7
     405.084	  7
     405.238	  7
     405.388	  7
     405.534	  7
     405.684	  7
     405.866	  7
     406.022	  7
     406.046	 52
     406.056	 18
     406.182	  7
     406.326	  7
     406.476	  7
     406.608	  7
     414.974	  8
     491.458	  8
     492.376	  8
     492.792	  8
     493.314	  8
     493.668	  8
     494.136	  8
     494.642	  8
     494.966	  8
     495.608	  8
     496.074	  8
     496.514	  8
     497.372	  8
     497.778	  8
     498.848	  8
     499.726	  8
     500.368	  8
     501.096	  8
     502.404	  8
     502.570	  8
     503.050	  8
     503.340	  8
     503.852	  8
     504.540	  8
     504.834	  8
     505.248	  8
     508.260	  8
     509.178	  8
     510.324	  8
     511.344	  8
     512.000	  8
     512.362	  8
     513.964	  8
     518.170	  8
     518.566	  8
     519.086	  8
     519.424	  8
     520.326	  8
     520.708	  8
     521.240	  8
     521.714	  8
     522.162	  8
     522.768	  8
     523.480	  8
     525.104	  8
     526.056	 53
     528.614	  8
     528.614	 20
     528.614	 27
     528.624	 28
     528.624	 19
     528.724	 29
     528.866	  8
     528.894	  9
     548.744	 50
     548.754	 17
     578.754	 53
     590.910	  8
     590.910	 20
     590.910	 27
     590.920	 28
     590.920	 19
     591.020	 29
     591.168	  8
     591.190	  9
     611.040	 50
     611.050	 17
     628.398	  8
     628.816	  8
     629.318	  8
     629.860	  8
     630.218	  8
     630.714	  8
     631.124	  8
     631.506	  8
     631.802	  8
     632.670	  8
     633.610	  8
     634.092	  8
     634.736	  8
     636.364	  8
     638.978	  8
     639.332	  8
     639.642	  8
     640.268	  8
     640.766	  8
     641.046	  8
     641.050	 53
     641.860	  8
     641.860	 20
     641.860	 27
     641.870	 28
     641.870	 19
     641.970	 29
     642.126	  8
     642.140	  9
     661.990	 50
     662.000	 17
     692.000	 53
     706.260	  8
     706.260	 20
     706.260	 27
     706.270	 28
     706.270	 19
     706.370	 29
     706.532	  9
     726.390	 52
     726.400	 18
     745.902	  8
     780.912	  8
     789.258	  7
     789.392	  7
     789.798	  7
     790.160	  7
     790.342	  7
     790.878	  7
     791.054	  7
     791.360	  7
     795.650	  8
     796.318	  8
     799.246	  8
     799.594	  8
     805.216	  8
     805.536	  8
     806.520	  8
     806.800	  8
     813.028	  8
     813.690	  8
     814.150	  8
     814.314	  8
     814.904	  8
     815.246	  8
     815.638	  8
     816.000	  8
     818.796	  8
     819.276	  8
     819.522	  8
     819.878	  8
     822.050	  8
     822.294	  8
     823.028	  8
     823.406	  8
     825.808	  8
     826.118	  8
     826.476	  8
     829.544	  8
     830.118	  8
     830.596	  8
     831.034	  8
     831.462	  8
     831.836	  8
     832.332	  8
     836.404	  8
     836.702	  8
     837.024	  8
     837.412	  8
     837.762	  8
     837.978	  8
     838.400	  8
     838.806	  8
     839.072	  8
     839.584	  8
     839.736	  8
     843.272	  8
     846.400	 53
     849.816	  8
     849.816	 20
     849.816	 27
     849.826	 28
     849.826	 19
     849.926	 29
     850.086	  8
     850.096	  9
     869.946	 50
     869.956	 17
     884.212	  8
     884.834	  8
     885.258	  8
     885.850	  8
     886.270	  8
     886.354	  8
     886.850	  8
     887.580	  8
     888.614	  8
     889.402	  8
     890.156	  8
     896.234	  8
     896.476	  8
     896.786	  8
     897.352	  8
     897.722	  8
     898.012	  8
     898.720	  8
     899.258	  8
     899.428	  8
     899.956	 53
     900.286	  8
     900.286	 20
     900.286	 27
     900.296	 28
     900.296	 19
     900.396	 29
     900.566	  9
     920.416	 50
     920.426	 17
     950.088	  8
     950.242	  8
     950.426	 53
     950.454	  8
     950.454	 20
     950.454	 27
     950.464	 28
     950.464	 19
     950.564	 29
     950.734	  9
     970.584	 50
     970.594	 17
     976.032	  8
     976.862	  8
     976.956	  8
     977.672	  8
     981.682	  8
     983.012	  8
     983.604	  8
     983.908	  8
     984.638	  8
     985.026	  8
     985.468	  8
     986.258	  8
     987.028	  8
     988.920	  8
     989.186	  8
     989.662	  8
     990.392	  8
     991.086	  8
     992.828	  8
     993.220	  8
     993.656	  8
     994.270	  8
     994.776	  8
     995.486	  8
     996.094	  8
     996.910	  8
     997.534	  8
     998.246	  8
    1000.594	 53
    1001.568	  8
    1001.568	 20
    1001.568	 27
    1001.578	 28
    1001.578	 19
    1001.678	 29
    1001.840	  9
    1021.698	 50
    1021.708	 17
    1047.648	  8
    1047.844	  8
    1048.182	  8
    1048.546	  8
    1049.022	  8
    1051.708	 53
    1053.500	  8
    1053.500	 20
    1053.500	 27
    1053.510	 28
    1053.510	 19
    1053.610	 29
    1053.780	  9
    1073.630	 52
    1073.640	 18
    1074.118	  8
    1074.254	  8
    1074.618	  8
    1094.132	  8
    1094.902	  8
    1102.144	  7
    1103.568	  7
    1103.942	  7
    1106.890	  7
    1107.546	  7
    1107.684	  7
    1107.910	  7
    1108.068	  7
    1108.374	  7
    1108.504	  7
    1108.826	  7
    1110.250	  7
    1110.570	  7
    1110.988	  7
    1111.118	  7
    1115.938	  7
    1117.796	  7
    1118.836	  7
    1121.104	  8
    1121.318	  8
    1140.940	  8
    1190.658	  8
    1191.014	  8
    1193.640	 53
    1195.664	  8
    1195.664	 20
    1195.664	 27
    1195.674	 28
    1195.674	 19
    1195.774	 29
    1195.906	  8
    1195.944	  9
    1215.794	 51
    1215.804	 10
    1240.468	  8
    1241.164	  8
    1248.656	  8
    1248.940	  8
    1249.512	  8
    1249.716	  8
    1250.424	  8
    1253.136	  8
    1253.644	  8
    1254.154	  8
    1254.572	  8
    1255.060	  8
    1255.596	  8
    1256.142	  8
    1256.724	  8
    1257.106	  8
    1257.442	  8
    1257.916	  8
    1258.654	  8
    1265.912	  8
    1266.198	  8
    1266.548	  8
    1266.672	  8
    1266.788	  8
    1267.108	  8
    1267.578	  8
    1267.990	  8
    1268.494	  8
    1268.984	  8
    1269.162	  8
    1269.614	  8
    1271.756	  8
    1271.982	  8
    1272.370	  8
    1273.710	  8
    1274.130	  8
    1275.804	 53
    1277.358	  8
    1277.358	 20
    1277.358	 27
    1277.368	 28
    1277.368	 19
    1277.468	 29
    1277.638	  9
    1297.488	 50
    1297.498	 17
    1325.124	  8
    1325.586	  8
    1326.372	  8
    1326.958	  8
    1327.498	 53
    1327.504	  8
    1327.504	 20
    1327.504	 27
    1327.514	 28
    1327.514	 19
    1327.614	 29
    1327.784	  9
    1347.634	 51
    1347.644	 10
    1372.434	  8
    1382.082	  8
    1383.072	  8
    1383.908	  8
    1391.272	  8
    1397.752	  8
    1398.212	  8
    1398.636	  8
    1399.250	  8
    1399.662	  8
    1399.910	  8
    1400.486	  8
    1400.844	  8
    1401.192	  8
    1401.670	  8
    1402.542	  8
    1402.800	  8
    1403.248	  8
    1403.688	  8
    1404.120	  8
    1404.488	  8
    1404.984	  8
    1406.198	  8
    1407.644	 53
    1409.760	  8
    1409.760	 20
    1409.760	 27
    1409.770	 28
    1409.770	 19
    1409.870	 29
    1410.040	  9
    1429.890	 50
    1429.900	 17
    1450.924	  8
    1451.176	  8
    1451.854	  8
    1452.548	  8
    1453.000	  8
    1453.534	  8
    1454.286	  8
    1454.862	  8
    1455.486	  8
    1457.068	  8
    1457.720	  8
    1458.586	  8
    1458.986	  8
    1459.600	  8
    1459.900	 53
    1460.558	  8
    1460.558	 20
    1460.558	 27
    1460.568	 28
    1460.568	 19
    1460.668	 29
    1460.720	  8
    1460.838	  9
    1480.688	 51
    1480.698	 10
    1517.242	  8
    1518.018	  8
    1519.178	  8
    1519.680	  8
    1520.238	  8
    1520.676	  8
    1521.090	  8
    1521.740	  8
    1523.476	  8
    1523.942	  8
    1524.576	  8
    1525.036	  8
    1525.344	  8
    1525.760	  8
    1531.862	  8
    1532.420	  8
    1532.804	  8
    1533.418	  8
    1534.604	  8
    1534.682	  8
    1535.718	  8
    1536.132	  8
    1536.494	  8
    1537.168	  8
    1540.698	 53
    1542.102	  8
    1542.102	 20
    1542.102	 27
    1542.112	 28
    1542.112	 19
    1542.212	 29
    1542.384	  9
    1562.232	 52
    1562.242	 18
    1576.950	  7
    1577.832	  7
    1577.950	  7
    1578.274	  7
    1578.394	  7
    1578.534	  7
    1578.858	  7
    1578.992	  7
    1579.114	  7
    1579.258	  7
    1579.420	  7
    1579.562	  7
    1579.700	  7
    1579.826	  7
    1579.958	  7
    1580.090	  7
    1580.234	  7
    1580.388	  7
    1580.536	  7
    1580.692	  7
    1580.834	  7
    1580.984	  7
    1581.102	  7
    1581.232	  7
    1581.366	  7
    1581.514	  7
    1581.640	  7
    1581.802	  7
    1581.922	  7
    1582.078	  7
    1582.210	  7
    1582.348	  7
    1582.516	  7
    1582.634	  7
    1582.782	  7
    1582.908	  7
    1583.056	  7
    1583.200	  7
    1586.578	  7
    1592.142	  8
    1623.662	  7
    1624.030	  7
    1624.232	  7
    1624.420	  7
    1625.264	  7
    1625.532	  7
    1626.320	  7
    1639.770	  8
    1640.110	  8
    1640.748	  8
    1642.036	  8
    1642.440	  8
    1642.758	  8
    1643.932	  8
    1644.010	  8
    1653.154	  8
    1659.078	  8
    1659.768	  8
    1660.570	  8
    1662.908	  8
    1663.394	  8
    1664.464	  8
    1664.900	  8
    1667.802	  8
    1668.366	  8
    1668.882	  8
    1669.280	  8
    1669.996	  8
    1670.408	  8
    1671.198	  8
    1671.662	  8
    1673.928	  8
    1674.216	  8
    1674.974	  8
    1675.346	  8
    1676.202	  8
    1678.040	  8
    1678.456	  8
    1678.776	  8
    1679.312	  8
    1679.912	  8
    1680.644	  8
    1682.242	 53
    1684.306	  8
    1684.306	 20
    1684.306	 27
    1684.316	 28
    1684.316	 19
    1684.416	 29
    1684.542	  8
    1684.588	  9
    1704.436	 51
    1704.446	 10
    1718.866	  8
    1738.204	  8
    1738.782	  8
    1739.360	  8
    1739.914	  8
    1740.508	  8
    1740.828	  8
    1741.298	  8
    1742.152	  8
    1747.430	  8
    1747.656	  8
    1748.018	  8
    1748.532	  8
    1748.860	  8
    1749.326	  8
    1749.786	  8
    1750.828	  8
    1756.152	  8
    1756.308	  8
    1756.772	  8
    1757.084	  8
    1757.418	  8
    1757.814	  8
    1758.208	  8
    1758.864	  8
    1759.170	  8
    1759.630	  8
    1760.214	  8
    1762.630	  8
    1764.446	 53
    1765.492	  8
    1765.492	 20
    1765.492	 27
    1765.502	 28
    1765.502	 19
    1765.602	 29
    1765.774	  9
    1785.622	 51
    1785.632	 10
    1815.148	  8
    1815.334	  8
    1822.790	  8
    1823.070	  8
    1826.790	  8
    1826.932	  8
    1827.990	  8
    1828.512	  8
    1828.938	  8
    1829.292	  8
    1829.760	  8
    1834.026	  8
    1834.126	  8
    1834.546	  8
    1835.112	  8
    1835.292	  8
    1835.762	  8
    1836.642	  8
    1837.042	  8
    1837.556	  8
    1841.502	  8
    1842.208	  8
    1842.734	  8
    1843.214	  8
    1843.566	  8
    1844.004	  8
    1844.324	  8
    1845.056	  8
    1845.632	 53
    1848.516	  8
    1848.516	 20
    1848.516	 27
    1848.526	 28
    1848.526	 19
    1848.626	 29
    1848.796	  9
    1868.646	 50
    1868.656	 17
    1894.906	  8
    1895.068	  8
    1895.558	  8
    1895.978	  8
    1896.368	  8
    1896.630	  8
    1897.222	  8
    1897.578	  8
    1898.080	  8
    1898.656	 53
    1898.840	  8
    1898.840	 20
    1898.840	 27
    1898.850	 28
    1898.850	 19
    1898.950	 29
    1899.116	  8
    1899.120	  9
    1918.970	 50
    1918.980	 17
    1937.678	  8
    1938.660	  8
    1939.154	  8
    1939.856	  8
    1940.530	  8
    1941.106	  8
    1941.708	  8
    1942.580	  8
    1942.634	  8
    1944.070	  8
    1948.980	 53
    1951.884	  8
    1951.884	 20
    1951.884	 27
    1951.894	 28
    1951.894	 19
    1951.994	 29
    1952.164	  9
    1972.014	 52
    1972.024	 18
    1994.206	  7
    1994.452	  7
    1994.576	  7
    1994.752	  7
    1994.880	  7
    1995.170	  7
    1995.340	  7
    1995.492	  7
    1995.668	  7
    1995.798	  7
    1995.930	  7
    1996.066	  7
    1996.196	  7
    1996.336	  7
    1996.484	  7
    1996.622	  7
    1996.760	  7
    1996.900	  7
    1997.078	  7
    1997.194	  7
    1997.324	  7
    1997.472	  7
    1997.614	  7
    1997.742	  7
    1997.882	  7
    1998.014	  7
    1998.238	  7
    1998.360	  7
    1998.490	  7
    1998.638	  7
    1998.812	  7
    1998.956	  7
    1999.080	  7
    1999.230	  7
    1999.380	  7
    1999.544	  7
    1999.708	  7
    1999.858	  7
    2000.056	  7
    2000.218	  7
    2000.376	  7
    2000.522	  7
    2000.658	  7
    2000.804	  7
    2000.960	  7
    2001.106	  7
    2001.538	  7
    2001.836	  7
    2001.954	  7
    2002.110	  7
    2002.244	  7
    2002.398	  7
    2002.552	  7
    2003.222	  7
    2003.334	  7
    2003.926	  7
    2004.084	  7
    2004.208	  7
    2004.406	  7
    2004.556	  7
    2004.694	  7
    2004.862	  7
    2005.006	  7
    2005.372	  7
    2005.480	  7
    2005.612	  7
    2006.798	  7
    2007.152	  7
    2007.300	  7
    2007.470	  7
    2007.618	  7
    2007.790	  7
    2007.934	  7
    2008.074	  7
    2008.210	  7
    2008.528	  7
    2008.654	  7
    2008.786	  7
    2008.918	  7
    2009.076	  7
    2009.276	  7
    2009.420	  7
    2009.606	  7
    2009.752	  7
    2009.902	  7
    2010.064	  7
    2010.202	  7
    2010.352	  7
    2010.514	  7
    2010.672	  7
    2010.816	  7
    2010.994	  7
    2011.118	  7
    2011.256	  7
    2011.398	  7
    2011.544	  7
    2011.700	  7
    2011.854	  7
    2012.022	  7
    2012.184	  7
    2012.360	  7
    2012.520	  7
    2012.992	  7
    2013.122	  7
    2013.262	  7
    2013.402	  7
    2013.546	  7
    2013.722	  7
    2013.894	  7
    2014.048	  7
    2014.220	  7
    2014.360	  7
    2015.250	  7
    2015.392	  7
    2015.542	  7
    2015.684	  7
    2015.902	  7
    2016.056	  7
    2016.362	  7
    2016.532	  7
    2016.660	  7
    2016.802	  7
    2016.972	  7
    2017.114	  7
    2017.282	  7
    2017.434	  7
    2017.602	  7
    2017.802	  7
    2018.428	  7
    2018.554	  7
    2018.694	  7
    2018.884	  7
    2019.682	  7
    2019.876	  7
    2019.990	  7
    2020.170	  7
    2021.068	  7
    2021.214	  7
    2021.348	  7
    2021.526	  7
    2021.660	  7
    2021.816	  7
    2022.008	  7
    2022.170	  7
    2022.362	  7
    2023.374	  7
    2023.514	  7
    2023.658	  7
    2023.832	  7
    2023.968	  7
    2024.120	  7
    2024.278	  7
    2024.430	  7
    2024.594	  7
    2024.742	  7
    2024.886	  7
    2025.066	  7
    2025.252	  7
    2025.596	  7
    2025.732	  7
    2025.872	  7
    2026.026	  7
    2026.226	  7
    2026.368	  7
    2026.530	  7
    2026.680	  7
    2027.950	  7
    2028.094	  7
    2028.238	  7
    2028.388	  7
    2028.538	  7
    2028.702	  7
    2028.862	  7
    2029.022	  7
    2029.180	  7
    2029.792	  7
    2029.928	  7
    2030.066	  7
    2030.204	  7
    2030.364	  7
    2031.206	  7
    2031.382	  7
    2031.522	  7
    2031.696	  7
    2031.866	  7
    2032.182	  7
    2033.434	  7
    2033.586	  7
    2033.712	  7
    2033.858	  7
    2033.996	  7
    2034.160	  7
    2034.314	  7
    2034.478	  7
    2035.636	  7
    2037.656	  7
    2037.804	  7
    2038.728	  7
    2038.854	  7
    2039.970	  7
    2040.102	  7
    2040.256	  7
    2040.430	  7
    2040.604	  7
    2040.768	  7
    2040.942	  7
    2041.112	  7
    2041.276	  7
    2041.426	  7
    2041.572	  7
    2041.718	  7
    2041.898	  7
    2042.070	  7
    2042.250	  7
    2042.440	  7
    2042.634	  7
    2042.870	  7
    2043.192	  7
    2043.334	  7
    2043.500	  7
    2043.664	  7
    2043.820	  7
    2043.976	  7
    2044.138	  7
    2044.328	  7
    2044.484	  7
    2044.622	  7
    2044.792	  7
    2044.930	  7
    2045.082	  7
    2045.240	  7
    2045.384	  7
    2045.566	  7
    2045.702	  7
    2045.846	  7
    2046.020	  7
    2046.200	  7
    2092.024	 53
    2093.578	  8
    2093.578	 20
    2093.578	 27
    2093.588	 28
    2093.588	 19
    2093.688	 29
    2093.794	  8
    2093.860	  9
    2113.708	 51
    2113.718	 10
    2141.328	  8
    2149.906	  8
    2150.114	  8
    2150.134	  8
    2150.646	  8
    2151.462	  8
    2152.222	  8
    2160.200	  8
    2160.322	  8
    2160.956	  8
    2161.116	  8
    2161.302	  8
    2162.052	  8
    2162.472	  8
    2162.992	  8
    2163.728	  8
    2164.498	  8
    2165.228	  8
    2165.530	  8
    2165.556	  8
    2166.200	  8
    2166.614	  8
    2166.884	  8
    2167.158	  8
    2167.928	  8
    2168.350	  8
    2168.782	  8
    2169.274	  8
    2171.092	  8
    2171.448	  8
    2171.774	  8
    2172.390	  8
    2172.664	  8
    2172.874	  8
    2173.718	 53
    2173.892	  8
    2173.892	 20
    2173.892	 27
    2173.902	 28
    2173.902	 19
    2174.002	 29
    2174.142	  8
    2174.174	  9
    2194.022	 50
    2194.032	 17
    2211.432	  8
    2211.756	  8
    2212.136	  8
    2212.552	  8
    2212.908	  8
    2213.344	  8
    2213.666	  8
    2213.890	  8
    2214.710	  8
    2215.374	  8
    2216.370	  8
    2216.796	  8
    2216.956	  8
    2217.478	  8
    2220.344	  8
    2220.776	  8
    2221.544	  8
    2222.218	  8
    2222.604	  8
    2222.714	  8
    2223.008	  8
    2223.462	  8
    2223.826	  8
    2224.032	 53
    2227.556	  8
    2227.556	 20
    2227.556	 27
    2227.566	 28
    2227.566	 19
    2227.666	 29
    2227.746	  8
    2227.838	  9
    2247.686	 50
    2247.696	 17
    2274.522	  8
    2277.696	 53
    2278.998	  8
    2278.998	 20
    2278.998	 27
    2279.008	 28
    2279.008	 19
    2279.108	 29
    2279.226	  8
    2279.280	  9
    2299.128	 51
    2299.138	 10
    2332.354	  7
    2333.904	  7
    2334.126	  7
    2334.292	  7
    2334.770	  7
    2334.966	  7
    2335.162	  7
    2335.598	  7
    2335.900	  7
    2336.622	  7
    2338.454	  8
    2338.536	  8
    2339.666	  8
    2344.294	  8
    2344.352	  8
    2346.004	  8
    2346.258	  8
    2346.936	  8
    2353.684	  8
    2353.944	  8
    2359.138	 53
    2360.462	  8
    2360.462	 20
    2360.462	 27
    2360.472	 28
    2360.472	 19
    2360.572	 29
    2360.676	  8
    2360.744	  9
    2380.592	 51
    2380.602	 10
    2403.020	  8
    2403.360	  8
    2408.830	  8
    2409.010	  8
    2409.614	  8
    2413.114	  8
    2413.352	  8
    2413.602	  8
    2414.056	  8
    2414.792	  8
    2415.494	  8
    2415.844	  8
    2422.390	  8
    2422.774	  8
    2423.148	  8
    2423.666	  8
    2424.122	  8
    2424.704	  8
    2425.908	  8
    2427.076	  8
    2430.324	  8
    2430.842	  8
    2431.352	  8
    2431.846	  8
    2432.230	  8
    2432.660	  8
    2432.866	  8
    2433.072	  8
    2433.810	  8
    2435.026	  8
    2435.346	  8
    2435.848	  8
    2436.398	  8
    2436.576	  8
    2437.066	  8
    2437.590	  8
    2440.602	 53
    2441.200	  8
    2441.200	 20
    2441.200	 27
    2441.210	 28
    2441.210	 19
    2441.310	 29
    2441.482	  9
    2461.330	 50
    2461.340	 17
    2491.340	 53
    2493.776	  8
    2493.776	 20
    2493.776	 27
    2493.786	 28
    2493.786	 19
    2493.886	 29
    2494.058	  9
    2513.906	 52
    2513.916	 18
    2558.046	  8
    2558.506	  8
    2569.262	  8
    2571.044	  8
    2572.166	  8
    2590.412	  8
    2590.572	  8
    2591.162	  8
    2591.720	  8
    2592.268	  8
    2592.764	  8
    2593.502	  8
    2594.042	  8
    2594.528	  8
    2594.996	  8
    2595.554	  8
    2595.884	  8
    2596.316	  8
    2597.312	  8
    2598.184	  8
    2598.510	  8
    2599.748	  8
    2600.266	  8
    2601.094	  8
    2601.266	  8
    2601.838	  8
    2602.428	  8
    2602.944	  8
    2603.398	  8
    2604.080	  8
    2604.516	  8
    2605.620	  8
    2608.972	  8
    2609.528	  8
    2609.878	  8
    2610.422	  8
    2610.754	  8
    2611.092	  8
    2612.092	  8
    2613.334	  8
    2613.550	  8
    2614.088	  8
    2614.800	  8
    2615.476	  8
    2618.356	  8
    2618.964	  8
    2619.412	  8
    2619.874	  8
    2620.476	  8
    2620.932	  8
    2621.364	  8
    2622.136	  8
    2622.554	  8
    2624.936	  8
    2628.508	  8
    2628.998	  8
    2629.894	  8
    2630.326	  8
    2630.912	  8
    2631.448	  8
    2631.748	  8
    2632.220	  8
    2632.722	  8
    2633.610	  8
    2633.916	 53
    2633.966	  8
    2633.966	 20
    2633.966	 27
    2633.976	 28
    2633.976	 19
    2634.076	 29
    2634.248	  9
    2654.096	 50
    2654.106	 17
    2668.688	  8
    2668.728	  8
    2671.756	  8
    2672.240	  8
    2672.668	  8
    2672.808	  8
    2673.318	  8
    2673.656	  8
    2674.164	  8
    2674.616	  8
    2676.896	  8
    2678.646	  8
    2680.610	  8
    2680.720	  8
    2681.126	  8
    2681.834	  8
    2682.430	  8
    2682.866	  8
    2683.320	  8
    2683.714	  8
    2684.010	  8
    2684.106	 53
    2686.368	  8
    2686.368	 20
    2686.368	 27
    2686.378	 28
    2686.378	 19
    2686.478	 29
    2686.650	  9
    2706.498	 52
    2706.508	 18
    2762.094	  8
    2762.646	  8
    2763.668	  8
    2764.458	  8
    2765.176	  8
    2766.118	  8
    2766.636	  8
    2768.954	  8
    2769.340	  8
    2769.768	  8
    2770.406	  8
    2770.818	  8
    2771.354	  8
    2772.126	  8
    2773.226	  8
    2774.582	  8
    2775.212	  8
    2775.802	  8
    2778.522	  8
    2778.592	  8
    2779.036	  8
    2781.320	  8
    2781.918	  8
    2782.312	  8
    2783.108	  8
    2783.718	  8
    2784.974	  8
    2785.680	  8
    2785.972	  8
    2786.854	  8
    2787.386	  8
    2787.876	  8
    2791.920	  8
    2792.526	  8
    2793.320	  8
    2793.766	  8
    2793.896	  8
    2794.432	  8
    2794.788	  8
    2795.334	  8
    2795.862	  8
    2796.722	  8
    2797.036	  8
    2797.356	  8
    2798.234	  8
    2798.882	  8
    2799.320	  8
    2803.022	  8
    2803.338	  8
    2803.960	  8
    2804.256	  8
    2804.744	  8
    2804.804	  8
    2805.428	  8
    2806.220	  8
    2806.572	  8
    2807.192	  8
    2809.192	  8
    2809.486	  8
    2810.204	  8
    2810.828	  8
    2811.554	  8
    2815.026	  8
    2815.250	  8
    2815.920	  8
    2816.412	  8
    2816.802	  8
    2817.366	  8
    2817.556	  8
    2818.100	  8
    2818.698	  8
    2819.156	  8
    2819.692	  8
    2823.290	  8
    2823.776	  8
    2824.490	  8
    2825.030	  8
    2825.784	  8
    2826.246	  8
    2826.508	 53
    2832.052	  8
    2832.052	 20
    2832.052	 27
    2832.062	 28
    2832.062	 19
    2832.162	 29
    2832.294	  8
    2832.334	  9
    2852.182	 52
    2852.192	 18
    2887.980	  8
    2899.228	  8
    2899.380	  8
    2909.446	  8
    2918.450	  8
    2918.630	  8
    2919.736	  8
    2920.282	  8
    2920.826	  8
    2921.300	  8
    2921.908	  8
    2922.494	  8
    2923.054	  8
    2923.890	  8
    2924.190	  8
    2924.872	  8
    2925.970	  8
    2927.594	  8
    2928.040	  8
    2928.606	  8
    2929.092	  8
    2929.746	  8
    2930.242	  8
    2930.834	  8
    2932.304	  8
    2932.920	  8
    2933.624	  8
    2939.610	  8
    2939.770	  8
    2940.236	  8
    2940.832	  8
    2941.414	  8
    2941.814	  8
    2942.560	  8
    2943.366	  8
    2944.132	  8
    2944.500	  8
    2945.276	  8
    2945.972	  8
    2946.700	  8
    2947.204	  8
    2947.440	  8
    2949.820	  8
    2950.188	  8
    2950.612	  8
    2951.328	  8
    2951.866	  8
    2952.450	  8
    2953.120	  8
    2953.524	  8
    2953.958	  8
    2954.400	  8
    2954.746	  8
    2955.138	  8
    2955.354	  8
    2957.780	  8
    2958.342	  8
    2958.854	  8
    2959.362	  8
    2960.060	  8
    2960.908	  8
    2961.870	  8
    2964.718	  8
    2965.234	  8
    2965.904	  8
    2966.514	  8
    2966.842	  8
    2966.902	  8
    2967.192	  8
    2967.772	  8
    2968.250	  8
    2968.388	  8
    2970.650	  8
    2971.160	  8
    2971.756	  8
    2972.192	 53
    2976.436	  8
    2976.436	 20
    2976.436	 27
    2976.446	 28
    2976.446	 19
    2976.546	 29
    2976.718	  9
    2996.566	 50
    2996.576	 17
    3019.856	  8
    3020.486	  8
    3021.030	  8
    3021.412	  8
    3021.792	  8
    3022.094	  8
    3022.224	  8
    3022.618	  8
    3022.972	  8
    3023.366	  8
    3024.634	  8
    3025.124	  8
    3025.226	  8
    3025.828	  8
    3026.576	 53
    3028.690	  8
    3028.690	 20
    3028.690	 27
    3028.700	 28
    3028.700	 19
    3028.800	 29
    3028.906	  8
    3028.972	  9
    3048.820	 50
    3048.830	 17
    3074.588	  8
    3074.758	  8
    3075.194	  8
    3075.828	  8
    3076.410	  8
    3078.354	  8
    3078.830	 53
    3079.044	  8
    3079.044	 20
    3079.044	 27
    3079.054	 28
    3079.054	 19
    3079.154	 29
    3079.326	  9
    3099.174	 50
    3099.184	 17
    3128.848	  8
    3129.018	  8
    3129.184	 53
    3129.694	  8
    3129.694	 20
    3129.694	 27
    3129.704	 28
    3129.704	 19
    3129.804	 29
    3129.904	  8
    3129.976	  9
    3149.824	 51
    3149.834	 10
    3164.630	  8
    3177.374	  8
    3177.658	  8
    3178.640	  8
    3179.912	  8
    3187.572	  8
    3187.764	  8
    3188.566	  8
    3193.438	  8
    3193.850	  8
    3194.258	  8
    3194.866	  8
    3202.282	  8
    3202.486	  8
    3202.930	  8
    3203.494	  8
    3203.914	  8
    3204.326	  8
    3205.494	  8
    3206.166	  8
    3207.058	  8
    3209.834	 53
    3211.716	  8
    3211.716	 20
    3211.716	 27
    3211.726	 28
    3211.726	 19
    3211.826	 29
    3211.998	  9
    3231.846	 51
    3231.856	 10
    3246.022	  7
    3246.196	  7
    3246.320	  7
    3246.490	  7
    3246.794	  7
    3246.942	  7
    3247.086	  7
    3247.208	  7
    3247.346	  7
    3247.468	  7
    3247.610	  7
    3247.746	  7
    3247.886	  7
    3248.028	  7
    3248.178	  7
    3248.314	  7
    3248.452	  7
    3248.592	  7
    3248.724	  7
    3248.864	  7
    3249.008	  7
    3249.144	  7
    3249.286	  7
    3249.476	  7
    3249.592	  7
    3249.734	  7
    3249.884	  7
    3250.028	  7
    3250.178	  7
    3250.322	  7
    3250.464	  7
    3250.604	  7
    3250.746	  7
    3250.898	  7
    3251.040	  7
    3251.216	  7
    3251.398	  7
    3251.522	  7
    3251.648	  7
    3251.794	  7
    3251.944	  7
    3252.088	  7
    3252.232	  7
    3252.370	  7
    3252.514	  7
    3252.656	  7
    3252.802	  7
    3253.004	  7
    3253.122	  7
    3253.264	  7
    3253.402	  7
    3253.544	  7
    3253.690	  7
    3253.842	  7
    3253.984	  7
    3254.192	  7
    3254.326	  7
    3254.464	  7
    3254.602	  7
    3254.754	  7
    3254.852	  7
    3255.052	  7
    3255.172	  7
    3255.316	  7
    3255.488	  7
    3255.604	  7
    3255.766	  7
    3255.970	  7
    3256.108	  7
    3256.260	  7
    3256.404	  7
    3256.552	  7
    3256.722	  7
    3256.870	  7
    3257.022	  7
    3257.170	  7
    3257.330	  7
    3257.508	  7
    3257.666	  7
    3257.862	  7
    3257.994	  7
    3258.130	  7
    3258.282	  7
    3258.432	  7
    3258.584	  7
    3258.740	  7
    3258.886	  7
    3259.048	  7
    3259.210	  7
    3259.372	  7
    3259.564	  7
    3259.720	  7
    3259.860	  7
    3260.012	  7
    3260.156	  7
    3260.294	  7
    3260.446	  7
    3260.592	  7
    3260.736	  7
    3260.900	  7
    3261.074	  7
    3261.274	  7
    3261.434	  7
    3261.574	  7
    3261.716	  7
    3261.860	  7
    3262.008	  7
    3262.156	  7
    3262.302	  7
    3262.490	  7
    3262.616	  7
    3262.756	  7
    3262.898	  7
    3263.050	  7
    3263.220	  7
    3263.384	  7
    3263.550	  7
    3263.722	  7
    3263.872	  7
    3264.086	  7
    3264.226	  7
    3264.372	  7
    3264.540	  7
    3264.686	  7
    3264.830	  7
    3264.972	  7
    3265.166	  7
    3265.300	  7
    3265.448	  7
    3265.962	  7
    3266.106	  7
    3266.282	  7
    3267.290	  7
    3267.412	  7
    3267.548	  7
    3267.698	  7
    3267.878	  7
    3268.084	  7
    3268.288	  7
    3268.444	  7
    3268.664	  7
    3268.810	  7
    3270.206	  7
    3270.348	  7
    3270.514	  7
    3270.672	  7
    3270.840	  7
    3271.020	  7
    3271.174	  7
    3271.348	  7
    3271.500	  7
    3271.652	  7
    3271.806	  7
    3271.974	  7
    3272.132	  7
    3272.272	  7
    3272.418	  7
    3272.562	  7
    3272.736	  7
    3272.914	  7
    3273.134	  7
    3274.088	  7
    3274.236	  7
    3275.104	  7
    3275.256	  7
    3275.412	  7
    3275.556	  7
    3275.810	  7
    3275.932	  7
    3277.288	  7
    3277.446	  7
    3277.620	  7
    3277.766	  7
    3278.012	  7
    3278.178	  7
    3278.354	  7
    3278.484	  7
    3278.664	  7
    3278.832	  7
    3279.000	  7
    3279.208	  7
    3279.354	  7
    3279.500	  7
    3279.646	  7
    3279.782	  7
    3279.928	  7
    3280.072	  7
    3280.208	  7
    3280.368	  7
    3280.520	  7
    3280.676	  7
    3280.832	  7
    3281.058	  7
    3281.204	  7
    3281.378	  7
    3281.564	  7
    3281.712	  7
    3282.538	  7
    3285.304	  8
    3285.478	  8
    3285.886	  8
    3286.526	  8
    3286.984	  8
    3287.452	  8
    3287.968	  8
    3288.608	  8
    3289.682	  8
    3290.466	  8
    3290.606	  8
    3291.248	  8
    3291.324	  8
    3291.644	  8
    3291.856	 53
    3292.310	  8
    3292.310	 20
    3292.310	 27
    3292.320	 28
    3292.320	 19
    3292.420	 29
    3292.592	  9
    3292.594	  8
    3312.440	 50
    3312.450	 17
    3326.020	  8
    3326.944	  8
    3327.496	  8
    3328.404	  8
    3328.696	  8
    3329.178	  8
    3329.750	  8
    3330.522	  8
    3331.162	  8
    3333.102	  8
    3333.286	  8
    3333.930	  8
    3334.568	  8
    3335.064	  8
    3335.484	  8
    3336.272	  8
    3336.788	  8
    3337.532	  8
    3337.832	  8
    3338.356	  8
    3340.560	  8
    3342.450	 53
    3342.510	  8
    3342.510	 20
    3342.510	 27
    3342.520	 28
    3342.520	 19
    3342.620	 29
    3342.792	  9
    3362.640	 52
    3362.650	 18
    3411.056	  7
    3411.574	  7
    3411.694	  7
    3411.912	  7
    3412.318	  7
    3412.508	  7
    3412.988	  7
    3413.294	  7
    3413.916	  7
    3414.150	  7
    3414.284	  7
    3415.754	  7
    3415.906	  7
    3416.036	  7
    3416.410	  7
    3416.862	  7
    3420.448	  7
    3420.608	  7
    3421.396	  7
    3421.776	  7
    3421.914	  7
    3422.480	  7
    3422.890	  7
    3423.078	  7
    3428.006	  7
    3428.096	  7
    3428.284	  7
    3428.392	  7
    3428.674	  7
    3428.782	  7
    3428.888	  7
    3429.310	  7
    3429.464	  7
    3429.670	  7
    3432.050	  7
    3433.252	  7
    3433.454	  7
    3435.622	  7
    3435.806	  7
    3436.034	  7
    3436.214	  7
    3436.462	  7
    3436.654	  7
    3436.848	  7
    3437.264	  7
    3440.490	  7
    3440.936	  7
    3441.200	  7
    3441.256	  7
    3441.314	  7
    3441.666	  7
    3441.826	  7
    3442.308	  7
    3448.624	  7
    3448.866	  7
    3449.088	  7
    3449.710	  7
    3452.762	  7
    3452.906	  7
    3453.018	  7
    3453.264	  7
    3453.368	  7
    3453.622	  7
    3453.716	  7
    3459.070	  7
    3459.984	  7
    3460.102	  7
    3460.224	  7
    3460.322	  7
    3460.758	  7
    3468.324	  7
    3468.558	  7
    3468.692	  7
    3468.850	  7
    3469.076	  7
    3469.184	  7
    3469.354	  7
    3469.544	  7
    3469.686	  7
    3469.964	  7
    3471.138	  7
    3471.278	  7
    3471.366	  7
    3471.502	  7
    3471.636	  7
    3471.874	  7
    3472.034	  7
    3472.488	  7
    3474.822	  7
    3476.126	  7
    3476.428	  7
    3477.100	  7
    3477.380	  7
    3478.170	  7
    3478.862	  7
    3479.086	  7
    3479.268	  7
    3479.452	  7
    3479.634	  7
    3480.210	  7
    3482.650	 53
    3482.912	  8
    3482.912	 20
    3482.912	 27
    3482.922	 28
    3482.922	 19
    3483.022	 29
    3483.166	  8
    3483.194	  9
    3492.128	  8
    3503.042	 52
    3503.052	 18
    3504.364	  8
    3504.746	  8
    3515.858	  7
    3516.978	  7
    3517.442	  7
    3517.656	  7
    3517.820	  7
    3517.982	  7
    3521.178	  7
    3521.942	  7
    3522.108	  7
    3522.250	  7
    3524.060	  7
    3524.746	  7
    3524.790	  7
    3525.080	  7
    3525.538	  7
    3525.606	  7
    3527.226	  7
    3527.922	  7
    3528.068	  7
    3528.518	  7
    3528.728	  7
    3530.096	  7
    3530.360	  7
    3530.454	  7
    3530.676	  7
    3531.100	  7
    3531.284	  7
    3531.494	  7
    3531.726	  7
    3531.808	  7
    3532.162	  7
    3532.822	  7
    3532.976	  7
    3533.066	  7
    3533.202	  7
    3533.240	  7
    3533.344	  7
    3533.480	  7
    3533.576	  7
    3533.862	  7
    3535.342	  7
    3535.456	  7
    3535.584	  7
    3535.748	  7
    3536.008	  7
    3537.932	  8
    3538.188	  8
    3538.816	  8
    3557.576	  8
    3557.734	  8
    3557.762	  8
    3561.418	  8
    3561.770	  8
    3562.612	  8
    3574.372	  8
    3574.952	  8
    3575.442	  8
    3576.460	  8
    3577.004	  8
    3577.694	  8
    3578.394	  8
    3581.162	  8
    3581.348	  8
    3581.734	  8
    3582.398	  8
    3582.822	  8
    3589.572	  8
    3589.618	  8
    3590.182	  8
    3590.870	  8
    3591.342	  8
    3591.988	  8
    3592.396	  8
    3592.904	  8
    3593.326	  8
    3595.992	  8
    3596.656	  8
    3596.852	  8
    3597.260	  8
    3597.754	  8
    3600.306	  8
    3601.342	  8
    3610.184	  8
    3610.222	  8
    3610.520	  8
    3611.188	  8
    3611.758	  8
    3612.322	  8
    3612.766	  8
    3613.316	  8
    3614.126	  8
    3619.448	  8
    3619.812	  8
    3620.718	  8
    3621.348	  8
    3621.442	  8
    3621.996	  8
    3622.806	  8
    3623.052	 53
    3623.586	  8
    3623.586	 20
    3623.586	 27
    3623.596	 28
    3623.596	 19
    3623.696	 29
    3623.868	  9
    3643.716	 50
    3643.726	 17
    3657.082	  8
    3663.352	  8
    3669.430	  8
    3669.632	  8
    3670.316	  8
    3670.402	  8
    3670.960	  8
    3673.726	 53
    3674.728	  8
    3674.728	 20
    3674.728	 27
    3674.738	 28
    3674.738	 19
    3674.838	 29
    3674.958	  8
    3675.010	  9
    3694.858	 52
    3694.868	 18
    3789.592	  8
    3789.918	  8
    3790.582	  8
    3791.160	  8
    3791.592	  8
    3792.234	  8
    3792.374	  8
    3793.162	  8
    3793.660	  8
    3793.802	  8
    3794.338	  8
    3794.944	  8
    3795.440	  8
    3796.074	  8
    3796.746	  8
    3797.146	  8
    3797.314	  8
    3798.556	  8
    3799.174	  8
    3799.620	  8
    3800.196	  8
    3800.678	  8
    3801.232	  8
    3801.476	  8
    3801.806	  8
    3802.054	  8
    3804.848	  8
    3806.462	  8
    3806.586	  8
    3807.052	  8
    3807.480	  8
    3808.094	  8
    3808.446	  8
    3809.074	  8
    3809.728	  8
    3810.106	  8
    3810.146	  8
    3810.840	  8
    3814.306	  8
    3814.816	  8
    3814.868	 53
    3815.192	  8
    3815.192	 20
    3815.192	 27
    3815.202	 28
    3815.202	 19
    3815.302	 29
    3815.356	  8
    3815.474	  9
    3835.322	 52
    3835.332	 18
    3885.144	  8
    3885.418	  8
    3886.722	  8
    3887.522	  8
    3897.812	  8
    3898.186	  8
    3898.638	  8
    3899.182	  8
    3899.476	  8
    3900.684	  8
    3901.094	  8
    3901.242	  8
    3907.368	  8
    3907.770	  8
    3917.184	  8
    3917.322	  8
    3918.204	  8
    3918.592	  8
    3919.378	  8
    3919.858	  8
    3920.012	  8
    3932.680	  8
    3932.822	  8
    3933.266	  8
    3933.632	  8
    3934.182	  8
    3934.558	  8
    3935.098	  8
    3935.490	  8
    3936.056	  8
    3936.406	  8
    3936.630	  8
    3936.766	  8
    3936.858	  8
    3937.340	  8
    3937.716	  8
    3938.098	  8
    3938.598	  8
    3938.994	  8
    3939.172	  8
    3939.670	  8
    3940.464	  8
    3941.166	  8
    3941.224	  8
    3941.650	  8
    3946.108	  8
    3946.700	  8
    3947.250	  8
    3947.580	  8
    3948.006	  8
    3948.364	  8
    3948.436	  8
    3949.064	  8
    3949.594	  8
    3950.006	  8
    3950.438	  8
    3952.852	  8
    3952.998	  8
    3953.548	  8
    3953.672	  8
    3953.778	  8
    3954.194	  8
    3955.050	  8
    3955.332	 53
    3955.520	  8
    3955.520	 20
    3955.520	 27
    3955.530	 28
    3955.530	 19
    3955.630	 29
    3955.802	  9
    3955.804	  8
    3971.838	  8
    3975.650	 51
    3975.660	 10
    4003.054	  8
    4003.876	  8
    4018.628	  8
    4019.010	  8
    4019.790	  8
    4024.512	  8
    4024.760	  8
    4025.390	  8
    4026.474	  8
    4028.956	  8
    4029.370	  8
    4030.166	  8
    4030.566	  8
    4031.464	  8
    4032.404	  8
    4033.172	  8
    4035.068	  8
    4035.364	  8
    4035.660	 53
    4035.974	  8
    4035.974	 20
    4035.974	 27
    4035.984	 28
    4035.984	 19
    4036.084	 29
    4036.218	  8
    4036.256	  9
    4056.104	 52
    4056.114	 18
    4075.718	  7
    4075.880	  7
    4076.362	  7
    4076.518	  7
    4076.660	  7
    4077.294	  7
    4077.452	  7
    4079.834	  7
    4080.092	  7
    4080.268	  7
    4080.628	  7
    4080.686	  7
    4081.964	  7
    4082.504	  7
    4082.980	  7
    4083.426	  7
    4083.854	  7
    4084.422	  7
    4084.866	  7
    4085.052	  7
    4085.382	  7
    4085.482	  7
    4085.684	  7
    4086.144	  7
    4086.682	  7
    4087.012	  7
    4087.754	  7
    4087.844	  7
    4088.190	  7
    4088.298	  7
    4088.438	  7
    4089.084	  7
    4089.286	  7
    4089.446	  7
    4089.522	  7
    4089.616	  7
    4090.208	  7
    4090.504	  7
    4090.680	  7
    4090.910	  7
    4091.468	  7
    4091.894	  7
    4092.076	  7
    4092.234	  7
    4092.374	  7
    4092.484	  7
    4092.658	  7
    4093.222	  7
    4093.524	  7
    4093.658	  7
    4094.026	  7
    4095.516	  7
    4095.754	  7
    4096.800	  7
    4097.020	  7
    4097.244	  7
    4097.752	  7
    4098.750	  7
    4098.864	  7
    4099.368	  7
    4099.988	  7
    4100.138	  7
    4100.298	  7
    4100.876	  7
    4101.780	  7
    4102.150	  7
    4102.264	  7
    4102.294	  7
    4102.402	  7
    4102.548	  7
    4103.170	  7
    4103.284	  7
    4103.596	  7
    4103.716	  7
    4104.172	  7
    4104.896	  7
    4106.444	  7
    4106.572	  7
    4109.634	  7
    4109.772	  7
    4109.930	  7
    4110.074	  7
    4110.236	  7
    4110.382	  7
    4110.518	  7
    4110.658	  7
    4110.830	  7
    4110.956	  7
    4111.082	  7
    4111.218	  7
    4111.350	  7
    4111.494	  7
    4111.636	  7
    4111.826	  7
    4111.960	  7
    4112.090	  7
    4112.240	  7
    4112.382	  7
    4112.534	  7
    4112.672	  7
    4112.840	  7
    4113.032	  7
    4113.158	  7
    4113.296	  7
    4113.452	  7
    4113.590	  7
    4113.742	  7
    4113.888	  7
    4114.050	  7
    4114.230	  7
    4114.350	  7
    4114.496	  7
    4114.620	  7
    4114.754	  7
    4114.900	  7
    4115.052	  7
    4115.208	  7
    4115.372	  7
    4115.518	  7
    4115.712	  7
    4115.848	  7
    4115.990	  7
    4116.134	  7
    4116.276	  7
    4116.424	  7
    4116.568	  7
    4116.730	  7
    4116.952	  7
    4117.092	  7
    4117.234	  7
    4117.386	  7
    4117.534	  7
    4117.676	  7
    4117.818	  7
    4117.962	  7
    4118.162	  7
    4118.310	  7
    4118.450	  7
    4118.614	  7
    4118.758	  7
    4118.912	  7
    4119.072	  7
    4119.228	  7
    4119.386	  7
    4119.570	  7
    4119.696	  7
    4119.846	  7
    4119.996	  7
    4120.164	  7
    4120.316	  7
    4120.466	  7
    4120.616	  7
    4120.812	  7
    4120.926	  7
    4121.062	  7
    4121.204	  7
    4121.336	  7
    4121.476	  7
    4121.640	  7
    4121.838	  7
    4121.974	  7
    4122.140	  7
    4122.294	  7
    4122.442	  7
    4122.598	  7
    4122.754	  7
    4122.914	  7
    4123.130	  7
    4123.264	  7
    4123.398	  7
    4123.542	  7
    4123.688	  7
    4123.836	  7
    4123.990	  7
    4124.158	  7
    4124.324	  7
    4124.494	  7
    4124.696	  7
    4124.836	  7
    4124.970	  7
    4125.112	  7
    4125.258	  7
    4125.408	  7
    4125.562	  7
    4125.708	  7
    4125.854	  7
    4126.036	  7
    4126.196	  7
    4126.348	  7
    4126.492	  7
    4126.642	  7
    4126.790	  7
    4126.938	  7
    4127.112	  7
    4127.274	  7
    4127.426	  7
    4127.624	  7
    4127.774	  7
    4127.908	  7
    4128.048	  7
    4128.192	  7
    4128.334	  7
    4128.492	  7
    4128.630	  7
    4128.818	  7
    4128.960	  7
    4129.408	  7
    4129.530	  7
    4129.704	  7
    4129.824	  7
    4129.966	  7
    4130.094	  7
    4130.246	  7
    4130.406	  7
    4130.550	  7
    4130.708	  7
    4130.866	  7
    4131.046	  7
    4131.172	  7
    4131.314	  7
    4131.458	  7
    4131.602	  7
    4131.750	  7
    4131.892	  7
    4132.040	  7
    4132.208	  7
    4132.292	  7
    4132.424	  7
    4132.558	  7
    4132.708	  7
    4132.850	  7
    4133.014	  7
    4133.194	  7
    4133.364	  7
    4133.510	  7
    4133.678	  7
    4133.832	  7
    4134.022	  7
    4134.266	  7
    4134.400	  7
    4134.524	  7
    4134.688	  7
    4136.858	  8
    4138.330	  8
    4138.864	  8
    4139.698	  8
    4140.096	  8
    4140.154	  8
    4140.744	  8
    4140.982	  8
    4141.228	  8
    4141.806	  8
    4142.386	  8
    4142.674	  8
    4142.954	  8
    4143.708	  8
    4144.398	  8
    4145.036	  8
    4145.418	  8
    4145.602	  8
    4145.824	  8
    4146.014	  8
    4146.618	  8
    4146.710	  8
    4151.376	  8
    4151.534	  8
    4152.004	  8
    4152.382	  8
    4152.850	  8
    4153.252	  8
    4153.940	  8
    4154.266	  8
    4155.122	  8
    4155.426	  8
    4155.798	  8
    4156.306	  8
    4156.648	  8
    4156.940	  8
    4159.766	  8
    4161.930	  8
    4162.490	  8
    4163.144	  8
    4163.410	  8
    4163.756	  8
    4164.282	  8
    4164.840	  8
    4165.108	  8
    4165.462	  8
    4165.830	  8
    4166.304	  8
    4166.876	  8
    4167.578	  8
    4168.098	  8
    4171.482	  8
    4171.806	  8
    4172.228	  8
    4172.646	  8
    4173.164	  8
    4173.616	  8
    4174.574	  8
    4174.852	  8
    4175.152	  8
    4176.028	  8
    4176.114	 53
    4176.422	  8
    4176.422	 20
    4176.422	 27
    4176.432	 28
    4176.432	 19
    4176.532	 29
    4176.704	  9
    4196.552	 50
    4196.562	 17
    4220.824	  8
    4220.974	  8
    4222.330	  8
    4222.808	  8
    4223.198	  8
    4223.910	  8
    4224.234	  8
    4224.522	  8
    4225.140	  8
    4225.268	  8
    4225.656	  8
    4226.316	  8
    4226.562	 53
    4227.130	  8
    4227.130	 20
    4227.130	 27
    4227.140	 28
    4227.140	 19
    4227.240	 29
    4227.412	  9
    4247.260	 50
    4247.270	 17
    4258.524	  8
    4258.726	  8
    4259.182	  8
    4259.512	  8
    4259.698	  8
    4260.046	  8
    4260.352	  8
    4260.428	  8
    4260.730	  8
    4261.128	  8
    4261.854	  8
    4262.370	  8
    4262.842	  8
    4263.404	  8
    4267.830	  8
    4268.702	  8
    4268.846	  8
    4269.284	  8
    4269.726	  8
    4270.274	  8
    4271.030	  8
    4271.656	  8
    4274.034	  8
    4277.016	  8
    4277.270	 53
    4277.568	  8
    4277.568	 20
    4277.568	 27
    4277.578	 28
    4277.578	 19
    4277.678	 29
    4277.770	  9
    4297.698	 52
    4297.708	 18
    4331.642	  7
    4333.086	  7
    4333.428	  7
    4333.566	  7
    4333.772	  7
    4334.162	  7
    4334.378	  7
    4334.622	  7
    4334.870	  7
    4335.102	  7
    4335.364	  7
    4335.568	  7
    4335.814	  7
    4338.872	  7
    4339.416	  7
    4339.810	  7
    4340.194	  7
    4340.508	  7
    4340.686	  7
    4341.128	  7
    4341.296	  7
    4342.014	  7
    4342.946	  7
    4343.100	  7
    4343.264	  7
    4343.734	  7
    4343.866	  7
    4344.008	  7
    4345.066	  7
    4345.220	  7
    4345.404	  7
    4345.596	  7
    4345.702	  7
    4346.988	  7
    4347.264	  7
    4347.420	  7
    4347.572	  7
    4347.714	  7
    4348.744	  7
    4349.770	  7
    4350.050	  7
    4350.524	  7
    4352.532	  7
    4352.732	  7
    4352.888	  7
    4353.002	  7
    4353.186	  7
    4353.288	  7
    4353.346	  7
    4353.928	  7
    4354.128	  7
    4355.934	  7
    4357.292	  7
    4357.442	  7
    4357.728	  7
    4358.084	  7
    4360.308	  7
    4360.442	  7
    4361.054	  7
    4361.446	  7
    4361.588	  7
    4361.714	  7
    4361.872	  7
    4363.554	  7
    4364.372	  7
    4364.554	  7
    4365.012	  7
    4365.150	  7
    4366.238	  7
    4367.222	  7
    4367.292	  7
    4367.524	  7
    4367.630	  7
    4367.772	  7
    4367.970	  7
    4368.106	  7
    4368.298	  7
    4368.508	  7
    4368.620	  7
    4368.976	  7
    4369.124	  7
    4369.262	  7
    4369.420	  7
    4369.534	  7
    4369.736	  7
    4369.872	  7
    4370.576	  7
    4370.850	  7
    4371.230	  7
    4371.566	  7
    4371.766	  7
    4372.988	  7
    4373.388	  7
    4373.598	  7
    4373.780	  7
    4374.268	  7
    4374.512	  7
    4374.648	  7
    4374.762	  7
    4374.894	  7
    4374.988	  7
    4375.150	  7
    4375.254	  7
    4375.458	  7
    4376.076	  7
    4378.370	  7
    4378.638	  7
    4378.800	  7
    4378.938	  7
    4379.516	  7
    4379.648	  7
    4380.426	  7
    4380.832	  7
    4381.390	  7
    4381.472	  7
    4381.664	  7
    4382.200	  7
    4386.468	  7
    4387.316	  7
    4387.502	  7
    4387.620	  7
    4387.772	  7
    4387.876	  7
    4389.814	  7
    4389.928	  7
    4390.272	  7
    4390.518	  7
    4390.708	  7
    4390.928	  7
    4391.156	  7
    4391.416	  7
    4391.666	  7
    4391.856	  7
    4392.290	  7
    4392.476	  7
    4392.600	  7
    4392.940	  7
    4393.086	  7
    4393.784	  7
    4394.030	  7
    4394.580	  7
    4394.760	  7
    4395.720	  7
    4395.928	  7
    4396.158	  7
    4396.724	  7
    4396.916	  7
    4397.334	  7
    4399.906	  7
    4402.774	  8
    4403.646	  8
    4404.338	  8
    4404.708	  8
    4405.558	  8
    4405.936	  8
    4406.648	  8
    4407.508	  8
    4408.226	  8
    4409.204	  8
    4409.634	  8
    4410.146	  8
    4410.318	  8
    4410.678	  8
    4411.020	  8
    4411.614	  8
    4412.068	  8
    4414.064	  8
    4414.446	  8
    4414.766	  8
    4415.544	  8
    4415.932	  8
    4416.698	  8
    4417.708	 53
    4419.868	  8
    4419.868	 20
    4419.868	 27
    4419.878	 28
    4419.878	 19
    4419.978	 29
    4420.150	  9
    4420.214	  8
    4439.998	 52
    4440.008	 18
    4441.116	  8
    4456.434	  7
    4456.584	  7
    4456.794	  7
    4457.030	  7
    4457.998	  7
    4458.418	  7
    4458.532	  7
    4458.660	  7
    4458.724	  7
    4458.932	  7
    4459.114	  7
    4459.234	  7
    4459.858	  7
    4460.026	  7
    4461.448	  7
    4461.636	  7
    4462.866	  7
    4464.204	  7
    4464.286	  7
    4464.374	  7
    4464.842	  7
    4465.272	  7
    4465.418	  7
    4466.400	  7
    4466.536	  7
    4466.566	  7
    4466.756	  7
    4466.824	  7
    4466.952	  7
    4467.032	  7
    4468.522	  7
    4469.210	  7
    4469.398	  7
    4470.230	  7
    4470.656	  7
    4470.884	  7
    4471.100	  7
    4471.364	  7
    4471.630	  7
    4472.210	  7
    4472.526	  7
    4472.868	  7
    4473.060	  7
    4473.406	  7
    4473.540	  7
    4473.780	  7
    4476.370	  8
    4501.708	  8
    4501.936	  8
    4504.054	  8
    4505.248	  8
    4505.726	  8
    4506.744	  8
    4507.042	  8
    4508.612	  8
    4509.704	  8
    4510.186	  8
    4510.614	  8
    4512.640	  8
    4513.158	  8
    4513.952	  8
    4514.400	  8
    4515.134	  8
    4516.144	  8
    4517.214	  8
    4518.014	  8
    4518.500	  8
    4519.006	  8
    4520.564	  8
    4521.054	  8
    4523.616	  8
    4524.210	  8
    4524.860	  8
    4525.478	  8
    4526.066	  8
    4529.964	  8
    4530.142	  8
    4530.484	  8
    4532.966	  8
    4533.540	  8
    4534.128	  8
    4534.378	  8
    4534.970	  8
    4535.680	  8
    4536.002	  8
    4536.794	  8
    4537.158	  8
    4540.440	  8
    4540.836	  8
    4541.212	  8
    4541.532	  8
    4542.064	  8
    4542.412	  8
    4543.100	  8
    4544.406	  8
    4544.802	  8
    4545.352	  8
    4546.138	  8
    4551.686	  8
    4551.796	  8
    4552.212	  8
    4552.562	  8
    4553.002	  8
    4553.492	  8
    4553.830	  8
    4554.546	  8
    4555.010	  8
    4555.644	  8
    4556.158	  8
    4556.492	  8
    4557.248	  8
    4557.540	  8
    4558.036	  8
    4560.008	 53
    4587.622	  8
    4587.622	 20
    4587.622	 27
    4587.632	 28
    4587.632	 19
    4587.732	 29
    4587.858	  8
    4587.904	  9
    4607.752	 52
    4607.762	 18
    4662.670	  8
    4663.656	  8
    4687.844	  8
    4687.998	  8
    4689.238	  8
    4690.312	  8
    4691.074	  8
    4691.390	  8
    4696.186	  8
    4704.426	  8
    4704.912	  8
    4711.094	  8
    4711.548	  8
    4714.760	  8
    4715.364	  8
    4723.134	  8
    4723.372	  8
    4723.838	  8
    4724.492	  8
    4725.202	  8
    4725.656	  8
    4726.170	  8
    4726.788	  8
    4727.180	  8
    4727.248	  8
    4727.762	 53
    4727.942	  8
    4727.942	 20
    4727.942	 27
    4727.952	 28
    4727.952	 19
    4728.052	 29
    4728.148	  8
    4728.224	  9
    4740.804	  8
    4741.038	  8
    4748.072	 50
    4748.082	 17
    4760.690	  8
    4760.798	  8
    4764.616	  8
    4766.208	  8
    4770.146	  8
    4771.860	  8
    4772.456	  8
    4772.826	  8
    4773.354	  8
    4774.162	  8
    4774.794	  8
    4775.696	  8
    4776.594	  8
    4778.082	 53
    4779.382	  8
    4779.382	 20
    4779.382	 27
    4779.392	 28
    4779.392	 19
    4779.492	 29
    4779.628	  8
    4779.664	  9
    4799.512	 50
    4799.522	 17
    4828.138	  8
    4829.522	 53
    4830.012	  8
    4830.012	 20
    4830.012	 27
    4830.022	 28
    4830.022	 19
    4830.122	 29
    4830.254	  8
    4830.294	  9
    4850.142	 50
    4850.152	 17
    4867.098	  8
    4867.712	  8
    4868.170	  8
    4868.608	  8
    4868.854	  8
    4869.008	  8
    4871.866	  8
    4872.116	  8
    4872.404	  8
    4873.136	  8
    4873.590	  8
    4874.060	  8
    4874.410	  8
    4874.482	  8
    4875.962	  8
    4876.488	  8
    4876.934	  8
    4877.278	  8
    4877.712	  8
    4878.128	  8
    4878.192	  8
    4878.816	  8
    4880.152	 53
    4880.602	  8
    4880.602	 20
    4880.602	 27
    4880.612	 28
    4880.612	 19
    4880.712	 29
    4880.884	  9
    4900.732	 51
    4900.742	 10
    4934.604	  8
    4936.758	  8
    4937.730	  8
    4938.164	  8
    4946.518	  8
    4947.508	  8
    4957.628	  8
    4960.742	 53
    4976.172	  8
    4976.172	 20
    4976.172	 27
    4976.182	 28
    4976.182	 19
    4976.282	 29
    4976.384	  8
    4976.454	  9
    4996.302	 52
    4996.312	 18
    5030.286	  8
    5030.640	  8
    5044.420	  7
    5044.818	  7
    5045.280	  7
    5045.544	  7
    5045.874	  7
    5045.918	  7
    5046.170	  7
    5050.310	  7
    5052.082	  7
    5053.358	  7
    5053.656	  7
    5058.432	  8
    5058.816	  8
    5061.842	  8
    5078.542	  8
    5092.772	  8
    5093.720	  8
    5098.096	  8
    5099.230	  8
    5099.804	  8
    5100.724	  8
    5101.252	  8
    5101.794	  8
    5103.870	  8
    5104.092	  8
    5104.892	  8
    5105.278	  8
    5105.808	  8
    5110.510	  8
    5110.788	  8
    5110.900	  8
    5111.898	  8
    5113.102	  8
    5114.096	  8
    5115.424	  8
    5116.312	 53
    5117.424	  8
    5117.424	 20
    5117.424	 27
    5117.434	 28
    5117.434	 19
    5117.534	 29
    5117.668	  8
    5117.706	  9
    5137.554	 50
    5137.564	 17
    5147.738	  8
    5148.344	  8
    5156.126	  8
    5156.386	  8
    5157.004	  8
    5160.418	  8
    5160.808	  8
    5163.242	  8
    5163.900	  8
    5164.936	  8
    5166.064	  8
    5166.374	  8
    5166.776	  8
    5167.352	  8
    5167.564	 53
    5167.858	  8
    5167.858	 20
    5167.858	 27
    5167.868	 28
    5167.868	 19
    5167.968	 29
    5168.140	  9
    5168.156	  8
    5187.988	 52
    5187.998	 18
    5207.408	  7
    5209.164	  7
    5209.978	  7
    5210.360	  7
    5210.664	  7
    5210.826	  7
    5211.268	  7
    5211.520	  7
    5211.970	  7
    5212.178	  7
    5212.428	  7
    5212.906	  7
    5213.040	  7
    5213.608	  7
    5214.098	  7
    5214.258	  7
    5214.664	  7
    5214.878	  7
    5215.058	  7
    5215.528	  7
    5215.680	  7
    5215.904	  7
    5217.566	  7
    5217.888	  7
    5219.096	  7
    5219.504	  7
    5220.094	  7
    5220.284	  7
    5223.476	  7
    5223.700	  7
    5227.644	  8
    5248.430	  7
    5248.612	  7
    5251.050	  7
    5252.694	  7
    5252.916	  7
    5253.080	  7
    5253.192	  7
    5253.320	  7
    5253.486	  7
    5253.606	  7
    5253.838	  7
    5253.896	  7
    5254.022	  7
    5254.088	  7
    5254.168	  7
    5254.310	  7
    5254.376	  7
    5254.500	  7
    5254.722	  7
    5254.912	  7
    5255.032	  7
    5255.116	  7
    5255.232	  7
    5255.320	  7
    5256.112	  7
    5256.196	  7
    5256.352	  7
    5256.782	  7
    5257.300	  7
    5258.250	  7
    5258.362	  7
    5258.528	  7
    5258.730	  7
    5263.006	  7
    5263.150	  7
    5263.408	  7
    5263.600	  7
    5264.414	  7
    5264.682	  7
    5264.772	  7
    5265.368	  7
    5265.454	  7
    5265.516	  7
    5267.282	  7
    5267.436	  7
    5267.624	  7
    5267.752	  7
    5267.960	  7
    5268.812	  7
    5269.096	  7
    5269.816	  7
    5270.370	  7
    5270.718	  7
    5272.650	  7
    5273.002	  7
    5274.160	  7
    5274.338	  7
    5274.458	  7
    5274.986	  7
    5275.212	  7
    5275.354	  7
    5275.498	  7
    5276.766	  7
    5277.110	  7
    5277.188	  7
    5278.990	  7
    5279.102	  7
    5279.494	  7
    5279.618	  7
    5279.736	  7
    5279.878	  7
    5280.018	  7
    5280.162	  7
    5280.302	  7
    5280.424	  7
    5280.558	  7
    5280.682	  7
    5280.856	  7
    5280.984	  7
    5281.114	  7
    5281.252	  7
    5281.396	  7
    5281.540	  7
    5281.726	  7
    5281.850	  7
    5281.976	  7
    5282.118	  7
    5282.256	  7
    5282.414	  7
    5282.554	  7
    5282.690	  7
    5282.830	  7
    5283.004	  7
    5283.118	  7
    5283.264	  7
    5283.414	  7
    5283.550	  7
    5283.690	  7
    5283.826	  7
    5284.026	  7
    5284.172	  7
    5284.306	  7
    5284.448	  7
    5284.594	  7
    5284.748	  7
    5284.896	  7
    5285.062	  7
    5285.212	  7
    5285.404	  7
    5285.540	  7
    5285.678	  7
    5285.818	  7
    5285.958	  7
    5286.100	  7
    5286.250	  7
    5286.390	  7
    5286.592	  7
    5286.734	  7
    5286.868	  7
    5287.014	  7
    5287.158	  7
    5287.312	  7
    5287.462	  7
    5287.616	  7
    5287.780	  7
    5287.914	  7
    5288.096	  7
    5288.214	  7
    5288.354	  7
    5288.510	  7
    5288.654	  7
    5288.800	  7
    5288.956	  7
    5289.124	  7
    5289.272	  7
    5289.478	  7
    5289.618	  7
    5289.756	  7
    5289.898	  7
    5290.042	  7
    5290.184	  7
    5290.330	  7
    5290.474	  7
    5290.626	  7
    5290.808	  7
    5290.934	  7
    5291.084	  7
    5291.228	  7
    5291.374	  7
    5291.542	  7
    5291.686	  7
    5291.888	  7
    5292.016	  7
    5292.166	  7
    5292.310	  7
    5292.510	  7
    5292.668	  7
    5292.824	  7
    5292.960	  7
    5293.106	  7
    5293.256	  7
    5293.400	  7
    5293.546	  7
    5293.760	  7
    5293.904	  7
    5294.046	  7
    5294.196	  7
    5294.340	  7
    5294.492	  7
    5294.654	  7
    5294.810	  7
    5294.976	  7
    5295.114	  7
    5295.256	  7
    5295.438	  7
    5295.578	  7
    5295.718	  7
    5295.894	  7
    5296.036	  7
    5296.194	  7
    5296.336	  7
    5296.496	  7
    5296.642	  7
    5296.806	  7
    5296.952	  7
    5297.108	  7
    5297.254	  7
    5297.450	  7
    5297.574	  7
    5297.714	  7
    5297.862	  7
    5298.012	  7
    5298.170	  7
    5298.324	  7
    5298.506	  7
    5298.656	  7
    5298.820	  7
    5298.968	  7
    5299.144	  7
    5299.310	  7
    5299.480	  7
    5299.626	  7
    5299.840	  7
    5299.966	  7
    5300.118	  7
    5300.250	  7
    5300.396	  7
    5300.540	  7
    5300.698	  7
    5300.842	  7
    5301.000	  7
    5301.164	  7
    5301.316	  7
    5301.482	  7
    5301.632	  7
    5301.788	  7
    5301.930	  7
    5302.146	  7
    5302.270	  7
    5302.408	  7
    5302.556	  7
    5302.714	  7
    5302.856	  7
    5303.026	  7
    5303.176	  7
    5303.320	  7
    5303.472	  7
    5303.624	  7
    5303.776	  7
    5303.932	  7
    5304.170	  7
    5304.340	  7
    5304.474	  7
    5304.624	  7
    5304.768	  7
    5304.960	  7
    5305.124	  7
    5305.296	  7
    5305.448	  7
    5305.618	  7
    5305.780	  7
    5305.954	  7
    5306.116	  7
    5306.268	  7
    5306.448	  7
    5306.602	  7
    5306.788	  7
    5306.918	  7
    5307.064	  7
    5307.212	  7
    5307.360	  7
    5307.508	  7
    5307.670	  7
    5307.822	  7
    5307.998	 53
    5308.034	  7
    5308.218	  7
    5308.380	  7
    5308.542	  7
    5308.686	  7
    5308.836	  7
    5308.986	  7
    5309.138	  7
    5309.284	  7
    5309.444	  7
    5309.620	  7
    5309.862	  7
    5310.004	  7
    5310.146	  7
    5310.296	  7
    5310.444	  7
    5310.598	  7
    5310.744	  7
    5310.894	  7
    5311.056	  7
    5311.224	  7
    5311.384	  7
    5311.588	  7
    5311.784	  7
    5311.954	  7
    5312.126	  7
    5312.282	  7
    5312.424	  7
    5312.572	  7
    5312.742	  7
    5312.924	  7
    5313.138	  7
    5313.306	  7
    5313.450	  7
    5313.604	  7
    5313.760	  7
    5313.912	  7
    5314.080	  7
    5314.274	  7
    5314.424	  7
    5314.588	  7
    5314.740	  7
    5314.902	  7
    5315.050	  7
    5315.236	  7
    5315.370	  7
    5315.546	  7
    5315.688	  7
    5315.894	  7
    5316.030	  7
    5316.196	  7
    5316.376	  7
    5316.536	  7
    5316.690	  7
    5316.836	  7
    5316.986	  7
    5317.136	  7
    5317.322	  7
    5318.056	  7
    5318.204	  7
    5318.388	  7
    5318.550	  7
    5318.720	  7
    5318.870	  7
    5319.060	  7
    5319.206	  7
    5319.364	  7
    5319.552	  7
    5319.712	  7
    5319.850	  7
    5320.018	  7
    5320.178	  7
    5320.364	  7
    5320.538	  7
    5320.728	  7
    5320.874	  7
    5321.024	  7
    5321.174	  7
    5321.358	  7
    5321.486	  7
    5321.658	  7
    5321.840	  7
    5322.020	  7
    5322.210	  7
    5322.378	  7
    5322.576	  7
    5322.722	  7
    5322.866	  7
    5323.006	  7
    5324.222	  7
    5324.360	  7
    5324.536	  7
    5324.698	  7
    5324.862	  7
    5325.046	  7
    5325.214	  7
    5325.396	  7
    5325.566	  7
    5325.748	  7
    5325.906	  7
    5326.050	  7
    5326.200	  7
    5326.356	  7
    5326.506	  7
    5326.704	  7
    5326.840	  7
    5326.998	  7
    5327.188	  7
    5329.482	  8
    5329.482	 20
    5329.482	 27
    5329.492	 28
    5329.492	 19
    5329.592	 29
    5329.602	 61
