       1.886	  8
       2.272	  8
       3.710	  8
       9.162	  8
      14.972	  7
      16.934	  8
      20.010	 50
      20.020	 10
      42.114	  8
      42.652	  8
      43.118	  8
      43.496	  8
      43.848	  8
      44.600	  8
      46.930	  8
      47.416	  8
      47.932	  8
      48.500	  8
      48.860	  8
      49.304	  8
      49.642	  8
      49.938	  8
      50.020	 53
      51.020	  8
      51.020	 20
      51.020	 27
      51.030	 28
      51.030	 19
      51.130	 29
      51.324	  9
      71.150	 52
      71.160	 18
      88.614	  7
      88.736	  7
      88.856	  7
      89.384	  7
      89.694	  7
      90.156	  7
      90.360	  7
      90.494	  7
      90.708	  7
      90.864	  7
      91.046	  7
      91.272	  7
      91.416	  7
      91.628	  7
      91.814	  7
      91.994	  7
      92.220	  7
     109.716	  8
     109.984	  8
     119.442	  8
     127.668	  8
     128.952	  8
     130.838	  8
     133.922	  8
     146.156	  8
     150.262	  8
     151.084	  8
     151.198	  8
     155.590	  8
     159.920	  8
     160.642	  8
     161.490	  8
     161.904	  8
     162.228	  8
     162.750	  8
     163.076	  8
     163.646	  8
     164.018	  8
     164.402	  8
     164.714	  8
     165.086	  8
     165.322	  8
     165.580	  8
     166.020	  8
     166.336	  8
     166.792	  8
     168.244	  8
     168.608	  8
     170.722	  8
     171.256	  8
     171.522	  8
     171.828	  8
     172.130	  8
     172.464	  8
     175.056	  8
     175.464	  8
     175.948	  8
     176.310	  8
     176.784	  8
     177.392	  8
     178.286	  8
     178.852	  8
     180.248	  8
     181.160	  8
     181.528	  8
     181.970	  8
     182.350	  8
     183.240	  8
     183.374	  8
     184.088	  8
     184.430	  8
     184.810	  8
     185.366	  8
     185.954	  8
     186.318	  8
     186.492	  8
     187.018	  8
     187.230	  8
     187.300	  8
     187.556	  8
     187.758	  8
     188.172	  8
     188.518	  8
     190.702	  8
     190.986	  8
     191.160	 53
     191.300	  8
     191.300	 20
     191.300	 27
     191.310	 28
     191.310	 19
     191.410	 29
     191.604	  9
     211.430	 52
     211.440	 18
     221.070	  8
     226.194	  7
     259.108	  8
     260.038	  8
     264.224	  8
     265.032	  8
     265.558	  8
     276.752	  8
     277.540	  8
     278.344	  8
     278.886	  8
     279.226	  8
     279.678	  8
     281.218	  8
     282.112	  8
     282.500	  8
     282.862	  8
     283.304	  8
     297.256	  8
     298.192	  8
     298.558	  8
     299.558	  8
     299.922	  8
     300.304	  8
     300.506	  8
     300.862	  8
     301.184	  8
     301.600	  8
     304.322	  8
     304.700	  8
     305.242	  8
     305.722	  8
     306.134	  8
     306.670	  8
     307.198	  8
     307.612	  8
     308.272	  8
     308.812	  8
     309.256	  8
     309.630	  8
     310.108	  8
     310.662	  8
     311.302	  8
     311.742	  8
     312.014	  8
     312.436	  8
     313.244	  8
     314.206	  8
     314.534	  8
     314.936	  8
     315.230	  8
     315.538	  8
     315.924	  8
     316.164	  8
     317.164	  8
     317.920	  8
     320.492	  8
     321.240	  8
     321.610	  8
     321.974	  8
     322.446	  8
     322.748	  8
     323.158	  8
     323.378	  8
     323.636	  8
     324.276	  8
     324.682	  8
     324.996	  8
     325.442	  8
     325.898	  8
     326.530	  8
     326.892	  8
     327.188	  8
     327.530	  8
     328.048	  8
     328.616	  8
     328.888	  8
     329.070	  8
     329.324	  8
     329.770	  8
     330.122	  8
     330.466	  8
     330.880	  8
     331.176	  8
     331.440	 53
     331.526	  8
     331.526	 20
     331.526	 27
     331.536	 28
     331.536	 19
     331.636	 29
     331.830	  9
     351.656	 51
     351.666	 17
     364.216	  7
     364.634	  7
     364.742	  7
     364.876	  7
     365.026	  7
     365.188	  7
     365.334	  7
     365.492	  7
     365.640	  7
     365.812	  7
     365.950	  7
     366.178	  7
     366.310	  7
     366.474	  7
     366.614	  7
     366.812	  7
     366.962	  7
     367.124	  7
     367.270	  7
     367.426	  7
     367.582	  7
     367.746	  7
     367.884	  7
     368.040	  7
     368.196	  7
     368.348	  7
     368.510	  7
     368.676	  7
     368.852	  7
     368.998	  7
     369.146	  7
     369.302	  7
     369.458	  7
     369.622	  7
     369.774	  7
     369.938	  7
     370.102	  7
     370.260	  7
     370.444	  7
     370.596	  7
     370.748	  7
     370.896	  7
     371.062	  7
     371.224	  7
     371.380	  7
     371.554	  7
     371.700	  7
     371.860	  7
     372.026	  7
     372.190	  7
     372.348	  7
     372.502	  7
     372.694	  7
     372.824	  7
     372.974	  7
     373.122	  7
     373.284	  7
     373.444	  7
     373.608	  7
     373.772	  7
     373.952	  7
     374.104	  7
     374.252	  7
     374.408	  7
     374.574	  7
     374.726	  7
     374.882	  7
     375.036	  7
     375.200	  7
     375.350	  7
     375.510	  7
     375.666	  7
     375.828	  7
     375.984	  7
     376.138	  7
     376.284	  7
     376.436	  7
     376.622	  7
     376.762	  7
     376.916	  7
     377.070	  7
     377.220	  7
     377.376	  7
     377.530	  7
     377.720	  7
     377.864	  7
     378.016	  7
     378.174	  7
     378.330	  7
     378.486	  7
     378.652	  7
     378.818	  7
     378.998	  7
     379.142	  7
     379.448	  7
     379.612	  7
     379.762	  7
     380.716	  7
     380.870	  7
     381.026	  7
     381.368	  7
     381.796	  7
     381.962	  7
     382.284	  7
     382.490	  7
     382.642	  7
     382.802	  7
     382.944	  7
     383.100	  7
     383.254	  7
     383.420	  7
     383.572	  7
     383.744	  7
     384.666	  7
     384.896	  7
     385.018	  7
     385.184	  7
     385.480	  7
     385.608	  7
     385.692	  7
     385.902	  7
     386.054	  7
     386.556	  7
     386.718	  7
     386.896	  7
     387.040	  7
     387.226	  7
     387.490	  7
     387.768	  7
     388.048	  7
     388.524	  7
     388.688	  7
     388.844	  7
     389.174	  7
     389.646	  7
     390.110	  7
     390.310	  7
     390.394	  7
     390.598	  7
     390.764	  7
     391.072	  7
     391.194	  7
     391.352	  7
     391.556	  7
     391.948	  7
     392.098	  7
     393.394	  8
     393.846	  8
     394.220	  8
     394.854	  8
     395.254	  8
     396.194	  8
     396.574	  8
     397.062	  8
     397.420	  8
     397.802	  8
     398.318	  8
     398.630	  8
     398.976	  8
     399.204	  8
     399.360	  8
     399.852	  8
     400.054	  8
     400.326	  8
     400.952	  8
     401.322	  8
     401.752	  8
     401.918	  8
     402.206	  8
     402.592	  8
     402.766	  8
     403.024	  8
     403.594	  8
     403.900	  8
     404.360	  8
     404.540	  8
     404.964	  8
     405.140	  8
     405.442	  8
     405.792	  8
     406.456	  8
     406.798	  8
     407.168	  8
     407.476	  8
     407.636	  8
     407.970	  8
     408.250	  8
     408.538	  8
     409.010	  8
     409.356	  8
     409.844	  8
     410.518	  8
     410.734	  8
     411.152	  8
     411.666	 53
     411.730	  8
     411.730	 20
     411.730	 27
     411.740	 28
     411.740	 19
     411.840	 29
     412.034	  9
     431.860	 51
     431.870	 17
     458.142	  8
     458.214	  8
     463.340	  8
     468.368	  8
     469.094	  8
     469.432	  8
     472.018	  8
     475.666	  8
     476.154	  8
     476.454	  8
     476.850	  8
     477.436	  8
     477.888	  8
     480.104	  8
     481.886	  8
     482.334	  8
     482.748	  8
     485.744	  8
     486.090	  8
     486.478	  8
     486.878	  8
     487.620	  8
     487.962	  8
     488.420	  8
     489.078	  8
     489.486	  8
     489.830	  8
     490.254	  8
     490.832	  8
     491.300	  8
     491.870	 53
     491.914	  8
     491.914	 20
     491.914	 27
     491.924	 28
     491.924	 19
     492.024	 29
     492.218	  9
     512.044	 52
     512.054	 18
     526.962	  7
     527.762	  7
     528.052	  7
     528.182	  7
     528.530	  7
     528.688	  7
     528.846	  7
     529.060	  7
     529.228	  7
     529.454	  7
     529.614	  7
     529.828	  7
     529.988	  7
     530.174	  7
     530.366	  7
     530.556	  7
     530.750	  7
     530.944	  7
     531.154	  7
     531.326	  7
     531.526	  7
     532.306	  7
     532.456	  7
     532.974	  7
     533.808	  7
     533.928	  7
     534.940	  7
     535.636	  7
     536.006	  7
     536.342	  7
     538.956	  7
     539.114	  7
     539.434	  7
     539.540	  7
     539.722	  7
     539.894	  7
     540.240	  7
     540.372	  7
     540.526	  7
     540.716	  7
     540.872	  7
     541.016	  7
     541.184	  7
     541.358	  7
     541.524	  7
     541.698	  7
     541.844	  7
     542.000	  7
     542.158	  7
     542.340	  7
     542.486	  7
     542.640	  7
     542.790	  7
     542.954	  7
     543.104	  7
     543.256	  7
     543.388	  7
     543.538	  7
     543.696	  7
     543.856	  7
     544.022	  7
     544.194	  7
     544.340	  7
     544.488	  7
     544.656	  7
     544.814	  7
     544.980	  7
     545.140	  7
     545.302	  7
     545.466	  7
     545.680	  7
     545.834	  7
     545.952	  7
     546.106	  7
     546.260	  7
     546.424	  7
     546.582	  7
     546.750	  7
     546.914	  7
     547.106	  7
     547.250	  7
     547.402	  7
     547.546	  7
     547.698	  7
     547.860	  7
     548.010	  7
     548.182	  7
     548.326	  7
     548.472	  7
     548.626	  7
     548.770	  7
     548.924	  7
     549.062	  7
     549.222	  7
     549.390	  7
     549.544	  7
     549.712	  7
     549.848	  7
     550.004	  7
     550.142	  7
     550.312	  7
     550.466	  7
     550.608	  7
     550.776	  7
     550.924	  7
     551.066	  7
     551.256	  7
     551.382	  7
     551.548	  7
     551.694	  7
     551.860	  7
     552.016	  7
     552.174	  7
     552.336	  7
     552.492	  7
     552.644	  7
     552.798	  7
     552.970	  7
     553.130	  7
     553.286	  7
     553.418	  7
     553.618	  7
     553.768	  7
     553.936	  7
     554.092	  7
     554.252	  7
     554.422	  7
     554.584	  7
     554.744	  7
     554.902	  7
     555.054	  7
     555.190	  7
     555.338	  7
     555.504	  7
     555.646	  7
     555.828	  7
     593.958	  8
     594.560	  8
     595.248	  8
     605.614	  8
     606.216	  8
     606.688	  8
     609.188	  8
     610.654	  8
     611.216	  8
     611.598	  8
     612.768	  8
     614.224	  8
     614.606	  8
     614.874	  8
     616.330	  8
     618.018	  8
     618.754	  8
     620.838	  8
     621.112	  8
     621.718	  8
     622.268	  8
     623.880	  8
     624.280	  8
     624.646	  8
     625.632	  8
     625.996	  8
     626.266	  8
     628.098	  8
     628.854	  8
     629.672	  8
     630.356	  8
     630.640	  8
     631.516	  8
     631.918	  8
     632.054	 53
     632.072	  8
     632.072	 20
     632.072	 27
     632.082	 28
     632.082	 19
     632.160	  8
     632.182	 29
     632.376	  9
     635.088	  8
     635.164	  8
     652.202	 51
     652.212	 17
     681.906	  8
     682.350	  8
     696.310	  8
     696.944	  8
     697.296	  8
     697.658	  8
     698.092	  8
     698.574	  8
     699.146	  8
     699.476	  8
     699.892	  8
     700.538	  8
     700.982	  8
     701.644	  8
     702.804	  8
     703.132	  8
     703.500	  8
     703.676	  8
     704.096	  8
     704.444	  8
     707.200	  8
     707.746	  8
     708.176	  8
     708.506	  8
     709.106	  8
     709.300	  8
     709.766	  8
     710.124	  8
     710.498	  8
     710.858	  8
     711.306	  8
     711.704	  8
     712.016	  8
     712.212	 53
     712.256	  8
     712.256	 20
     712.256	 27
     712.266	 28
     712.266	 19
     712.366	 29
     712.560	  9
     732.386	 50
     732.396	 10
     760.006	  8
     760.786	  8
     761.050	  8
     761.338	  8
     761.488	  8
     761.850	  8
     762.306	  8
     762.396	 53
     762.482	  8
     762.482	 20
     762.482	 27
     762.492	 28
     762.492	 19
     762.592	 29
     763.030	  9
     782.612	 50
     782.622	 10
     812.622	 53
     816.686	  8
     816.686	 20
     816.686	 27
     816.696	 28
     816.696	 19
     816.796	 29
     816.990	  9
     836.816	 51
     836.826	 17
     876.748	  8
     877.480	  8
     878.442	  8
     879.020	  8
     879.442	  8
     880.144	  8
     880.568	  8
     881.106	  8
     881.320	  8
     881.468	  8
     881.630	  8
     881.826	  8
     882.524	  8
     882.792	  8
     883.538	  8
     883.992	  8
     884.508	  8
     884.872	  8
     884.958	  8
     885.226	  8
     885.650	  8
     885.926	  8
     887.136	  8
     887.512	  8
     889.328	  8
     889.682	  8
     889.872	  8
     890.244	  8
     890.598	  8
     891.000	  8
     891.406	  8
     891.784	  8
     892.072	  8
     892.254	  8
     892.886	  8
     893.236	  8
     893.548	  8
     893.890	  8
     894.270	  8
     894.674	  8
     894.994	  8
     895.114	  8
     895.348	  8
     895.566	  8
     895.866	  8
     896.214	  8
     896.400	  8
     896.826	 53
     897.108	  8
     897.108	 20
     897.108	 27
     897.118	 28
     897.118	 19
     897.218	 29
     897.412	  9
     917.238	 51
     917.248	 17
     942.612	  8
     943.068	  8
     951.882	  8
     966.808	  8
     967.212	  8
     967.742	  8
     968.066	  8
     971.092	  8
     971.752	  8
     972.260	  8
     972.650	  8
     973.156	  8
     973.520	  8
     974.116	  8
     974.464	  8
     974.804	  8
     975.134	  8
     975.338	  8
     975.584	  8
     975.954	  8
     976.248	  8
     976.714	  8
     976.944	  8
     977.248	 53
     978.008	  8
     978.008	 20
     978.008	 27
     978.018	 28
     978.018	 19
     978.118	 29
     978.312	  9
     998.138	 52
     998.148	 18
    1018.564	  7
    1018.846	  7
    1019.134	  7
    1020.168	  7
    1020.370	  7
    1020.540	  7
    1020.732	  7
    1020.762	  7
    1020.948	  7
    1021.382	  7
    1021.526	  7
    1021.620	  7
    1021.810	  7
    1022.106	  7
    1022.856	  7
    1023.016	  7
    1023.196	  7
    1023.368	  7
    1023.510	  7
    1023.680	  7
    1023.846	  7
    1024.018	  7
    1024.196	  7
    1024.384	  7
    1024.544	  7
    1024.712	  7
    1024.866	  7
    1025.030	  7
    1025.202	  7
    1025.376	  7
    1025.530	  7
    1025.714	  7
    1025.868	  7
    1026.032	  7
    1026.204	  7
    1026.354	  7
    1026.524	  7
    1026.666	  7
    1026.840	  7
    1027.004	  7
    1027.172	  7
    1027.330	  7
    1027.516	  7
    1027.660	  7
    1027.822	  7
    1027.986	  7
    1028.138	  7
    1028.304	  7
    1028.474	  7
    1028.628	  7
    1028.800	  7
    1028.958	  7
    1029.118	  7
    1029.348	  7
    1029.490	  7
    1029.630	  7
    1029.792	  7
    1029.956	  7
    1030.100	  7
    1030.260	  7
    1030.432	  7
    1030.590	  7
    1030.736	  7
    1030.894	  7
    1031.062	  7
    1031.226	  7
    1031.402	  7
    1031.552	  7
    1031.700	  7
    1031.868	  7
    1032.032	  7
    1032.182	  7
    1032.350	  7
    1032.514	  7
    1032.664	  7
    1032.860	  7
    1033.010	  7
    1033.150	  7
    1033.310	  7
    1033.464	  7
    1033.630	  7
    1033.784	  7
    1033.962	  7
    1034.122	  7
    1034.276	  7
    1034.450	  7
    1034.618	  7
    1034.776	  7
    1034.930	  7
    1035.082	  7
    1035.234	  7
    1035.458	  7
    1035.596	  7
    1035.746	  7
    1035.926	  7
    1036.082	  7
    1036.220	  7
    1036.364	  7
    1036.532	  7
    1036.694	  7
    1036.850	  7
    1037.006	  7
    1037.162	  7
    1037.312	  7
    1037.454	  7
    1037.652	  7
    1037.776	  7
    1037.932	  7
    1038.110	  7
    1038.246	  7
    1038.428	  7
    1038.566	  7
    1038.716	  7
    1038.872	  7
    1039.020	  7
    1039.174	  7
    1039.364	  7
    1039.496	  7
    1039.662	  7
    1039.818	  7
    1039.984	  7
    1040.142	  7
    1040.304	  7
    1040.464	  7
    1040.622	  7
    1040.784	  7
    1040.950	  7
    1041.104	  7
    1041.256	  7
    1041.420	  7
    1041.584	  7
    1041.748	  7
    1041.918	  7
    1042.126	  7
    1042.252	  7
    1042.408	  7
    1042.564	  7
    1042.730	  7
    1042.892	  7
    1043.056	  7
    1043.212	  7
    1043.424	  7
    1043.552	  7
    1043.694	  7
    1043.848	  7
    1044.012	  7
    1044.142	  7
    1044.298	  7
    1044.456	  7
    1044.670	  7
    1044.788	  7
    1044.952	  7
    1045.124	  7
    1045.268	  7
    1045.432	  7
    1045.598	  7
    1045.754	  7
    1045.918	  7
    1046.106	  7
    1046.252	  7
    1046.400	  7
    1046.566	  7
    1046.718	  7
    1046.872	  7
    1047.038	  7
    1047.218	  7
    1047.348	  7
    1047.504	  7
    1047.670	  7
    1047.820	  7
    1047.992	  7
    1048.174	  7
    1048.310	  7
    1048.470	  7
    1048.632	  7
    1048.802	  7
    1048.956	  7
    1049.142	  7
    1049.310	  7
    1049.508	  7
    1049.636	  7
    1049.790	  7
    1049.952	  7
    1050.096	  7
    1050.254	  7
    1050.418	  7
    1050.606	  7
    1050.766	  7
    1050.930	  7
    1051.092	  7
    1051.244	  7
    1051.392	  7
    1051.552	  7
    1051.718	  7
    1051.902	  7
    1052.042	  7
    1052.202	  7
    1052.364	  7
    1052.526	  7
    1052.674	  7
    1052.834	  7
    1053.026	  7
    1053.188	  7
    1053.404	  7
    1053.690	  7
    1053.846	  7
    1053.996	  7
    1054.148	  7
    1054.584	  7
    1054.718	  7
    1054.924	  7
    1055.048	  7
    1055.210	  7
    1055.348	  7
    1055.500	  7
    1055.730	  7
    1055.856	  7
    1056.006	  7
    1056.152	  7
    1056.462	  7
    1056.634	  7
    1056.786	  7
    1056.940	  7
    1057.098	  7
    1057.254	  7
    1057.412	  7
    1057.566	  7
    1057.728	  7
    1057.898	  7
    1058.028	  7
    1058.170	  7
    1058.476	  7
    1058.640	  7
    1058.788	  7
    1059.096	  7
    1059.412	  7
    1059.574	  7
    1059.740	  7
    1059.898	  7
    1060.076	  7
    1060.224	  7
    1060.362	  7
    1060.498	  7
    1060.648	  7
    1060.780	  7
    1060.932	  7
    1061.114	  7
    1061.236	  7
    1061.388	  7
    1061.530	  7
    1061.678	  7
    1061.846	  7
    1061.994	  7
    1062.196	  7
    1062.330	  7
    1062.468	  7
    1062.618	  7
    1062.762	  7
    1062.930	  7
    1063.090	  7
    1063.266	  7
    1063.428	  7
    1063.586	  7
    1063.756	  7
    1063.926	  7
    1064.090	  7
    1064.256	  7
    1064.404	  7
    1064.594	  7
    1064.728	  7
    1064.890	  7
    1065.058	  7
    1065.228	  7
    1065.394	  7
    1065.536	  7
    1065.692	  7
    1065.836	  7
    1065.992	  7
    1066.138	  7
    1066.294	  7
    1066.456	  7
    1066.646	  7
    1066.788	  7
    1066.942	  7
    1067.072	  7
    1067.232	  7
    1067.418	  7
    1067.540	  7
    1069.776	  8
    1070.138	  8
    1071.088	  8
    1071.262	  8
    1071.654	  8
    1074.362	  8
    1074.970	  8
    1075.566	  8
    1076.818	  8
    1077.754	  8
    1079.074	  8
    1081.004	  8
    1081.164	  8
    1081.682	  8
    1082.196	  8
    1082.900	  8
    1083.478	  8
    1084.568	  8
    1085.120	  8
    1085.206	  8
    1085.580	  8
    1086.298	  8
    1086.586	  8
    1086.932	  8
    1087.482	  8
    1087.944	  8
    1088.908	  8
    1089.360	  8
    1089.874	  8
    1090.292	  8
    1090.902	  8
    1091.286	  8
    1091.884	  8
    1093.318	  8
    1093.998	  8
    1094.510	  8
    1094.888	  8
    1095.228	  8
    1095.622	  8
    1095.952	  8
    1096.206	  8
    1096.414	  8
    1096.486	  8
    1096.570	  8
    1096.662	  8
    1096.880	  8
    1097.012	  8
    1097.248	  8
    1097.660	  8
    1099.090	  8
    1099.248	  8
    1099.934	  8
    1100.394	  8
    1100.794	  8
    1101.168	  8
    1101.928	  8
    1102.368	  8
    1103.488	  8
    1103.668	  8
    1103.912	  8
    1104.092	  8
    1104.216	  8
    1104.516	  8
    1104.864	  8
    1105.250	  8
    1105.692	  8
    1106.962	  8
    1107.084	  8
    1107.136	  8
    1107.572	  8
    1107.886	  8
    1109.220	  8
    1109.534	  8
    1109.918	  8
    1110.184	  8
    1110.796	  8
    1111.278	  8
    1111.710	  8
    1112.066	  8
    1112.612	  8
    1113.070	  8
    1113.378	  8
    1113.848	  8
    1113.992	  8
    1114.168	  8
    1114.814	  8
    1115.316	  8
    1115.744	  8
    1116.134	  8
    1116.606	  8
    1117.110	  8
    1117.620	  8
    1117.842	  8
    1118.148	 53
    1118.206	  8
    1118.206	 20
    1118.206	 27
    1118.216	 28
    1118.216	 19
    1118.316	 29
    1118.510	  9
    1120.206	  8
    1138.336	 51
    1138.346	 17
    1156.016	  8
    1174.942	  8
    1175.976	  8
    1176.098	  8
    1178.750	  8
    1183.562	  8
    1183.846	  8
    1184.462	  8
    1184.942	  8
    1185.336	  8
    1185.534	  8
    1185.856	  8
    1186.172	  8
    1186.518	  8
    1186.890	  8
    1187.188	  8
    1187.560	  8
    1187.860	  8
    1189.008	  8
    1189.394	  8
    1190.092	  8
    1190.428	  8
    1190.770	  8
    1191.104	  8
    1191.430	  8
    1191.648	  8
    1191.884	  8
    1192.146	  8
    1192.508	  8
    1192.742	  8
    1193.080	  8
    1193.408	  8
    1194.054	  8
    1194.816	  8
    1195.120	  8
    1195.434	  8
    1195.928	  8
    1196.178	  8
    1196.342	  8
    1196.552	  8
    1197.154	  8
    1197.468	  8
    1197.778	  8
    1198.226	  8
    1198.346	 53
    1198.476	  8
    1198.476	 20
    1198.476	 27
    1198.486	 28
    1198.486	 19
    1198.586	 29
    1198.780	  9
    1218.606	 51
    1218.616	 17
    1232.792	  7
    1232.924	  7
    1233.108	  7
    1233.298	  7
    1233.474	  7
    1233.632	  7
    1233.842	  7
    1233.978	  7
    1234.142	  7
    1234.310	  7
    1234.484	  7
    1234.652	  7
    1234.818	  7
    1234.990	  7
    1235.168	  7
    1235.356	  7
    1235.498	  7
    1235.654	  7
    1235.810	  7
    1235.976	  7
    1236.138	  7
    1236.298	  7
    1236.476	  7
    1236.632	  7
    1236.782	  7
    1237.192	  7
    1237.352	  7
    1237.516	  7
    1237.674	  7
    1237.840	  7
    1238.042	  7
    1238.384	  7
    1238.540	  7
    1238.684	  7
    1238.858	  7
    1239.004	  7
    1239.152	  7
    1239.312	  7
    1239.454	  7
    1239.626	  7
    1239.772	  7
    1239.918	  7
    1240.086	  7
    1240.262	  7
    1240.418	  7
    1240.576	  7
    1240.734	  7
    1240.898	  7
    1241.050	  7
    1241.212	  7
    1241.362	  7
    1241.518	  7
    1241.672	  7
    1241.824	  7
    1241.988	  7
    1242.160	  7
    1242.334	  7
    1242.482	  7
    1242.666	  7
    1242.810	  7
    1242.964	  7
    1243.126	  7
    1243.288	  7
    1243.434	  7
    1243.588	  7
    1243.752	  7
    1243.950	  7
    1244.080	  7
    1244.232	  7
    1244.400	  7
    1244.536	  7
    1244.692	  7
    1244.840	  7
    1245.046	  7
    1245.170	  7
    1245.326	  7
    1245.478	  7
    1245.642	  7
    1245.784	  7
    1245.938	  7
    1246.098	  7
    1246.252	  7
    1246.418	  7
    1246.564	  7
    1246.866	  7
    1247.178	  7
    1247.326	  7
    1247.470	  7
    1247.642	  7
    1247.782	  7
    1247.928	  7
    1248.080	  7
    1248.224	  7
    1248.416	  7
    1248.550	  7
    1248.700	  7
    1248.854	  7
    1248.996	  7
    1249.152	  7
    1249.324	  7
    1249.482	  7
    1249.630	  7
    1249.800	  7
    1249.940	  7
    1250.100	  7
    1250.278	  7
    1250.428	  7
    1250.576	  7
    1250.736	  7
    1250.900	  7
    1251.048	  7
    1251.200	  7
    1251.384	  7
    1251.524	  7
    1251.680	  7
    1251.842	  7
    1252.002	  7
    1252.160	  7
    1252.322	  7
    1252.484	  7
    1252.658	  7
    1252.840	  7
    1252.974	  7
    1253.118	  7
    1253.242	  7
    1253.402	  7
    1253.558	  7
    1253.718	  7
    1253.872	  7
    1254.034	  7
    1254.192	  7
    1254.358	  7
    1254.504	  7
    1254.662	  7
    1254.806	  7
    1254.972	  7
    1255.124	  7
    1255.282	  7
    1255.540	  7
    1255.664	  7
    1255.818	  7
    1255.976	  7
    1256.152	  7
    1256.298	  7
    1256.458	  7
    1256.610	  7
    1256.770	  7
    1256.934	  7
    1257.066	  7
    1257.214	  7
    1257.412	  7
    1257.552	  7
    1257.704	  7
    1257.860	  7
    1257.960	  7
    1258.106	  7
    1258.256	  7
    1258.424	  7
    1258.562	  7
    1258.720	  7
    1258.896	  7
    1259.044	  7
    1259.196	  7
    1259.380	  7
    1259.502	  7
    1259.638	  7
    1259.796	  7
    1259.962	  7
    1260.084	  7
    1260.270	  7
    1260.422	  7
    1260.654	  7
    1261.706	  8
    1262.248	  8
    1262.514	  8
    1262.578	  8
    1262.958	  8
    1263.288	  8
    1263.890	  8
    1264.296	  8
    1264.812	  8
    1265.156	  8
    1265.610	  8
    1265.938	  8
    1266.524	  8
    1266.894	  8
    1267.218	  8
    1267.562	  8
    1267.796	  8
    1268.050	  8
    1268.400	  8
    1268.612	  8
    1268.934	  8
    1269.364	  8
    1269.608	  8
    1269.878	  8
    1270.122	  8
    1270.420	  8
    1271.052	  8
    1271.356	  8
    1271.682	  8
    1272.250	  8
    1272.468	  8
    1272.558	  8
    1272.766	  8
    1273.022	  8
    1273.380	  8
    1273.688	  8
    1274.118	  8
    1274.414	  8
    1274.690	  8
    1274.894	  8
    1275.092	  8
    1275.388	  8
    1275.680	  8
    1275.970	  8
    1276.280	  8
    1276.632	  8
    1276.816	  8
    1277.160	  8
    1277.602	  8
    1277.976	  8
    1278.072	  8
    1278.616	 53
    1278.758	  8
    1278.758	 20
    1278.758	 27
    1278.768	 28
    1278.768	 19
    1278.868	 29
    1279.062	  9
    1298.888	 52
    1298.898	 18
    1339.714	  7
    1340.110	  7
    1340.958	  7
    1341.446	  7
    1341.752	  7
    1348.428	  7
    1355.856	  8
    1392.014	  8
    1392.384	  8
    1393.016	  8
    1393.868	  8
    1394.854	  8
    1395.192	  8
    1396.624	  8
    1406.388	  8
    1406.924	  8
    1407.474	  8
    1408.046	  8
    1408.694	  8
    1409.434	  8
    1409.702	  8
    1410.436	  8
    1410.924	  8
    1411.558	  8
    1412.266	  8
    1413.078	  8
    1414.072	  8
    1414.360	  8
    1414.938	  8
    1415.350	  8
    1416.502	  8
    1416.878	  8
    1417.400	  8
    1417.954	  8
    1418.734	  8
    1418.898	 53
    1419.496	  8
    1419.496	 20
    1419.496	 27
    1419.506	 28
    1419.506	 19
    1419.606	 29
    1419.800	  9
    1439.626	 51
    1439.636	 17
    1469.564	  8
    1471.434	  8
    1472.008	  8
    1472.424	  8
    1474.604	  8
    1475.588	  8
    1476.266	  8
    1476.860	  8
    1477.344	  8
    1478.214	  8
    1478.458	  8
    1478.824	  8
    1479.318	  8
    1479.620	  8
    1480.100	  8
    1480.600	  8
    1481.078	  8
    1481.432	  8
    1481.718	  8
    1482.682	  8
    1484.082	  8
    1484.666	  8
    1486.070	  8
    1486.510	  8
    1486.824	  8
    1487.802	  8
    1488.354	  8
    1488.714	  8
    1489.118	  8
    1489.472	  8
    1489.784	  8
    1490.138	  8
    1490.386	  8
    1490.576	  8
    1490.866	  8
    1491.142	  8
    1491.528	  8
    1491.800	  8
    1492.250	  8
    1492.416	  8
    1493.190	  8
    1493.554	  8
    1493.876	  8
    1494.234	  8
    1494.680	  8
    1495.116	  8
    1495.472	  8
    1495.822	  8
    1496.144	  8
    1496.434	  8
    1496.838	  8
    1497.408	  8
    1497.864	  8
    1498.042	  8
    1498.312	  8
    1498.654	  8
    1498.996	  8
    1499.424	  8
    1499.636	 53
    1499.802	  8
    1499.802	 20
    1499.802	 27
    1499.812	 28
    1499.812	 19
    1499.912	 29
    1500.106	  9
    1502.364	  8
    1503.432	  8
    1519.932	 51
    1519.942	 17
    1547.158	  8
    1554.858	  8
    1555.542	  8
    1569.296	  8
    1569.776	  8
    1570.284	  8
    1570.724	  8
    1571.156	  8
    1571.592	  8
    1572.040	  8
    1572.870	  8
    1573.318	  8
    1573.980	  8
    1574.258	  8
    1574.640	  8
    1575.026	  8
    1575.420	  8
    1576.002	  8
    1576.456	  8
    1577.128	  8
    1577.622	  8
    1577.932	  8
    1578.392	  8
    1578.776	  8
    1579.084	  8
    1579.428	  8
    1579.942	 53
    1580.164	  8
    1580.164	 20
    1580.164	 27
    1580.174	 28
    1580.174	 19
    1580.274	 29
    1580.468	  9
    1600.294	 51
    1600.304	 17
    1605.706	  7
    1605.828	  7
    1606.494	  7
    1606.860	  7
    1608.206	  7
    1608.428	  7
    1608.574	  7
    1608.758	  7
    1608.958	  7
    1609.554	  7
    1609.708	  7
    1609.864	  7
    1610.040	  7
    1610.192	  7
    1610.386	  7
    1610.542	  7
    1610.740	  7
    1610.910	  7
    1611.070	  7
    1611.220	  7
    1611.390	  7
    1611.540	  7
    1611.696	  7
    1611.854	  7
    1612.006	  7
    1612.190	  7
    1612.266	  7
    1612.710	  7
    1612.862	  7
    1613.020	  7
    1613.166	  7
    1613.334	  7
    1613.502	  7
    1613.658	  7
    1613.802	  7
    1613.964	  7
    1614.132	  7
    1614.278	  7
    1614.448	  7
    1614.620	  7
    1614.790	  7
    1614.928	  7
    1615.090	  7
    1615.250	  7
    1615.408	  7
    1615.562	  7
    1615.722	  7
    1615.874	  7
    1616.036	  7
    1616.210	  7
    1616.368	  7
    1616.526	  7
    1616.694	  7
    1616.844	  7
    1616.996	  7
    1617.156	  7
    1617.320	  7
    1617.484	  7
    1617.648	  7
    1617.786	  7
    1617.942	  7
    1618.092	  7
    1618.258	  7
    1618.418	  7
    1618.578	  7
    1618.742	  7
    1618.908	  7
    1619.066	  7
    1619.226	  7
    1619.380	  7
    1619.556	  7
    1619.696	  7
    1619.856	  7
    1620.012	  7
    1620.162	  7
    1620.326	  7
    1620.478	  7
    1620.640	  7
    1620.794	  7
    1620.964	  7
    1621.120	  7
    1621.172	  7
    1621.196	  7
    1621.362	  7
    1621.510	  7
    1621.668	  7
    1621.816	  7
    1621.970	  7
    1622.132	  7
    1622.288	  7
    1622.466	  7
    1622.588	  7
    1622.748	  7
    1622.910	  7
    1623.066	  7
    1623.220	  7
    1623.394	  7
    1623.558	  7
    1623.696	  7
    1623.868	  7
    1624.018	  7
    1624.202	  7
    1624.332	  7
    1624.502	  7
    1624.652	  7
    1624.798	  7
    1624.966	  7
    1625.140	  7
    1625.300	  7
    1625.468	  7
    1625.628	  7
    1625.788	  7
    1625.976	  7
    1626.112	  7
    1626.258	  7
    1626.406	  7
    1626.562	  7
    1626.724	  7
    1626.880	  7
    1627.030	  7
    1627.182	  7
    1627.332	  7
    1627.704	  7
    1627.850	  7
    1627.994	  7
    1628.152	  7
    1628.308	  7
    1628.466	  7
    1628.620	  7
    1628.776	  7
    1628.942	  7
    1629.070	  7
    1629.216	  7
    1629.298	  7
    1629.552	  7
    1629.780	  7
    1629.930	  7
    1630.098	  7
    1630.240	  7
    1630.402	  7
    1630.562	  7
    1630.722	  7
    1630.890	  7
    1631.042	  7
    1631.196	  7
    1631.344	  7
    1631.726	  7
    1631.868	  7
    1632.020	  7
    1632.168	  7
    1632.324	  7
    1632.480	  7
    1632.640	  7
    1632.804	  7
    1632.948	  7
    1633.098	  7
    1633.250	  7
    1633.556	  7
    1633.712	  7
    1633.868	  7
    1634.032	  7
    1634.184	  7
    1634.350	  7
    1634.498	  7
    1634.648	  7
    1634.800	  7
    1634.962	  7
    1635.112	  7
    1635.266	  7
    1635.426	  7
    1635.578	  7
    1635.726	  7
    1635.912	  7
    1636.066	  7
    1636.220	  7
    1636.370	  7
    1636.512	  7
    1636.692	  7
    1636.830	  7
    1636.984	  7
    1637.152	  7
    1637.330	  7
    1637.468	  7
    1637.630	  7
    1637.798	  7
    1637.942	  7
    1638.100	  7
    1638.256	  7
    1638.404	  7
    1638.600	  7
    1638.724	  7
    1638.882	  7
    1639.022	  7
    1639.174	  7
    1639.328	  7
    1639.502	  7
    1639.666	  7
    1639.834	  7
    1639.996	  7
    1640.146	  7
    1640.296	  7
    1640.452	  7
    1640.610	  7
    1640.760	  7
    1640.930	  7
    1641.094	  7
    1641.256	  7
    1641.422	  7
    1641.564	  7
    1641.716	  7
    1641.866	  7
    1642.014	  7
    1642.166	  7
    1642.326	  7
    1642.486	  7
    1642.656	  7
    1642.856	  7
    1643.002	  7
    1643.160	  7
    1643.322	  7
    1643.482	  7
    1643.652	  7
    1643.804	  7
    1643.968	  7
    1644.146	  7
    1644.300	  7
    1644.458	  7
    1644.616	  7
    1644.774	  7
    1644.928	  7
    1645.076	  7
    1645.236	  7
    1645.418	  7
    1645.542	  7
    1645.696	  7
    1645.844	  7
    1646.008	  7
    1646.144	  7
    1646.306	  7
    1646.458	  7
    1646.620	  7
    1646.796	  7
    1646.948	  7
    1647.118	  7
    1647.278	  7
    1647.450	  7
    1647.596	  7
    1647.754	  7
    1647.916	  7
    1648.076	  7
    1648.266	  7
    1648.398	  7
    1648.558	  7
    1648.720	  7
    1648.866	  7
    1649.026	  7
    1649.194	  7
    1649.366	  7
    1649.528	  7
    1649.700	  7
    1649.850	  7
    1650.010	  7
    1650.172	  7
    1650.370	  7
    1650.506	  7
    1650.666	  7
    1650.982	  7
    1651.098	  7
    1651.470	  7
    1651.612	  7
    1651.760	  7
    1651.924	  7
    1652.096	  7
    1652.252	  7
    1652.412	  7
    1652.576	  7
    1652.736	  7
    1652.898	  7
    1653.060	  7
    1653.224	  7
    1653.396	  7
    1653.550	  7
    1653.860	  7
    1654.024	  7
    1654.162	  7
    1654.320	  7
    1654.502	  7
    1654.630	  7
    1656.224	  8
    1656.826	  8
    1657.310	  8
    1657.634	  8
    1657.772	  8
    1658.462	  8
    1658.888	  8
    1659.402	  8
    1659.804	  8
    1660.262	  8
    1660.304	 53
    1660.644	  8
    1660.644	 20
    1660.644	 27
    1660.654	 28
    1660.654	 19
    1660.754	 29
    1660.948	  9
    1680.774	 50
    1680.784	 10
    1707.090	  8
    1707.610	  8
    1707.934	  8
    1708.234	  8
    1709.394	  8
    1710.168	  8
    1710.534	  8
    1710.750	  8
    1710.784	 53
    1710.872	  8
    1710.872	 20
    1710.872	 27
    1710.882	 28
    1710.882	 19
    1710.982	 29
    1711.176	  9
    1731.002	 50
    1731.012	 10
    1755.902	  8
    1756.346	  8
    1756.644	  8
    1757.080	  8
    1758.226	  8
    1758.484	  8
    1759.888	  8
    1760.234	  8
    1760.736	  8
    1760.886	  8
    1761.012	 53
    1761.238	  8
    1761.238	 20
    1761.238	 27
    1761.248	 28
    1761.248	 19
    1761.348	 29
    1761.542	  9
    1781.368	 52
    1781.378	 18
    1795.248	  8
    1810.718	  7
    1810.992	  7
    1811.220	  7
    1811.422	  7
    1811.548	  7
    1811.740	  7
    1811.936	  7
    1812.140	  7
    1817.750	  7
    1818.048	  7
    1818.138	  7
    1839.978	  8
    1840.444	  8
    1841.178	  8
    1841.752	  8
    1842.102	  8
    1843.166	  8
    1844.498	  8
    1844.608	  8
    1844.820	  8
    1845.510	  8
    1846.212	  8
    1846.808	  8
    1847.286	  8
    1847.602	  8
    1848.254	  8
    1849.260	  8
    1849.646	  8
    1850.674	  8
    1851.392	  8
    1852.776	  8
    1853.290	  8
    1853.976	  8
    1854.430	  8
    1854.954	  8
    1855.708	  8
    1856.066	  8
    1856.448	  8
    1857.206	  8
    1860.346	  8
    1860.922	  8
    1861.270	  8
    1861.294	  8
    1861.692	  8
    1862.292	  8
    1862.710	  8
    1863.190	  8
    1864.026	  8
    1864.476	  8
    1864.992	  8
    1865.402	  8
    1865.770	  8
    1866.640	  8
    1867.182	  8
    1868.192	  8
    1868.722	  8
    1869.248	  8
    1870.184	  8
    1870.600	  8
    1871.122	  8
    1871.626	  8
    1871.978	  8
    1872.380	  8
    1872.890	  8
    1873.242	  8
    1873.668	  8
    1874.212	  8
    1874.846	  8
    1875.180	  8
    1875.720	  8
    1876.072	  8
    1876.448	  8
    1876.976	  8
    1877.196	  8
    1877.430	  8
    1877.804	  8
    1878.286	  8
    1878.446	  8
    1878.618	  8
    1879.430	  8
    1879.774	  8
    1880.102	  8
    1880.722	  8
    1881.534	  8
    1882.014	  8
    1882.202	  8
    1882.438	  8
    1882.734	  8
    1883.322	  8
    1884.086	  8
    1884.240	  8
    1884.660	  8
    1884.958	  8
    1885.270	  8
    1885.516	  8
    1886.110	  8
    1886.488	  8
    1886.866	  8
    1887.222	  8
    1887.454	  8
    1887.984	  8
    1888.322	  8
    1888.706	  8
    1889.074	  8
    1889.434	  8
    1889.618	  8
    1889.960	  8
    1890.694	  8
    1891.310	  8
    1891.718	  8
    1892.032	  8
    1892.458	  8
    1893.060	  8
    1893.416	  8
    1894.978	  8
    1895.518	  8
    1895.774	  8
    1896.068	  8
    1896.328	  8
    1896.616	  8
    1896.918	  8
    1897.294	  8
    1897.572	  8
    1898.042	  8
    1898.416	  8
    1898.750	  8
    1899.072	  8
    1899.392	  8
    1899.798	  8
    1900.400	  8
    1900.520	  8
    1900.952	  8
    1901.248	  8
    1901.378	 53
    1901.518	  8
    1901.518	 20
    1901.518	 27
    1901.528	 28
    1901.528	 19
    1901.628	 29
    1901.822	  9
    1921.648	 51
    1921.658	 17
    1951.716	  8
    1957.642	  7
    1957.750	  7
    1968.798	  8
    1969.178	  8
    1969.614	  8
    1970.198	  8
    1971.170	  8
    1972.154	  8
    1972.746	  8
    1973.510	  8
    1973.902	  8
    1974.394	  8
    1975.460	  8
    1976.348	  8
    1977.510	  8
    1978.048	  8
    1978.414	  8
    1978.854	  8
    1979.446	  8
    1979.818	  8
    1980.158	  8
    1980.434	  8
    1980.658	  8
    1980.952	  8
    1981.078	  8
    1981.366	  8
    1981.524	  8
    1981.658	 53
    1981.908	  8
    1981.908	 20
    1981.908	 27
    1981.918	 28
    1981.918	 19
    1982.018	 29
    1982.062	  8
    1982.212	  9
    2002.038	 51
    2002.048	 17
    2006.816	  8
    2009.434	  8
    2029.818	  7
    2029.924	  7
    2030.074	  7
    2030.250	  7
    2030.434	  7
    2030.810	  7
    2030.966	  7
    2031.136	  7
    2031.282	  7
    2031.486	  7
    2031.670	  7
    2031.844	  7
    2032.028	  7
    2032.196	  7
    2032.352	  7
    2032.508	  7
    2032.678	  7
    2032.846	  7
    2033.008	  7
    2033.170	  7
    2033.334	  7
    2033.494	  7
    2033.654	  7
    2033.816	  7
    2034.008	  7
    2034.148	  7
    2034.310	  7
    2034.468	  7
    2034.624	  7
    2034.788	  7
    2034.934	  7
    2035.090	  7
    2035.244	  7
    2035.414	  7
    2035.564	  7
    2035.720	  7
    2035.870	  7
    2036.032	  7
    2036.184	  7
    2036.354	  7
    2036.512	  7
    2036.680	  7
    2036.850	  7
    2037.008	  7
    2037.178	  7
    2037.328	  7
    2037.494	  7
    2037.652	  7
    2037.804	  7
    2037.974	  7
    2038.142	  7
    2038.304	  7
    2038.464	  7
    2038.664	  7
    2038.820	  7
    2038.992	  7
    2039.158	  7
    2039.332	  7
    2039.506	  7
    2039.652	  7
    2039.828	  7
    2039.978	  7
    2040.204	  7
    2040.344	  7
    2040.504	  7
    2040.660	  7
    2040.820	  7
    2040.982	  7
    2041.140	  7
    2041.298	  7
    2041.462	  7
    2041.634	  7
    2041.800	  7
    2041.956	  7
    2042.106	  7
    2042.268	  7
    2042.424	  7
    2042.578	  7
    2042.744	  7
    2042.894	  7
    2043.056	  7
    2043.220	  7
    2043.384	  7
    2043.552	  7
    2043.708	  7
    2043.884	  7
    2044.034	  7
    2044.184	  7
    2044.342	  7
    2044.504	  7
    2044.664	  7
    2044.820	  7
    2044.966	  7
    2045.142	  7
    2045.296	  7
    2045.438	  7
    2045.600	  7
    2045.756	  7
    2045.902	  7
    2046.072	  7
    2046.216	  7
    2046.380	  7
    2046.548	  7
    2046.696	  7
    2046.858	  7
    2047.012	  7
    2047.164	  7
    2047.320	  7
    2047.466	  7
    2047.610	  7
    2047.834	  7
    2047.970	  7
    2048.134	  7
    2048.268	  7
    2048.424	  7
    2048.576	  7
    2048.954	  7
    2049.094	  7
    2049.252	  7
    2049.402	  7
    2049.560	  7
    2049.710	  7
    2049.892	  7
    2050.044	  7
    2050.196	  7
    2050.338	  7
    2050.498	  7
    2050.656	  7
    2050.816	  7
    2050.962	  7
    2051.138	  7
    2051.280	  7
    2051.438	  7
    2051.594	  7
    2051.752	  7
    2051.906	  7
    2052.074	  7
    2052.242	  7
    2052.386	  7
    2052.544	  7
    2052.694	  7
    2052.846	  7
    2053.006	  7
    2053.312	  7
    2053.460	  7
    2053.640	  7
    2053.754	  7
    2053.900	  7
    2054.044	  7
    2054.192	  7
    2054.334	  7
    2054.482	  7
    2054.636	  7
    2054.792	  7
    2054.960	  7
    2055.106	  7
    2055.258	  7
    2055.426	  7
    2055.554	  7
    2055.708	  7
    2055.866	  7
    2056.010	  7
    2056.172	  7
    2056.336	  7
    2056.492	  7
    2056.666	  7
    2056.802	  7
    2056.962	  7
    2057.102	  7
    2057.264	  7
    2057.418	  7
    2057.582	  7
    2057.740	  7
    2057.890	  7
    2058.050	  7
    2058.204	  7
    2058.358	  7
    2058.500	  7
    2058.668	  7
    2058.828	  7
    2059.120	  7
    2059.292	  7
    2059.434	  7
    2059.584	  7
    2059.738	  7
    2059.882	  7
    2060.052	  7
    2060.212	  7
    2061.854	  8
    2062.048	 53
    2062.988	  8
    2062.988	 20
    2062.988	 27
    2062.998	 28
    2062.998	 19
    2063.098	 29
    2063.292	  9
    2064.598	  8
    2083.118	 52
    2083.128	 18
    2083.850	  8
    2128.094	  6
    2128.268	  6
    2128.604	  6
    2131.178	  6
    2133.418	  6
    2142.518	  7
    2145.436	  8
    2145.570	  8
    2146.068	  8
    2148.798	  8
    2151.480	  8
    2152.150	  8
    2152.682	  8
    2153.248	  8
    2153.822	  8
    2155.126	  8
    2155.686	  8
    2156.068	  8
    2156.500	  8
    2157.340	  8
    2158.564	  8
    2158.740	  8
    2159.838	  8
    2160.172	  8
    2160.638	  8
    2160.976	  8
    2161.552	  8
    2162.156	  8
    2163.900	  8
    2165.868	  8
    2166.202	  8
    2166.606	  8
    2167.092	  8
    2167.496	  8
    2168.186	  8
    2168.602	  8
    2169.068	  8
    2169.362	  8
    2169.862	  8
    2170.300	  8
    2170.814	  8
    2172.496	  8
    2173.046	  8
    2173.586	  8
    2174.004	  8
    2174.340	  8
    2174.964	  8
    2175.626	  8
    2175.822	  8
    2175.950	  8
    2176.558	  8
    2176.818	  8
    2177.904	  8
    2178.414	  8
    2179.024	  8
    2179.448	  8
    2179.920	  8
    2180.274	  8
    2180.790	  8
    2181.168	  8
    2181.674	  8
    2182.074	  8
    2182.290	  8
    2182.456	  8
    2182.944	  8
    2183.536	  8
    2183.598	  8
    2183.862	  8
    2184.198	  8
    2185.806	  8
    2186.134	  8
    2186.482	  8
    2186.870	  8
    2187.736	  8
    2188.578	  8
    2188.900	  8
    2189.446	  8
    2189.966	  8
    2190.134	  8
    2190.526	  8
    2190.806	  8
    2191.242	  8
    2191.658	  8
    2192.044	  8
    2192.552	  8
    2193.012	  8
    2193.608	  8
    2194.034	  8
    2194.310	  8
    2194.654	  8
    2195.334	  8
    2195.818	  8
    2196.532	  8
    2197.270	  8
    2197.626	  8
    2197.964	  8
    2198.352	  8
    2198.918	  8
    2199.418	  8
    2200.416	  8
    2201.206	  8
    2201.876	  8
    2202.378	  8
    2202.746	  8
    2203.128	 53
    2203.130	  8
    2203.130	 20
    2203.130	 27
    2203.140	 28
    2203.140	 19
    2203.240	 29
    2203.434	  9
    2204.902	  8
    2223.260	 50
    2223.270	 10
    2243.274	  8
    2253.270	 53
    2253.728	  8
    2253.728	 20
    2253.728	 27
    2253.738	 28
    2253.738	 19
    2253.838	 29
    2254.032	  9
    2273.858	 50
    2273.868	 10
    2295.340	  8
    2295.596	  8
    2295.710	  8
    2295.804	  8
    2296.030	  8
    2296.322	  8
    2296.454	  8
    2296.556	  8
    2296.834	  8
    2300.394	  8
    2300.736	  8
    2300.796	  8
    2301.154	  8
    2301.618	  8
    2301.922	  8
    2302.214	  8
    2302.538	  8
    2302.734	  8
    2302.972	  8
    2303.284	  8
    2303.868	 53
    2304.662	  8
    2304.662	 20
    2304.662	 27
    2304.672	 28
    2304.672	 19
    2304.772	 29
    2304.966	  9
    2324.792	 52
    2324.802	 18
    2357.808	  8
    2383.170	  8
    2386.286	  8
    2388.996	  8
    2399.194	  8
    2399.258	  8
    2399.484	  8
    2404.400	  8
    2405.650	  8
    2420.868	  8
    2421.488	  8
    2422.208	  8
    2423.694	  8
    2424.410	  8
    2425.202	  8
    2425.646	  8
    2426.298	  8
    2426.850	  8
    2427.640	  8
    2428.464	  8
    2428.956	  8
    2429.458	  8
    2430.460	  8
    2430.846	  8
    2431.282	  8
    2431.784	  8
    2432.286	  8
    2432.694	  8
    2433.248	  8
    2433.772	  8
    2433.990	  8
    2434.572	  8
    2435.040	  8
    2435.470	  8
    2436.734	  8
    2437.096	  8
    2437.532	  8
    2438.030	  8
    2438.718	  8
    2438.982	  8
    2439.562	  8
    2440.198	  8
    2440.398	  8
    2440.748	  8
    2441.340	  8
    2442.502	  8
    2443.884	  8
    2444.592	  8
    2444.802	 53
    2445.066	  8
    2445.066	 20
    2445.066	 27
    2445.076	 28
    2445.076	 19
    2445.176	 29
    2445.370	  9
    2465.196	 52
    2465.206	 18
    2468.426	  8
    2508.234	  8
    2509.952	  8
    2511.194	  8
    2541.742	  8
    2542.294	  8
    2542.648	  8
    2543.094	  8
    2543.584	  8
    2544.258	  8
    2544.758	  8
    2545.180	  8
    2545.906	  8
    2546.334	  8
    2546.884	  8
    2547.944	  8
    2548.730	  8
    2549.164	  8
    2549.900	  8
    2551.284	  8
    2551.740	  8
    2552.282	  8
    2552.686	  8
    2552.824	  8
    2553.254	  8
    2553.708	  8
    2553.880	  8
    2554.428	  8
    2554.896	  8
    2556.050	  8
    2556.464	  8
    2556.896	  8
    2557.460	  8
    2558.068	  8
    2558.410	  8
    2558.624	  8
    2558.716	  8
    2558.874	  8
    2559.440	  8
    2560.046	  8
    2560.276	  8
    2560.628	  8
    2561.006	  8
    2561.624	  8
    2561.868	  8
    2562.280	  8
    2562.734	  8
    2563.144	  8
    2563.544	  8
    2563.948	  8
    2564.524	  8
    2564.596	  8
    2565.520	  8
    2565.734	  8
    2566.076	  8
    2566.468	  8
    2566.960	  8
    2568.000	  8
    2568.646	  8
    2569.196	  8
    2569.626	  8
    2570.112	  8
    2570.522	  8
    2571.032	  8
    2571.642	  8
    2572.032	  8
    2572.558	  8
    2572.684	  8
    2573.176	  8
    2573.656	  8
    2573.726	  8
    2574.108	  8
    2574.538	  8
    2575.284	  8
    2575.750	  8
    2576.290	  8
    2576.406	  8
    2576.800	  8
    2577.160	  8
    2577.976	  8
    2578.564	  8
    2579.292	  8
    2580.008	  8
    2580.650	  8
    2580.972	  8
    2581.496	  8
    2581.704	  8
    2581.808	  8
    2582.920	  8
    2583.182	  8
    2583.528	  8
    2584.970	  8
    2585.206	 53
    2585.242	  8
    2585.242	 20
    2585.242	 27
    2585.252	 28
    2585.252	 19
    2585.352	 29
    2585.546	  9
    2605.372	 50
    2605.382	 10
    2635.382	 53
    2641.868	  8
    2641.868	 20
    2641.868	 27
    2641.878	 28
    2641.878	 19
    2641.978	 29
    2642.172	  9
    2661.998	 50
    2662.008	 10
    2683.688	  8
    2683.746	  8
    2690.384	  8
    2690.748	  8
    2691.242	  8
    2691.526	  8
    2691.826	  8
    2692.008	 53
    2692.216	  8
    2692.216	 20
    2692.216	 27
    2692.226	 28
    2692.226	 19
    2692.326	 29
    2692.512	  9
    2712.346	 50
    2712.356	 10
    2742.356	 53
    2744.952	  8
    2744.952	 20
    2744.952	 27
    2744.962	 28
    2744.962	 19
    2745.062	 29
    2745.256	  9
    2765.082	 51
    2765.092	 17
    2793.900	  8
    2801.138	  8
    2803.536	  8
    2803.584	  8
    2804.132	  8
    2809.156	  8
    2809.752	  8
    2810.624	  8
    2814.970	  8
    2815.410	  8
    2815.720	  8
    2816.042	  8
    2816.322	  8
    2816.774	  8
    2817.480	  8
    2817.928	  8
    2818.398	  8
    2818.912	  8
    2819.372	  8
    2819.738	  8
    2819.818	  8
    2820.216	  8
    2820.436	  8
    2820.530	  8
    2822.854	  8
    2823.274	  8
    2823.840	  8
    2824.448	  8
    2825.092	 53
    2825.308	  8
    2825.308	 20
    2825.308	 27
    2825.318	 28
    2825.318	 19
    2825.418	 29
    2825.612	  9
    2845.438	 51
    2845.448	 17
    2865.610	  7
    2865.758	  7
    2865.920	  7
    2866.106	  7
    2866.260	  7
    2866.416	  7
    2866.588	  7
    2866.766	  7
    2866.940	  7
    2867.106	  7
    2867.286	  7
    2867.460	  7
    2867.630	  7
    2867.792	  7
    2867.944	  7
    2868.114	  7
    2868.270	  7
    2868.426	  7
    2868.594	  7
    2868.744	  7
    2868.906	  7
    2869.068	  7
    2869.234	  7
    2869.406	  7
    2869.562	  7
    2869.708	  7
    2869.856	  7
    2870.006	  7
    2870.162	  7
    2870.308	  7
    2870.472	  7
    2870.622	  7
    2870.782	  7
    2870.968	  7
    2871.106	  7
    2871.268	  7
    2871.414	  7
    2871.566	  7
    2871.718	  7
    2871.878	  7
    2872.044	  7
    2872.168	  7
    2872.312	  7
    2872.484	  7
    2872.630	  7
    2872.774	  7
    2872.924	  7
    2873.082	  7
    2873.238	  7
    2873.392	  7
    2873.554	  7
    2873.736	  7
    2873.864	  7
    2874.032	  7
    2874.158	  7
    2874.308	  7
    2874.470	  7
    2874.630	  7
    2874.790	  7
    2874.950	  7
    2875.108	  7
    2875.280	  7
    2875.420	  7
    2875.574	  7
    2875.724	  7
    2875.874	  7
    2876.026	  7
    2876.280	  7
    2876.720	  7
    2876.834	  7
    2876.974	  7
    2877.040	  7
    2877.322	  7
    2877.474	  7
    2877.624	  7
    2877.724	  7
    2878.014	  7
    2878.186	  7
    2878.326	  7
    2878.466	  7
    2878.622	  7
    2878.780	  7
    2878.938	  7
    2879.088	  7
    2879.238	  7
    2879.396	  7
    2879.574	  7
    2879.712	  7
    2879.868	  7
    2880.012	  7
    2880.146	  7
    2880.292	  7
    2880.442	  7
    2880.570	  7
    2881.100	  7
    2881.278	  7
    2881.436	  7
    2881.578	  7
    2881.730	  7
    2881.884	  7
    2882.030	  7
    2882.192	  7
    2882.342	  7
    2882.494	  7
    2882.686	  7
    2882.808	  7
    2882.962	  7
    2883.110	  7
    2883.260	  7
    2883.412	  7
    2883.570	  7
    2883.710	  7
    2883.860	  7
    2884.012	  7
    2884.160	  7
    2884.314	  7
    2884.472	  7
    2884.642	  7
    2884.796	  7
    2884.956	  7
    2885.094	  7
    2885.252	  7
    2885.396	  7
    2885.542	  7
    2885.700	  7
    2885.852	  7
    2886.012	  7
    2886.200	  7
    2886.334	  7
    2886.460	  7
    2886.598	  7
    2886.746	  7
    2886.904	  7
    2887.046	  7
    2887.364	  7
    2887.546	  7
    2887.670	  7
    2887.802	  7
    2887.948	  7
    2888.088	  7
    2888.238	  7
    2888.390	  7
    2888.542	  7
    2888.692	  7
    2888.866	  7
    2888.998	  7
    2889.148	  7
    2889.288	  7
    2889.444	  7
    2889.598	  7
    2889.750	  7
    2889.906	  7
    2890.072	  7
    2890.252	  7
    2890.396	  7
    2890.550	  7
    2890.732	  7
    2890.876	  7
    2891.034	  7
    2891.174	  7
    2891.290	  7
    2891.436	  7
    2891.976	  7
    2892.120	  7
    2892.278	  7
    2892.446	  7
    2892.592	  7
    2892.748	  7
    2892.908	  7
    2893.438	  7
    2893.588	  7
    2893.716	  7
    2893.858	  7
    2894.008	  7
    2894.174	  7
    2894.310	  7
    2894.462	  7
    2894.618	  7
    2894.774	  7
    2894.924	  7
    2895.070	  7
    2895.222	  7
    2895.376	  7
    2895.534	  7
    2895.688	  7
    2895.828	  7
    2895.966	  7
    2896.134	  7
    2896.234	  7
    2896.386	  7
    2896.532	  7
    2896.706	  7
    2896.852	  7
    2897.014	  7
    2897.172	  7
    2897.320	  7
    2897.476	  7
    2897.640	  7
    2897.816	  7
    2897.944	  7
    2898.134	  7
    2898.268	  7
    2898.426	  7
    2898.576	  7
    2898.734	  7
    2898.884	  7
    2899.056	  7
    2899.192	  7
    2899.348	  7
    2899.506	  7
    2899.684	  7
    2899.828	  7
    2899.978	  7
    2900.128	  7
    2900.290	  7
    2900.442	  7
    2900.596	  7
    2900.762	  7
    2900.898	  7
    2901.050	  7
    2901.196	  7
    2901.350	  7
    2901.494	  7
    2901.646	  7
    2901.802	  7
    2901.950	  7
    2902.120	  7
    2902.250	  7
    2902.406	  7
    2902.568	  7
    2902.716	  7
    2902.868	  7
    2903.024	  7
    2903.180	  7
    2903.336	  7
    2903.500	  7
    2903.648	  7
    2903.950	  7
    2904.066	  7
    2904.166	  7
    2904.440	  7
    2904.584	  7
    2904.738	  7
    2904.838	  7
    2905.080	  7
    2905.166	  7
    2905.324	  7
    2905.448	 53
    2905.506	  7
    2905.802	  7
    2905.940	  7
    2906.236	  7
    2906.378	  7
    2906.528	  7
    2906.838	  7
    2907.128	  7
    2907.276	  7
    2907.426	  7
    2907.564	  7
    2907.712	  7
    2912.218	  8
    2912.218	 20
    2912.218	 27
    2912.228	 28
    2912.228	 19
    2912.328	 29
    2912.524	  9
    2932.348	 51
    2932.358	 17
    2955.282	  7
    2960.784	  7
    2964.602	  8
    2964.918	  8
    2964.992	  8
    2965.368	  8
    2965.644	  8
    2966.246	  8
    2967.234	  8
    2968.236	  8
    2968.668	  8
    2969.180	  8
    2969.592	  8
    2970.136	  8
    2970.568	  8
    2971.144	  8
    2971.834	  8
    2972.242	  8
    2972.564	  8
    2973.084	  8
    2973.620	  8
    2973.924	  8
    2974.822	  8
    2975.174	  8
    2975.514	  8
    2975.974	  8
    2976.646	  8
    2977.052	  8
    2977.306	  8
    2977.654	  8
    2977.948	  8
    2978.010	  8
    2978.152	  8
    2978.502	  8
    2979.010	  8
    2979.126	  8
    2979.344	  8
    2979.454	  8
    2979.906	  8
    2980.904	  8
    2981.260	  8
    2981.318	  8
    2981.400	  8
    2981.848	  8
    2982.222	  8
    2982.544	  8
    2982.890	  8
    2983.742	  8
    2983.958	  8
    2984.474	  8
    2984.896	  8
    2985.134	  8
    2985.518	  8
    2985.744	  8
    2986.008	  8
    2986.750	  8
    2987.054	  8
    2987.384	  8
    2987.748	  8
    2988.068	  8
    2988.356	  8
    2988.770	  8
    2989.090	  8
    2989.556	  8
    2989.942	  8
    2990.106	  8
    2990.532	  8
    2990.770	  8
    2991.018	  8
    2991.354	  8
    2991.684	  8
    2992.162	  8
    2992.358	 53
    2992.384	  8
    2992.384	 20
    2992.384	 27
    2992.394	 28
    2992.394	 19
    2992.482	  8
    2992.494	 29
    2992.688	  9
    3012.514	 52
    3012.524	 18
    3051.218	  8
    3051.418	  8
    3051.908	  8
    3052.538	  8
    3052.812	  8
    3053.124	  8
    3054.140	  8
    3055.016	  8
    3055.296	  8
    3056.380	  8
    3057.110	  8
    3057.846	  8
    3059.110	  8
    3061.986	  8
    3064.316	  8
    3064.934	  8
    3065.586	  8
    3068.994	  8
    3069.074	  8
    3072.940	  8
    3073.230	  8
    3073.612	  8
    3075.820	  8
    3076.756	  8
    3077.474	  8
    3081.288	  8
    3081.790	  8
    3082.668	  8
    3083.236	  8
    3084.128	  8
    3084.584	  8
    3085.204	  8
    3085.600	  8
    3086.076	  8
    3086.470	  8
    3087.386	  8
    3087.998	  8
    3088.998	  8
    3089.392	  8
    3090.168	  8
    3090.550	  8
    3090.898	  8
    3091.168	  8
    3091.358	  8
    3091.878	  8
    3092.378	  8
    3093.026	  8
    3093.446	  8
    3094.410	  8
    3094.848	  8
    3095.302	  8
    3095.864	  8
    3096.514	  8
    3096.918	  8
    3097.442	  8
    3097.856	  8
    3098.150	  8
    3098.452	  8
    3098.834	  8
    3099.190	  8
    3099.452	  8
    3099.748	  8
    3100.594	  8
    3101.350	  8
    3102.402	  8
    3102.626	  8
    3104.034	  8
    3104.134	  8
    3104.432	  8
    3104.834	  8
    3105.188	  8
    3106.120	  8
    3106.252	  8
    3106.544	  8
    3106.970	  8
    3107.324	  8
    3107.822	  8
    3108.006	  8
    3108.120	  8
    3109.236	  8
    3112.206	  8
    3112.488	  8
    3113.188	  8
    3113.630	  8
    3114.078	  8
    3114.522	  8
    3115.002	  8
    3115.532	  8
    3116.070	  8
    3116.428	  8
    3116.870	  8
    3116.992	  8
    3117.292	  8
    3117.754	  8
    3118.106	  8
    3118.634	  8
    3119.040	  8
    3119.490	  8
    3119.982	  8
    3120.254	  8
    3120.434	  8
    3121.302	  8
    3121.508	  8
    3122.130	  8
    3122.658	  8
    3123.630	  8
    3123.974	  8
    3124.752	  8
    3125.144	  8
    3125.718	  8
    3126.204	  8
    3127.254	  8
    3127.908	  8
    3128.768	  8
    3130.336	  8
    3130.556	  8
    3131.116	  8
    3131.662	  8
    3132.150	  8
    3132.524	 53
    3132.634	  8
    3132.634	 20
    3132.634	 27
    3132.644	 28
    3132.644	 19
    3132.744	 29
    3132.938	  9
    3152.764	 52
    3152.774	 18
    3190.958	  8
    3192.580	  8
    3198.494	  8
    3203.384	  8
    3203.654	  8
    3204.046	  8
    3241.090	  8
    3241.468	  8
    3242.628	  8
    3243.094	  8
    3243.466	  8
    3244.016	  8
    3245.128	  8
    3245.640	  8
    3246.830	  8
    3247.810	  8
    3248.590	  8
    3248.964	  8
    3249.626	  8
    3250.446	  8
    3251.052	  8
    3251.366	  8
    3251.550	  8
    3252.010	  8
    3252.598	  8
    3252.996	  8
    3253.708	  8
    3254.238	  8
    3255.934	  8
    3256.918	  8
    3257.596	  8
    3257.982	  8
    3258.338	  8
    3258.710	  8
    3259.042	  8
    3259.418	  8
    3259.760	  8
    3260.854	  8
    3261.270	  8
    3261.700	  8
    3262.338	  8
    3262.678	  8
    3263.054	  8
    3264.280	  8
    3264.700	  8
    3265.546	  8
    3265.928	  8
    3266.694	  8
    3267.540	  8
    3267.732	  8
    3268.028	  8
    3268.282	  8
    3268.608	  8
    3269.652	  8
    3270.016	  8
    3270.368	  8
    3270.794	  8
    3271.380	  8
    3271.812	  8
    3272.080	  8
    3272.370	  8
    3272.506	  8
    3272.612	  8
    3272.712	  8
    3272.774	 53
    3273.382	  8
    3273.382	 20
    3273.382	 27
    3273.392	 28
    3273.392	 19
    3273.492	 29
    3273.686	  9
    3293.512	 50
    3293.522	 10
    3314.674	  8
    3315.518	  8
    3315.760	  8
    3317.062	  8
    3320.524	  8
    3321.014	  8
    3321.520	  8
    3321.878	  8
    3322.374	  8
    3322.836	  8
    3323.522	 53
    3324.274	  8
    3324.274	 20
    3324.274	 27
    3324.284	 28
    3324.284	 19
    3324.384	 29
    3324.570	  9
    3344.404	 51
    3344.414	 17
    3386.996	  8
    3392.448	  8
    3393.296	  8
    3393.634	  8
    3394.374	  8
    3395.096	  8
    3395.544	  8
    3396.336	  8
    3396.844	  8
    3397.408	  8
    3398.038	  8
    3398.614	  8
    3398.954	  8
    3399.414	  8
    3399.726	  8
    3400.170	  8
    3400.660	  8
    3400.984	  8
    3401.256	  8
    3401.548	  8
    3402.110	  8
    3402.480	  8
    3402.908	  8
    3403.316	  8
    3403.702	  8
    3404.414	 53
    3404.472	  8
    3404.472	 20
    3404.472	 27
    3404.482	 28
    3404.482	 19
    3404.582	 29
    3404.776	  9
    3410.420	  8
    3424.602	 51
    3424.612	 17
    3429.444	  7
    3429.582	  7
    3429.766	  7
    3429.988	  7
    3430.380	  7
    3430.602	  7
    3430.834	  7
    3431.022	  7
    3432.426	  7
    3432.956	  7
    3433.138	  7
    3433.834	  7
    3434.004	  7
    3434.352	  7
    3434.480	  7
    3434.644	  7
    3435.700	  7
    3435.850	  7
    3436.016	  7
    3436.184	  7
    3436.560	  7
    3436.694	  7
    3436.858	  7
    3437.382	  7
    3437.522	  7
    3437.658	  7
    3437.812	  7
    3437.982	  7
    3438.116	  7
    3438.606	  7
    3438.728	  7
    3438.888	  7
    3439.048	  7
    3439.198	  7
    3439.372	  7
    3439.514	  7
    3439.686	  7
    3439.822	  7
    3439.974	  7
    3440.154	  7
    3440.282	  7
    3440.444	  7
    3440.590	  7
    3440.752	  7
    3440.906	  7
    3441.058	  7
    3441.212	  7
    3441.372	  7
    3441.514	  7
    3441.674	  7
    3441.828	  7
    3441.986	  7
    3442.154	  7
    3442.296	  7
    3442.466	  7
    3442.610	  7
    3442.764	  7
    3442.932	  7
    3443.084	  7
    3443.244	  7
    3443.398	  7
    3443.558	  7
    3443.718	  7
    3443.900	  7
    3444.048	  7
    3444.220	  7
    3444.350	  7
    3444.508	  7
    3444.658	  7
    3444.816	  7
    3444.976	  7
    3445.142	  7
    3445.306	  7
    3445.444	  7
    3445.592	  7
    3445.746	  7
    3445.898	  7
    3446.048	  7
    3446.208	  7
    3446.368	  7
    3446.526	  7
    3446.678	  7
    3446.832	  7
    3446.994	  7
    3447.162	  7
    3447.296	  7
    3447.452	  7
    3447.606	  7
    3447.760	  7
    3447.914	  7
    3448.070	  7
    3448.226	  7
    3448.394	  7
    3448.532	  7
    3448.680	  7
    3448.836	  7
    3449.002	  7
    3449.144	  7
    3449.292	  7
    3449.448	  7
    3449.596	  7
    3449.750	  7
    3449.922	  7
    3450.076	  7
    3450.230	  7
    3450.396	  7
    3450.552	  7
    3450.718	  7
    3450.872	  7
    3451.026	  7
    3451.184	  7
    3451.334	  7
    3451.484	  7
    3451.642	  7
    3451.772	  7
    3452.044	  7
    3452.142	  7
    3452.370	  7
    3452.540	  7
    3452.690	  7
    3452.804	  7
    3452.920	  7
    3453.094	  7
    3453.226	  7
    3453.366	  7
    3453.512	  7
    3453.666	  7
    3453.808	  7
    3453.958	  7
    3454.108	  7
    3454.264	  7
    3454.410	  7
    3454.552	  7
    3454.708	  7
    3454.854	  7
    3455.004	  7
    3455.142	  7
    3455.290	  7
    3455.412	  7
    3455.552	  7
    3455.694	  7
    3455.854	  7
    3455.996	  7
    3456.142	  7
    3456.296	  7
    3456.444	  7
    3456.760	  7
    3456.900	  7
    3457.050	  7
    3457.302	  7
    3457.418	  7
    3457.564	  7
    3457.704	  7
    3457.842	  7
    3458.002	  7
    3458.158	  7
    3458.300	  7
    3458.452	  7
    3458.598	  7
    3458.718	  7
    3459.086	  7
    3459.204	  7
    3459.348	  7
    3459.488	  7
    3459.638	  7
    3459.786	  7
    3459.958	  7
    3460.092	  7
    3460.242	  7
    3460.534	  7
    3460.680	  7
    3460.828	  7
    3460.988	  7
    3461.138	  7
    3461.290	  7
    3461.440	  7
    3461.578	  7
    3461.734	  7
    3461.886	  7
    3462.044	  7
    3462.198	  7
    3462.350	  7
    3462.530	  7
    3462.654	  7
    3462.804	  7
    3462.956	  7
    3463.102	  7
    3463.256	  7
    3463.404	  7
    3463.564	  7
    3463.764	  7
    3463.882	  7
    3464.036	  7
    3464.186	  7
    3464.344	  7
    3464.494	  7
    3464.642	  7
    3464.798	  7
    3464.960	  7
    3465.100	  7
    3465.260	  7
    3465.414	  7
    3465.570	  7
    3465.722	  7
    3465.874	  7
    3466.028	  7
    3466.178	  7
    3466.344	  7
    3466.480	  7
    3466.632	  7
    3466.782	  7
    3466.936	  7
    3467.092	  7
    3467.242	  7
    3467.410	  7
    3467.576	  7
    3467.728	  7
    3467.882	  7
    3468.034	  7
    3468.184	  7
    3468.338	  7
    3468.492	  7
    3468.658	  7
    3468.812	  7
    3468.988	  7
    3469.128	  7
    3469.288	  7
    3469.436	  7
    3469.598	  7
    3469.750	  7
    3469.956	  7
    3470.068	  7
    3470.220	  7
    3470.372	  7
    3470.514	  7
    3470.668	  7
    3470.818	  7
    3470.972	  7
    3471.134	  7
    3471.298	  7
    3471.486	  7
    3471.612	  7
    3471.772	  7
    3471.924	  7
    3472.078	  7
    3472.242	  7
    3472.390	  7
    3472.542	  7
    3472.692	  7
    3472.852	  7
    3473.010	  7
    3473.178	  7
    3473.296	  7
    3473.442	  7
    3473.586	  7
    3473.740	  7
    3473.922	  7
    3474.050	  7
    3474.206	  7
    3474.370	  7
    3474.518	  7
    3474.670	  7
    3474.840	  7
    3474.994	  7
    3475.180	  7
    3475.296	  7
    3475.494	  7
    3475.618	  7
    3476.852	  8
    3477.108	  8
    3477.566	  8
    3478.150	  8
    3478.546	  8
    3478.936	  8
    3479.214	  8
    3479.706	  8
    3480.046	  8
    3480.396	  8
    3480.892	  8
    3481.256	  8
    3481.766	  8
    3482.230	  8
    3482.490	  8
    3482.860	  8
    3483.244	  8
    3483.428	  8
    3483.912	  8
    3484.386	  8
    3484.612	 53
    3484.804	  8
    3484.804	 20
    3484.804	 27
    3484.814	 28
    3484.814	 19
    3484.914	 29
    3485.354	  9
    3504.934	 50
    3504.944	 10
    3534.944	 53
    3537.656	  8
    3537.656	 20
    3537.656	 27
    3537.666	 28
    3537.666	 19
    3537.766	 29
    3537.960	  9
    3557.786	 50
    3557.796	 10
    3564.904	  8
    3587.796	 53
    3588.538	  8
    3588.538	 20
    3588.538	 27
    3588.548	 28
    3588.548	 19
    3588.648	 29
    3588.842	  9
    3608.668	 51
    3608.678	 17
    3629.246	  8
    3635.016	  7
    3635.172	  7
    3635.334	  7
    3635.516	  7
    3635.680	  7
    3635.854	  7
    3636.028	  7
    3636.192	  7
    3636.392	  7
    3636.556	  7
    3636.720	  7
    3636.900	  7
    3637.064	  7
    3637.218	  7
    3637.398	  7
    3637.554	  7
    3637.734	  7
    3637.870	  7
    3638.032	  7
    3638.194	  7
    3638.350	  7
    3638.506	  7
    3638.668	  7
    3638.830	  7
    3639.004	  7
    3639.154	  7
    3639.314	  7
    3639.464	  7
    3639.624	  7
    3639.782	  7
    3639.942	  7
    3640.096	  7
    3640.244	  7
    3640.406	  7
    3640.580	  7
    3640.730	  7
    3640.888	  7
    3641.052	  7
    3641.212	  7
    3641.364	  7
    3641.516	  7
    3641.674	  7
    3641.832	  7
    3642.018	  7
    3642.164	  7
    3642.320	  7
    3642.472	  7
    3642.632	  7
    3642.790	  7
    3642.950	  7
    3643.128	  7
    3643.284	  7
    3643.450	  7
    3643.630	  7
    3643.776	  7
    3643.930	  7
    3644.086	  7
    3644.248	  7
    3644.414	  7
    3644.556	  7
    3644.728	  7
    3644.858	  7
    3645.034	  7
    3645.180	  7
    3645.316	  7
    3645.466	  7
    3645.630	  7
    3645.788	  7
    3645.944	  7
    3646.112	  7
    3646.256	  7
    3646.418	  7
    3646.602	  7
    3646.752	  7
    3646.894	  7
    3647.062	  7
    3647.220	  7
    3647.372	  7
    3647.536	  7
    3647.686	  7
    3647.846	  7
    3648.010	  7
    3648.194	  7
    3648.332	  7
    3648.488	  7
    3648.646	  7
    3648.806	  7
    3648.972	  7
    3649.140	  7
    3649.296	  7
    3649.478	  7
    3649.622	  7
    3649.782	  7
    3649.930	  7
    3650.084	  7
    3650.232	  7
    3650.392	  7
    3650.550	  7
    3650.704	  7
    3650.862	  7
    3651.044	  7
    3651.176	  7
    3651.342	  7
    3651.504	  7
    3651.632	  7
    3651.792	  7
    3651.954	  7
    3652.088	  7
    3652.244	  7
    3652.416	  7
    3652.558	  7
    3652.710	  7
    3652.864	  7
    3653.020	  7
    3653.186	  7
    3653.346	  7
    3653.502	  7
    3653.694	  7
    3653.846	  7
    3653.986	  7
    3654.142	  7
    3654.306	  7
    3654.470	  7
    3654.626	  7
    3654.794	  7
    3654.962	  7
    3655.096	  7
    3655.274	  7
    3655.434	  7
    3655.586	  7
    3655.746	  7
    3655.902	  7
    3656.064	  7
    3656.224	  7
    3656.376	  7
    3656.540	  7
    3656.696	  7
    3656.846	  7
    3657.012	  7
    3657.170	  7
    3657.320	  7
    3657.486	  7
    3657.642	  7
    3657.806	  7
    3657.990	  7
    3658.126	  7
    3658.288	  7
    3658.450	  7
    3658.614	  7
    3658.766	  7
    3658.928	  7
    3659.080	  7
    3659.234	  7
    3659.392	  7
    3659.534	  7
    3659.672	  7
    3659.838	  7
    3659.992	  7
    3660.146	  7
    3660.292	  7
    3660.452	  7
    3660.626	  7
    3660.764	  7
    3660.922	  7
    3661.072	  7
    3661.236	  7
    3661.392	  7
    3661.552	  7
    3661.710	  7
    3661.864	  7
    3662.082	  7
    3662.212	  7
    3662.332	  7
    3662.422	  7
    3662.578	  7
    3662.738	  7
    3662.894	  7
    3663.060	  7
    3663.230	  7
    3663.380	  7
    3663.564	  7
    3663.714	  7
    3663.884	  7
    3664.040	  7
    3664.204	  7
    3664.366	  7
    3664.514	  7
    3664.676	  7
    3664.884	  7
    3665.012	  7
    3665.152	  7
    3665.284	  7
    3665.436	  7
    3665.590	  7
    3665.744	  7
    3665.896	  7
    3666.064	  7
    3666.202	  7
    3666.358	  7
    3666.502	  7
    3666.670	  7
    3666.826	  7
    3666.996	  7
    3667.158	  7
    3667.298	  7
    3667.454	  7
    3667.620	  7
    3667.778	  7
    3667.932	  7
    3668.088	  7
    3668.236	  7
    3668.390	  7
    3668.538	  7
    3668.678	 53
    3668.692	  7
    3668.848	  7
    3668.994	  7
    3669.144	  7
    3669.300	  7
    3669.452	  7
    3669.608	  7
    3669.762	  7
    3669.912	  7
    3670.068	  7
    3670.230	  7
    3670.392	  7
    3670.534	  7
    3670.830	  7
    3670.986	  7
    3671.152	  7
    3671.314	  7
    3671.466	  7
    3671.620	  7
    3671.808	  7
    3671.952	  7
    3672.086	  7
    3672.242	  7
    3672.426	  7
    3674.606	  8
    3674.606	 20
    3674.606	 27
    3674.616	 28
    3674.616	 19
    3674.716	 29
    3674.910	  9
    3694.736	 51
    3694.746	 17
    3705.822	  5
    3706.042	  5
    3710.458	  7
    3711.422	  7
    3725.128	  8
    3725.702	  8
    3726.468	  8
    3726.624	  8
    3727.064	  8
    3728.586	  8
    3730.082	  8
    3730.632	  8
    3731.202	  8
    3732.042	  8
    3733.304	  8
    3735.636	  8
    3736.300	  8
    3736.744	  8
    3737.342	  8
    3737.722	  8
    3738.130	  8
    3738.482	  8
    3738.968	  8
    3740.224	  8
    3740.900	  8
    3741.418	  8
    3741.936	  8
    3742.612	  8
    3743.008	  8
    3743.264	  8
    3743.924	  8
    3744.436	  8
    3744.626	  8
    3745.202	  8
    3745.522	  8
    3746.042	  8
    3746.412	  8
    3747.012	  8
    3747.462	  8
    3747.686	  8
    3748.014	  8
    3748.714	  8
    3748.896	  8
    3749.290	  8
    3749.482	  8
    3750.074	  8
    3750.336	  8
    3750.562	  8
    3751.048	  8
    3751.466	  8
    3752.134	  8
    3752.312	  8
    3752.708	  8
    3752.954	  8
    3753.080	  8
    3753.536	  8
    3753.850	  8
    3754.290	  8
    3754.696	  8
    3754.746	 53
    3755.470	  8
    3755.470	 20
    3755.470	 27
    3755.480	 28
    3755.480	 19
    3755.580	 29
    3755.774	  9
    3775.600	 52
    3775.610	 18
    3803.532	  7
    3803.820	  7
    3804.164	  7
    3804.308	  7
    3804.474	  7
    3804.684	  7
    3804.842	  7
    3805.004	  7
    3805.358	  7
    3805.574	  7
    3805.704	  7
    3806.292	  7
    3806.376	  7
    3806.862	  7
    3806.934	  7
    3807.216	  7
    3807.510	  7
    3807.682	  7
    3807.864	  7
    3808.056	  7
    3808.250	  7
    3808.692	  7
    3808.808	  7
    3809.010	  7
    3809.152	  7
    3809.352	  7
    3809.552	  7
    3809.692	  7
    3810.118	  7
    3810.288	  7
    3810.442	  7
    3810.606	  7
    3810.784	  7
    3810.958	  7
    3811.128	  7
    3811.290	  7
    3811.448	  7
    3811.600	  7
    3811.766	  7
    3811.926	  7
    3812.084	  7
    3812.240	  7
    3812.400	  7
    3812.578	  7
    3812.724	  7
    3812.888	  7
    3813.032	  7
    3813.192	  7
    3813.356	  7
    3813.544	  7
    3813.674	  7
    3813.836	  7
    3813.982	  7
    3814.144	  7
    3814.300	  7
    3814.490	  7
    3814.630	  7
    3814.790	  7
    3814.952	  7
    3815.116	  7
    3815.276	  7
    3815.450	  7
    3815.606	  7
    3815.758	  7
    3815.924	  7
    3816.122	  7
    3816.276	  7
    3816.420	  7
    3816.588	  7
    3816.748	  7
    3816.912	  7
    3817.084	  7
    3817.242	  7
    3817.410	  7
    3817.582	  7
    3817.742	  7
    3817.908	  7
    3818.084	  7
    3818.258	  7
    3818.426	  7
    3818.600	  7
    3818.758	  7
    3818.932	  7
    3819.102	  7
    3819.264	  7
    3819.440	  7
    3819.610	  7
    3819.774	  7
    3819.944	  7
    3820.142	  7
    3820.298	  7
    3820.474	  7
    3820.632	  7
    3820.792	  7
    3820.954	  7
    3821.122	  7
    3821.286	  7
    3821.460	  7
    3821.612	  7
    3821.768	  7
    3821.936	  7
    3822.074	  7
    3822.402	  7
    3822.588	  7
    3822.730	  7
    3822.890	  7
    3823.048	  7
    3823.210	  7
    3823.368	  7
    3823.538	  7
    3823.702	  7
    3823.862	  7
    3824.024	  7
    3824.182	  7
    3824.328	  7
    3824.486	  7
    3824.648	  7
    3824.810	  7
    3824.970	  7
    3825.140	  7
    3825.298	  7
    3825.486	  7
    3825.630	  7
    3825.774	  7
    3825.926	  7
    3826.406	  7
    3826.546	  7
    3826.712	  7
    3826.894	  7
    3827.048	  7
    3827.216	  7
    3827.370	  7
    3829.500	  7
    3829.632	  7
    3829.786	  7
    3829.926	  7
    3831.892	  7
    3832.014	  7
    3832.162	  7
    3832.328	  7
    3832.514	  7
    3832.688	  7
    3832.828	  7
    3833.016	  7
    3833.164	  7
    3833.314	  7
    3833.474	  7
    3833.638	  7
    3833.838	  7
    3833.986	  7
    3834.136	  7
    3834.266	  7
    3834.556	  7
    3834.694	  7
    3834.852	  7
    3835.010	  7
    3835.178	  7
    3835.330	  7
    3835.490	  7
    3836.238	  7
    3836.420	  7
    3836.594	  7
    3836.934	  7
    3837.092	  7
    3837.312	  7
    3837.456	  7
    3838.016	  7
    3838.462	  7
    3838.682	  7
    3839.430	  7
    3839.770	  7
    3839.956	  7
    3843.254	  8
    3844.606	  8
    3845.924	  8
    3848.422	  8
    3850.132	  8
    3850.676	  8
    3851.948	  8
    3853.648	  8
    3854.034	  8
    3857.904	  8
    3861.280	  8
    3862.112	  8
    3886.858	  8
    3887.568	  8
    3895.610	 53
    3897.898	  8
    3897.898	 20
    3897.898	 27
    3897.908	 28
    3897.908	 19
    3898.008	 29
    3898.204	  9
    3918.028	 51
    3918.038	 17
    3926.888	  8
    3927.154	  8
    3953.258	  8
    3956.132	  8
    3956.524	  8
    3957.028	  8
    3958.978	  8
    3959.652	  8
    3960.410	  8
    3960.938	  8
    3962.434	  8
    3962.836	  8
    3963.178	  8
    3963.632	  8
    3964.038	  8
    3964.996	  8
    3965.374	  8
    3965.542	  8
    3965.806	  8
    3966.582	  8
    3967.014	  8
    3967.568	  8
    3967.930	  8
    3968.272	  8
    3968.616	  8
    3969.674	  8
    3970.510	  8
    3970.972	  8
    3971.486	  8
    3972.618	  8
    3972.932	  8
    3973.688	  8
    3974.136	  8
    3974.422	  8
    3974.780	  8
    3975.528	  8
    3975.738	  8
    3976.096	  8
    3976.360	  8
    3976.496	  8
    3976.882	  8
    3977.374	  8
    3978.012	  8
    3978.038	 53
    3978.298	  8
    3978.298	 20
    3978.298	 27
    3978.308	 28
    3978.308	 19
    3978.408	 29
    3978.602	  9
    3998.428	 50
    3998.438	 10
    4022.842	  8
    4023.262	  8
    4027.594	  8
    4027.932	  8
    4028.434	  8
    4028.438	 53
    4028.786	  8
    4028.786	 20
    4028.786	 27
    4028.796	 28
    4028.796	 19
    4028.896	 29
    4029.090	  9
    4048.916	 50
    4048.926	 10
    4077.672	  8
    4078.220	  8
    4078.590	  8
    4078.926	 53
    4079.224	  8
    4079.224	 20
    4079.224	 27
    4079.234	 28
    4079.234	 19
    4079.334	 29
    4079.528	  9
    4099.354	 52
    4099.364	 18
    4141.994	  8
    4146.284	  7
    4146.452	  7
    4149.192	  7
    4149.446	  7
    4149.664	  7
    4150.616	  7
    4150.710	  7
    4150.844	  7
    4150.996	  7
    4151.140	  7
    4151.296	  7
    4151.474	  7
    4151.634	  7
    4152.302	  7
    4152.476	  7
    4152.634	  7
    4152.808	  7
    4152.986	  7
    4153.144	  7
    4153.334	  7
    4153.502	  7
    4153.642	  7
    4153.808	  7
    4153.970	  7
    4154.120	  7
    4154.278	  7
    4154.436	  7
    4154.586	  7
    4154.740	  7
    4154.890	  7
    4155.062	  7
    4155.204	  7
    4155.354	  7
    4155.512	  7
    4155.670	  7
    4155.836	  7
    4155.992	  7
    4156.156	  7
    4156.300	  7
    4156.478	  7
    4156.642	  7
    4156.798	  7
    4156.962	  7
    4157.116	  7
    4157.284	  7
    4157.768	  7
    4157.948	  7
    4158.094	  7
    4158.260	  7
    4158.422	  7
    4158.590	  7
    4158.756	  7
    4158.922	  7
    4159.094	  7
    4159.298	  7
    4159.448	  7
    4159.602	  7
    4159.764	  7
    4159.938	  7
    4160.098	  7
    4160.262	  7
    4160.468	  7
    4160.612	  7
    4160.778	  7
    4160.940	  7
    4161.108	  7
    4161.278	  7
    4161.796	  7
    4161.958	  7
    4162.118	  7
    4162.290	  7
    4162.466	  7
    4162.622	  7
    4162.792	  7
    4162.984	  7
    4163.132	  7
    4163.306	  7
    4163.614	  7
    4163.760	  7
    4163.914	  7
    4164.096	  7
    4164.254	  7
    4164.414	  7
    4164.572	  7
    4164.736	  7
    4164.900	  7
    4165.066	  7
    4165.240	  7
    4165.396	  7
    4165.558	  7
    4165.864	  7
    4169.786	  8
    4169.838	  8
    4170.022	  8
    4173.788	  8
    4185.424	  8
    4186.200	  8
    4186.276	  8
    4186.978	  8
    4189.392	  8
    4190.086	  8
    4191.340	  8
    4191.918	  8
    4193.076	  8
    4195.684	  8
    4200.276	  8
    4200.632	  8
    4201.010	  8
    4203.418	  8
    4203.758	  8
    4204.228	  8
    4204.978	  8
    4205.760	  8
    4206.134	  8
    4206.418	  8
    4206.772	  8
    4207.330	  8
    4207.724	  8
    4208.582	  8
    4209.064	  8
    4209.778	  8
    4210.082	  8
    4210.494	  8
    4211.308	  8
    4211.672	  8
    4213.884	  8
    4214.438	  8
    4216.454	  8
    4216.796	  8
    4217.294	  8
    4217.768	  8
    4219.364	 53
    4219.994	  8
    4219.994	 20
    4219.994	 27
    4220.004	 28
    4220.004	 19
    4220.104	 29
    4220.298	  9
    4229.574	  8
    4229.618	  8
    4240.124	 50
    4240.134	 10
    4259.826	  8
    4260.094	  8
    4260.480	  8
    4260.786	  8
    4261.096	  8
    4261.422	  8
    4261.660	  8
    4261.912	  8
    4262.256	  8
    4262.546	  8
    4263.524	  8
    4263.928	  8
    4264.084	  8
    4264.564	  8
    4264.850	  8
    4265.190	  8
    4265.528	  8
    4266.192	  8
    4266.482	  8
    4266.784	  8
    4267.174	  8
    4267.480	  8
    4267.824	  8
    4268.174	  8
    4268.634	  8
    4268.936	  8
    4269.570	  8
    4269.796	  8
    4270.134	 53
    4270.172	  8
    4270.172	 20
    4270.172	 27
    4270.182	 28
    4270.182	 19
    4270.282	 29
    4270.310	  8
    4270.476	  9
    4290.302	 51
    4290.312	 17
    4315.406	  8
    4315.856	  8
    4316.454	  8
    4316.646	  8
    4321.148	  8
    4326.790	  8
    4327.026	  8
    4328.910	  8
    4329.370	  8
    4330.204	  8
    4330.730	  8
    4331.714	  8
    4331.978	  8
    4332.392	  8
    4332.892	  8
    4333.512	  8
    4334.012	  8
    4334.500	  8
    4335.000	  8
    4335.472	  8
    4336.086	  8
    4336.176	  8
    4336.530	  8
    4336.934	  8
    4338.312	  8
    4338.682	  8
    4339.024	  8
    4339.946	  8
    4340.074	  8
    4340.492	  8
    4340.818	  8
    4341.210	  8
    4341.826	  8
    4342.088	  8
    4342.458	  8
    4343.078	  8
    4343.208	  8
    4343.416	  8
    4343.728	  8
    4344.382	  8
    4344.564	  8
    4345.020	  8
    4345.378	  8
    4345.714	  8
    4346.062	  8
    4346.650	  8
    4346.778	  8
    4347.660	  8
    4348.042	  8
    4348.400	  8
    4348.752	  8
    4349.494	  8
    4349.810	  8
    4350.148	  8
    4350.312	 53
    4350.320	  8
    4350.320	 20
    4350.320	 27
    4350.330	 28
    4350.330	 19
    4350.430	 29
    4350.624	  9
    4352.284	  8
    4354.290	  8
    4370.450	 52
    4370.460	 18
    4414.260	  8
    4414.398	  8
    4417.616	  8
    4450.218	  8
    4451.642	  8
    4452.556	  8
    4453.598	  8
    4454.220	  8
    4458.054	  8
    4458.768	  8
    4459.866	  8
    4461.542	  8
    4462.742	  8
    4463.808	  8
    4464.226	  8
    4464.810	  8
    4464.944	  8
    4466.502	  8
    4467.392	  8
    4467.878	  8
    4470.140	  8
    4471.438	  8
    4471.900	  8
    4472.336	  8
    4472.912	  8
    4473.312	  8
    4474.824	  8
    4475.330	  8
    4476.442	  8
    4477.516	  8
    4478.248	  8
    4478.502	  8
    4479.410	  8
    4480.214	  8
    4480.738	  8
    4481.294	  8
    4481.378	  8
    4482.754	  8
    4483.512	  8
    4483.704	  8
    4484.206	  8
    4485.184	  8
    4485.534	  8
    4488.768	  8
    4489.162	  8
    4489.976	  8
    4490.460	 53
    4490.572	  8
    4490.572	 20
    4490.572	 27
    4490.582	 28
    4490.582	 19
    4490.682	 29
    4490.702	  8
    4490.878	  9
    4510.702	 52
    4510.712	 18
    4541.672	  8
    4541.912	  8
    4542.932	  8
    4543.272	  8
    4543.782	  8
    4544.356	  8
    4544.918	  8
    4545.368	  8
    4545.764	  8
    4546.130	  8
    4546.460	  8
    4546.712	  8
    4547.194	  8
    4547.916	  8
    4548.274	  8
    4548.918	  8
    4549.536	  8
    4550.112	  8
    4550.610	  8
    4551.090	  8
    4551.296	  8
    4552.038	  8
    4552.300	  8
    4553.090	  8
    4555.080	  8
    4555.516	  8
    4556.034	  8
    4556.638	  8
    4557.744	  8
    4558.210	  8
    4558.618	  8
    4559.230	  8
    4561.538	  8
    4562.136	  8
    4562.610	  8
    4563.150	  8
    4563.274	  8
    4564.624	  8
    4565.842	  8
    4566.302	  8
    4568.138	  8
    4569.674	  8
    4570.070	  8
    4570.558	  8
    4570.936	  8
    4571.374	  8
    4572.116	  8
    4572.658	  8
    4573.412	  8
    4574.274	  8
    4575.252	  8
    4576.032	  8
    4576.186	  8
    4576.382	  8
    4577.268	  8
    4577.740	  8
    4578.226	  8
    4578.646	  8
    4579.204	  8
    4579.628	  8
    4580.064	  8
    4580.374	  8
    4580.684	  8
    4581.104	  8
    4581.518	  8
    4582.422	  8
    4583.802	  8
    4584.168	  8
    4584.584	  8
    4585.050	  8
    4585.612	  8
    4585.810	  8
    4586.046	  8
    4586.346	  8
    4586.730	  8
    4587.402	  8
    4587.976	  8
    4588.808	  8
    4589.152	  8
    4589.668	  8
    4590.004	  8
    4590.788	  8
    4591.200	  8
    4591.482	  8
    4592.486	  8
    4593.046	  8
    4593.440	  8
    4594.380	  8
    4595.298	  8
    4596.356	  8
    4596.970	  8
    4597.546	  8
    4598.138	  8
    4598.602	  8
    4599.156	  8
    4599.476	  8
    4599.818	  8
    4600.250	  8
    4600.550	  8
    4601.156	  8
    4601.508	  8
    4601.820	  8
    4601.950	  8
    4602.312	  8
    4602.442	  8
    4603.100	  8
    4603.760	  8
    4604.550	  8
    4605.018	  8
    4605.312	  8
    4605.780	  8
    4605.982	  8
    4606.680	  8
    4606.924	  8
    4607.222	  8
    4607.546	  8
    4607.842	  8
    4608.176	  8
    4608.504	  8
    4608.726	  8
    4610.138	  8
    4610.454	  8
    4610.790	  8
    4611.192	  8
    4611.472	  8
    4612.226	  8
    4612.536	  8
    4612.806	  8
    4613.270	  8
    4613.364	  8
    4613.822	  8
    4614.316	  8
    4614.550	  8
    4615.216	  8
    4615.770	  8
    4616.268	  8
    4616.618	  8
    4617.278	  8
    4617.624	  8
    4618.304	  8
    4618.730	  8
    4619.340	  8
    4619.900	  8
    4620.558	  8
    4622.482	  8
    4622.826	  8
    4623.240	  8
    4623.610	  8
    4624.128	  8
    4625.308	  8
    4626.006	  8
    4626.746	  8
    4627.228	  8
    4627.576	  8
    4627.936	  8
    4628.302	  8
    4628.556	  8
    4629.026	  8
    4629.240	  8
    4629.300	  8
    4630.192	  8
    4630.712	 53
    4631.902	  8
    4631.902	 20
    4631.902	 27
    4631.912	 28
    4631.912	 19
    4632.012	 29
    4632.208	  9
    4652.032	 52
    4652.042	 18
    4687.946	  8
    4688.396	  8
    4688.678	  8
    4689.162	  8
    4689.748	  8
    4690.010	  8
    4690.594	  8
    4691.122	  8
    4692.928	  8
    4694.986	  8
    4695.408	  8
    4695.506	  8
    4696.132	  8
    4698.964	  8
    4699.294	  8
    4700.242	  8
    4700.842	  8
    4704.666	  8
    4705.280	  8
    4707.100	  8
    4708.580	  8
    4709.788	  8
    4710.518	  8
    4711.030	  8
    4711.462	  8
    4711.970	  8
    4713.854	  8
    4714.936	  8
    4715.372	  8
    4715.940	  8
    4716.932	  8
    4717.580	  8
    4718.004	  8
    4718.786	  8
    4719.336	  8
    4719.656	  8
    4720.164	  8
    4720.704	  8
    4721.500	  8
    4721.952	  8
    4722.526	  8
    4722.972	  8
    4723.372	  8
    4725.240	  8
    4725.790	  8
    4726.674	  8
    4727.066	  8
    4727.454	  8
    4727.852	  8
    4728.154	  8
    4728.506	  8
    4728.878	  8
    4730.710	  8
    4731.090	  8
    4731.456	  8
    4732.122	  8
    4732.156	  8
    4732.618	  8
    4733.030	  8
    4733.234	  8
    4734.002	  8
    4734.262	  8
    4734.774	  8
    4734.998	  8
    4735.698	  8
    4736.064	  8
    4736.378	  8
    4736.798	  8
    4737.546	  8
    4737.702	  8
    4738.128	  8
    4739.280	  8
    4739.934	  8
    4740.420	  8
    4740.906	  8
    4741.412	  8
    4741.826	  8
    4742.882	  8
    4743.104	  8
    4743.510	  8
    4744.028	  8
    4744.598	  8
    4745.316	  8
    4745.744	  8
    4746.374	  8
    4747.028	  8
    4747.924	  8
    4748.862	  8
    4749.090	  8
    4750.584	  8
    4751.120	  8
    4751.910	  8
    4752.272	  8
    4752.812	  8
    4753.750	  8
    4754.334	  8
    4754.720	  8
    4754.910	  8
    4755.024	  8
    4756.134	  8
    4756.448	  8
    4756.732	  8
    4757.494	  8
    4758.290	  8
    4758.868	  8
    4759.260	  8
    4759.804	  8
    4761.008	  8
    4762.174	  8
    4762.950	  8
    4763.442	  8
    4763.992	  8
    4765.856	  8
    4766.254	  8
    4766.672	  8
    4766.726	  8
    4767.588	  8
    4769.450	  8
    4769.824	  8
    4770.216	  8
    4770.828	  8
    4771.084	  8
    4772.042	 53
    4772.556	  8
    4772.556	 20
    4772.556	 27
    4772.566	 28
    4772.566	 19
    4772.666	 29
    4772.862	  9
    4792.686	 50
    4792.696	 10
    4821.282	  8
    4821.850	  8
    4822.302	  8
    4822.610	  8
    4822.676	  8
    4822.696	 53
    4822.982	  8
    4822.982	 20
    4822.982	 27
    4822.992	 28
    4822.992	 19
    4823.092	 29
    4823.288	  9
    4843.112	 51
    4843.122	 17
    4858.648	  7
    4858.904	  7
    4859.022	  7
    4859.160	  7
    4859.342	  7
    4859.500	  7
    4859.656	  7
    4859.816	  7
    4859.980	  7
    4860.144	  7
    4860.324	  7
    4860.464	  7
    4860.620	  7
    4860.774	  7
    4860.950	  7
    4861.082	  7
    4861.234	  7
    4861.386	  7
    4861.532	  7
    4861.678	  7
    4861.826	  7
    4861.986	  7
    4862.138	  7
    4862.292	  7
    4862.476	  7
    4862.622	  7
    4862.764	  7
    4862.918	  7
    4863.054	  7
    4863.068	  7
    4863.114	  7
    4863.286	  7
    4863.428	  7
    4863.584	  7
    4863.730	  7
    4863.884	  7
    4864.026	  7
    4864.178	  7
    4864.322	  7
    4864.470	  7
    4864.624	  7
    4864.780	  7
    4864.924	  7
    4865.096	  7
    4865.212	  7
    4865.352	  7
    4865.498	  7
    4865.638	  7
    4865.784	  7
    4865.932	  7
    4866.088	  7
    4866.260	  7
    4866.398	  7
    4866.552	  7
    4866.700	  7
    4866.852	  7
    4866.996	  7
    4867.150	  7
    4867.300	  7
    4867.450	  7
    4867.608	  7
    4867.774	  7
    4867.910	  7
    4868.058	  7
    4868.412	  7
    4868.560	  7
    4868.706	  7
    4868.854	  7
    4869.016	  7
    4869.174	  7
    4869.308	  7
    4869.458	  7
    4869.602	  7
    4869.754	  7
    4869.914	  7
    4870.068	  7
    4870.212	  7
    4870.386	  7
    4870.528	  7
    4870.676	  7
    4870.824	  7
    4870.976	  7
    4871.110	  7
    4871.548	  7
    4871.672	  7
    4871.818	  7
    4871.966	  7
    4872.106	  7
    4872.252	  7
    4872.420	  7
    4872.700	  7
    4872.846	  7
    4872.992	  7
    4873.142	  7
    4873.328	  7
    4873.450	  7
    4873.598	  7
    4873.740	  7
    4873.884	  7
    4874.032	  7
    4874.176	  7
    4874.318	  7
    4874.462	  7
    4874.610	  7
    4874.788	  7
    4874.926	  7
    4875.076	  7
    4875.230	  7
    4875.394	  7
    4875.548	  7
    4875.714	  7
    4875.860	  7
    4876.024	  7
    4876.166	  7
    4876.308	  7
    4876.456	  7
    4876.610	  7
    4876.750	  7
    4876.916	  7
    4877.052	  7
    4877.212	  7
    4877.368	  7
    4877.550	  7
    4877.692	  7
    4877.850	  7
    4877.998	  7
    4878.162	  7
    4878.322	  7
    4878.484	  7
    4878.636	  7
    4878.806	  7
    4878.962	  7
    4879.122	  7
    4879.304	  7
    4879.440	  7
    4879.588	  7
    4879.752	  7
    4879.910	  7
    4880.068	  7
    4880.218	  7
    4880.372	  7
    4880.554	  7
    4880.670	  7
    4880.822	  7
    4880.984	  7
    4881.122	  7
    4881.280	  7
    4881.434	  7
    4881.598	  7
    4881.748	  7
    4881.898	  7
    4882.074	  7
    4882.224	  7
    4882.382	  7
    4882.518	  7
    4882.668	  7
    4882.812	  7
    4882.966	  7
    4883.118	  7
    4883.272	  7
    4883.428	  7
    4883.584	  7
    4883.776	  7
    4883.926	  7
    4884.078	  7
    4884.234	  7
    4884.380	  7
    4884.530	  7
    4884.676	  7
    4884.836	  7
    4884.986	  7
    4885.278	  7
    4885.792	  7
    4885.938	  7
    4886.086	  7
    4886.232	  7
    4886.386	  7
    4886.582	  7
    4886.714	  7
    4886.866	  7
    4887.006	  7
    4887.440	  7
    4887.556	  7
    4887.712	  7
    4887.858	  7
    4888.008	  7
    4888.146	  7
    4888.474	  7
    4888.632	  7
    4888.786	  7
    4888.938	  7
    4889.088	  7
    4889.248	  7
    4889.590	  7
    4889.740	  7
    4889.894	  7
    4890.050	  7
    4890.202	  7
    4890.370	  7
    4890.520	  7
    4890.668	  7
    4890.826	  7
    4890.966	  7
    4891.126	  7
    4891.276	  7
    4891.424	  7
    4891.584	  7
    4891.730	  7
    4891.898	  7
    4892.032	  7
    4892.184	  7
    4892.336	  7
    4892.476	  7
    4892.628	  7
    4892.776	  7
    4892.938	  7
    4893.086	  7
    4893.248	  7
    4893.374	  7
    4893.518	  7
    4893.680	  7
    4893.830	  7
    4893.978	  7
    4894.122	  7
    4894.274	  7
    4894.420	  7
    4894.574	  7
    4894.764	  7
    4894.886	  7
    4895.038	  7
    4895.180	  7
    4895.324	  7
    4895.470	  7
    4895.630	  7
    4895.776	  7
    4895.926	  7
    4896.094	  7
    4896.238	  7
    4896.386	  7
    4896.528	  7
    4896.674	  7
    4896.808	  7
    4896.954	  7
    4897.094	  7
    4897.238	  7
    4897.562	  7
    4897.698	  7
    4897.846	  7
    4897.988	  7
    4898.146	  7
    4898.298	  7
    4898.452	  7
    4898.608	  7
    4898.742	  7
    4899.200	  7
    4899.344	  7
    4899.496	  7
    4899.642	  7
    4899.798	  7
    4899.948	  7
    4900.130	  7
    4900.256	  7
    4900.408	  7
    4900.562	  7
    4900.720	  7
    4900.860	  7
    4901.006	  7
    4901.148	  7
    4901.334	  7
    4901.474	  7
    4901.918	  7
    4902.078	  7
    4902.364	  7
    4902.512	  7
    4902.658	  7
    4902.812	  7
    4902.954	  7
    4903.100	  7
    4903.122	 53
    4903.236	  7
    4903.392	  7
    4903.570	  7
    4903.698	  7
    4903.842	  7
    4903.986	  7
    4904.140	  7
    4904.284	  7
    4904.428	  7
    4904.752	  7
    4904.886	  7
    4905.040	  7
    4905.176	  7
    4905.324	  7
    4905.476	  7
    4905.638	  7
    4907.008	  8
    4907.008	 20
    4907.008	 27
    4907.018	 28
    4907.018	 19
    4907.118	 29
    4907.314	  9
    4927.138	 51
    4927.148	 17
    4950.104	  8
    4955.542	  8
    4956.120	  8
    4956.534	  8
    4961.454	  8
    4961.826	  8
    4963.892	  8
    4966.888	  8
    4967.316	  8
    4969.328	  8
    4969.990	  8
    4970.442	  8
    4972.498	  8
    4972.962	  8
    4973.634	  8
    4974.154	  8
    4974.580	  8
    4975.090	  8
    4975.836	  8
    4976.194	  8
    4977.386	  8
    4978.316	  8
    4978.770	  8
    4979.150	  8
    4979.934	  8
    4980.284	  8
    4980.628	  8
    4981.694	  8
    4982.510	  8
    4983.176	  8
    4983.508	  8
    4984.414	  8
    4984.536	  8
    4985.374	  8
    4985.514	  8
    4985.952	  8
    4987.024	  8
    4987.148	 53
    4987.368	  8
    4987.368	 20
    4987.368	 27
    4987.378	 28
    4987.378	 19
    4987.478	 29
    4987.674	  9
    5007.498	 51
    5007.508	 17
    5015.110	  7
    5015.236	  7
    5015.372	  7
    5015.534	  7
    5015.700	  7
    5015.890	  7
    5016.056	  7
    5016.228	  7
    5016.382	  7
    5016.564	  7
    5016.730	  7
    5016.888	  7
    5017.082	  7
    5017.216	  7
    5017.386	  7
    5017.538	  7
    5017.690	  7
    5017.878	  7
    5018.008	  7
    5018.162	  7
    5018.306	  7
    5018.456	  7
    5018.610	  7
    5018.772	  7
    5018.918	  7
    5019.074	  7
    5019.252	  7
    5019.404	  7
    5019.556	  7
    5019.708	  7
    5019.880	  7
    5020.042	  7
    5020.188	  7
    5020.352	  7
    5020.506	  7
    5020.658	  7
    5020.818	  7
    5020.960	  7
    5021.122	  7
    5021.200	  7
    5021.476	  7
    5021.616	  7
    5021.766	  7
    5021.920	  7
    5022.076	  7
    5022.236	  7
    5022.398	  7
    5022.540	  7
    5022.698	  7
    5022.848	  7
    5023.002	  7
    5023.154	  7
    5023.310	  7
    5023.468	  7
    5023.616	  7
    5023.770	  7
    5023.932	  7
    5024.066	  7
    5024.220	  7
    5024.372	  7
    5024.524	  7
    5024.670	  7
    5024.822	  7
    5024.984	  7
    5025.126	  7
    5025.278	  7
    5025.444	  7
    5025.590	  7
    5025.736	  7
    5025.886	  7
    5026.032	  7
    5026.184	  7
    5026.340	  7
    5026.476	  7
    5026.672	  7
    5026.808	  7
    5026.956	  7
    5027.108	  7
    5027.250	  7
    5027.412	  7
    5027.568	  7
    5027.718	  7
    5027.868	  7
    5028.010	  7
    5028.162	  7
    5028.322	  7
    5028.476	  7
    5028.634	  7
    5028.786	  7
    5028.946	  7
    5029.104	  7
    5029.246	  7
    5029.420	  7
    5029.560	  7
    5029.718	  7
    5029.880	  7
    5030.034	  7
    5030.182	  7
    5030.340	  7
    5030.518	  7
    5030.650	  7
    5030.798	  7
    5030.952	  7
    5031.100	  7
    5031.248	  7
    5031.402	  7
    5031.588	  7
    5031.722	  7
    5031.870	  7
    5032.004	  7
    5032.162	  7
    5032.314	  7
    5032.454	  7
    5032.612	  7
    5032.796	  7
    5032.936	  7
    5033.090	  7
    5033.236	  7
    5033.376	  7
    5033.532	  7
    5033.680	  7
    5033.832	  7
    5034.018	  7
    5034.140	  7
    5034.284	  7
    5034.442	  7
    5034.588	  7
    5034.740	  7
    5034.900	  7
    5035.062	  7
    5035.194	  7
    5035.346	  7
    5035.498	  7
    5035.662	  7
    5035.818	  7
    5035.966	  7
    5036.166	  7
    5036.304	  7
    5036.452	  7
    5036.600	  7
    5036.754	  7
    5036.906	  7
    5037.064	  7
    5037.226	  7
    5037.402	  7
    5037.550	  7
    5037.704	  7
    5037.862	  7
    5038.004	  7
    5038.160	  7
    5038.334	  7
    5038.492	  7
    5038.656	  7
    5038.792	  7
    5038.932	  7
    5039.084	  7
    5039.234	  7
    5039.394	  7
    5039.554	  7
    5039.706	  7
    5039.886	  7
    5040.040	  7
    5040.194	  7
    5040.324	  7
    5040.480	  7
    5040.630	  7
    5040.808	  7
    5040.944	  7
    5041.088	  7
    5041.242	  7
    5041.400	  7
    5041.550	  7
    5041.724	  7
    5041.870	  7
    5042.018	  7
    5042.172	  7
    5042.324	  7
    5042.480	  7
    5042.640	  7
    5042.810	  7
    5042.956	  7
    5043.114	  7
    5043.270	  7
    5043.422	  7
    5043.580	  7
    5043.728	  7
    5043.882	  7
    5044.036	  7
    5044.426	  7
    5044.568	  7
    5044.716	  7
    5044.860	  7
    5045.036	  7
    5045.188	  7
    5045.342	  7
    5045.500	  7
    5045.664	  7
    5045.820	  7
    5045.982	  7
    5046.136	  7
    5046.438	  7
    5046.594	  7
    5046.788	  7
    5046.910	  7
    5047.058	  7
    5047.206	  7
    5047.366	  7
    5047.530	  7
    5047.682	  7
    5047.838	  7
    5047.994	  7
    5048.140	  7
    5048.288	  7
    5048.432	  7
    5048.582	  7
    5048.732	  7
    5048.920	  7
    5049.046	  7
    5049.190	  7
    5049.340	  7
    5049.488	  7
    5049.642	  7
    5049.818	  7
    5049.956	  7
    5050.098	  7
    5050.388	  7
    5050.550	  7
    5050.678	  7
    5050.768	  7
    5050.884	  7
    5051.018	  7
    5051.248	  7
    5051.384	  7
    5051.564	  7
    5051.706	  7
    5051.852	  7
    5052.004	  7
    5052.156	  7
    5052.298	  7
    5052.452	  7
    5052.618	  7
    5052.762	  7
    5052.914	  7
    5053.062	  7
    5053.218	  7
    5053.388	  7
    5053.532	  7
    5053.684	  7
    5054.260	  7
    5054.382	  7
    5054.552	  7
    5054.690	  7
    5054.830	  7
    5054.978	  7
    5055.116	  7
    5055.272	  7
    5055.460	  7
    5055.588	  7
    5056.020	  7
    5056.636	  7
    5056.778	  7
    5057.542	  7
    5057.702	  7
    5057.858	  7
    5058.308	  7
    5058.620	  7
    5058.784	  7
    5058.968	  7
    5059.254	  7
    5061.166	  8
    5061.498	  8
    5061.716	  8
    5062.720	  8
    5063.128	  8
    5063.386	  8
    5063.894	  8
    5064.290	  8
    5064.694	  8
    5065.124	  8
    5065.456	  8
    5065.786	  8
    5066.168	  8
    5066.542	  8
    5066.870	  8
    5067.220	  8
    5067.508	 53
    5067.562	  8
    5067.562	 20
    5067.562	 27
    5067.572	 28
    5067.572	 19
    5067.672	 29
    5067.766	  8
    5067.868	  9
    5087.692	 52
    5087.702	 18
    5114.228	  5
    5144.586	  8
    5147.368	  7
    5147.916	  7
    5148.054	  7
    5157.492	  7
    5161.738	  8
    5161.990	  8
    5164.372	  8
    5207.702	 53
    5210.936	  8
    5210.936	 20
    5210.936	 27
    5210.946	 28
    5210.946	 19
    5211.046	 29
    5211.242	  9
    5231.066	 52
    5231.076	 18
    5246.066	  8
    5259.494	  8
    5282.558	  8
    5298.662	  8
    5299.322	  8
    5299.846	  8
    5302.898	  8
    5303.548	  8
    5305.562	  8
    5305.958	  8
    5306.558	  8
    5308.026	  8
    5308.366	  8
    5310.078	  8
    5310.466	  8
    5311.126	  8
    5311.870	  8
    5313.336	  8
    5314.790	  8
    5316.764	  8
    5317.406	  8
    5318.012	  8
    5318.988	  8
    5320.664	  8
    5321.912	  8
    5322.438	  8
    5323.042	  8
    5323.612	  8
    5324.446	  8
    5325.232	  8
    5325.666	  8
    5326.232	  8
    5329.196	  8
    5329.592	  8
    5330.254	  8
    5331.552	  8
    5331.828	  8
    5332.536	  8
    5333.304	  8
    5333.834	  8
    5334.936	  8
    5335.494	  8
    5335.778	  8
    5336.198	  8
    5337.164	  8
    5337.740	  8
    5338.526	  8
    5338.850	  8
    5339.210	  8
    5339.536	  8
    5339.732	  8
    5340.480	  8
    5341.444	  8
    5341.628	  8
    5342.802	  8
    5343.360	  8
    5343.554	  8
    5343.958	  8
    5344.452	  8
    5344.866	  8
    5345.502	  8
    5345.540	  8
    5345.916	  8
    5346.592	  8
    5348.202	  8
    5348.842	  8
    5349.332	  8
    5349.910	  8
    5350.526	  8
    5351.032	  8
    5351.076	 53
    5351.414	  8
    5351.414	 20
    5351.414	 27
    5351.424	 28
    5351.424	 19
    5351.524	 29
    5351.720	  9
    5371.544	 52
    5371.554	 18
    5427.014	  8
    5432.112	  8
    5440.734	  8
    5442.606	  8
    5443.836	  8
    5445.138	  8
    5446.588	  8
    5447.874	  8
    5449.532	  8
    5449.804	  8
    5449.918	  8
    5450.036	  8
    5453.580	  8
    5453.908	  8
    5454.372	  8
    5454.768	  8
    5455.196	  8
    5457.406	  8
    5457.860	  8
    5458.280	  8
    5458.702	  8
    5459.010	  8
    5459.706	  8
    5459.984	  8
    5460.416	  8
    5460.984	  8
    5461.294	  8
    5461.484	  8
    5461.922	  8
    5462.058	  8
    5463.520	  8
    5463.714	  8
    5464.118	  8
    5464.496	  8
    5464.904	  8
    5465.178	  8
    5465.504	  8
    5467.238	  8
    5467.842	  8
    5468.102	  8
    5468.414	  8
    5468.856	  8
    5469.182	  8
    5469.532	  8
    5469.952	  8
    5470.236	  8
    5470.518	  8
    5471.474	  8
    5472.094	  8
    5473.314	  8
    5473.614	  8
    5473.928	  8
    5474.014	  8
    5474.348	  8
    5475.392	  8
    5475.976	  8
    5476.054	  8
    5476.484	  8
    5476.760	  8
    5476.866	  8
    5477.074	  8
    5477.190	  8
    5478.952	  8
    5479.254	  8
    5479.696	  8
    5480.134	  8
    5480.832	  8
    5481.376	  8
    5485.240	  8
    5485.632	  8
    5485.910	  8
    5486.026	  8
    5486.430	  8
    5486.738	  8
    5487.038	  8
    5487.460	  8
    5487.882	  8
    5491.108	  8
    5491.554	 53
    5491.694	  8
    5491.694	 20
    5491.694	 27
    5491.704	 28
    5491.704	 19
    5491.804	 29
    5491.814	 61
