   69388.918	  8
   69389.030	  8
       4.762	  8
      13.112	  8
      20.010	 51
      20.020	 10
      28.226	  8
      51.420	  8
      60.978	  8
      61.184	  8
      64.722	  8
      65.030	  8
      65.180	  8
      65.600	  8
      72.882	  8
      76.358	  8
      80.020	 53
      80.030	 20
      80.030	 27
      86.340	  8
      86.670	  8
      93.156	  7
      93.896	  7
      94.514	  7
      96.270	  8
     100.050	 52
     100.060	 18
     120.874	  8
     121.292	  8
     121.498	  8
     180.588	  8
     180.808	  8
     181.112	  8
     181.916	  8
     189.152	  8
     189.500	  8
     199.528	  8
     199.804	  8
     207.446	  8
     207.742	  8
     220.060	 53
     240.342	  8
     240.342	 20
     240.342	 27
     240.352	 28
     240.352	 19
     240.452	 29
     240.614	  9
     240.664	  8
     243.976	  7
     244.132	  7
     244.742	  7
     244.838	  7
     245.236	  7
     245.374	  7
     245.656	  7
     245.780	  7
     246.096	  7
     246.218	  7
     246.874	  7
     247.018	  7
     247.150	  7
     247.284	  7
     247.420	  7
     247.560	  7
     247.706	  7
     248.202	  7
     248.436	  7
     248.570	  7
     248.670	  7
     248.848	  7
     249.264	  7
     249.372	  7
     249.508	  7
     249.672	  7
     249.804	  7
     249.942	  7
     250.076	  7
     250.218	  7
     250.356	  7
     250.500	  7
     250.638	  7
     250.960	  7
     251.084	  7
     251.208	  7
     251.342	  7
     251.468	  7
     251.596	  7
     251.726	  7
     251.900	  7
     252.064	  7
     252.246	  7
     252.574	  7
     252.680	  7
     252.800	  7
     252.936	  7
     253.078	  7
     253.214	  7
     253.356	  7
     253.494	  7
     253.622	  7
     253.770	  7
     253.954	  7
     254.098	  7
     254.222	  7
     254.366	  7
     254.504	  7
     254.652	  7
     254.780	  7
     254.930	  7
     255.066	  7
     255.212	  7
     255.400	  7
     255.540	  7
     255.666	  7
     256.174	  7
     256.274	  7
     256.430	  7
     256.568	  7
     256.722	  7
     256.868	  7
     257.062	  7
     257.206	  7
     257.342	  7
     257.488	  7
     257.638	  7
     257.776	  7
     257.920	  7
     258.066	  7
     258.204	  7
     258.350	  7
     258.510	  7
     258.676	  7
     258.818	  7
     258.966	  7
     259.084	  7
     259.234	  7
     259.378	  7
     259.534	  7
     259.672	  7
     259.870	  7
     260.002	  7
     260.128	  7
     260.258	  7
     260.400	  7
     260.472	 52
     260.482	 18
     260.526	  7
     260.660	  7
     260.820	  7
     260.970	  7
     261.076	  7
     261.212	  7
     261.334	  7
     261.476	  7
     261.628	  7
     261.760	  7
     261.926	  7
     262.070	  7
     262.212	  7
     262.360	  7
     262.518	  7
     262.670	  7
     262.854	  7
     262.996	  7
     263.132	  7
     263.436	  7
     263.592	  7
     263.724	  7
     263.844	  7
     263.976	  7
     264.148	  7
     264.272	  7
     264.404	  7
     264.536	  7
     264.664	  7
     264.782	  7
     264.920	  7
     265.052	  7
     265.200	  7
     265.346	  7
     265.488	  7
     265.646	  7
     265.814	  7
     265.972	  7
     266.112	  7
     266.242	  7
     266.378	  7
     266.518	  7
     266.660	  7
     266.776	  7
     266.940	  7
     267.102	  7
     267.252	  7
     267.416	  7
     267.618	  7
     267.736	  7
     267.892	  7
     282.324	  7
     282.480	  7
     282.594	  7
     282.800	  7
     283.232	  7
     283.424	  7
     283.828	  7
     284.088	  7
     284.216	  7
     285.022	  7
     286.548	  7
     286.734	  7
     287.132	  7
     287.152	  7
     287.300	  7
     292.236	  7
     292.334	  7
     292.500	  7
     292.710	  7
     298.112	  7
     298.746	  7
     299.170	  7
     299.278	  7
     299.446	  7
     304.834	  7
     304.958	  7
     309.580	  7
     309.724	  7
     309.940	  7
     310.182	  7
     310.290	  7
     310.472	  7
     310.772	  7
     311.078	  7
     311.206	  7
     311.354	  7
     314.216	  7
     315.208	  7
     338.702	  7
     339.054	  7
     339.280	  7
     339.516	  7
     339.668	  7
     339.866	  7
     340.108	  7
     340.318	  7
     340.548	  7
     340.742	  7
     340.918	  7
     341.144	  7
     341.332	  7
     341.730	  7
     341.922	  7
     342.132	  7
     342.370	  7
     342.584	  7
     343.922	  8
     348.544	  8
     349.170	  8
     355.824	  8
     355.978	  8
     360.724	  8
     362.322	  8
     363.712	  8
     364.114	  8
     364.324	  8
     380.482	 53
     404.282	  8
     404.282	 20
     404.282	 27
     404.292	 28
     404.292	 19
     404.392	 29
     404.430	  8
     404.562	  9
     411.074	  8
     414.478	  7
     414.888	  7
     415.014	  7
     416.070	  7
     424.412	 51
     424.422	 10
     460.810	  8
     460.940	  8
     461.420	  8
     461.684	  8
     462.176	  8
     463.092	  8
     463.180	  8
     463.528	  8
     464.174	  8
     464.452	  8
     464.574	  8
     465.096	  8
     465.508	  8
     465.930	  8
     466.420	  8
     467.064	  8
     467.338	  8
     467.888	  8
     468.032	  8
     468.536	  8
     469.144	  8
     469.564	  8
     469.976	  8
     471.958	  8
     472.522	  8
     472.966	  8
     473.272	  8
     474.402	  8
     476.218	  8
     476.750	  8
     477.196	  8
     480.334	  8
     480.598	  8
     480.916	  8
     481.748	  8
     482.504	  8
     482.738	  8
     482.976	  8
     483.362	  8
     483.802	  8
     484.004	  8
     484.146	  8
     484.422	 53
     484.432	 20
     484.432	 27
     484.760	  8
     486.024	  8
     487.636	  8
     504.452	 50
     504.462	 17
     513.834	  8
     514.656	  8
     514.988	  8
     515.434	  8
     516.004	  8
     519.896	  8
     520.060	  8
     520.458	  8
     521.190	  8
     522.030	  8
     523.160	  8
     523.242	  8
     524.174	  8
     524.390	  8
     525.298	  8
     525.770	  8
     528.444	  8
     528.552	  8
     528.608	  8
     528.838	  8
     529.550	  8
     530.056	  8
     531.110	  8
     531.480	  8
     531.792	  8
     532.064	  8
     533.788	  8
     534.008	  8
     534.462	 53
     534.464	  8
     534.464	 20
     534.464	 27
     534.474	 28
     534.474	 19
     534.574	 29
     534.734	  8
     534.744	  9
     540.360	  7
     540.468	  7
     540.630	  7
     540.768	  7
     540.904	  7
     541.058	  7
     541.220	  7
     541.384	  7
     541.528	  7
     541.676	  7
     541.822	  7
     541.970	  7
     542.112	  7
     542.274	  7
     542.444	  7
     542.598	  7
     542.746	  7
     542.908	  7
     543.060	  7
     543.214	  7
     543.350	  7
     543.486	  7
     543.656	  7
     543.762	  7
     543.884	  7
     544.014	  7
     544.134	  7
     544.278	  7
     544.432	  7
     544.584	  7
     544.740	  7
     544.884	  7
     545.014	  7
     545.162	  7
     545.304	  7
     545.446	  7
     545.634	  7
     545.760	  7
     545.880	  7
     546.010	  7
     546.150	  7
     546.288	  7
     546.414	  7
     546.546	  7
     546.680	  7
     546.842	  7
     546.954	  7
     547.090	  7
     547.238	  7
     547.394	  7
     547.554	  7
     547.710	  7
     547.854	  7
     548.016	  7
     548.186	  7
     548.320	  7
     548.520	  7
     548.652	  7
     548.772	  7
     548.914	  7
     549.048	  7
     549.200	  7
     549.340	  7
     549.488	  7
     549.612	  7
     549.744	  7
     549.882	  7
     550.018	  7
     550.154	  7
     550.296	  7
     550.488	  7
     550.598	  7
     550.734	  7
     550.876	  7
     551.028	  7
     551.174	  7
     551.322	  7
     551.470	  7
     551.628	  7
     551.750	  7
     551.890	  7
     552.028	  7
     552.154	  7
     552.286	  7
     552.458	  7
     552.606	  7
     552.754	  7
     552.920	  7
     553.054	  7
     553.200	  7
     553.334	  7
     553.466	  7
     553.600	  7
     553.756	  7
     553.932	  7
     554.074	  7
     554.210	  7
     554.352	  7
     554.476	  7
     554.594	 51
     554.604	 10
     554.614	  7
     554.750	  7
     554.892	  7
     555.020	  7
     555.158	  7
     555.322	  7
     555.436	  7
     555.580	  7
     555.710	  7
     555.850	  7
     555.966	  7
     556.110	  7
     556.266	  7
     556.412	  7
     556.562	  7
     556.702	  7
     556.838	  7
     556.968	  7
     557.118	  7
     557.302	  7
     557.452	  7
     557.590	  7
     557.768	  7
     557.908	  7
     558.038	  7
     558.180	  7
     558.344	  7
     558.516	  7
     558.672	  7
     558.828	  7
     558.956	  7
     559.100	  7
     559.252	  7
     559.430	  7
     559.556	  7
     559.688	  7
     559.818	  7
     559.964	  7
     560.122	  7
     560.274	  7
     560.408	  7
     560.544	  7
     560.726	  7
     560.874	  7
     561.030	  7
     561.144	  7
     561.280	  7
     561.414	  7
     561.560	  7
     561.696	  7
     561.838	  7
     562.006	  7
     562.154	  7
     562.304	  7
     562.458	  7
     562.612	  7
     562.802	  7
     562.958	  7
     563.086	  7
     563.226	  7
     563.366	  7
     563.496	  7
     563.638	  7
     563.772	  7
     563.910	  7
     564.044	  7
     564.190	  7
     564.390	  7
     564.506	  7
     564.634	  7
     564.778	  7
     564.930	  7
     565.070	  7
     565.228	  7
     565.412	  7
     565.588	  7
     565.730	  7
     565.868	  7
     565.982	  7
     566.114	  7
     566.250	  7
     566.392	  7
     566.536	  7
     566.694	  7
     566.834	  7
     567.478	  7
     567.626	  7
     567.764	  7
     567.940	  7
     568.082	  7
     568.260	  7
     568.426	  7
     568.620	  7
     568.750	  7
     568.906	  7
     569.066	  7
     569.224	  7
     569.368	  7
     569.532	  7
     570.218	  7
     570.344	  7
     570.806	  7
     570.904	  7
     571.030	  7
     571.184	  7
     571.322	  7
     571.472	  7
     571.644	  7
     571.802	  7
     571.962	  7
     572.108	  7
     572.300	  7
     572.416	  7
     572.552	  7
     572.698	  7
     572.838	  7
     572.992	  7
     573.114	  7
     573.270	  7
     573.420	  7
     573.584	  7
     573.772	  7
     573.944	  7
     574.108	  7
     574.278	  7
     574.476	  7
     574.618	  7
     574.752	  7
     574.886	  7
     575.036	  7
     575.174	  7
     575.306	  7
     575.456	  7
     575.620	  7
     575.800	  7
     575.962	  7
     576.124	  7
     576.260	  7
     576.396	  7
     576.586	  7
     576.748	  7
     576.902	  7
     577.074	  7
     577.232	  7
     577.378	  7
     577.532	  7
     577.688	  7
     577.866	  7
     578.002	  7
     578.134	  7
     578.284	  7
     578.436	  7
     578.610	  7
     578.786	  7
     578.956	  7
     579.140	  7
     579.322	  7
     579.530	  7
     579.710	  7
     579.878	  7
     580.064	  7
     580.250	  7
     580.410	  7
     580.632	  7
     580.758	  7
     580.902	  7
     581.072	  7
     581.214	  7
     581.376	  7
     581.530	  7
     581.714	  7
     581.902	  7
     582.054	  7
     582.214	  7
     582.352	  7
     582.492	  7
     582.622	  7
     582.778	  7
     582.922	  7
     583.080	  7
     583.200	  7
     583.366	  7
     583.494	  7
     583.632	  7
     583.762	  7
     583.902	  7
     584.048	  7
     584.194	  7
     584.392	  7
     584.508	  7
     584.638	  7
     584.772	  7
     584.920	  7
     585.072	  7
     585.232	  7
     585.402	  7
     585.550	  7
     585.704	  7
     585.892	  7
     586.010	  7
     586.182	  7
     586.338	  7
     586.510	  7
     586.658	  7
     586.794	  7
     586.940	  7
     587.096	  7
     587.234	  7
     587.374	  7
     587.518	  7
     587.678	  7
     587.798	  7
     587.936	  7
     588.070	  7
     588.240	  7
     588.394	  7
     588.536	  7
     588.696	  7
     588.882	  7
     589.030	  7
     589.158	  7
     589.322	  7
     589.536	  7
     589.696	  7
     589.862	  7
     590.012	  7
     590.144	  7
     590.280	  7
     590.414	  7
     590.546	  7
     590.830	  7
     590.996	  7
     591.124	  7
     591.256	  7
     591.392	  7
     591.522	  7
     591.648	  7
     591.786	  7
     591.940	  7
     592.126	  7
     592.284	  7
     592.458	  7
     592.590	  7
     592.774	  7
     592.936	  7
     593.070	  7
     593.272	  7
     593.416	  7
     593.546	  7
     593.678	  7
     593.816	  7
     593.954	  7
     594.124	  7
     594.272	  7
     594.420	  7
     594.554	  7
     594.704	  7
     594.854	  7
     595.006	  7
     595.142	  7
     595.278	  7
     595.420	  7
     595.570	  7
     595.740	  7
     595.906	  7
     596.106	  7
     596.252	  7
     596.400	  7
     596.544	  7
     596.682	  7
     596.820	  7
     596.944	  7
     597.086	  7
     597.262	  7
     597.444	  7
     597.610	  7
     597.746	  7
     597.918	  7
     598.110	  7
     598.244	  7
     598.394	  7
     598.572	  7
     598.732	  7
     598.898	  7
     599.026	  7
     599.218	  7
     599.354	  7
     599.486	  7
     599.630	  7
     599.770	  7
     599.892	  7
     600.018	  7
     600.174	  7
     600.322	  7
     600.496	  7
     600.648	  7
     600.810	  7
     600.980	  7
     601.206	  7
     601.354	  7
     601.508	  7
     601.644	  7
     601.784	  7
     601.926	  7
     602.074	  7
     602.222	  7
     602.402	  7
     602.514	  7
     602.664	  7
     602.832	  7
     602.994	  7
     603.176	  7
     603.320	  7
     603.474	  7
     603.664	  7
     603.850	  7
     604.066	  7
     604.186	  7
     604.318	  7
     604.458	  7
     604.592	  7
     604.728	  7
     607.456	  7
     607.600	  7
     607.740	  7
     607.874	  7
     608.036	  7
     608.200	  7
     608.354	  7
     608.502	  7
     608.680	  7
     608.804	  7
     608.932	  7
     609.096	  7
     609.252	  7
     609.410	  7
     609.566	  7
     609.704	  7
     611.500	  8
     611.786	  8
     612.038	  8
     612.472	  8
     612.856	  8
     613.496	  8
     613.876	  8
     614.604	 53
     614.614	 20
     614.614	 27
     614.696	  8
     615.516	  8
     628.894	  7
     634.634	 50
     634.644	 17
     639.114	  7
     639.898	  8
     642.148	  8
     643.070	  8
     644.868	  8
     645.396	  8
     645.818	  8
     646.328	  8
     647.034	  8
     647.300	  8
     649.730	  8
     650.216	  8
     650.642	  8
     651.538	  8
     652.236	  8
     653.190	  8
     653.494	  8
     655.990	  8
     656.252	  8
     656.630	  8
     657.334	  8
     657.936	  8
     658.330	  8
     658.802	  8
     659.392	  8
     661.952	  8
     662.486	  8
     662.888	  8
     663.216	  8
     663.332	  8
     664.198	  8
     664.644	 53
     664.970	  8
     664.970	 20
     664.970	 27
     664.980	 28
     664.980	 19
     665.080	 29
     665.250	  9
     666.478	  8
     685.100	 52
     685.110	 18
     701.304	  7
     701.528	  7
     701.632	  7
     701.714	  7
     701.908	  7
     706.478	  7
     708.348	  7
     710.136	  7
     710.500	  7
     710.650	  7
     713.730	  7
     713.822	  7
     714.092	  7
     714.246	  7
     714.356	  7
     714.514	  7
     714.638	  7
     714.780	  7
     714.906	  7
     715.050	  7
     715.194	  7
     715.320	  7
     715.438	  7
     715.580	  7
     719.578	  7
     719.974	  7
     720.106	  7
     720.390	  7
     720.504	  7
     720.634	  7
     720.742	  7
     723.950	  7
     725.508	  8
     804.382	  8
     804.650	  8
     804.902	  8
     805.110	 53
     805.300	  8
     805.300	 20
     805.300	 27
     805.310	 28
     805.310	 19
     805.410	 29
     805.580	  9
     813.234	  8
     825.430	 51
     825.440	 10
     844.120	  8
     844.276	  8
     846.184	  8
     846.822	  8
     847.088	  8
     847.392	  8
     847.864	  8
     848.532	  8
     849.396	  8
     849.812	  8
     852.520	  8
     852.770	  8
     853.662	  8
     854.608	  8
     855.438	  8
     855.850	  8
     856.216	  8
     856.940	  8
     857.240	  8
     857.448	  8
     857.818	  8
     858.172	  8
     858.540	  8
     858.936	  8
     864.418	  8
     867.198	  8
     867.334	  8
     867.566	  8
     868.430	  8
     869.310	  8
     869.950	  8
     870.432	  8
     870.886	  8
     874.540	  8
     875.226	  8
     875.804	  8
     876.176	  8
     876.626	  8
     884.574	  8
     884.772	  8
     885.226	  8
     885.440	 53
     885.450	 20
     885.450	 27
     885.748	  8
     886.572	  8
     886.954	  8
     905.470	 51
     905.480	 10
     906.308	  7
     918.488	  7
     918.620	  7
     919.684	  7
     919.822	  7
     920.192	  7
     921.010	  7
     921.790	  7
     922.014	  7
     922.518	  7
     922.956	  7
     928.450	  8
     935.280	  8
     935.630	  8
     935.992	  8
     936.246	  8
     936.518	  8
     937.316	  8
     937.606	  8
     937.968	  8
     938.568	  8
     939.066	  8
     939.494	  8
     940.108	  8
     940.868	  8
     941.976	  8
     942.532	  8
     944.432	  8
     945.028	  8
     945.478	  8
     946.248	  8
     946.546	  8
     946.644	  8
     947.392	  8
     947.668	  8
     948.072	  8
     948.152	  8
     948.846	  8
     950.600	  8
     950.962	  8
     952.226	  8
     954.148	  8
     954.494	  8
     957.976	  8
     958.152	  8
     958.464	  8
     958.810	  8
     959.318	  8
     959.650	  8
     959.796	  8
     960.566	  8
     964.230	  8
     964.334	  8
     964.760	  8
     965.446	  8
     965.480	 53
     965.490	 20
     965.490	 27
     965.724	  8
     966.446	  8
     966.850	  8
     985.510	 51
     985.520	 10
     998.192	  8
     999.164	  8
     999.302	  8
    1000.076	  8
    1000.312	  8
    1000.832	  8
    1001.330	  8
    1001.814	  8
    1002.046	  8
    1002.480	  8
    1002.602	  8
    1003.166	  8
    1021.766	  8
    1022.470	  8
    1022.788	  8
    1023.636	  8
    1024.092	  8
    1024.566	  8
    1024.986	  8
    1025.536	  8
    1026.046	  8
    1026.694	  8
    1027.092	  8
    1027.450	  8
    1027.888	  8
    1028.110	  8
    1030.548	  8
    1030.924	  8
    1031.352	  8
    1031.786	  8
    1032.270	  8
    1032.866	  8
    1033.274	  8
    1033.778	  8
    1035.906	  8
    1036.612	  8
    1037.126	  8
    1037.836	  8
    1038.104	  8
    1038.418	  8
    1045.520	 53
    1045.530	 20
    1045.530	 27
    1065.550	 50
    1065.560	 17
    1081.310	  8
    1082.034	  8
    1082.516	  8
    1087.192	  8
    1087.380	  8
    1087.828	  8
    1088.446	  8
    1088.896	  8
    1089.374	  8
    1092.872	  8
    1093.100	  8
    1093.342	  8
    1093.778	  8
    1094.198	  8
    1094.270	  8
    1094.780	  8
    1095.560	 53
    1095.564	  8
    1095.564	 20
    1095.564	 27
    1095.574	 28
    1095.574	 19
    1095.674	 29
    1095.844	  9
    1096.462	  8
    1115.694	 51
    1115.704	 10
    1166.858	  7
    1168.718	  7
    1169.566	  7
    1169.974	  7
    1170.184	  7
    1170.366	  7
    1172.510	  8
    1173.182	  8
    1174.222	  8
    1174.292	  8
    1174.518	  8
    1174.774	  8
    1175.326	  8
    1175.704	 53
    1175.714	 20
    1175.714	 27
    1176.032	  8
    1182.530	  7
    1183.062	  7
    1183.152	  7
    1195.734	 50
    1195.744	 17
    1200.116	  8
    1202.992	  8
    1203.104	  8
    1218.406	  8
    1218.606	  8
    1219.446	  8
    1219.984	  8
    1220.396	  8
    1221.154	  8
    1221.384	  8
    1222.376	  8
    1222.636	  8
    1223.200	  8
    1223.736	  8
    1224.090	  8
    1224.274	  8
    1224.626	  8
    1225.744	 53
    1225.978	  8
    1225.978	 20
    1225.978	 27
    1225.988	 28
    1225.988	 19
    1226.088	 29
    1226.162	  8
    1226.258	  9
    1246.108	 50
    1246.118	 17
    1267.048	  8
    1267.332	  8
    1267.742	  8
    1268.400	  8
    1268.824	  8
    1269.448	  8
    1270.108	  8
    1271.208	  8
    1271.532	  8
    1271.946	  8
    1272.522	  8
    1273.478	  8
    1273.772	  8
    1274.208	  8
    1275.660	  8
    1276.118	 53
    1276.528	  8
    1276.528	 20
    1276.528	 27
    1276.538	 28
    1276.538	 19
    1276.638	 29
    1276.764	  8
    1276.800	  9
    1296.658	 52
    1296.668	 18
    1330.428	  7
    1331.358	  7
    1335.804	  7
    1339.404	  7
    1339.718	  7
    1339.862	  7
    1340.300	  7
    1340.458	  7
    1340.584	  7
    1340.702	  7
    1340.842	  7
    1340.978	  7
    1341.122	  7
    1341.258	  7
    1341.398	  7
    1341.534	  7
    1341.672	  7
    1341.798	  7
    1341.974	  7
    1342.114	  7
    1342.238	  7
    1342.392	  7
    1342.534	  7
    1342.694	  7
    1342.862	  7
    1343.010	  7
    1343.164	  7
    1343.288	  7
    1343.456	  7
    1343.658	  7
    1344.446	  7
    1344.788	  7
    1348.072	  7
    1348.340	  7
    1348.480	  7
    1348.786	  7
    1348.914	  7
    1349.042	  7
    1349.600	  7
    1349.726	  7
    1352.714	  7
    1352.900	  7
    1353.058	  7
    1353.180	  7
    1353.470	  7
    1353.618	  7
    1353.746	  7
    1353.880	  7
    1354.022	  7
    1354.154	  7
    1354.306	  7
    1354.436	  7
    1354.566	  7
    1354.726	  7
    1354.868	  7
    1355.026	  7
    1355.182	  7
    1355.334	  7
    1355.516	  7
    1355.662	  7
    1355.796	  7
    1355.960	  7
    1356.102	  7
    1356.254	  7
    1356.396	  7
    1356.536	  7
    1356.688	  7
    1356.828	  7
    1357.006	  7
    1357.128	  7
    1357.258	  7
    1357.394	  7
    1357.528	  7
    1357.674	  7
    1357.848	  7
    1357.986	  7
    1358.156	  7
    1358.304	  7
    1358.488	  7
    1358.618	  7
    1358.736	  7
    1358.878	  7
    1359.016	  7
    1359.162	  7
    1359.302	  7
    1359.440	  7
    1359.576	  7
    1359.734	  7
    1359.910	  7
    1360.048	  7
    1360.194	  7
    1360.346	  7
    1360.504	  7
    1360.654	  7
    1360.822	  7
    1360.946	  7
    1361.096	  7
    1361.238	  7
    1361.420	  7
    1361.542	  7
    1361.684	  7
    1361.816	  7
    1361.954	  7
    1362.088	  7
    1362.242	  7
    1362.396	  7
    1362.546	  7
    1362.734	  7
    1363.438	  7
    1363.566	  7
    1363.968	  7
    1364.390	  7
    1364.638	  7
    1364.832	  7
    1365.120	  7
    1365.302	  7
    1365.712	  7
    1366.364	  7
    1366.518	  7
    1366.726	  7
    1367.440	  7
    1367.572	  7
    1369.578	  7
    1370.034	  7
    1370.180	  7
    1372.370	  8
    1372.734	  8
    1373.044	  8
    1394.264	  8
    1394.346	  8
    1394.660	  8
    1394.838	  8
    1405.008	  8
    1416.668	 53
    1433.288	  8
    1433.288	 20
    1433.288	 27
    1433.298	 28
    1433.298	 19
    1433.398	 29
    1433.534	  8
    1433.568	  9
    1453.418	 50
    1453.428	 17
    1469.344	  8
    1469.900	  8
    1470.540	  8
    1470.926	  8
    1478.694	  8
    1479.418	  8
    1479.950	  8
    1480.454	  8
    1480.840	  8
    1480.916	  8
    1481.786	  8
    1482.254	  8
    1482.494	  8
    1482.788	  8
    1483.070	  8
    1483.428	 53
    1483.636	  8
    1483.636	 20
    1483.636	 27
    1483.646	 28
    1483.646	 19
    1483.710	  8
    1483.746	 29
    1483.770	  8
    1483.916	  9
    1503.766	 52
    1503.776	 18
    1519.096	  7
    1534.670	  8
    1534.846	  8
    1541.174	  8
    1573.088	  7
    1573.860	  7
    1577.496	  8
    1577.668	  8
    1577.982	  8
    1578.256	  8
    1589.140	  8
    1589.324	  8
    1589.868	  8
    1590.544	  8
    1590.872	  8
    1591.574	  8
    1599.814	  8
    1599.994	  8
    1600.260	  8
    1600.640	  8
    1604.650	  8
    1605.078	  8
    1605.652	  8
    1619.270	  8
    1620.016	  8
    1620.430	  8
    1621.018	  8
    1621.876	  8
    1623.776	 53
    1630.684	  8
    1630.684	 20
    1630.684	 27
    1630.694	 28
    1630.694	 19
    1630.794	 29
    1630.940	  8
    1630.964	  9
    1642.266	  8
    1650.814	 51
    1650.824	 10
    1672.578	  8
    1673.222	  8
    1673.900	  8
    1674.406	  8
    1674.830	  8
    1675.180	  8
    1675.580	  8
    1676.036	  8
    1679.542	  8
    1685.132	  8
    1685.702	  8
    1686.164	  8
    1687.306	  8
    1687.860	  8
    1688.572	  8
    1689.408	  8
    1690.234	  8
    1690.996	  8
    1696.212	  8
    1696.514	  8
    1697.300	  8
    1697.786	  8
    1698.270	  8
    1699.188	  8
    1705.836	  8
    1706.540	  8
    1707.032	  8
    1707.888	  8
    1708.286	  8
    1709.170	  8
    1709.608	  8
    1709.794	  8
    1710.272	  8
    1710.824	 53
    1710.834	 20
    1710.834	 27
    1710.862	  8
    1711.762	  8
    1712.010	  8
    1712.104	  8
    1714.056	  8
    1714.250	  8
    1714.628	  8
    1715.088	  8
    1730.854	 50
    1730.864	 17
    1751.762	  8
    1751.922	  8
    1752.768	  8
    1753.462	  8
    1754.356	  8
    1754.832	  8
    1755.056	  8
    1755.874	  8
    1756.156	  8
    1756.622	  8
    1757.614	  8
    1759.276	  8
    1759.454	  8
    1759.898	  8
    1760.158	  8
    1760.746	  8
    1760.864	 53
    1761.138	  8
    1761.138	 20
    1761.138	 27
    1761.148	 28
    1761.148	 19
    1761.248	 29
    1761.392	  8
    1761.418	  9
    1781.268	 50
    1781.278	 17
    1802.546	  8
    1803.154	  8
    1803.480	  8
    1804.278	  8
    1804.588	  8
    1805.218	  8
    1806.010	  8
    1806.646	  8
    1807.582	  8
    1811.278	 53
    1812.070	  8
    1812.070	 20
    1812.070	 27
    1812.080	 28
    1812.080	 19
    1812.180	 29
    1812.292	  8
    1812.350	  9
    1832.200	 51
    1832.210	 10
    1854.308	  7
    1854.470	  7
    1854.790	  7
    1854.950	  7
    1855.108	  7
    1855.330	  7
    1855.492	  7
    1855.672	  7
    1855.834	  7
    1855.988	  7
    1856.142	  7
    1856.336	  7
    1856.468	  7
    1856.594	  7
    1856.728	  7
    1856.866	  7
    1857.010	  7
    1857.172	  7
    1857.324	  7
    1857.468	  7
    1857.620	  7
    1857.798	  7
    1857.948	  7
    1858.092	  7
    1858.250	  7
    1858.396	  7
    1858.548	  7
    1858.710	  7
    1858.866	  7
    1859.026	  7
    1859.186	  7
    1859.336	  7
    1859.490	  7
    1859.668	  7
    1859.780	  7
    1859.914	  7
    1860.054	  7
    1860.186	  7
    1860.326	  7
    1860.466	  7
    1860.616	  7
    1860.754	  7
    1860.886	  7
    1861.076	  7
    1861.204	  7
    1861.340	  7
    1861.474	  7
    1861.628	  7
    1861.786	  7
    1861.926	  7
    1862.056	  7
    1862.208	  7
    1862.354	  7
    1862.536	  7
    1862.670	  7
    1862.808	  7
    1862.956	  7
    1863.108	  7
    1863.260	  7
    1863.446	  7
    1863.658	  7
    1863.786	  7
    1863.934	  7
    1864.090	  7
    1864.234	  7
    1864.398	  7
    1864.562	  7
    1864.730	  7
    1864.922	  7
    1865.036	  7
    1865.164	  7
    1865.294	  7
    1865.430	  7
    1865.568	  7
    1865.708	  7
    1865.856	  7
    1866.000	  7
    1866.156	  7
    1866.322	  7
    1866.458	  7
    1866.624	  7
    1866.822	  7
    1866.960	  7
    1867.096	  7
    1867.234	  7
    1867.380	  7
    1867.530	  7
    1867.674	  7
    1867.816	  7
    1867.986	  7
    1868.148	  7
    1868.312	  7
    1868.456	  7
    1868.608	  7
    1868.748	  7
    1868.900	  7
    1869.038	  7
    1869.214	  7
    1869.344	  7
    1869.488	  7
    1869.622	  7
    1869.768	  7
    1869.928	  7
    1870.088	  7
    1870.234	  7
    1870.378	  7
    1870.520	  7
    1870.666	  7
    1870.812	  7
    1870.994	  7
    1871.146	  7
    1871.284	  7
    1871.438	  7
    1871.574	  7
    1871.716	  7
    1871.858	  7
    1872.000	  7
    1872.152	  7
    1872.308	  7
    1872.456	  7
    1872.622	  7
    1872.816	  7
    1872.932	  7
    1873.070	  7
    1873.218	  7
    1873.358	  7
    1873.502	  7
    1873.656	  7
    1873.808	  7
    1873.978	  7
    1874.130	  7
    1874.272	  7
    1874.422	  7
    1874.560	  7
    1874.740	  7
    1874.864	  7
    1875.002	  7
    1875.142	  7
    1875.292	  7
    1875.442	  7
    1875.590	  7
    1875.750	  7
    1875.918	  7
    1876.084	  7
    1876.266	  7
    1876.394	  7
    1876.538	  7
    1876.676	  7
    1876.832	  7
    1876.994	  7
    1877.144	  7
    1877.304	  7
    1877.466	  7
    1877.638	  7
    1877.786	  7
    1877.948	  7
    1878.098	  7
    1878.236	  7
    1878.424	  7
    1878.544	  7
    1878.678	  7
    1878.816	  7
    1878.970	  7
    1879.136	  7
    1879.306	  7
    1879.468	  7
    1879.668	  7
    1879.822	  7
    1879.998	  7
    1880.156	  7
    1880.318	  7
    1880.512	  7
    1880.644	  7
    1880.784	  7
    1880.962	  7
    1881.188	  7
    1881.314	  7
    1881.482	  7
    1881.646	  7
    1881.796	  7
    1881.956	  7
    1882.106	  7
    1882.254	  7
    1882.398	  7
    1882.542	  7
    1882.702	  7
    1882.898	  7
    1883.030	  7
    1883.174	  7
    1883.322	  7
    1883.468	  7
    1883.622	  7
    1883.760	  7
    1883.940	  7
    1884.124	  7
    1884.314	  7
    1884.488	  7
    1884.648	  7
    1884.820	  7
    1885.000	  7
    1885.150	  7
    1885.298	  7
    1885.482	  7
    1885.646	  7
    1885.804	  7
    1885.960	  7
    1886.114	  7
    1886.262	  7
    1886.410	  7
    1886.574	  7
    1886.740	  7
    1886.898	  7
    1887.054	  7
    1887.202	  7
    1887.348	  7
    1887.490	  7
    1887.628	  7
    1887.808	  7
    1887.944	  7
    1888.088	  7
    1888.266	  7
    1888.406	  7
    1888.600	  7
    1888.732	  7
    1888.912	  7
    1889.060	  7
    1889.206	  7
    1889.370	  7
    1891.000	  8
    1891.950	  8
    1892.210	 53
    1892.220	 20
    1892.220	 27
    1892.308	  8
    1894.118	  8
    1894.784	  8
    1895.692	  8
    1896.214	  8
    1896.850	  8
    1897.154	  8
    1897.240	  8
    1897.660	  8
    1912.240	 52
    1912.250	 18
    1921.904	  8
    1960.884	  8
    1960.958	  8
    1961.502	  8
    1962.390	  8
    1962.686	  8
    1962.812	  8
    1963.332	  8
    1963.788	  8
    1964.268	  8
    1964.536	  8
    1970.646	  8
    1971.494	  8
    1971.638	  8
    1973.232	  8
    1974.274	  8
    1974.668	  8
    1974.954	  8
    1975.262	  8
    1976.056	  8
    1977.148	  8
    1977.508	  8
    1977.884	  8
    1978.512	  8
    1978.966	  8
    1979.514	  8
    1999.258	  8
    1999.636	  8
    2000.150	  8
    2000.388	  8
    2000.898	  8
    2001.364	  8
    2001.984	  8
    2002.460	  8
    2003.168	  8
    2003.752	  8
    2003.910	  8
    2004.208	  8
    2004.552	  8
    2004.946	  8
    2005.398	  8
    2005.892	  8
    2006.254	  8
    2006.934	  8
    2007.360	  8
    2007.552	  8
    2009.744	  8
    2010.242	  8
    2010.524	  8
    2010.968	  8
    2011.072	  8
    2011.228	  8
    2011.518	  8
    2012.080	  8
    2022.100	  8
    2022.412	  8
    2022.880	  8
    2023.548	  8
    2024.126	  8
    2024.978	  8
    2025.502	  8
    2025.946	  8
    2026.288	  8
    2027.132	  8
    2027.576	  8
    2031.256	  8
    2031.540	  8
    2031.974	  8
    2032.250	 53
    2032.440	  8
    2032.440	 20
    2032.440	 27
    2032.450	 28
    2032.450	 19
    2032.550	 29
    2032.714	  8
    2032.720	  9
    2052.570	 52
    2052.580	 18
    2086.720	  8
    2098.560	  8
    2098.742	  8
    2121.062	  8
    2121.554	  8
    2172.580	 53
    2186.290	  8
    2186.290	 20
    2186.290	 27
    2186.300	 28
    2186.300	 19
    2186.400	 29
    2186.482	  8
    2186.570	  9
    2206.420	 50
    2206.430	 17
    2232.342	  8
    2232.742	  8
    2233.104	  8
    2233.710	  8
    2234.080	  8
    2234.388	  8
    2234.828	  8
    2235.268	  8
    2235.906	  8
    2236.430	 53
    2236.756	  8
    2236.756	 20
    2236.756	 27
    2236.766	 28
    2236.766	 19
    2236.866	 29
    2237.036	  9
    2256.886	 51
    2256.896	 10
    2273.182	  7
    2277.978	  7
    2279.216	  7
    2279.382	  7
    2279.508	  7
    2279.676	  7
    2280.004	  7
    2280.192	  7
    2280.356	  7
    2280.646	  7
    2280.988	  7
    2281.158	  7
    2281.476	  7
    2281.652	  7
    2281.782	  7
    2281.916	  7
    2282.068	  7
    2282.224	  7
    2282.352	  7
    2282.506	  7
    2282.658	  7
    2282.790	  7
    2282.936	  7
    2283.080	  7
    2283.208	  7
    2283.348	  7
    2283.530	  7
    2283.660	  7
    2283.792	  7
    2283.948	  7
    2284.094	  7
    2284.246	  7
    2284.384	  7
    2284.522	  7
    2284.676	  7
    2284.866	  7
    2285.000	  7
    2285.142	  7
    2285.274	  7
    2285.404	  7
    2285.548	  7
    2285.676	  7
    2285.818	  7
    2285.964	  7
    2286.094	  7
    2286.284	  7
    2286.420	  7
    2286.562	  7
    2286.706	  7
    2286.870	  7
    2287.004	  7
    2287.140	  7
    2287.290	  7
    2287.444	  7
    2287.600	  7
    2287.760	  7
    2287.944	  7
    2288.084	  7
    2288.224	  7
    2288.352	  7
    2288.556	  7
    2288.684	  7
    2288.830	  7
    2288.964	  7
    2289.102	  7
    2289.238	  7
    2289.396	  7
    2289.548	  7
    2289.690	  7
    2289.842	  7
    2289.978	  7
    2290.142	  7
    2290.350	  7
    2290.482	  7
    2290.640	  7
    2290.796	  7
    2290.984	  7
    2291.164	  7
    2291.306	  7
    2291.476	  7
    2291.618	  7
    2291.758	  7
    2291.890	  7
    2292.034	  7
    2292.172	  7
    2292.340	  7
    2292.508	  7
    2292.646	  7
    2292.810	  7
    2293.026	  7
    2293.142	  7
    2293.280	  7
    2293.420	  7
    2293.580	  7
    2293.734	  7
    2293.886	  7
    2294.048	  7
    2294.188	  7
    2294.326	  7
    2294.468	  7
    2294.624	  7
    2294.770	  7
    2294.924	  7
    2295.084	  7
    2295.216	  7
    2295.414	  7
    2295.608	  7
    2295.752	  7
    2295.902	  7
    2296.054	  7
    2296.214	  7
    2296.354	  7
    2296.492	  7
    2296.668	  7
    2296.818	  7
    2296.984	  7
    2297.124	  7
    2297.262	  7
    2297.416	  7
    2297.602	  7
    2297.782	  7
    2297.934	  7
    2298.078	  7
    2298.226	  7
    2298.398	  7
    2298.538	  7
    2298.694	  7
    2298.872	  7
    2299.020	  7
    2299.182	  7
    2299.320	  7
    2299.486	  7
    2299.640	  7
    2299.776	  7
    2299.920	  7
    2300.074	  7
    2300.222	  7
    2300.402	  7
    2300.538	  7
    2300.690	  7
    2300.836	  7
    2300.984	  7
    2301.132	  7
    2301.280	  7
    2301.454	  7
    2301.616	  7
    2301.756	  7
    2302.008	  7
    2302.164	  7
    2302.368	  7
    2302.504	  7
    2302.648	  7
    2302.812	  7
    2302.964	  7
    2303.106	  7
    2303.266	  7
    2303.444	  7
    2303.608	  7
    2303.730	  7
    2303.896	  7
    2304.052	  7
    2304.222	  7
    2304.386	  7
    2304.554	  7
    2304.702	  7
    2304.844	  7
    2305.028	  7
    2305.174	  7
    2305.318	  7
    2305.464	  7
    2305.636	  7
    2305.782	  7
    2305.916	  7
    2306.090	  7
    2306.258	  7
    2306.414	  7
    2306.568	  7
    2306.706	  7
    2306.864	  7
    2307.042	  7
    2307.188	  7
    2307.436	  7
    2307.580	  7
    2307.724	  7
    2307.880	  7
    2308.036	  7
    2308.182	  7
    2308.322	  7
    2308.484	  7
    2308.626	  7
    2308.776	  7
    2308.932	  7
    2309.096	  7
    2309.244	  7
    2309.424	  7
    2309.594	  7
    2309.768	  7
    2309.904	  7
    2310.124	  7
    2310.264	  7
    2310.404	  7
    2310.554	  7
    2310.710	  7
    2310.858	  7
    2311.008	  7
    2311.198	  7
    2311.398	  7
    2311.594	  7
    2311.748	  7
    2311.930	  7
    2312.098	  7
    2312.432	  7
    2312.588	  7
    2312.740	  7
    2312.908	  7
    2313.040	  7
    2313.230	  7
    2313.410	  7
    2313.576	  7
    2313.746	  7
    2313.946	  7
    2314.094	  7
    2314.250	  7
    2314.392	  7
    2314.562	  7
    2314.698	  7
    2314.872	  7
    2315.038	  7
    2315.264	  7
    2315.382	  7
    2315.520	  7
    2315.666	  7
    2315.808	  7
    2315.958	  7
    2316.112	  7
    2316.264	  7
    2316.440	  7
    2316.582	  7
    2316.716	  7
    2316.882	  7
    2316.896	 53
    2316.906	 20
    2316.906	 27
    2317.160	  7
    2317.338	  7
    2317.460	  7
    2317.698	  7
    2317.820	  7
    2317.980	  7
    2318.134	  7
    2318.302	  7
    2318.450	  7
    2318.626	  7
    2318.774	  7
    2318.914	  7
    2319.080	  7
    2319.260	  7
    2319.438	  7
    2319.606	  7
    2319.740	  7
    2319.896	  7
    2320.032	  7
    2320.198	  7
    2320.322	  7
    2320.466	  7
    2320.598	  7
    2320.750	  7
    2320.940	  7
    2321.108	  7
    2321.302	  7
    2321.426	  7
    2321.614	  7
    2321.756	  7
    2321.898	  7
    2322.090	  7
    2322.224	  7
    2322.378	  7
    2322.556	  7
    2322.694	  7
    2322.848	  7
    2323.004	  7
    2323.164	  7
    2323.322	  7
    2323.490	  7
    2323.668	  7
    2323.854	  7
    2324.006	  7
    2324.152	  7
    2324.354	  7
    2324.516	  7
    2324.698	  7
    2324.870	  7
    2325.038	  7
    2325.210	  7
    2325.342	  7
    2325.488	  7
    2328.336	  8
    2328.690	  8
    2328.790	  8
    2329.214	  8
    2329.416	  8
    2329.750	  8
    2330.250	  8
    2331.250	  8
    2331.500	  8
    2331.978	  8
    2332.436	  8
    2332.982	  8
    2333.080	  8
    2333.486	  8
    2334.324	  8
    2335.676	  8
    2336.156	  8
    2336.610	  8
    2336.926	 51
    2336.936	 10
    2337.130	  8
    2337.770	  8
    2337.964	  8
    2339.802	  8
    2340.446	  8
    2341.158	  8
    2346.752	  8
    2348.840	  8
    2348.936	  8
    2349.340	  8
    2349.732	  8
    2350.188	  8
    2350.896	  8
    2351.178	  8
    2351.432	  8
    2351.850	  8
    2355.244	  8
    2355.866	  8
    2356.388	  8
    2356.806	  8
    2357.406	  8
    2358.142	  8
    2358.648	  8
    2359.128	  8
    2359.456	  8
    2359.870	  8
    2360.332	  8
    2364.024	  8
    2364.574	  8
    2364.936	  8
    2365.342	  8
    2365.916	  8
    2366.590	  8
    2367.518	  8
    2367.590	  8
    2368.066	  8
    2368.976	  8
    2369.558	  8
    2369.920	  8
    2370.654	  8
    2371.110	  8
    2371.514	  8
    2373.776	  8
    2374.096	  8
    2374.466	  8
    2374.862	  8
    2375.242	  8
    2375.640	  8
    2376.128	  8
    2377.346	  8
    2377.682	  8
    2389.140	  8
    2389.280	  8
    2389.624	  8
    2390.262	  8
    2390.538	  8
    2390.862	  8
    2391.558	  8
    2392.056	  8
    2392.538	  8
    2392.678	  8
    2393.300	  8
    2393.866	  8
    2394.302	  8
    2394.850	  8
    2394.930	  8
    2395.506	  8
    2395.840	  8
    2396.936	 53
    2396.946	 20
    2396.946	 27
    2406.016	  8
    2406.462	  8
    2406.964	  8
    2407.354	  8
    2407.830	  8
    2408.414	  8
    2409.218	  8
    2410.006	  8
    2410.420	  8
    2415.556	  8
    2416.130	  8
    2416.578	  8
    2416.966	 51
    2416.976	 10
    2417.702	  8
    2420.016	  8
    2423.434	  8
    2428.008	  8
    2428.480	  8
    2429.134	  8
    2429.692	  8
    2430.228	  8
    2431.222	  8
    2432.090	  8
    2432.776	  8
    2433.094	  8
    2437.716	  8
    2437.922	  8
    2438.438	  8
    2438.984	  8
    2439.466	  8
    2440.122	  8
    2440.512	  8
    2441.464	  8
    2441.984	  8
    2442.474	  8
    2443.060	  8
    2443.324	  8
    2445.566	  8
    2445.986	  8
    2446.528	  8
    2447.016	  8
    2447.530	  8
    2448.014	  8
    2448.266	  8
    2450.628	  8
    2450.658	  8
    2451.060	  8
    2451.448	  8
    2452.134	  8
    2452.916	  8
    2456.220	  8
    2456.408	  8
    2456.992	  8
    2457.446	  8
    2457.938	  8
    2458.356	  8
    2458.638	  8
    2459.512	  8
    2459.752	  8
    2460.288	  8
    2461.096	  8
    2465.236	  8
    2466.616	  8
    2467.092	  8
    2467.576	  8
    2472.652	  8
    2473.214	  8
    2473.632	  8
    2474.222	  8
    2474.626	  8
    2474.942	  8
    2476.976	 53
    2476.986	 20
    2476.986	 27
    2490.798	  8
    2490.848	  8
    2497.006	 51
    2497.016	 10
    2503.758	  8
    2513.442	  8
    2513.670	  8
    2514.964	  8
    2515.700	  8
    2519.072	  8
    2519.292	  8
    2519.492	  8
    2519.824	  8
    2520.736	  8
    2521.192	  8
    2521.562	  8
    2522.300	  8
    2522.474	  8
    2528.212	  8
    2528.740	  8
    2529.274	  8
    2529.970	  8
    2530.986	  8
    2532.200	  8
    2532.480	  8
    2532.862	  8
    2534.020	  8
    2536.374	  8
    2536.718	  8
    2537.130	  8
    2537.766	  8
    2538.178	  8
    2538.564	  8
    2539.106	  8
    2539.918	  8
    2540.312	  8
    2540.844	  8
    2541.818	  8
    2542.638	  8
    2542.996	  8
    2544.664	  8
    2545.158	  8
    2546.150	  8
    2547.022	  8
    2547.964	  8
    2548.234	  8
    2548.772	  8
    2549.146	  8
    2549.682	  8
    2549.900	  8
    2553.278	  8
    2553.876	  8
    2554.406	  8
    2554.842	  8
    2555.378	  8
    2555.958	  8
    2556.202	  8
    2556.546	  8
    2556.998	  8
    2557.016	 53
    2557.026	 20
    2557.026	 27
    2557.834	  8
    2558.338	  8
    2577.046	 50
    2577.056	 17
    2582.252	  8
    2582.422	  8
    2585.144	  8
    2585.332	  8
    2585.894	  8
    2586.174	  8
    2586.374	  8
    2586.886	  8
    2587.584	  8
    2587.778	  8
    2588.372	  8
    2593.198	  8
    2594.932	  8
    2595.400	  8
    2596.948	  8
    2597.728	  8
    2598.678	  8
    2600.018	  8
    2600.962	  8
    2605.224	  8
    2606.250	  8
    2606.854	  8
    2607.056	 53
    2607.466	  8
    2607.466	 20
    2607.466	 27
    2607.476	 28
    2607.476	 19
    2607.576	 29
    2607.720	  8
    2607.746	  9
    2627.596	 52
    2627.606	 18
    2653.358	  7
    2653.492	  7
    2653.610	  7
    2653.806	  7
    2655.564	  7
    2658.332	  7
    2658.396	  7
    2658.520	  7
    2663.486	  7
    2665.382	  7
    2665.876	  7
    2671.202	  7
    2671.512	  7
    2671.652	  7
    2671.770	  7
    2671.896	  7
    2671.962	  7
    2672.138	  7
    2676.044	  7
    2676.374	  7
    2676.794	  7
    2677.442	  7
    2677.578	  7
    2677.702	  7
    2677.830	  7
    2678.008	  7
    2678.130	  7
    2678.250	  7
    2678.384	  7
    2678.526	  7
    2678.678	  7
    2678.798	  7
    2678.938	  7
    2679.054	  7
    2679.194	  7
    2679.298	  7
    2679.436	  7
    2679.602	  7
    2679.722	  7
    2679.904	  7
    2680.068	  7
    2680.192	  7
    2680.320	  7
    2680.450	  7
    2680.590	  7
    2680.746	  7
    2680.878	  7
    2681.016	  7
    2681.178	  7
    2681.298	  7
    2681.520	  7
    2681.648	  7
    2681.784	  7
    2681.926	  7
    2682.072	  7
    2682.220	  7
    2682.356	  7
    2682.504	  7
    2682.668	  7
    2682.820	  7
    2683.130	  7
    2683.496	  7
    2686.378	  7
    2689.874	  8
    2689.970	  8
    2690.106	  8
    2694.278	  8
    2712.900	  8
    2713.422	  8
    2714.138	  8
    2714.442	  8
    2715.040	  8
    2715.600	  8
    2747.606	 53
    2750.460	  8
    2750.460	 20
    2750.460	 27
    2750.470	 28
    2750.470	 19
    2750.570	 29
    2750.658	  8
    2750.740	  9
    2754.158	  8
    2754.536	  8
    2754.834	  8
    2770.590	 50
    2770.600	 17
    2798.398	  8
    2798.682	  8
    2799.214	  8
    2799.908	  8
    2800.600	 53
    2803.224	  8
    2803.224	 20
    2803.224	 27
    2803.234	 28
    2803.234	 19
    2803.334	 29
    2803.488	  8
    2803.504	  9
    2805.034	  8
    2805.566	  8
    2805.800	  8
    2806.008	  8
    2806.132	  8
    2806.552	  8
    2823.354	 52
    2823.364	 18
    2826.308	  8
    2832.374	  8
    2918.372	  8
    2918.914	  8
    2919.352	  8
    2920.084	  8
    2920.514	  8
    2921.174	  8
    2921.386	  8
    2921.792	  8
    2922.288	  8
    2927.526	  8
    2928.940	  8
    2929.268	  8
    2929.652	  8
    2930.066	  8
    2930.628	  8
    2931.506	  8
    2932.070	  8
    2932.450	  8
    2932.582	  8
    2932.830	  8
    2933.594	  8
    2934.376	  8
    2934.748	  8
    2937.462	  8
    2940.716	  8
    2941.360	  8
    2943.364	 53
    2944.682	  8
    2944.682	 20
    2944.682	 27
    2944.692	 28
    2944.692	 19
    2944.792	 29
    2944.952	  8
    2944.962	  9
    2964.812	 50
    2964.822	 17
    2978.380	  8
    2979.096	  8
    2979.894	  8
    2980.248	  8
    2981.046	  8
    2981.328	  8
    2981.464	  8
    2981.592	  8
    2982.240	  8
    2982.598	  8
    2982.660	  8
    2983.080	  8
    2983.660	  8
    2985.244	  8
    2985.762	  8
    2987.906	  8
    2988.506	  8
    2989.026	  8
    2989.392	  8
    2990.106	  8
    2990.364	  8
    2990.888	  8
    2991.428	  8
    2992.316	  8
    2992.644	  8
    2992.706	  8
    2993.900	  8
    2994.822	 53
    2997.178	  8
    2997.178	 20
    2997.178	 27
    2997.188	 28
    2997.188	 19
    2997.288	 29
    2997.458	  9
    3017.308	 50
    3017.318	 17
    3032.452	  8
    3032.766	  8
    3036.150	  8
    3036.572	  8
    3036.968	  8
    3037.506	  8
    3039.218	  8
    3039.922	  8
    3040.532	  8
    3041.324	  8
    3043.102	  8
    3043.756	  8
    3044.126	  8
    3044.372	  8
    3044.718	  8
    3045.454	  8
    3045.612	  8
    3046.010	  8
    3046.404	  8
    3047.318	 53
    3047.882	  8
    3047.882	 20
    3047.882	 27
    3047.892	 28
    3047.892	 19
    3047.992	 29
    3048.060	  8
    3048.162	  9
    3068.012	 50
    3068.022	 17
    3093.448	  8
    3093.610	  8
    3094.112	  8
    3094.536	  8
    3095.110	  8
    3095.674	  8
    3095.830	  8
    3096.776	  8
    3097.028	  8
    3097.750	  8
    3098.022	 53
    3098.238	  8
    3098.238	 20
    3098.238	 27
    3098.248	 28
    3098.248	 19
    3098.348	 29
    3098.498	  8
    3098.518	  9
    3118.368	 52
    3118.378	 18
    3135.810	  8
    3135.860	  8
    3166.530	  7
    3171.304	  7
    3171.724	  7
    3174.898	  7
    3176.038	  7
    3176.174	  7
    3176.924	  7
    3177.846	  7
    3177.928	  7
    3178.062	  7
    3178.254	  7
    3178.458	  7
    3178.826	  7
    3178.882	  7
    3178.996	  7
    3179.062	  7
    3179.198	  7
    3179.270	  7
    3179.494	  7
    3179.626	  7
    3179.702	  7
    3179.758	  7
    3179.906	  7
    3179.938	  7
    3180.010	  7
    3180.178	  7
    3180.214	  7
    3180.270	  7
    3182.198	  7
    3182.392	  7
    3182.456	  7
    3185.988	  7
    3186.430	  7
    3186.894	  7
    3187.374	  7
    3187.866	  7
    3188.908	  7
    3189.372	  7
    3189.852	  7
    3190.286	  7
    3190.750	  7
    3191.186	  7
    3191.638	  7
    3197.832	  8
    3198.020	  8
    3198.702	  8
    3209.428	  8
    3215.722	  8
    3216.360	  8
    3217.076	  8
    3217.252	  8
    3238.378	 53
    3275.018	  8
    3275.018	 20
    3275.018	 27
    3275.028	 28
    3275.028	 19
    3275.128	 29
    3275.298	  9
    3295.148	 50
    3295.158	 17
    3315.850	  8
    3316.050	  8
    3316.450	  8
    3316.652	  8
    3317.122	  8
    3317.432	  8
    3317.966	  8
    3318.544	  8
    3319.200	  8
    3319.814	  8
    3320.312	  8
    3321.920	  8
    3322.386	  8
    3322.520	  8
    3323.154	  8
    3323.366	  8
    3323.728	  8
    3324.492	  8
    3324.922	  8
    3325.158	 53
    3325.234	  8
    3325.234	 20
    3325.234	 27
    3325.244	 28
    3325.244	 19
    3325.344	 29
    3325.514	  9
    3345.364	 51
    3345.374	 10
    3378.118	  8
    3379.074	  8
    3380.444	  8
    3383.672	  8
    3388.522	  8
    3388.846	  8
    3389.720	  8
    3390.004	  8
    3390.460	  8
    3391.038	  8
    3394.384	  8
    3394.444	  8
    3395.130	  8
    3395.672	  8
    3396.808	  8
    3397.262	  8
    3398.378	  8
    3398.936	  8
    3399.192	  8
    3399.982	  8
    3400.286	  8
    3400.714	  8
    3400.970	  8
    3401.362	  8
    3402.048	  8
    3402.500	  8
    3402.918	  8
    3403.712	  8
    3403.894	  8
    3405.374	 53
    3405.384	 20
    3405.384	 27
    3411.250	  8
    3411.818	  8
    3413.206	  8
    3413.924	  8
    3414.526	  8
    3425.404	 52
    3425.414	 18
    3456.650	  8
    3485.004	  8
    3486.230	  8
    3486.628	  8
    3487.126	  8
    3498.394	  8
    3498.454	  8
    3500.222	  8
    3501.036	  8
    3501.444	  8
    3501.890	  8
    3502.300	  8
    3502.736	  8
    3503.108	  8
    3503.798	  8
    3508.680	  8
    3509.542	  8
    3510.662	  8
    3511.196	  8
    3516.172	  8
    3516.844	  8
    3518.482	  8
    3519.120	  8
    3519.414	  8
    3545.414	 53
    3550.678	  8
    3550.678	 20
    3550.678	 27
    3550.688	 28
    3550.688	 19
    3550.732	  8
    3550.788	 29
    3550.948	  8
    3550.958	  9
    3570.808	 51
    3570.818	 10
    3595.454	  7
    3603.250	  7
    3603.432	  7
    3603.864	  7
    3604.304	  7
    3604.522	  7
    3604.580	  7
    3604.986	  7
    3605.368	  7
    3605.546	  7
    3605.754	  7
    3605.944	  7
    3606.134	  7
    3606.184	  7
    3606.384	  7
    3606.412	  7
    3606.592	  7
    3606.754	  7
    3606.944	  7
    3607.544	  7
    3607.684	  7
    3609.710	  7
    3613.926	  7
    3614.088	  7
    3614.284	  7
    3614.420	  7
    3614.742	  7
    3614.888	  7
    3615.022	  7
    3615.148	  7
    3615.278	  7
    3615.410	  7
    3615.564	  7
    3615.740	  7
    3615.862	  7
    3615.990	  7
    3616.110	  7
    3616.256	  7
    3616.400	  7
    3616.544	  7
    3616.684	  7
    3616.828	  7
    3617.018	  7
    3617.142	  7
    3617.286	  7
    3617.406	  7
    3617.582	  7
    3617.706	  7
    3617.846	  7
    3617.970	  7
    3618.114	  7
    3618.256	  7
    3618.394	  7
    3618.532	  7
    3618.700	  7
    3618.812	  7
    3618.938	  7
    3619.072	  7
    3619.210	  7
    3619.358	  7
    3619.490	  7
    3619.634	  7
    3619.778	  7
    3619.934	  7
    3620.098	  7
    3620.268	  7
    3620.408	  7
    3620.538	  7
    3620.686	  7
    3620.830	  7
    3620.976	  7
    3621.122	  7
    3621.258	  7
    3621.408	  7
    3621.544	  7
    3621.722	  7
    3621.840	  7
    3621.970	  7
    3622.114	  7
    3622.268	  7
    3622.416	  7
    3622.584	  7
    3622.732	  7
    3622.884	  7
    3623.048	  7
    3623.212	  7
    3623.402	  7
    3623.600	  7
    3623.738	  7
    3623.864	  7
    3624.002	  7
    3624.142	  7
    3624.382	  7
    3624.512	  7
    3624.656	  7
    3624.780	  7
    3624.932	  7
    3625.062	  7
    3625.198	  7
    3625.334	  7
    3625.482	  7
    3625.680	  7
    3625.806	  7
    3625.938	  7
    3626.090	  7
    3626.472	  7
    3626.592	  7
    3626.724	  7
    3626.862	  7
    3627.010	  7
    3627.156	  7
    3627.364	  7
    3627.504	  7
    3627.648	  7
    3627.774	  7
    3627.918	  7
    3628.052	  7
    3628.202	  7
    3628.352	  7
    3628.510	  7
    3628.648	  7
    3628.784	  7
    3628.928	  7
    3629.130	  7
    3629.258	  7
    3629.386	  7
    3629.502	  7
    3629.650	  7
    3629.796	  7
    3629.926	  7
    3630.056	  7
    3630.196	  7
    3630.376	  7
    3630.488	  7
    3630.638	  7
    3630.778	  7
    3630.818	 53
    3630.828	 20
    3630.828	 27
    3630.946	  7
    3631.092	  7
    3631.252	  7
    3631.422	  7
    3631.540	  7
    3631.678	  7
    3631.808	  7
    3631.954	  7
    3632.114	  7
    3632.296	  7
    3632.464	  7
    3632.618	  7
    3632.760	  7
    3632.916	  7
    3633.112	  7
    3633.240	  7
    3633.372	  7
    3633.530	  7
    3633.672	  7
    3633.824	  7
    3633.998	  7
    3634.122	  7
    3634.260	  7
    3634.404	  7
    3634.550	  7
    3634.696	  7
    3634.844	  7
    3634.990	  7
    3635.172	  7
    3635.284	  7
    3635.430	  7
    3635.570	  7
    3635.714	  7
    3635.862	  7
    3636.022	  7
    3636.178	  7
    3636.336	  7
    3636.474	  7
    3636.682	  7
    3636.802	  7
    3636.950	  7
    3637.094	  7
    3637.242	  7
    3637.386	  7
    3637.532	  7
    3637.676	  7
    3637.824	  7
    3637.966	  7
    3638.120	  7
    3638.268	  7
    3638.478	  7
    3638.600	  7
    3638.740	  7
    3638.876	  7
    3639.016	  7
    3639.166	  7
    3639.316	  7
    3639.470	  7
    3639.612	  7
    3639.758	  7
    3639.902	  7
    3640.122	  7
    3640.240	  7
    3640.376	  7
    3640.524	  7
    3640.680	  7
    3640.838	  7
    3640.990	  7
    3641.036	  7
    3641.402	  7
    3641.534	  7
    3641.698	  7
    3641.828	  7
    3642.002	  7
    3642.148	  7
    3642.294	  7
    3642.418	  7
    3642.606	  7
    3642.724	  7
    3642.884	  7
    3643.030	  7
    3643.198	  7
    3643.336	  7
    3643.474	  7
    3643.642	  7
    3643.788	  7
    3643.924	  7
    3644.116	  7
    3644.238	  7
    3644.376	  7
    3644.524	  7
    3644.670	  7
    3644.824	  7
    3644.982	  7
    3645.126	  7
    3645.278	  7
    3645.446	  7
    3645.618	  7
    3645.792	  7
    3645.968	  7
    3646.154	  7
    3646.318	  7
    3646.570	  7
    3646.720	  7
    3646.836	  7
    3646.972	  7
    3647.104	  7
    3647.236	  7
    3647.386	  7
    3648.252	  7
    3648.356	  7
    3648.482	  7
    3648.620	  7
    3648.772	  7
    3648.906	  7
    3649.058	  7
    3649.212	  7
    3649.386	  7
    3649.510	  7
    3649.652	  7
    3649.800	  7
    3649.944	  7
    3650.090	  7
    3650.244	  7
    3650.404	  7
    3650.552	  7
    3650.746	  7
    3650.848	 51
    3650.858	 10
    3650.864	  7
    3651.008	  7
    3651.170	  7
    3651.474	  7
    3651.628	  7
    3651.776	  7
    3651.932	  7
    3652.080	  7
    3652.238	  7
    3652.400	  7
    3652.588	  7
    3652.750	  7
    3652.954	  7
    3653.086	  7
    3653.266	  7
    3653.440	  7
    3653.592	  7
    3653.738	  7
    3653.868	  7
    3654.004	  7
    3654.158	  7
    3654.306	  7
    3654.418	  7
    3654.564	  7
    3654.718	  7
    3654.854	  7
    3655.042	  7
    3655.174	  7
    3655.360	  7
    3655.504	  7
    3655.654	  7
    3655.856	  7
    3656.002	  7
    3656.126	  7
    3656.284	  7
    3656.448	  7
    3656.594	  7
    3656.762	  7
    3656.892	  7
    3657.052	  7
    3657.218	  7
    3657.384	  7
    3657.570	  7
    3657.734	  7
    3661.188	  8
    3661.420	  8
    3661.808	  8
    3662.094	  8
    3662.682	  8
    3663.702	  8
    3664.658	  8
    3664.774	  8
    3665.316	  8
    3665.784	  8
    3666.312	  8
    3666.928	  8
    3667.482	  8
    3667.964	  8
    3669.154	  8
    3669.386	  8
    3669.964	  8
    3670.710	  8
    3670.994	  8
    3671.148	  8
    3671.554	  8
    3672.156	  8
    3672.494	  8
    3672.900	  8
    3675.122	  8
    3676.492	  8
    3676.852	  8
    3677.448	  8
    3678.418	  8
    3678.974	  8
    3679.704	  8
    3680.052	  8
    3680.566	  8
    3680.744	  8
    3681.286	  8
    3683.604	  8
    3683.912	  8
    3685.118	  8
    3685.948	  8
    3686.596	  8
    3686.904	  8
    3687.384	  8
    3688.314	  8
    3688.916	  8
    3689.098	  8
    3689.618	  8
    3690.562	  8
    3692.120	  8
    3694.480	  8
    3694.950	  8
    3695.310	  8
    3695.804	  8
    3696.368	  8
    3696.560	  8
    3697.078	  8
    3697.702	  8
    3698.066	  8
    3701.096	  8
    3701.288	  8
    3701.738	  8
    3702.576	  8
    3703.258	  8
    3703.704	  8
    3704.016	  8
    3705.012	  8
    3705.910	  8
    3706.462	  8
    3706.822	  8
    3708.958	  8
    3709.746	  8
    3710.012	  8
    3710.118	  8
    3710.858	 53
    3710.868	 20
    3710.868	 27
    3711.114	  8
    3711.848	  8
    3712.276	  8
    3730.888	 50
    3730.898	 17
    3731.566	  8
    3731.628	  8
    3736.604	  8
    3737.022	  8
    3739.540	  8
    3745.310	  8
    3748.572	  8
    3749.100	  8
    3759.002	  8
    3759.126	  8
    3759.580	  8
    3760.148	  8
    3760.876	  8
    3760.898	 53
    3761.710	  8
    3761.710	 20
    3761.710	 27
    3761.720	 28
    3761.720	 19
    3761.820	 29
    3761.964	  8
    3761.990	  9
    3781.840	 50
    3781.850	 17
    3803.270	  8
    3804.366	  8
    3804.872	  8
    3805.892	  8
    3806.702	  8
    3806.890	  8
    3807.060	  8
    3807.964	  8
    3808.234	  8
    3809.106	  8
    3809.476	  8
    3809.876	  8
    3810.388	  8
    3811.004	  8
    3811.560	  8
    3811.850	 53
    3813.550	  8
    3813.550	 20
    3813.550	 27
    3813.560	 28
    3813.560	 19
    3813.660	 29
    3813.702	  8
    3813.830	  9
    3833.680	 52
    3833.690	 18
    3879.676	  7
    3880.136	  7
    3880.570	  7
    3881.008	  7
    3881.258	  7
    3881.444	  7
    3928.884	  8
    3929.012	  8
    3953.690	 53
    3953.868	  8
    3953.868	 20
    3953.868	 27
    3953.878	 28
    3953.878	 19
    3953.978	 29
    3954.064	  8
    3954.148	  9
    3968.044	  8
    3973.998	 50
    3974.008	 17
    3978.424	  8
    3984.176	  8
    3984.680	  8
    3985.224	  8
    3985.732	  8
    3986.722	  8
    3987.474	  8
    3989.504	  8
    3989.870	  8
    3990.264	  8
    3991.028	  8
    3991.470	  8
    3992.056	  8
    3992.442	  8
    3993.392	  8
    3993.864	  8
    3994.852	  8
    3995.184	  8
    3997.416	  8
    3998.346	  8
    3999.032	  8
    3999.664	  8
    3999.996	  8
    4001.482	  8
    4001.980	  8
    4002.294	  8
    4003.674	  8
    4004.008	 53
    4005.472	  8
    4005.472	 20
    4005.472	 27
    4005.482	 28
    4005.482	 19
    4005.582	 29
    4005.752	  9
    4025.602	 52
    4025.612	 18
    4043.494	  7
    4049.974	  7
    4050.362	  7
    4050.760	  7
    4051.138	  7
    4115.764	  8
    4116.160	  8
    4126.512	  8
    4132.744	  8
    4132.832	  8
    4145.612	 53
    4165.348	  8
    4165.348	 20
    4165.348	 27
    4165.358	 28
    4165.358	 19
    4165.458	 29
    4165.568	  8
    4166.116	  9
    4166.120	  8
    4185.478	 50
    4185.488	 17
    4194.174	  8
    4195.512	  8
    4199.994	  8
    4200.726	  8
    4202.536	  8
    4202.830	  8
    4203.020	  8
    4204.964	  8
    4205.326	  8
    4205.710	  8
    4206.174	  8
    4206.510	  8
    4207.448	  8
    4214.074	  8
    4214.912	  8
    4215.488	 53
    4216.370	  8
    4216.370	 20
    4216.370	 27
    4216.380	 28
    4216.380	 19
    4216.480	 29
    4216.650	  9
    4216.652	  8
    4236.500	 52
    4236.510	 18
    4255.182	  7
    4256.006	  7
    4267.112	  7
    4273.512	  7
    4274.184	  7
    4278.162	  7
    4278.220	  7
    4278.520	  7
    4278.618	  7
    4281.106	  7
    4281.264	  7
    4281.664	  7
    4286.772	  7
    4286.956	  7
    4287.276	  7
    4287.388	  7
    4287.534	  7
    4287.666	  7
    4287.810	  7
    4287.928	  7
    4288.058	  7
    4288.180	  7
    4288.310	  7
    4288.444	  7
    4288.574	  7
    4288.734	  7
    4288.846	  7
    4288.968	  7
    4289.094	  7
    4289.226	  7
    4289.362	  7
    4289.510	  7
    4289.644	  7
    4289.802	  7
    4289.930	  7
    4290.096	  7
    4290.246	  7
    4290.440	  7
    4290.570	  7
    4290.718	  7
    4290.842	  7
    4291.018	  7
    4291.134	  7
    4291.270	  7
    4291.398	  7
    4291.532	  7
    4291.658	  7
    4291.794	  7
    4291.932	  7
    4292.106	  7
    4292.228	  7
    4292.354	  7
    4292.488	  7
    4292.626	  7
    4292.770	  7
    4292.920	  7
    4293.082	  7
    4293.202	  7
    4293.376	  7
    4293.576	  7
    4293.694	  7
    4293.848	  7
    4294.014	  7
    4295.026	  7
    4295.164	  7
    4295.482	  7
    4295.626	  7
    4299.580	  7
    4299.804	  7
    4300.154	  7
    4300.280	  7
    4309.456	  8
    4313.216	  8
    4313.302	  8
    4314.964	  8
    4316.036	  8
    4318.618	  8
    4323.322	  8
    4324.200	  8
    4324.572	  8
    4327.384	  8
    4328.584	  8
    4329.328	  8
    4331.518	  8
    4332.190	  8
    4336.370	  8
    4338.012	  8
    4338.510	  8
    4339.084	  8
    4339.482	  8
    4340.190	  8
    4340.826	  8
    4341.170	  8
    4342.418	  8
    4342.906	  8
    4344.106	  8
    4344.516	  8
    4345.232	  8
    4345.952	  8
    4350.542	  8
    4352.066	  8
    4353.406	  8
    4354.038	  8
    4354.856	  8
    4355.408	  8
    4356.510	 53
    4356.802	  8
    4356.802	 20
    4356.802	 27
    4356.812	 28
    4356.812	 19
    4356.912	 29
    4357.082	  9
    4376.932	 50
    4376.942	 17
    4399.628	  8
    4400.240	  8
    4400.642	  8
    4401.720	  8
    4402.418	  8
    4403.606	  8
    4404.312	  8
    4404.916	  8
    4405.526	  8
    4406.942	 53
    4407.034	  8
    4407.034	 20
    4407.034	 27
    4407.044	 28
    4407.044	 19
    4407.144	 29
    4407.258	  8
    4407.314	  9
    4427.164	 50
    4427.174	 17
    4456.400	  8
    4457.026	  8
    4457.174	 53
    4457.460	  8
    4457.460	 20
    4457.460	 27
    4457.470	 28
    4457.470	 19
    4457.570	 29
    4457.740	  9
    4477.590	 51
    4477.600	 10
    4494.664	  7
    4516.240	  8
    4516.940	  8
    4517.776	  8
    4519.164	  8
    4520.432	  8
    4521.638	  8
    4522.102	  8
    4522.890	  8
    4523.516	  8
    4524.328	  8
    4524.864	  8
    4525.288	  8
    4525.864	  8
    4526.770	  8
    4527.098	  8
    4527.468	  8
    4528.196	  8
    4528.572	  8
    4529.000	  8
    4531.062	  8
    4531.590	  8
    4532.110	  8
    4532.618	  8
    4533.028	  8
    4533.754	  8
    4534.198	  8
    4534.708	  8
    4535.080	  8
    4535.518	  8
    4536.338	  8
    4536.556	  8
    4537.458	  8
    4537.600	 53
    4537.610	 20
    4537.610	 27
    4540.686	  8
    4557.630	 50
    4557.640	 17
    4568.094	  7
    4568.670	  7
    4569.566	  7
    4569.744	  7
    4571.060	  7
    4571.244	  7
    4571.776	  7
    4575.266	  8
    4575.870	  8
    4577.508	  8
    4578.172	  8
    4578.858	  8
    4579.442	  8
    4579.796	  8
    4580.118	  8
    4580.876	  8
    4581.174	  8
    4581.630	  8
    4582.764	  8
    4584.692	  8
    4585.234	  8
    4585.920	  8
    4586.608	  8
    4586.882	  8
    4587.296	  8
    4587.640	 53
    4587.812	  8
    4587.812	 20
    4587.812	 27
    4587.822	 28
    4587.822	 19
    4587.922	 29
    4588.048	  8
    4588.084	  9
    4607.942	 51
    4607.952	 10
    4615.922	  7
    4635.304	  8
    4640.840	  8
    4641.190	  8
    4645.360	  8
    4645.966	  8
    4646.800	  8
    4647.800	  8
    4651.552	  8
    4651.944	  8
    4652.372	  8
    4652.798	  8
    4653.288	  8
    4653.784	  8
    4654.270	  8
    4655.064	  8
    4655.214	  8
    4656.132	  8
    4656.720	  8
    4657.424	  8
    4657.526	  8
    4658.048	  8
    4658.718	  8
    4659.202	  8
    4660.190	  8
    4660.560	  8
    4661.354	  8
    4662.122	  8
    4662.244	  8
    4662.814	  8
    4663.580	  8
    4664.252	  8
    4664.422	  8
    4664.838	  8
    4667.952	 53
    4667.962	 20
    4667.962	 27
    4680.198	  8
    4687.982	 52
    4687.992	 18
    4691.228	  8
    4694.284	  7
    4718.720	  7
    4736.284	  8
    4736.410	  8
    4736.866	  8
    4741.490	  7
    4766.348	  8
    4772.854	  7
    4804.648	  8
    4806.810	  8
    4807.586	  8
    4807.844	  8
    4807.992	 53
    4808.222	  8
    4808.222	 20
    4808.222	 27
    4808.232	 28
    4808.232	 19
    4808.332	 29
    4808.482	  8
    4808.502	  9
    4810.962	  8
    4828.352	 52
    4828.362	 18
    4948.362	 53
    5040.008	  8
    5040.008	 20
    5040.008	 27
    5040.018	 28
    5040.018	 19
    5040.118	 29
    5040.138	  8
    5040.288	  9
    5060.138	 51
    5060.148	 10
    5072.986	  7
    5074.406	  7
    5074.698	  7
    5075.846	  7
    5076.028	  7
    5076.416	  7
    5076.578	  7
    5077.146	  7
    5077.550	  7
    5077.750	  7
    5077.972	  7
    5078.090	  7
    5078.210	  7
    5078.516	  7
    5078.628	  7
    5078.786	  7
    5079.100	  7
    5079.250	  7
    5079.520	  7
    5079.696	  7
    5080.004	  7
    5080.128	  7
    5080.280	  7
    5080.412	  7
    5080.562	  7
    5080.686	  7
    5080.822	  7
    5080.972	  7
    5081.106	  7
    5081.242	  7
    5081.388	  7
    5081.558	  7
    5081.676	  7
    5081.812	  7
    5081.962	  7
    5082.096	  7
    5082.246	  7
    5082.416	  7
    5082.558	  7
    5082.710	  7
    5082.842	  7
    5083.010	  7
    5083.136	  7
    5083.300	  7
    5083.420	  7
    5083.554	  7
    5083.690	  7
    5083.838	  7
    5083.978	  7
    5084.124	  7
    5084.268	  7
    5084.418	  7
    5084.600	  7
    5084.730	  7
    5084.864	  7
    5085.014	  7
    5085.152	  7
    5085.296	  7
    5085.434	  7
    5085.572	  7
    5085.714	  7
    5085.866	  7
    5086.068	  7
    5086.204	  7
    5086.348	  7
    5086.480	  7
    5086.622	  7
    5086.778	  7
    5086.924	  7
    5087.070	  7
    5087.242	  7
    5087.396	  7
    5087.548	  7
    5087.686	  7
    5087.834	  7
    5087.990	  7
    5088.178	  7
    5088.304	  7
    5088.436	  7
    5088.570	  7
    5088.706	  7
    5088.854	  7
    5088.982	  7
    5089.530	  7
    5089.642	  7
    5089.774	  7
    5089.912	  7
    5090.098	  7
    5090.214	  7
    5090.350	  7
    5090.480	  7
    5090.620	  7
    5090.782	  7
    5090.920	  7
    5091.082	  7
    5091.240	  7
    5091.378	  7
    5091.526	  7
    5091.674	  7
    5091.808	  7
    5091.952	  7
    5092.088	  7
    5092.272	  7
    5092.416	  7
    5092.556	  7
    5092.698	  7
    5092.838	  7
    5092.974	  7
    5093.124	  7
    5093.266	  7
    5093.412	  7
    5093.566	  7
    5093.742	  7
    5093.866	  7
    5094.008	  7
    5094.148	  7
    5094.300	  7
    5094.446	  7
    5094.600	  7
    5094.736	  7
    5094.886	  7
    5095.030	  7
    5095.184	  7
    5095.342	  7
    5095.492	  7
    5095.648	  7
    5095.986	  7
    5096.148	  7
    5096.268	  7
    5096.408	  7
    5096.552	  7
    5096.710	  7
    5096.874	  7
    5097.044	  7
    5097.208	  7
    5098.308	  7
    5098.426	  7
    5098.562	  7
    5098.726	  7
    5098.922	  7
    5099.052	  7
    5099.210	  7
    5099.370	  7
    5099.504	  7
    5099.660	  7
    5099.852	  7
    5100.036	  7
    5100.330	  7
    5100.486	  7
    5100.634	  7
    5100.796	  7
    5100.960	  7
    5101.138	  7
    5101.288	  7
    5101.426	  7
    5101.584	  7
    5101.730	  7
    5101.870	  7
    5102.006	  7
    5102.186	  7
    5102.308	  7
    5102.454	  7
    5102.604	  7
    5102.744	  7
    5102.894	  7
    5103.040	  7
    5103.196	  7
    5103.356	  7
    5103.562	  7
    5103.720	  7
    5103.852	  7
    5104.020	  7
    5104.168	  7
    5104.346	  7
    5104.502	  7
    5104.820	  7
    5105.004	  7
    5105.174	  7
    5105.310	  7
    5105.456	  7
    5105.602	  7
    5105.764	  7
    5105.920	  7
    5106.044	  7
    5106.204	  7
    5106.340	  7
    5106.516	  7
    5106.662	  7
    5106.854	  7
    5106.976	  7
    5107.162	  7
    5107.320	  7
    5107.500	  7
    5107.680	  7
    5107.830	  7
    5107.972	  7
    5108.114	  7
    5108.290	  7
    5108.414	  7
    5108.542	  7
    5108.744	  7
    5109.230	  7
    5109.348	  7
    5109.472	  7
    5109.616	  7
    5109.774	  7
    5109.988	  7
    5110.262	  7
    5110.408	  7
    5110.558	  7
    5110.712	  7
    5110.856	  7
    5110.996	  7
    5111.152	  7
    5111.344	  7
    5111.486	  7
    5111.632	  7
    5111.784	  7
    5111.928	  7
    5112.078	  7
    5112.234	  7
    5112.380	  7
    5112.528	  7
    5112.672	  7
    5112.858	  7
    5112.996	  7
    5113.200	  7
    5113.320	  7
    5113.460	  7
    5113.610	  7
    5113.758	  7
    5113.900	  7
    5114.078	  7
    5114.244	  7
    5114.422	  7
    5114.570	  7
    5114.738	  7
    5114.922	  7
    5115.090	  7
    5115.248	  7
    5115.394	  7
    5115.544	  7
    5115.730	  7
    5115.892	  7
    5116.022	  7
    5116.156	  7
    5116.292	  7
    5116.430	  7
    5116.574	  7
    5116.706	  7
    5116.848	  7
    5116.988	  7
    5117.140	  7
    5117.274	  7
    5117.434	  7
    5117.580	  7
    5117.770	  7
    5117.902	  7
    5118.048	  7
    5118.198	  7
    5118.346	  7
    5118.516	  7
    5118.670	  7
    5119.960	  7
    5120.076	  7
    5120.148	 53
    5120.158	 20
    5120.158	 27
    5120.212	  7
    5120.824	  7
    5120.948	  7
    5140.178	 50
    5140.188	 17
    5162.672	  8
    5163.036	  8
    5163.348	  8
    5164.362	  8
    5164.684	  8
    5165.332	  8
    5165.836	  8
    5166.740	  8
    5167.190	  8
    5168.158	  8
    5168.392	  8
    5168.672	  8
    5169.276	  8
    5170.174	  8
    5170.188	 53
    5171.048	  8
    5171.048	 20
    5171.048	 27
    5171.058	 28
    5171.058	 19
    5171.158	 29
    5171.572	  9
    5191.178	 52
    5191.188	 18
    5277.988	  8
    5278.316	  8
    5278.780	  8
    5279.380	  8
    5311.188	 53
    5311.844	  8
    5311.844	 20
    5311.844	 27
    5311.854	 28
    5311.854	 19
    5311.954	 29
    5312.038	  8
    5312.124	  9
    5314.496	  8
    5323.392	  8
    5326.184	  7
    5331.974	 52
    5331.984	 18
    5451.984	 53
    5712.742	  8
    5712.742	 20
    5712.742	 27
    5712.752	 28
    5712.752	 19
    5712.852	 29
    5712.862	 61
