     954.958	  8
     955.254	  8
     978.274	  3
     979.356	  4
     979.470	  3
     980.338	  4
    1018.162	  7
    1018.844	  7
    1021.888	  7
    1024.824	  7
      20.010	 52
      20.020	 18
      63.986	  7
      65.650	  7
      66.288	  7
      67.112	  7
      67.232	  7
      68.300	  7
      68.494	  7
      69.108	  7
      69.294	  7
      71.836	  7
      77.788	  6
      84.784	  8
      90.604	  8
      99.456	  7
      99.900	  7
     100.320	  7
     104.712	  7
     105.206	  7
     106.158	  7
     107.728	  7
     107.774	  7
     111.110	  7
     111.782	  7
     115.740	  7
     117.982	  7
     119.682	  7
     131.482	  7
     132.234	  7
     133.004	  7
     134.976	  7
     140.020	 53
     140.196	  7
     144.262	  8
     144.262	 20
     144.262	 27
     144.272	 28
     144.272	 19
     144.372	 29
     144.568	  9
     164.392	 50
     164.402	 10
     173.650	  8
     192.716	  8
     193.558	  8
     194.348	  8
     194.402	 53
     194.412	 20
     194.412	 27
     214.432	 51
     214.442	 17
     239.354	  8
     239.632	  8
     240.102	  8
     247.922	  7
     249.416	  7
     251.232	  7
     251.540	  7
     252.244	  7
     254.584	  7
     255.532	  7
     255.650	  7
     255.978	  7
     257.322	  7
     265.764	  8
     265.998	  8
     271.152	  3
     272.340	  4
     272.422	  8
     273.158	  8
     274.442	 53
     281.616	  7
     284.428	  7
     286.580	  7
     290.110	  7
     291.284	  7
     293.594	  7
     296.760	  7
     298.810	  7
     301.544	  7
     303.438	  8
     303.438	 20
     303.438	 27
     303.448	 28
     303.448	 19
     303.548	 29
     303.744	  9
     323.568	 52
     323.578	 18
     357.584	  8
     378.464	  8
     387.856	  8
     388.474	  8
     395.462	  8
     396.478	  8
     423.872	  8
     424.940	  8
     431.814	  8
     432.284	  8
     435.154	  3
     436.002	  4
     443.578	 53
     451.472	  8
     451.472	 20
     451.472	 27
     451.482	 28
     451.482	 19
     451.582	 29
     451.778	  9
     471.602	 51
     471.612	 17
     529.636	  8
     530.266	  8
     530.834	  8
     531.612	 53
     544.208	  8
     544.208	 20
     544.208	 27
     544.218	 28
     544.218	 19
     544.318	 29
     544.514	  9
     564.338	 51
     564.348	 17
     580.540	  8
     581.006	  8
     581.576	  8
     586.620	  8
     587.304	  8
     593.794	  8
     594.008	  8
     594.898	  8
     597.132	  8
     603.300	  8
     604.064	  8
     604.788	  8
     605.676	  8
     608.896	  8
     609.796	  8
     610.240	  8
     610.794	  8
     611.398	  8
     611.858	  8
     612.870	  8
     613.610	  8
     615.330	  8
     616.602	  8
     617.072	  8
     617.904	  8
     618.438	  8
     619.260	  8
     620.666	  8
     621.432	  8
     621.682	  8
     622.872	  8
     623.040	  8
     623.384	  8
     623.836	  8
     624.324	  8
     624.348	 53
     624.852	  8
     624.852	 20
     624.852	 27
     624.862	 28
     624.862	 19
     624.962	 29
     625.156	  9
     644.982	 52
     644.992	 18
     695.672	  7
     698.176	  7
     698.516	  7
     698.700	  7
     698.862	  7
     699.094	  7
     699.252	  7
     699.416	  7
     699.608	  7
     699.810	  7
     700.004	  7
     700.230	  7
     700.820	  7
     701.432	  7
     701.646	  7
     701.776	  7
     702.150	  7
     702.568	  7
     703.564	  7
     705.268	  7
     706.902	  7
     707.356	  7
     710.330	  8
     710.520	  8
     710.798	  8
     723.660	  8
     724.368	  8
     725.640	  8
     726.418	  8
     731.108	  8
     731.732	  8
     733.074	  8
     733.918	  8
     734.888	  8
     735.468	  8
     736.306	  8
     737.248	  8
     737.694	  8
     738.086	  8
     738.828	  8
     739.218	  8
     744.830	  8
     745.044	  8
     745.408	  8
     746.142	  8
     746.686	  8
     748.076	  8
     748.668	  8
     749.730	  8
     750.650	  8
     751.152	  8
     751.482	  8
     751.844	  8
     752.418	  8
     753.312	  8
     753.818	  8
     754.150	  8
     754.626	  8
     755.132	  8
     755.648	  8
     756.174	  8
     756.626	  8
     757.918	  8
     758.480	  8
     758.690	  8
     759.642	  8
     760.476	  8
     760.890	  8
     761.236	  8
     761.636	  8
     761.998	  8
     762.468	  8
     763.042	  8
     763.438	  8
     763.770	  8
     764.272	  8
     764.644	  8
     764.992	 53
     765.212	  8
     765.212	 20
     765.212	 27
     765.222	 28
     765.222	 19
     765.322	 29
     765.458	  8
     765.518	  9
     785.342	 50
     785.352	 10
     808.996	  8
     811.450	  8
     811.966	  8
     812.276	  8
     812.780	  8
     813.192	  8
     813.720	  8
     814.128	  8
     814.596	  8
     814.700	  8
     815.002	  8
     815.352	 53
     815.362	 20
     815.362	 27
     832.374	  8
     835.382	 51
     835.392	 17
     853.098	  8
     853.192	  8
     853.546	  8
     853.908	  8
     854.466	  8
     855.280	  8
     856.004	  8
     856.436	  8
     857.124	  8
     857.730	  8
     858.048	  8
     858.494	  8
     858.880	  8
     859.348	  8
     859.786	  8
     860.200	  8
     860.684	  8
     861.106	  8
     862.818	  8
     864.150	  8
     864.728	  8
     865.358	  8
     865.824	  8
     866.274	  8
     866.826	  8
     867.200	  8
     867.634	  8
     867.962	  8
     868.570	  8
     868.926	  8
     869.570	  8
     869.722	  8
     873.840	  8
     874.270	  8
     875.776	  8
     876.038	  8
     876.454	  8
     876.850	  8
     877.406	  8
     877.910	  8
     878.196	  8
     878.488	  8
     878.874	  8
     879.396	  8
     879.714	  8
     880.246	  8
     880.644	  8
     881.132	  8
     881.524	  8
     881.916	  8
     882.068	  8
     882.432	  8
     882.616	  8
     883.032	  8
     883.410	  8
     883.742	  8
     884.184	  8
     884.708	  8
     885.458	  8
     885.718	  8
     886.400	  8
     886.666	  8
     886.980	  8
     887.430	  8
     887.704	  8
     888.124	  8
     889.064	  8
     889.254	  8
     889.442	  8
     889.756	  8
     890.548	  8
     890.932	  8
     891.886	  8
     892.674	  8
     893.204	  8
     893.618	  8
     894.016	  8
     894.490	  8
     894.834	  8
     895.216	  8
     895.392	 53
     896.474	  8
     896.474	 20
     896.474	 27
     896.484	 28
     896.484	 19
     896.584	 29
     896.596	  8
     896.780	  9
     916.604	 51
     916.614	 17
     943.938	  8
     953.336	  7
     959.280	  7
     962.178	  7
     963.954	  7
     967.652	  7
     969.656	  7
     971.636	  7
     974.396	  7
     976.592	  7
     976.614	 53
     978.646	  7
     981.822	  7
     984.974	  7
     992.394	  7
     993.710	  8
     993.710	 20
     993.710	 27
     993.720	 28
     993.720	 19
     993.820	 29
     994.016	  9
    1013.840	 51
    1013.850	 17
    1028.028	  8
    1033.262	  7
    1033.466	  7
    1033.720	  7
    1034.492	  7
    1034.750	  7
    1040.030	  7
    1041.880	  7
    1044.602	  7
    1045.314	  7
    1047.054	  7
    1049.916	  7
    1051.210	  7
    1053.698	  7
    1055.008	  7
    1055.916	  7
    1060.426	  7
    1061.304	  7
    1067.194	  7
    1069.406	  8
    1069.578	  8
    1070.030	  8
    1070.404	  8
    1071.142	  8
    1071.450	  8
    1071.886	  8
    1072.330	  8
    1072.912	  8
    1073.234	  8
    1073.646	  8
    1073.850	 53
    1074.494	  8
    1074.494	 20
    1074.494	 27
    1074.504	 28
    1074.504	 19
    1074.604	 29
    1074.800	  9
    1094.624	 52
    1094.634	 18
    1166.134	  8
    1166.614	  8
    1166.842	  8
    1169.802	  8
    1171.978	  8
    1172.870	  8
    1173.750	  8
    1176.250	  8
    1176.466	  8
    1176.680	  8
    1177.560	  8
    1177.634	  8
    1178.068	  8
    1178.806	  8
    1179.274	  8
    1179.608	  8
    1180.108	  8
    1181.538	  8
    1183.420	  8
    1184.088	  8
    1184.702	  8
    1185.400	  8
    1186.758	  8
    1187.368	  8
    1187.844	  8
    1188.164	  8
    1188.606	  8
    1189.426	  8
    1189.902	  8
    1190.378	  8
    1190.832	  8
    1191.206	  8
    1191.954	  8
    1192.428	  8
    1192.782	  8
    1195.980	  8
    1196.662	  8
    1197.814	  8
    1198.282	  8
    1198.750	  8
    1199.272	  8
    1199.956	  8
    1200.414	  8
    1200.916	  8
    1201.852	  8
    1203.956	  8
    1204.666	  8
    1205.098	  8
    1206.026	  8
    1206.476	  8
    1206.886	  8
    1207.360	  8
    1207.802	  8
    1208.238	  8
    1208.844	  8
    1209.290	  8
    1209.996	  8
    1210.334	  8
    1211.668	  8
    1212.184	  8
    1214.474	  8
    1214.634	 53
    1214.756	  8
    1214.756	 20
    1214.756	 27
    1214.766	 28
    1214.766	 19
    1214.866	 29
    1214.934	  8
    1215.062	  9
    1234.886	 50
    1234.896	 10
    1245.224	  8
    1245.294	  8
    1246.498	  8
    1246.660	  8
    1247.218	  8
    1247.262	  8
    1247.980	  8
    1251.620	  8
    1252.128	  8
    1252.568	  8
    1253.026	  8
    1255.030	  8
    1255.296	  8
    1255.906	  8
    1256.198	  8
    1256.646	  8
    1256.972	  8
    1257.332	  8
    1257.728	  8
    1258.294	  8
    1258.754	  8
    1259.146	  8
    1259.656	  8
    1260.226	  8
    1260.498	  8
    1260.918	  8
    1261.354	  8
    1261.450	  8
    1261.856	  8
    1262.206	  8
    1262.540	  8
    1263.370	  8
    1263.730	  8
    1264.126	  8
    1264.456	  8
    1264.650	  8
    1264.896	 53
    1264.900	  8
    1264.906	 20
    1264.906	 27
    1264.962	  8
    1270.816	  8
    1284.926	 51
    1284.936	 17
    1299.650	  8
    1300.128	  8
    1300.622	  8
    1301.064	  8
    1301.648	  8
    1301.912	  8
    1302.244	  8
    1302.890	  8
    1303.422	  8
    1303.574	  8
    1304.362	  8
    1304.704	  8
    1308.330	  8
    1309.140	  8
    1309.298	  8
    1309.768	  8
    1310.350	  8
    1310.976	  8
    1313.030	  8
    1314.598	  8
    1316.172	  8
    1316.572	  8
    1316.658	  8
    1317.762	  8
    1318.014	  8
    1319.616	  8
    1320.224	  8
    1320.870	  8
    1321.486	  8
    1322.774	  8
    1324.026	  8
    1324.396	  8
    1324.836	  8
    1325.978	  8
    1326.114	  8
    1326.180	  8
    1326.708	  8
    1328.252	  8
    1328.578	  8
    1329.122	  8
    1331.676	  8
    1332.182	  8
    1333.036	  8
    1333.954	  8
    1334.500	  8
    1335.100	  8
    1335.706	  8
    1337.242	  8
    1337.734	  8
    1337.884	  8
    1338.304	  8
    1340.170	  8
    1340.518	  8
    1340.892	  8
    1341.918	  8
    1343.136	  8
    1343.510	  8
    1344.478	  8
    1344.936	 53
    1345.252	  8
    1345.252	 20
    1345.252	 27
    1345.262	 28
    1345.262	 19
    1345.362	 29
    1345.558	  9
    1365.382	 51
    1365.392	 17
    1375.834	  7
    1377.128	  7
    1381.058	  7
    1381.734	  7
    1383.604	  7
    1385.308	  7
    1386.016	  7
    1387.130	  7
    1389.050	  7
    1390.466	  7
    1391.942	  7
    1393.584	  7
    1397.508	  7
    1400.168	  7
    1401.816	  7
    1409.376	  8
    1409.706	  8
    1410.084	  8
    1410.580	  8
    1411.020	  8
    1411.460	  8
    1411.798	  8
    1412.752	  8
    1413.098	  8
    1413.508	  8
    1413.686	  8
    1414.152	  8
    1414.536	  8
    1415.420	  8
    1416.090	  8
    1416.614	  8
    1416.950	  8
    1417.334	  8
    1417.706	  8
    1418.282	  8
    1418.676	  8
    1418.878	  8
    1419.094	  8
    1419.360	  8
    1420.048	  8
    1420.222	  8
    1420.894	  8
    1421.244	  8
    1422.332	  8
    1422.890	  8
    1423.598	  8
    1424.278	  8
    1424.464	  8
    1425.372	  8
    1425.392	 53
    1425.922	  8
    1425.922	 20
    1425.922	 27
    1425.932	 28
    1425.932	 19
    1426.032	 29
    1426.228	  9
    1446.052	 52
    1446.062	 18
    1467.446	  7
    1467.604	  7
    1468.640	  7
    1470.386	  7
    1471.812	  7
    1474.168	  7
    1478.456	  7
    1479.460	  7
    1481.290	  7
    1483.992	  7
    1491.640	  7
    1506.334	  8
    1514.508	  8
    1515.020	  8
    1515.874	  8
    1516.354	  8
    1518.442	  8
    1519.378	  8
    1520.288	  8
    1522.506	  8
    1523.726	  8
    1524.236	  8
    1525.430	  8
    1526.392	  8
    1527.662	  8
    1528.100	  8
    1528.568	  8
    1528.972	  8
    1529.492	  8
    1530.368	  8
    1530.968	  8
    1531.624	  8
    1532.948	  8
    1533.478	  8
    1534.018	  8
    1534.430	  8
    1535.234	  8
    1535.722	  8
    1536.082	  8
    1536.658	  8
    1536.966	  8
    1537.864	  8
    1538.336	  8
    1538.678	  8
    1539.126	  8
    1539.542	  8
    1539.998	  8
    1541.286	  8
    1541.742	  8
    1542.224	  8
    1542.742	  8
    1544.034	  8
    1544.242	  8
    1544.484	  8
    1544.620	  8
    1545.390	  8
    1545.908	  8
    1546.264	  8
    1546.548	  8
    1546.914	  8
    1547.242	  8
    1547.628	  8
    1548.078	  8
    1548.376	  8
    1548.714	  8
    1549.128	  8
    1549.564	  8
    1551.534	  8
    1552.106	  8
    1552.846	  8
    1553.190	  8
    1556.766	  8
    1557.022	  8
    1557.400	  8
    1558.014	  8
    1558.340	  8
    1558.806	  8
    1559.426	  8
    1559.794	  8
    1560.262	  8
    1560.862	  8
    1561.138	  8
    1561.390	  8
    1561.870	  8
    1562.246	  8
    1562.584	  8
    1563.064	  8
    1563.570	  8
    1564.014	  8
    1564.400	  8
    1564.942	  8
    1566.062	 53
    1566.388	  8
    1566.388	 20
    1566.388	 27
    1566.398	 28
    1566.398	 19
    1566.498	 29
    1566.694	  9
    1586.518	 51
    1586.528	 17
    1621.366	  8
    1627.490	  8
    1632.944	  8
    1637.296	  8
    1637.594	  8
    1637.980	  8
    1641.794	  8
    1642.028	  8
    1642.352	  8
    1642.774	  8
    1643.142	  8
    1643.612	  8
    1644.124	  8
    1644.720	  8
    1645.096	  8
    1645.456	  8
    1645.886	  8
    1646.236	  8
    1646.528	 53
    1646.636	  8
    1646.636	 20
    1646.636	 27
    1646.646	 28
    1646.646	 19
    1646.746	 29
    1646.934	  9
    1666.766	 51
    1666.776	 17
    1698.116	  8
    1698.786	  8
    1699.144	  8
    1700.012	  8
    1700.392	  8
    1700.868	  8
    1701.480	  8
    1702.080	  8
    1702.588	  8
    1702.984	  8
    1703.408	  8
    1705.234	  8
    1705.688	  8
    1706.224	  8
    1706.908	  8
    1707.454	  8
    1707.894	  8
    1708.332	  8
    1708.660	  8
    1709.066	  8
    1709.302	  8
    1709.604	  8
    1709.798	  8
    1710.064	  8
    1710.530	  8
    1711.084	  8
    1711.844	  8
    1712.408	  8
    1712.474	  8
    1712.766	  8
    1713.280	  8
    1713.648	  8
    1713.976	  8
    1714.154	  8
    1714.404	  8
    1714.838	  8
    1715.150	  8
    1715.592	  8
    1715.828	  8
    1716.392	  8
    1717.314	  8
    1718.222	  8
    1718.406	  8
    1718.622	  8
    1718.902	  8
    1719.212	  8
    1719.512	  8
    1719.856	  8
    1720.282	  8
    1720.408	  8
    1721.060	  8
    1721.406	  8
    1721.860	  8
    1721.948	  8
    1722.608	  8
    1722.782	  8
    1723.600	  8
    1724.146	  8
    1724.596	  8
    1724.778	  8
    1725.102	  8
    1725.380	  8
    1725.666	  8
    1725.896	  8
    1726.250	  8
    1726.474	  8
    1726.692	  8
    1726.776	 53
    1727.104	  8
    1727.104	 20
    1727.104	 27
    1727.114	 28
    1727.114	 19
    1727.214	 29
    1727.410	  9
    1747.234	 50
    1747.244	 10
    1768.720	  8
    1771.524	  8
    1771.904	  8
    1771.968	  8
    1773.316	  8
    1774.262	  8
    1774.618	  8
    1775.102	  8
    1775.668	  8
    1777.244	 53
    1777.254	 20
    1777.254	 27
    1797.274	 51
    1797.284	 17
    1808.560	  7
    1809.666	  7
    1812.196	  7
    1812.626	  7
    1814.646	  7
    1817.324	  7
    1821.874	  7
    1828.950	  7
    1833.548	  8
    1834.012	  8
    1834.330	  8
    1836.224	  8
    1836.800	  8
    1837.224	  8
    1837.914	  8
    1838.410	  8
    1838.980	  8
    1839.820	  8
    1840.870	  8
    1842.628	  8
    1845.416	  8
    1845.860	  8
    1846.302	  8
    1846.950	  8
    1848.180	  8
    1848.932	  8
    1849.486	  8
    1850.032	  8
    1850.600	  8
    1851.388	  8
    1853.166	  8
    1853.968	  8
    1854.686	  8
    1855.688	  8
    1857.284	 53
    1857.412	  8
    1857.412	 20
    1857.412	 27
    1857.422	 28
    1857.422	 19
    1857.522	 29
    1857.718	  9
    1877.542	 52
    1877.552	 18
    1898.828	  8
    1899.484	  8
    1926.310	  7
    1927.226	  7
    1931.562	  7
    1935.708	  7
    1938.152	  7
    1943.328	  7
    1946.534	  7
    1949.850	  7
    1951.004	  7
    1952.068	  7
    1953.920	  7
    1955.018	  7
    1956.974	  7
    1957.882	  7
    1959.086	  7
    1959.546	  7
    1962.408	  7
    1963.574	  7
    1969.050	  8
    1969.812	  8
    1970.416	  8
    1970.938	  8
    1971.490	  8
    1972.020	  8
    1972.532	  8
    1973.116	  8
    1973.744	  8
    1973.972	  8
    1974.560	  8
    1975.184	  8
    1976.010	  8
    1976.640	  8
    1977.490	  8
    1978.222	  8
    1978.828	  8
    1979.518	  8
    1980.096	  8
    1980.588	  8
    1981.372	  8
    1982.412	  8
    1982.814	  8
    1983.300	  8
    1983.808	  8
    1985.212	  8
    1986.002	  8
    1986.328	  8
    1986.754	  8
    1987.176	  8
    1987.498	  8
    1988.162	  8
    1988.590	  8
    1989.052	  8
    1989.508	  8
    1989.952	  8
    1990.092	  8
    1990.544	  8
    1990.976	  8
    1991.332	  8
    1991.616	  8
    1991.770	  8
    1992.256	  8
    1992.796	  8
    1995.252	  8
    1996.008	  8
    1996.442	  8
    1997.272	  8
    1997.552	 53
    1997.724	  8
    1997.724	 20
    1997.724	 27
    1997.734	 28
    1997.734	 19
    1997.834	 29
    1998.030	  9
    2017.854	 50
    2017.864	 10
    2040.784	  8
    2041.128	  8
    2041.456	  8
    2041.818	  8
    2042.314	  8
    2042.794	  8
    2043.216	  8
    2044.104	  8
    2044.442	  8
    2045.076	  8
    2045.392	  8
    2045.856	  8
    2046.554	  8
    2046.974	  8
    2047.576	  8
    2047.864	 53
    2047.874	 20
    2047.874	 27
    2047.888	  8
    2067.894	 52
    2067.904	 18
    2078.044	  8
    2078.478	  8
    2078.686	  8
    2081.038	  8
    2085.546	  8
    2085.620	  8
    2089.014	  8
    2089.706	  8
    2091.672	  8
    2092.308	  8
    2093.156	  8
    2095.630	  8
    2095.740	  8
    2097.920	  8
    2099.892	  8
    2102.130	  8
    2102.460	  8
    2103.134	  8
    2104.206	  8
    2104.630	  8
    2105.074	  8
    2105.826	  8
    2107.176	  8
    2107.744	  8
    2108.894	  8
    2109.808	  8
    2110.400	  8
    2110.970	  8
    2111.580	  8
    2112.122	  8
    2112.956	  8
    2113.692	  8
    2114.394	  8
    2114.918	  8
    2115.368	  8
    2115.910	  8
    2116.554	  8
    2117.184	  8
    2117.718	  8
    2118.252	  8
    2118.694	  8
    2119.464	  8
    2119.854	  8
    2120.338	  8
    2121.264	  8
    2121.850	  8
    2122.214	  8
    2122.376	  8
    2122.710	  8
    2123.008	  8
    2123.264	  8
    2124.906	  8
    2125.316	  8
    2126.438	  8
    2126.770	  8
    2127.378	  8
    2127.758	  8
    2128.148	  8
    2128.904	  8
    2129.250	  8
    2129.418	  8
    2129.654	  8
    2130.022	  8
    2130.498	  8
    2132.090	  8
    2132.538	  8
    2133.020	  8
    2133.370	  8
    2133.742	  8
    2134.240	  8
    2134.534	  8
    2135.098	  8
    2135.616	  8
    2136.132	  8
    2136.546	  8
    2136.838	  8
    2138.096	  8
    2138.342	  8
    2138.674	  8
    2139.096	  8
    2139.682	  8
    2140.162	  8
    2140.560	  8
    2140.612	  8
    2140.974	  8
    2141.292	  8
    2141.690	  8
    2142.370	  8
    2142.982	  8
    2143.066	  8
    2143.872	  8
    2144.722	  8
    2145.158	  8
    2145.468	  8
    2145.946	  8
    2146.202	  8
    2146.504	  8
    2147.070	  8
    2147.488	  8
    2147.922	  8
    2148.100	  8
    2148.294	  8
    2148.868	  8
    2149.572	  8
    2150.004	  8
    2150.430	  8
    2151.364	  8
    2151.736	  8
    2152.060	  8
    2152.526	  8
    2153.394	  8
    2153.636	  8
    2154.436	  8
    2154.506	  8
    2154.718	  8
    2154.952	  8
    2155.416	  8
    2156.290	  8
    2156.632	  8
    2157.006	  8
    2157.332	  8
    2157.498	  8
    2158.082	  8
    2159.686	  8
    2160.124	  8
    2161.000	  8
    2161.320	  8
    2161.594	  8
    2162.012	  8
    2162.550	  8
    2163.424	  8
    2163.736	  8
    2164.134	  8
    2164.518	  8
    2165.092	  8
    2165.502	  8
    2166.108	  8
    2166.528	  8
    2166.876	  8
    2168.364	  8
    2169.046	  8
    2169.468	  8
    2170.008	  8
    2172.036	  8
    2172.446	  8
    2172.950	  8
    2173.400	  8
    2174.308	  8
    2174.664	  8
    2175.108	  8
    2176.060	  8
    2176.550	  8
    2176.896	  8
    2177.260	  8
    2179.848	  8
    2180.218	  8
    2180.598	  8
    2181.112	  8
    2181.572	  8
    2183.128	  8
    2183.870	  8
    2184.538	  8
    2185.188	  8
    2185.660	  8
    2186.446	  8
    2186.812	  8
    2187.690	  8
    2187.904	 53
    2189.220	  8
    2189.220	 20
    2189.220	 27
    2189.230	 28
    2189.230	 19
    2189.330	 29
    2189.526	  9
    2209.350	 52
    2209.360	 18
    2245.680	  7
    2251.992	  8
    2254.506	  3
    2256.592	  4
    2256.986	  3
    2257.076	  4
    2257.220	  3
    2258.820	  4
    2259.260	  8
    2260.036	  8
    2267.644	  8
    2267.906	  8
    2269.272	  8
    2270.450	  8
    2272.074	  8
    2274.130	  8
    2275.214	  8
    2276.010	  8
    2277.138	  8
    2277.864	  8
    2277.966	  8
    2279.030	  8
    2280.112	  8
    2280.698	  8
    2280.820	  8
    2281.810	  8
    2282.122	  8
    2282.844	  8
    2284.914	  8
    2285.424	  8
    2286.094	  8
    2286.888	  8
    2287.616	  8
    2287.992	  8
    2288.598	  8
    2288.928	  8
    2289.144	  8
    2289.916	  8
    2290.504	  8
    2291.426	  8
    2292.204	  8
    2292.520	  8
    2292.952	  8
    2293.410	  8
    2293.668	  8
    2293.864	  8
    2294.328	  8
    2294.862	  8
    2295.408	  8
    2295.880	  8
    2296.346	  8
    2296.796	  8
    2297.672	  8
    2298.458	  8
    2298.862	  8
    2299.136	  8
    2299.884	  8
    2300.740	  8
    2301.182	  8
    2301.844	  8
    2302.256	  8
    2302.740	  8
    2303.324	  8
    2303.772	  8
    2304.576	  8
    2305.048	  8
    2305.344	  8
    2307.110	  8
    2307.380	  8
    2308.058	  8
    2308.180	  8
    2308.908	  8
    2309.432	  8
    2310.304	  8
    2311.296	  8
    2311.826	  8
    2312.844	  8
    2313.446	  8
    2314.214	  8
    2314.648	  8
    2315.500	  8
    2316.740	  8
    2317.464	  8
    2317.994	  8
    2318.474	  8
    2319.154	  8
    2319.592	  8
    2320.020	  8
    2320.434	  8
    2321.536	  8
    2322.002	  8
    2322.452	  8
    2322.906	  8
    2323.738	  8
    2324.376	  8
    2324.644	  8
    2325.046	  8
    2325.740	  8
    2326.100	  8
    2326.698	  8
    2326.898	  8
    2327.820	  8
    2328.544	  8
    2329.052	  8
    2329.360	 53
    2329.502	  8
    2329.502	 20
    2329.502	 27
    2329.512	 28
    2329.512	 19
    2329.612	 29
    2329.808	  9
    2349.632	 51
    2349.642	 17
    2355.978	  7
    2356.710	  7
    2359.400	  7
    2364.850	  7
    2368.580	  7
    2370.624	  7
    2371.990	  7
    2373.096	  7
    2374.990	  7
    2376.558	  7
    2378.002	  7
    2379.950	  7
    2383.470	  7
    2384.624	  7
    2386.366	  7
    2386.402	  7
    2386.572	  7
    2387.594	  7
    2388.608	  7
    2389.406	  7
    2392.028	  7
    2393.224	  8
    2393.554	  8
    2393.690	  8
    2394.544	  8
    2395.224	  8
    2395.532	  8
    2396.208	  8
    2396.548	  8
    2396.986	  8
    2397.506	  8
    2398.308	  8
    2398.750	  8
    2399.450	  8
    2399.870	  8
    2400.170	  8
    2400.594	  8
    2400.978	  8
    2401.408	  8
    2401.744	  8
    2402.192	  8
    2402.578	  8
    2403.164	  8
    2403.662	  8
    2404.474	  8
    2405.002	  8
    2405.376	  8
    2405.924	  8
    2406.226	  8
    2406.730	  8
    2406.928	  8
    2407.312	  8
    2407.660	  8
    2408.020	  8
    2408.118	  8
    2408.678	  8
    2408.800	  8
    2409.252	  8
    2409.530	  8
    2409.642	 53
    2409.870	  8
    2409.870	 20
    2409.870	 27
    2409.880	 28
    2409.880	 19
    2409.980	 29
    2410.176	  9
    2430.000	 51
    2430.010	 17
    2434.776	  7
    2438.092	  7
    2440.018	  7
    2444.914	  7
    2446.494	  7
    2449.218	  7
    2451.974	  7
    2452.280	  7
    2460.368	  7
    2460.840	  7
    2463.532	  7
    2466.056	  7
    2470.700	  7
    2471.310	  7
    2471.670	  7
    2475.874	  7
    2477.542	  7
    2482.010	  7
    2482.896	  7
    2485.872	  7
    2486.584	  7
    2490.010	 53
    2490.432	  7
    2502.150	  8
    2502.150	 20
    2502.150	 27
    2502.160	 28
    2502.160	 19
    2502.260	 29
    2502.456	  9
    2522.280	 52
    2522.290	 18
    2539.282	  7
    2540.066	  7
    2541.196	  7
    2544.288	  7
    2545.446	  7
    2546.956	  7
    2549.044	  8
    2550.568	  8
    2570.424	  8
    2595.004	  8
    2595.698	  8
    2597.544	  8
    2598.346	  8
    2599.954	  8
    2600.258	  8
    2601.216	  8
    2601.704	  8
    2603.864	  8
    2604.622	  8
    2606.142	  8
    2607.196	  8
    2608.628	  8
    2609.252	  8
    2609.902	  8
    2610.246	  8
    2610.700	  8
    2611.628	  8
    2612.760	  8
    2613.398	  8
    2613.908	  8
    2614.390	  8
    2614.774	  8
    2615.168	  8
    2615.732	  8
    2616.364	  8
    2617.008	  8
    2617.518	  8
    2618.134	  8
    2620.354	  8
    2620.904	  8
    2621.404	  8
    2622.810	  8
    2623.458	  8
    2624.762	  8
    2625.476	  8
    2625.878	  8
    2626.496	  8
    2626.916	  8
    2627.400	  8
    2627.948	  8
    2628.440	  8
    2628.870	  8
    2629.272	  8
    2629.648	  8
    2630.040	  8
    2630.462	  8
    2630.908	  8
    2631.284	  8
    2632.968	  8
    2633.394	  8
    2633.950	  8
    2634.730	  8
    2635.134	  8
    2635.994	  8
    2636.492	  8
    2637.022	  8
    2637.482	  8
    2637.940	  8
    2638.272	  8
    2638.874	  8
    2639.942	  8
    2640.974	  8
    2642.290	 53
    2642.532	  8
    2642.532	 20
    2642.532	 27
    2642.542	 28
    2642.542	 19
    2642.642	 29
    2643.082	  9
    2662.662	 51
    2662.672	 17
    2673.508	  7
    2673.790	  7
    2675.486	  7
    2675.618	  7
    2677.010	  7
    2680.084	  7
    2680.454	  7
    2682.992	  7
    2683.614	  7
    2684.862	  7
    2687.384	  7
    2688.406	  7
    2688.762	  7
    2692.694	  7
    2693.624	  7
    2695.754	  7
    2697.886	  8
    2697.924	  8
    2700.902	  8
    2701.222	  8
    2704.798	  8
    2704.856	  8
    2706.984	  8
    2707.662	  8
    2709.366	  8
    2709.706	  8
    2709.822	  8
    2710.226	  8
    2710.892	  8
    2711.488	  8
    2711.998	  8
    2712.508	  8
    2713.008	  8
    2713.388	  8
    2714.494	  8
    2715.692	  8
    2717.126	  8
    2717.738	  8
    2718.420	  8
    2719.046	  8
    2721.086	  8
    2721.704	  8
    2722.536	  8
    2722.672	 53
    2723.288	  8
    2723.288	 20
    2723.288	 27
    2723.298	 28
    2723.298	 19
    2723.398	 29
    2723.594	  9
    2743.418	 50
    2743.428	 10
    2752.632	  8
    2753.480	  8
    2754.374	  8
    2754.844	  8
    2755.420	  8
    2756.222	  8
    2757.580	  8
    2758.014	  8
    2758.466	  8
    2758.970	  8
    2759.434	  8
    2759.860	  8
    2760.170	  8
    2760.520	  8
    2760.840	  8
    2761.180	  8
    2761.552	  8
    2761.856	  8
    2762.168	  8
    2762.512	  8
    2762.908	  8
    2763.316	  8
    2763.644	  8
    2763.946	  8
    2764.506	  8
    2764.846	  8
    2765.182	  8
    2765.428	  8
    2765.908	  8
    2766.180	  8
    2766.916	  8
    2767.452	  8
    2767.486	  8
    2768.124	  8
    2768.370	  8
    2768.800	  8
    2769.082	  8
    2769.358	  8
    2769.644	  8
    2769.948	  8
    2770.318	  8
    2770.662	  8
    2771.122	  8
    2771.684	  8
    2772.096	  8
    2772.552	  8
    2773.128	  8
    2773.428	 53
    2773.438	 20
    2773.438	 27
    2773.582	  8
    2774.686	  8
    2774.744	  8
    2777.366	  8
    2793.458	 52
    2793.468	 18
    2800.012	  8
    2813.770	  5
    2817.618	  7
    2818.788	  7
    2819.816	  7
    2820.030	  7
    2821.948	  7
    2822.702	  7
    2826.938	  7
    2830.806	  7
    2833.520	  8
    2833.866	  8
    2875.574	  8
    2876.198	  8
    2876.678	  8
    2877.080	  8
    2877.518	  8
    2878.148	  8
    2878.872	  8
    2879.738	  8
    2880.604	  8
    2881.078	  8
    2882.498	  8
    2883.024	  8
    2883.616	  8
    2883.986	  8
    2884.500	  8
    2885.386	  8
    2885.820	  8
    2886.878	  8
    2887.508	  8
    2888.002	  8
    2888.880	  8
    2891.748	  8
    2892.206	  8
    2892.812	  8
    2893.584	  8
    2894.128	  8
    2894.596	  8
    2895.044	  8
    2895.502	  8
    2896.036	  8
    2896.570	  8
    2897.092	  8
    2897.660	  8
    2898.098	  8
    2898.600	  8
    2899.090	  8
    2899.996	  8
    2900.164	  8
    2900.566	  8
    2901.964	  8
    2902.318	  8
    2902.728	  8
    2903.272	  8
    2904.036	  8
    2904.712	  8
    2905.316	  8
    2905.804	  8
    2906.320	  8
    2907.000	  8
    2908.110	  8
    2908.848	  8
    2909.242	  8
    2909.776	  8
    2910.336	  8
    2910.808	  8
    2911.240	  8
    2911.744	  8
    2912.584	  8
    2913.264	  8
    2913.468	 53
    2914.084	  8
    2914.084	 20
    2914.084	 27
    2914.094	 28
    2914.094	 19
    2914.194	 29
    2914.390	  9
    2934.214	 50
    2934.224	 10
    2946.714	  8
    2949.408	  8
    2950.876	  8
    2951.932	  8
    2953.416	  8
    2953.480	  8
    2953.938	  8
    2954.030	  8
    2954.290	  8
    2955.068	  8
    2956.114	  8
    2956.792	  8
    2957.484	  8
    2958.010	  8
    2958.696	  8
    2959.098	  8
    2959.446	  8
    2959.746	  8
    2959.916	  8
    2960.268	  8
    2960.632	  8
    2960.942	  8
    2961.566	  8
    2962.124	  8
    2962.404	  8
    2962.720	  8
    2963.026	  8
    2963.384	  8
    2963.718	  8
    2964.156	  8
    2964.224	 53
    2964.234	 20
    2964.234	 27
    2984.254	 51
    2984.264	 17
    2997.990	  7
    2999.626	  7
    3004.756	  7
    3006.604	  7
    3006.672	  7
    3006.718	  7
    3006.852	  7
    3008.832	  7
    3013.720	  7
    3017.358	  7
    3020.062	  7
    3021.194	  7
    3025.798	  7
    3035.294	  7
    3037.444	  8
    3037.882	  8
    3038.464	  8
    3039.068	  8
    3039.704	  8
    3040.120	  8
    3040.668	  8
    3041.290	  8
    3042.118	  8
    3042.590	  8
    3043.478	  8
    3044.264	 53
    3044.400	  8
    3044.400	 20
    3044.400	 27
    3044.410	 28
    3044.410	 19
    3044.510	 29
    3044.638	  8
    3044.706	  9
    3064.530	 51
    3064.540	 17
    3080.222	  8
    3090.124	  7
    3091.332	  7
    3095.482	  7
    3099.094	  7
    3105.276	  7
    3109.420	  7
    3115.342	  8
    3115.754	  8
    3116.096	  8
    3116.648	  8
    3117.154	  8
    3117.872	  8
    3118.328	  8
    3118.734	  8
    3119.330	  8
    3119.928	  8
    3120.412	  8
    3120.886	  8
    3121.404	  8
    3121.822	  8
    3122.566	  8
    3123.406	  8
    3124.048	  8
    3124.540	 53
    3125.196	  8
    3125.196	 20
    3125.196	 27
    3125.206	 28
    3125.206	 19
    3125.306	 29
    3125.502	  9
    3128.342	  8
    3128.966	  8
    3129.552	  8
    3145.326	 52
    3145.336	 18
    3166.180	  3
    3166.296	  4
    3166.732	  8
    3166.948	  8
    3167.908	  7
    3169.578	  7
    3170.138	  7
    3170.578	  7
    3172.274	  7
    3175.272	  7
    3175.692	  7
    3175.838	  7
    3175.944	  7
    3178.268	  7
    3178.516	  7
    3179.444	  7
    3188.498	  7
    3201.146	  7
    3201.294	  7
    3207.502	  7
    3207.968	  7
    3211.904	  7
    3212.482	  7
    3212.602	  7
    3216.588	  7
    3218.424	  7
    3218.960	  7
    3219.032	  7
    3219.692	  7
    3219.874	  7
    3220.286	  7
    3225.682	  8
    3226.154	  8
    3226.618	  8
    3227.090	  8
    3227.464	  8
    3227.898	  8
    3227.970	  8
    3228.590	  8
    3229.224	  8
    3229.676	  8
    3230.262	  8
    3230.420	  8
    3230.846	  8
    3231.340	  8
    3231.816	  8
    3232.216	  8
    3232.710	  8
    3233.190	  8
    3233.246	  8
    3233.798	  8
    3234.448	  8
    3235.048	  8
    3235.490	  8
    3235.746	  8
    3236.152	  8
    3236.550	  8
    3237.600	  8
    3237.746	  8
    3238.164	  8
    3238.554	  8
    3238.924	  8
    3239.650	  8
    3240.044	  8
    3240.524	  8
    3240.600	  8
    3241.054	  8
    3241.516	  8
    3242.118	  8
    3242.620	  8
    3242.940	  8
    3243.380	  8
    3244.210	  8
    3244.650	  8
    3245.178	  8
    3245.702	  8
    3246.140	  8
    3246.678	  8
    3246.784	  8
    3247.294	  8
    3247.874	  8
    3248.432	  8
    3248.960	  8
    3249.316	  8
    3250.262	  8
    3250.646	  8
    3250.980	  8
    3251.306	  8
    3251.718	  8
    3252.920	  8
    3253.316	  8
    3254.118	  8
    3254.566	  8
    3254.648	  8
    3256.032	  8
    3257.022	  8
    3257.422	  8
    3258.056	  8
    3258.726	  8
    3259.560	  8
    3263.656	  8
    3264.170	  8
    3264.650	  8
    3265.336	 53
    3265.618	  8
    3265.618	 20
    3265.618	 27
    3265.628	 28
    3265.628	 19
    3265.728	 29
    3265.924	  9
    3268.224	  8
    3285.748	 52
    3285.758	 18
    3300.236	  8
    3301.274	  8
    3303.610	  8
    3338.374	  8
    3339.826	  8
    3340.244	  8
    3348.404	  8
    3348.828	  8
    3349.176	  8
    3349.728	  8
    3350.284	  8
    3350.730	  8
    3351.188	  8
    3351.866	  8
    3353.040	  8
    3353.612	  8
    3354.346	  8
    3354.816	  8
    3355.664	  8
    3356.406	  8
    3356.966	  8
    3357.834	  8
    3358.900	  8
    3359.384	  8
    3360.210	  8
    3360.818	  8
    3361.726	  8
    3362.318	  8
    3363.292	  8
    3363.714	  8
    3364.222	  8
    3364.704	  8
    3365.114	  8
    3365.976	  8
    3367.836	  8
    3368.966	  8
    3369.398	  8
    3369.886	  8
    3371.048	  8
    3372.382	  8
    3372.726	  8
    3373.262	  8
    3373.946	  8
    3374.586	  8
    3376.186	  8
    3376.758	  8
    3377.342	  8
    3377.812	  8
    3378.098	  8
    3379.056	  8
    3379.958	  8
    3380.620	  8
    3381.000	  8
    3381.590	  8
    3382.248	  8
    3382.838	  8
    3383.340	  8
    3384.086	  8
    3384.522	  8
    3385.164	  8
    3385.500	  8
    3385.946	  8
    3386.534	  8
    3386.932	  8
    3387.512	  8
    3387.912	  8
    3388.348	  8
    3388.934	  8
    3389.322	  8
    3390.052	  8
    3390.356	  8
    3390.822	  8
    3391.374	  8
    3391.564	  8
    3392.226	  8
    3394.058	  8
    3395.028	  8
    3396.416	  8
    3396.982	  8
    3397.332	  8
    3398.034	  8
    3398.548	  8
    3399.144	  8
    3399.556	  8
    3400.072	  8
    3400.808	  8
    3401.220	  8
    3401.768	  8
    3402.290	  8
    3402.768	  8
    3403.172	  8
    3403.702	  8
    3404.082	  8
    3404.608	  8
    3405.098	  8
    3405.514	  8
    3405.758	 53
    3406.006	  8
    3406.006	 20
    3406.006	 27
    3406.016	 28
    3406.016	 19
    3406.116	 29
    3406.556	  9
    3426.136	 52
    3426.146	 18
    3459.704	  7
    3459.820	  7
    3496.060	  8
    3499.972	  8
    3500.330	  8
    3509.038	  8
    3509.494	  8
    3509.730	  8
    3510.676	  8
    3511.388	  8
    3511.948	  8
    3513.850	  8
    3516.642	  8
    3517.638	  8
    3521.134	  8
    3521.624	  8
    3525.504	  8
    3526.040	  8
    3529.402	  8
    3529.818	  8
    3530.536	  8
    3531.262	  8
    3531.706	  8
    3532.794	  8
    3533.840	  8
    3534.554	  8
    3535.218	  8
    3537.972	  8
    3538.868	  8
    3539.578	  8
    3540.100	  8
    3541.024	  8
    3542.310	  8
    3542.874	  8
    3544.794	  8
    3545.226	  8
    3545.638	  8
    3546.066	  8
    3546.146	 53
    3546.884	  8
    3546.884	 20
    3546.884	 27
    3546.894	 28
    3546.894	 19
    3546.994	 29
    3547.190	  9
    3567.014	 51
    3567.024	 17
    3580.692	  7
    3581.294	  7
    3582.362	  7
    3583.150	  7
    3583.268	  7
    3583.668	  7
    3584.130	  7
    3586.934	  7
    3588.976	  7
    3593.384	  7
    3598.726	  7
    3599.020	  7
    3603.466	  7
    3607.762	  7
    3614.824	  7
    3616.442	  7
    3616.600	  7
    3620.996	  7
    3621.312	  7
    3624.288	  7
    3625.204	  7
    3626.734	  7
    3626.780	  7
    3627.024	 53
    3628.530	  7
    3633.032	  7
    3637.622	  7
    3639.228	  7
    3642.432	  7
    3642.524	  7
    3644.950	  8
    3644.950	 20
    3644.950	 27
    3644.960	 28
    3644.960	 19
    3645.060	 29
    3645.256	  9
    3665.080	 51
    3665.090	 17
    3681.050	  8
    3681.414	  8
    3708.398	  8
    3708.824	  8
    3709.368	  8
    3709.822	  8
    3710.326	  8
    3712.188	  8
    3713.380	  8
    3714.742	  8
    3715.324	  8
    3717.194	  8
    3717.850	  8
    3718.234	  8
    3718.620	  8
    3719.068	  8
    3719.844	  8
    3720.228	  8
    3720.994	  8
    3721.924	  8
    3722.714	  8
    3723.134	  8
    3723.704	  8
    3724.186	  8
    3724.694	  8
    3725.090	 53
    3725.728	  8
    3725.728	 20
    3725.728	 27
    3725.738	 28
    3725.738	 19
    3725.838	 29
    3726.278	  9
    3735.234	  8
    3739.720	  8
    3739.956	  8
    3740.264	  8
    3745.858	 50
    3745.868	 10
    3773.382	  8
    3773.584	  8
    3775.840	  8
    3775.868	 53
    3775.878	 20
    3775.878	 27
    3795.898	 52
    3795.908	 18
    3797.424	  8
    3800.526	  8
    3814.642	  7
    3814.768	  7
    3815.088	  7
    3815.478	  7
    3815.826	  7
    3910.392	  8
    3910.822	  8
    3911.292	  8
    3912.118	  8
    3915.908	 53
    3916.646	  8
    3916.646	 20
    3916.646	 27
    3916.656	 28
    3916.656	 19
    3916.756	 29
    3916.952	  9
    3936.776	 50
    3936.786	 10
    3947.326	  8
    3948.444	  8
    3949.030	  8
    3949.440	  8
    3949.758	  8
    3950.366	  8
    3950.858	  8
    3951.354	  8
    3951.844	  8
    3952.254	  8
    3952.804	  8
    3953.302	  8
    3954.774	  8
    3955.242	  8
    3955.576	  8
    3956.126	  8
    3956.590	  8
    3956.934	  8
    3957.294	  8
    3957.628	  8
    3958.010	  8
    3958.610	  8
    3959.582	  8
    3959.914	  8
    3960.432	  8
    3960.712	  8
    3960.982	  8
    3961.302	  8
    3961.632	  8
    3961.950	  8
    3962.236	  8
    3962.808	  8
    3963.204	  8
    3963.576	  8
    3964.172	  8
    3964.544	  8
    3964.884	  8
    3965.154	  8
    3965.518	  8
    3966.142	  8
    3966.484	  8
    3966.654	  8
    3966.786	 53
    3966.796	 20
    3966.796	 27
    3966.814	  8
    3973.662	  8
    3974.082	  8
    3974.904	  8
    3976.152	  8
    3976.232	  8
    3976.852	  8
    3977.334	  8
    3978.472	  8
    3986.816	 52
    3986.826	 18
    4004.000	  8
    4006.500	  8
    4008.482	  8
    4010.642	  8
    4019.988	  8
    4020.688	  8
    4021.046	  8
    4021.190	  8
    4021.578	  8
    4022.698	  8
    4024.012	  8
    4024.784	  8
    4025.264	  8
    4027.476	  8
    4028.010	  8
    4028.754	  8
    4029.458	  8
    4029.878	  8
    4031.452	  8
    4032.888	  8
    4033.428	  8
    4034.238	  8
    4036.488	  8
    4037.058	  8
    4037.498	  8
    4037.956	  8
    4038.344	  8
    4038.868	  8
    4039.730	  8
    4039.972	  8
    4040.438	  8
    4040.982	  8
    4041.094	  8
    4042.688	  8
    4042.986	  8
    4043.472	  8
    4043.996	  8
    4044.472	  8
    4044.860	  8
    4045.332	  8
    4045.714	  8
    4046.078	  8
    4046.524	  8
    4047.190	  8
    4047.550	  8
    4047.872	  8
    4048.258	  8
    4048.444	  8
    4048.642	  8
    4049.572	  8
    4050.186	  8
    4050.836	  8
    4051.998	  8
    4052.440	  8
    4052.870	  8
    4053.858	  8
    4054.444	  8
    4054.882	  8
    4056.192	  8
    4056.994	  8
    4058.004	  8
    4058.102	  8
    4058.354	  8
    4058.592	  8
    4058.976	  8
    4059.176	  8
    4060.058	  8
    4060.642	  8
    4061.128	  8
    4062.042	  8
    4062.366	  8
    4063.224	  8
    4063.744	  8
    4064.346	  8
    4064.704	  8
    4065.124	  8
    4066.100	  8
    4068.692	  8
    4069.266	  8
    4069.710	  8
    4070.248	  8
    4070.744	  8
    4071.068	  8
    4072.312	  8
    4073.378	  8
    4074.730	  8
    4075.276	  8
    4075.810	  8
    4076.236	  8
    4076.800	  8
    4077.256	  8
    4077.994	  8
    4078.794	  8
    4079.208	  8
    4079.702	  8
    4081.286	  8
    4081.774	  8
    4081.982	  8
    4082.434	  8
    4083.932	  8
    4084.314	  8
    4084.834	  8
    4085.292	  8
    4086.138	  8
    4086.742	  8
    4087.204	  8
    4087.990	  8
    4088.580	  8
    4092.176	  8
    4092.984	  8
    4093.574	  8
    4099.082	  8
    4099.994	  8
    4100.466	  8
    4100.904	  8
    4102.968	  8
    4103.548	  8
    4104.618	  8
    4105.886	  8
    4106.258	  8
    4106.362	  8
    4106.826	 53
    4107.000	  8
    4107.000	 20
    4107.000	 27
    4107.010	 28
    4107.010	 19
    4107.110	 29
    4107.132	  8
    4107.298	  9
    4108.704	  8
    4127.130	 52
    4127.140	 18
    4164.868	  8
    4165.250	  8
    4169.240	  8
    4169.722	  8
    4170.134	  8
    4182.250	  7
    4182.384	  7
    4182.574	  7
    4187.192	  8
    4187.554	  8
    4210.892	  8
    4211.434	  8
    4238.912	  8
    4239.680	  8
    4240.302	  8
    4240.688	  8
    4241.584	  8
    4246.928	  8
    4247.140	 53
    4247.790	  8
    4247.790	 20
    4247.790	 27
    4247.800	 28
    4247.800	 19
    4247.900	 29
    4248.096	  9
    4267.920	 52
    4267.930	 18
    4288.940	  8
    4307.638	  8
    4307.836	  8
    4322.482	  8
    4323.366	  8
    4323.886	  8
    4324.578	  8
    4325.144	  8
    4325.634	  8
    4326.710	  8
    4327.246	  8
    4327.852	  8
    4328.912	  8
    4329.746	  8
    4330.004	  8
    4330.642	  8
    4331.160	  8
    4333.110	  8
    4335.134	  8
    4335.736	  8
    4336.338	  8
    4336.906	  8
    4338.358	  8
    4340.972	  8
    4341.700	  8
    4342.160	  8
    4342.872	  8
    4343.870	  8
    4346.032	  8
    4346.446	  8
    4347.050	  8
    4347.444	  8
    4347.926	  8
    4350.090	  8
    4353.570	  8
    4354.156	  8
    4354.616	  8
    4354.978	  8
    4355.466	  8
    4358.318	  8
    4358.926	  8
    4359.206	  8
    4359.592	  8
    4360.194	  8
    4360.878	  8
    4361.222	  8
    4362.516	  8
    4363.570	  8
    4364.048	  8
    4364.840	  8
    4365.622	  8
    4366.402	  8
    4367.480	  8
    4368.120	  8
    4368.504	  8
    4368.968	  8
    4369.852	  8
    4370.422	  8
    4371.806	  8
    4372.546	  8
    4373.106	  8
    4373.750	  8
    4374.228	  8
    4374.604	  8
    4375.112	  8
    4375.900	  8
    4376.280	  8
    4376.664	  8
    4377.582	  8
    4378.106	  8
    4378.772	  8
    4379.138	  8
    4379.642	  8
    4380.134	  8
    4380.358	  8
    4381.382	  8
    4383.124	  8
    4384.244	  8
    4384.776	  8
    4385.190	  8
    4386.538	  8
    4387.252	  8
    4387.602	  8
    4387.930	 53
    4388.026	  8
    4388.026	 20
    4388.026	 27
    4388.036	 28
    4388.036	 19
    4388.136	 29
    4388.332	  9
    4408.156	 52
    4408.166	 18
    4492.178	  8
    4492.746	  8
    4493.232	  8
    4495.082	  8
    4495.678	  8
    4496.114	  8
    4496.896	  8
    4497.950	  8
    4499.346	  8
    4499.866	  8
    4500.444	  8
    4501.052	  8
    4501.624	  8
    4502.144	  8
    4502.596	  8
    4503.076	  8
    4503.556	  8
    4504.414	  8
    4504.754	  8
    4505.504	  8
    4505.892	  8
    4506.262	  8
    4506.486	  8
    4507.068	  8
    4507.646	  8
    4508.258	  8
    4509.150	  8
    4509.988	  8
    4510.400	  8
    4511.022	  8
    4511.474	  8
    4511.826	  8
    4512.292	  8
    4512.644	  8
    4512.990	  8
    4513.496	  8
    4513.894	  8
    4514.348	  8
    4514.814	  8
    4515.322	  8
    4515.736	  8
    4516.790	  8
    4517.474	  8
    4518.198	  8
    4518.598	  8
    4519.280	  8
    4519.704	  8
    4520.362	  8
    4520.910	  8
    4521.594	  8
    4522.150	  8
    4522.494	  8
    4522.874	  8
    4523.294	  8
    4523.730	  8
    4524.206	  8
    4524.690	  8
    4525.304	  8
    4525.820	  8
    4526.288	  8
    4526.500	  8
    4526.594	  8
    4526.928	  8
    4527.336	  8
    4527.918	  8
    4528.166	 53
    4528.780	  8
    4528.780	 20
    4528.780	 27
    4528.790	 28
    4528.790	 19
    4528.890	 29
    4529.086	  9
    4548.910	 52
    4548.920	 18
    4593.618	  8
    4594.800	  8
    4595.796	  8
    4596.204	  8
    4598.068	  8
    4598.884	  8
    4599.804	  8
    4602.426	  8
    4603.590	  8
    4604.096	  8
    4605.010	  8
    4605.516	  8
    4631.828	  8
    4633.288	  8
    4634.142	  8
    4634.720	  8
    4639.028	  8
    4640.644	  8
    4642.250	  8
    4645.682	  8
    4646.634	  8
    4647.424	  8
    4650.126	  8
    4653.414	  8
    4654.482	  8
    4655.604	  8
    4657.374	  8
    4658.026	  8
    4658.412	  8
    4658.940	  8
    4659.672	  8
    4660.202	  8
    4660.716	  8
    4661.052	  8
    4661.606	  8
    4662.170	  8
    4662.950	  8
    4663.500	  8
    4664.062	  8
    4664.656	  8
    4665.080	  8
    4665.622	  8
    4666.130	  8
    4666.372	  8
    4668.920	 53
    4669.054	  8
    4669.054	 20
    4669.054	 27
    4669.064	 28
    4669.064	 19
    4669.164	 29
    4669.360	  9
    4689.184	 52
    4689.194	 18
    4696.756	  8
    4736.912	  8
    4737.438	  8
    4737.784	  8
    4738.190	  8
    4739.042	  8
    4739.726	  8
    4740.776	  8
    4743.202	  8
    4749.670	  8
    4750.738	  8
    4751.234	  8
    4751.938	  8
    4752.520	  8
    4752.930	  8
    4755.406	  8
    4756.386	  8
    4757.462	  8
    4758.322	  8
    4758.994	  8
    4759.938	  8
    4760.512	  8
    4761.412	  8
    4761.592	  8
    4762.158	  8
    4762.748	  8
    4763.232	  8
    4763.528	  8
    4764.170	  8
    4766.288	  8
    4766.898	  8
    4769.564	  8
    4796.522	  8
    4797.304	  8
    4797.918	  8
    4798.408	  8
    4798.908	  8
    4799.614	  8
    4800.074	  8
    4800.528	  8
    4801.042	  8
    4801.846	  8
    4802.406	  8
    4803.054	  8
    4803.464	  8
    4804.260	  8
    4804.750	  8
    4805.168	  8
    4805.596	  8
    4806.038	  8
    4806.584	  8
    4806.946	  8
    4807.398	  8
    4807.954	  8
    4808.468	  8
    4808.798	  8
    4809.194	 53
    4809.430	  8
    4809.430	 20
    4809.430	 27
    4809.440	 28
    4809.440	 19
    4809.540	 29
    4809.736	  9
    4829.560	 51
    4829.570	 17
    4845.720	  7
    4846.074	  7
    4846.482	  7
    4846.776	  7
    4846.934	  7
    4847.162	  7
    4847.372	  7
    4849.254	  7
    4849.642	  7
    4850.218	  7
    4850.466	  7
    4851.020	  7
    4851.346	  7
    4851.494	  7
    4851.642	  7
    4851.880	  7
    4851.964	  7
    4855.032	  7
    4858.802	  7
    4861.750	  7
    4865.114	  7
    4866.762	  7
    4867.780	  7
    4871.538	  7
    4873.930	  7
    4876.394	  7
    4878.298	  7
    4879.878	  7
    4881.466	  7
    4882.990	  7
    4885.034	  7
    4888.690	  7
    4889.570	 53
    4892.464	  8
    4892.464	 20
    4892.464	 27
    4892.474	 28
    4892.474	 19
    4892.574	 29
    4892.766	  9
    4895.096	  8
    4895.628	  8
    4906.682	  8
    4912.594	 52
    4912.604	 18
    4921.858	  7
    4921.982	  7
    4922.110	  7
    4922.458	  7
    4923.296	  7
    4937.832	  8
    4941.296	  8
    4941.352	  8
    4941.916	  8
    4978.716	  8
    4979.274	  8
    4980.428	  8
    4980.532	  8
    4981.010	  8
    4982.430	  8
    4984.410	  8
    4987.616	  8
    4988.238	  8
    4988.982	  8
    4990.472	  8
    4991.520	  8
    4992.158	  8
    4992.510	  8
    4993.714	  8
    4994.022	  8
    4994.484	  8
    4996.318	  8
    4996.970	  8
    4999.556	  8
    5000.200	  8
    5000.488	  8
    5001.574	  8
    5002.690	  8
    5003.462	  8
    5004.204	  8
    5005.588	  8
    5006.114	  8
    5007.562	  8
    5008.206	  8
    5008.806	  8
    5009.558	  8
    5010.072	  8
    5010.580	  8
    5011.578	  8
    5012.014	  8
    5012.524	  8
    5013.032	  8
    5013.382	  8
    5014.160	  8
    5016.204	  8
    5017.042	  8
    5017.616	  8
    5018.086	  8
    5018.332	  8
    5018.810	  8
    5019.274	  8
    5019.766	  8
    5020.212	  8
    5021.828	  8
    5022.334	  8
    5022.944	  8
    5023.478	  8
    5023.914	  8
    5024.232	  8
    5024.594	  8
    5025.050	  8
    5025.698	  8
    5026.120	  8
    5026.520	  8
    5027.056	  8
    5027.756	  8
    5028.230	  8
    5028.696	  8
    5029.316	  8
    5030.038	  8
    5030.354	  8
    5030.758	  8
    5031.010	  8
    5031.364	  8
    5031.748	  8
    5032.092	  8
    5032.514	  8
    5032.604	 53
    5033.662	  8
    5033.662	 20
    5033.662	 27
    5033.672	 28
    5033.672	 19
    5033.772	 29
    5033.968	  9
    5053.792	 50
    5053.802	 10
    5066.730	  8
    5067.036	  8
    5067.512	  8
    5067.920	  8
    5068.610	  8
    5069.148	  8
    5069.636	  8
    5069.982	  8
    5070.744	  8
    5071.060	  8
    5071.684	  8
    5072.062	  8
    5072.704	  8
    5073.636	  8
    5074.150	  8
    5075.100	  8
    5075.492	  8
    5075.944	  8
    5076.282	  8
    5076.726	  8
    5077.598	  8
    5077.898	  8
    5078.380	  8
    5078.922	  8
    5079.244	  8
    5079.554	  8
    5079.940	  8
    5080.276	  8
    5080.760	  8
    5081.648	  8
    5082.200	  8
    5082.558	  8
    5082.900	  8
    5083.258	  8
    5083.538	  8
    5083.796	  8
    5083.802	 53
    5083.812	 20
    5083.812	 27
    5092.530	  8
    5103.832	 52
    5103.842	 18
    5133.538	  8
    5134.038	  8
    5134.496	  8
    5135.068	  8
    5135.562	  8
    5136.254	  8
    5136.580	  8
    5136.902	  8
    5136.988	  8
    5137.352	  8
    5137.676	  8
    5138.390	  8
    5138.750	  8
    5139.268	  8
    5140.902	  8
    5141.430	  8
    5141.790	  8
    5142.560	  8
    5143.102	  8
    5144.322	  8
    5144.412	  8
    5144.808	  8
    5145.524	  8
    5146.466	  8
    5147.284	  8
    5148.354	  8
    5149.274	  8
    5150.356	  8
    5151.702	  8
    5152.074	  8
    5152.786	  8
    5153.292	  8
    5153.812	  8
    5154.708	  8
    5155.164	  8
    5155.620	  8
    5156.164	  8
    5156.762	  8
    5157.184	  8
    5157.610	  8
    5158.450	  8
    5159.042	  8
    5160.348	  8
    5160.532	  8
    5164.562	  8
    5165.292	  8
    5166.030	  8
    5166.560	  8
    5167.374	  8
    5167.894	  8
    5168.602	  8
    5169.118	  8
    5169.776	  8
    5170.258	  8
    5170.780	  8
    5171.208	  8
    5171.834	  8
    5172.404	  8
    5172.928	  8
    5173.486	  8
    5173.734	  8
    5174.264	  8
    5175.020	  8
    5175.620	  8
    5176.652	  8
    5177.066	  8
    5177.716	  8
    5178.158	  8
    5178.610	  8
    5179.136	  8
    5179.620	  8
    5180.004	  8
    5180.458	  8
    5180.918	  8
    5181.338	  8
    5181.908	  8
    5182.406	  8
    5182.826	  8
    5183.138	  8
    5184.192	  8
    5184.732	  8
    5185.100	  8
    5185.538	  8
    5186.466	  8
    5187.294	  8
    5187.904	  8
    5188.498	  8
    5188.910	  8
    5189.330	  8
    5189.644	  8
    5190.218	  8
    5190.578	  8
    5190.992	  8
    5192.542	  8
    5192.812	  8
    5193.418	  8
    5194.696	  8
    5195.528	  8
    5195.986	  8
    5196.436	  8
    5196.898	  8
    5197.202	  8
    5197.618	  8
    5198.290	  8
    5198.956	  8
    5199.134	  8
    5200.574	  8
    5202.772	  8
    5203.836	  8
    5204.230	  8
    5205.532	  8
    5206.052	  8
    5208.328	  8
    5212.294	  7
    5212.884	  7
    5213.088	  7
    5214.350	  7
    5214.496	  7
    5214.668	  7
    5217.800	  8
    5218.202	  8
    5218.628	  8
    5219.106	  8
    5219.622	  8
    5220.174	  8
    5220.766	  8
    5221.506	  8
    5222.086	  8
    5222.758	  8
    5223.158	  8
    5223.560	  8
    5223.842	 53
    5224.020	  8
    5224.020	 20
    5224.020	 27
    5224.030	 28
    5224.030	 19
    5224.130	 29
    5224.326	  9
    5244.150	 51
    5244.160	 17
    5288.882	  8
    5289.410	  8
    5289.616	  8
    5291.134	  8
    5292.522	  8
    5292.924	  8
    5294.002	  8
    5295.202	  8
    5295.730	  8
    5296.248	  8
    5296.824	  8
    5297.914	  8
    5298.424	  8
    5299.290	  8
    5299.940	  8
    5301.950	  8
    5302.730	  8
    5303.184	  8
    5303.668	  8
    5304.160	 53
    5304.184	  8
    5304.184	 20
    5304.184	 27
    5304.194	 28
    5304.194	 19
    5304.294	 29
    5304.490	  9
    5324.314	 51
    5324.324	 17
    5335.918	  7
    5338.676	  7
    5339.010	  7
    5340.298	  7
    5342.542	  7
    5349.600	  7
    5352.656	  7
    5353.904	  7
    5356.262	  7
    5357.608	  7
    5358.472	  7
    5359.872	  7
    5361.320	  7
    5363.202	  7
    5364.892	  7
    5369.452	  7
    5376.360	  7
    5377.084	  7
    5381.028	  7
    5382.838	  8
    5382.980	  8
    5383.210	  8
    5383.690	  8
    5383.968	  8
    5384.324	 53
    5384.378	  8
    5384.378	 20
    5384.378	 27
    5384.388	 28
    5384.388	 19
    5384.488	 29
    5384.928	  9
    5404.508	 52
    5404.518	 18
    5484.230	  8
    5484.596	  8
    5485.156	  8
    5485.588	  8
    5485.846	  8
    5486.326	  8
    5486.850	  8
    5488.436	  8
    5488.632	  8
    5489.162	  8
    5491.264	  8
    5492.114	  8
    5495.104	  8
    5495.926	  8
    5496.458	  8
    5497.332	  8
    5498.044	  8
    5499.014	  8
    5499.292	  8
    5500.220	  8
    5500.672	  8
    5501.268	  8
    5501.948	  8
    5502.530	  8
    5503.026	  8
    5503.688	  8
    5504.244	  8
    5505.618	  8
    5506.390	  8
    5506.918	  8
    5507.804	  8
    5508.138	  8
    5508.550	  8
    5508.992	  8
    5510.594	  8
    5511.040	  8
    5511.556	  8
    5512.140	  8
    5512.580	  8
    5513.036	  8
    5513.542	  8
    5514.068	  8
    5514.484	  8
    5514.820	  8
    5515.202	  8
    5515.560	  8
    5516.086	  8
    5516.588	  8
    5517.328	  8
    5517.594	  8
    5517.998	  8
    5518.426	  8
    5518.714	  8
    5519.934	  8
    5520.384	  8
    5521.004	  8
    5521.340	  8
    5521.766	  8
    5522.238	  8
    5522.564	  8
    5522.904	  8
    5523.240	  8
    5523.634	  8
    5524.014	  8
    5524.518	 53
    5524.572	  8
    5524.572	 20
    5524.572	 27
    5524.582	 28
    5524.582	 19
    5524.682	 29
    5524.878	  9
    5544.702	 50
    5544.712	 10
    5565.220	  8
    5565.510	  8
    5565.916	  8
    5566.234	  8
    5566.646	  8
    5566.940	  8
    5567.206	  8
    5567.534	  8
    5567.978	  8
    5568.320	  8
    5568.836	  8
    5569.188	  8
    5569.544	  8
    5569.876	  8
    5570.234	  8
    5570.954	  8
    5571.484	  8
    5572.368	  8
    5572.842	  8
    5573.146	  8
    5573.468	  8
    5573.728	  8
    5574.098	  8
    5574.656	  8
    5574.712	 53
    5574.722	 20
    5574.722	 27
    5579.850	  8
    5580.668	  8
    5594.742	 51
    5594.752	 17
    5600.556	  7
    5602.320	  7
    5603.620	  7
    5604.300	  7
    5605.998	  7
    5608.602	  7
    5611.650	  7
    5620.232	  7
    5621.974	  7
    5625.790	  8
    5626.010	  8
    5626.318	  8
    5626.756	  8
    5627.156	  8
    5627.592	  8
    5627.976	  8
    5628.178	  8
    5628.388	  8
    5628.914	  8
    5629.394	  8
    5629.866	  8
    5630.554	  8
    5630.914	  8
    5631.344	  8
    5631.764	  8
    5632.090	  8
    5632.864	  8
    5633.206	  8
    5634.130	  8
    5634.576	  8
    5635.364	  8
    5636.300	  8
    5636.932	  8
    5637.304	  8
    5637.660	  8
    5637.936	  8
    5638.636	  8
    5638.982	  8
    5639.390	  8
    5640.406	  8
    5640.718	  8
    5641.144	  8
    5641.768	  8
    5642.220	  8
    5642.436	  8
    5642.922	  8
    5643.348	  8
    5643.764	  8
    5644.124	  8
    5644.484	  8
    5644.976	  8
    5645.322	  8
    5646.088	  8
    5646.548	  8
    5647.160	  8
    5647.852	  8
    5648.264	  8
    5648.772	  8
    5648.986	  8
    5649.828	  8
    5650.160	  8
    5651.228	  8
    5652.000	  8
    5652.278	  8
    5653.032	  8
    5653.424	  8
    5654.128	  8
    5654.752	 53
    5656.204	  8
    5656.204	 20
    5656.204	 27
    5656.214	 28
    5656.214	 19
    5656.314	 29
    5656.510	  9
    5676.334	 50
    5676.344	 10
    5687.928	  8
    5692.600	  8
    5698.474	  8
    5700.920	  8
    5703.846	  8
    5704.570	  8
    5706.344	 53
    5706.354	 20
    5706.354	 27
    5707.548	  8
    5726.374	 51
    5726.384	 17
    5733.224	  7
    5734.952	  7
    5736.316	  7
    5738.242	  7
    5740.018	  7
    5744.574	  7
    5746.662	  7
    5749.380	  7
    5755.514	  7
    5763.948	  8
    5764.174	  8
    5764.482	  8
    5765.004	  8
    5765.388	  8
    5765.806	  8
    5766.234	  8
    5766.720	  8
    5767.170	  8
    5767.652	  8
    5768.152	  8
    5768.508	  8
    5768.976	  8
    5769.746	  8
    5770.200	  8
    5770.936	  8
    5771.286	  8
    5772.104	  8
    5772.562	  8
    5773.128	  8
    5773.818	  8
    5774.408	  8
    5774.748	  8
    5775.354	  8
    5776.110	  8
    5776.480	  8
    5777.052	  8
    5777.238	  8
    5777.640	  8
    5777.934	  8
    5778.322	  8
    5778.996	  8
    5779.388	  8
    5779.968	  8
    5780.520	  8
    5780.900	  8
    5781.626	  8
    5782.640	  8
    5784.312	  8
    5784.888	  8
    5785.702	  8
    5786.160	  8
    5786.384	 53
    5786.480	  8
    5786.480	 20
    5786.480	 27
    5786.490	 28
    5786.490	 19
    5786.590	 29
    5786.786	  9
    5806.610	 50
    5806.620	 10
    5827.374	  8
    5836.620	 53
    5836.630	 20
    5836.630	 27
    5839.386	  8
    5840.592	  8
    5856.650	 51
    5856.660	 17
    5892.400	  8
    5892.828	  8
    5893.422	  8
    5893.862	  8
    5894.446	  8
    5894.990	  8
    5895.610	  8
    5896.280	  8
    5896.870	  8
    5897.086	  8
    5897.802	  8
    5898.188	  8
    5898.280	  8
    5898.762	  8
    5899.442	  8
    5899.968	  8
    5900.490	  8
    5903.258	  8
    5903.596	  8
    5903.708	  8
    5904.220	  8
    5904.902	  8
    5905.582	  8
    5906.474	  8
    5907.154	  8
    5908.296	  8
    5909.516	  8
    5909.964	  8
    5910.518	  8
    5911.080	  8
    5911.712	  8
    5913.380	  8
    5913.794	  8
    5914.032	  8
    5914.682	  8
    5915.126	  8
    5915.566	  8
    5916.136	  8
    5916.474	  8
    5916.660	 53
    5916.930	  8
    5916.930	 20
    5916.930	 27
    5916.940	 28
    5916.940	 19
    5917.040	 29
    5917.050	 61
