     740.720	  7
     742.282	  7
     742.458	  7
       9.020	  8
       9.102	  8
      20.010	 50
      20.020	 18
      32.024	  8
      32.218	  8
      32.520	  8
      36.092	  8
      36.434	  8
      38.272	  8
      38.412	  8
      40.280	  8
      42.702	  8
      42.952	  8
      47.848	  8
      50.020	 53
      60.734	  8
      60.734	 20
      60.734	 27
      60.744	 28
      60.744	 19
      60.844	 29
      61.012	  9
      80.864	 50
      80.874	 18
      83.734	  8
      83.824	  8
      91.470	  8
      91.768	  8
      92.192	  8
      92.436	  8
      93.148	  8
      93.592	  8
      93.966	  8
      94.218	  8
      94.324	  8
      97.036	  8
      98.184	  8
      99.240	  8
      99.590	  8
      99.638	  8
     100.078	  8
     100.730	  8
     101.248	  8
     102.346	  8
     102.534	  8
     102.738	  8
     103.190	  8
     103.664	  8
     104.348	  8
     104.540	  8
     104.972	  8
     105.276	  8
     105.596	  8
     107.326	  8
     110.594	  8
     110.874	 53
     114.310	  8
     114.310	 20
     114.310	 27
     114.320	 28
     114.320	 19
     114.420	 29
     114.470	  8
     114.588	  9
     134.440	 50
     134.450	 18
     149.608	  8
     150.178	  8
     150.864	  8
     151.110	  8
     151.686	  8
     152.036	  8
     152.400	  8
     153.710	  8
     154.834	  8
     155.178	  8
     155.342	  8
     155.920	  8
     156.266	  8
     156.620	  8
     156.780	  8
     158.090	  8
     159.350	  8
     159.810	  8
     160.048	  8
     160.382	  8
     160.606	  8
     161.052	  8
     161.208	  8
     161.498	  8
     162.030	  8
     162.510	  8
     162.620	  8
     162.894	  8
     164.450	 53
     164.468	  8
     164.468	 20
     164.468	 27
     164.478	 28
     164.478	 19
     164.578	 29
     164.702	  8
     164.990	  9
     167.514	  8
     184.598	 50
     184.608	 18
     214.608	 53
     215.850	  8
     215.850	 20
     215.850	 27
     215.860	 28
     215.860	 19
     215.960	 29
     215.966	  8
     216.128	  9
     235.980	 50
     235.990	 18
     241.698	  8
     244.020	  8
     244.330	  8
     244.578	  8
     244.620	  8
     245.006	  8
     245.278	  8
     245.410	  8
     245.656	  8
     246.038	  8
     247.516	  8
     247.688	  8
     248.260	  8
     248.620	  8
     248.836	  8
     249.128	  8
     249.364	  8
     250.142	  8
     250.336	  8
     252.388	  8
     252.500	  8
     252.706	  8
     253.266	  8
     253.666	  8
     253.822	  8
     253.890	  8
     254.284	  8
     254.598	  8
     255.080	  8
     255.296	  8
     255.520	  8
     257.194	  8
     257.358	  8
     257.804	  8
     258.248	  8
     259.020	  8
     259.486	  8
     259.752	  8
     260.172	  8
     260.274	  8
     261.468	  8
     261.556	  8
     261.964	  8
     264.676	  8
     264.910	  8
     265.144	  8
     265.654	  8
     265.990	 53
     266.412	  8
     266.412	 20
     266.412	 27
     266.422	 28
     266.422	 19
     266.522	 29
     266.596	  8
     266.690	  9
     286.542	 51
     286.552	 10
     287.166	  7
     301.384	  8
     307.402	  8
     310.416	  7
     312.006	  7
     312.402	  7
     312.586	  7
     312.684	  7
     312.930	  7
     315.044	  7
     338.798	  8
     344.072	  8
     344.542	  8
     344.668	  8
     346.552	 53
     354.122	  8
     354.122	 20
     354.122	 27
     354.132	 28
     354.132	 19
     354.232	 29
     354.240	  8
     354.400	  9
     374.252	 50
     374.262	 18
     384.632	  8
     384.958	  8
     393.276	  8
     393.534	  8
     394.006	  8
     394.430	  8
     395.336	  8
     395.704	  8
     396.300	  8
     396.728	  8
     398.100	  8
     398.440	  8
     398.680	  8
     399.996	  8
     400.226	  8
     400.960	  8
     401.236	  8
     401.644	  8
     402.646	  8
     404.134	  8
     404.262	 53
     404.614	  8
     404.614	 20
     404.614	 27
     404.624	 28
     404.624	 19
     404.724	 29
     404.866	  8
     404.892	  9
     424.744	 50
     424.754	 18
     436.798	  8
     437.246	  8
     437.470	  8
     437.906	  8
     438.300	  8
     438.684	  8
     441.516	  8
     441.792	  8
     442.094	  8
     442.560	  8
     443.702	  8
     443.852	  8
     445.756	  8
     446.286	  8
     446.862	  8
     447.082	  8
     447.698	  8
     447.858	  8
     448.208	  8
     448.274	  8
     448.536	  8
     448.948	  8
     448.992	  8
     449.364	  8
     449.820	  8
     450.098	  8
     450.492	  8
     450.710	  8
     452.470	  8
     452.998	  8
     453.178	  8
     453.372	  8
     454.454	  8
     454.624	  8
     454.754	 53
     454.934	  8
     454.934	 20
     454.934	 27
     454.944	 28
     454.944	 19
     455.044	 29
     455.132	  8
     455.212	  9
     475.064	 52
     475.074	 17
     487.316	  7
     487.440	  7
     487.810	  7
     488.012	  7
     488.182	  7
     488.348	  7
     488.546	  7
     501.264	  8
     516.362	  8
     517.444	  8
     517.498	  8
     543.260	  8
     550.828	  8
     551.850	  8
     554.328	  8
     554.964	  8
     575.662	  8
     575.832	  8
     576.028	  8
     577.264	  8
     578.002	  8
     578.740	  8
     579.088	  8
     579.804	  8
     581.230	  8
     581.624	  8
     581.934	  8
     582.860	  8
     583.714	  8
     584.644	  8
     584.886	  8
     586.086	  8
     586.290	  8
     587.080	  8
     587.692	  8
     587.880	  8
     588.218	  8
     588.652	  8
     588.948	  8
     589.378	  8
     589.556	  8
     590.724	  8
     590.972	  8
     591.720	  8
     591.886	  8
     592.324	  8
     594.064	  8
     594.474	  8
     595.074	 53
     595.084	 20
     595.084	 27
     595.632	  8
     595.836	  8
     596.176	  8
     600.298	  7
     600.482	  7
     600.804	  7
     600.968	  7
     601.308	  7
     601.444	  7
     601.580	  7
     601.718	  7
     601.928	  7
     602.114	  7
     602.286	  7
     602.420	  7
     602.566	  7
     602.700	  7
     602.828	  7
     602.970	  7
     603.108	  7
     603.250	  7
     603.378	  7
     603.518	  7
     603.652	  7
     603.822	  7
     604.104	  7
     604.364	  7
     604.628	  7
     604.752	  7
     604.892	  7
     605.028	  7
     605.164	  7
     605.308	  7
     605.446	  7
     605.592	  7
     605.710	  7
     605.836	  7
     605.972	  7
     606.110	  7
     606.242	  7
     606.376	  7
     606.506	  7
     606.636	  7
     606.768	  7
     606.898	  7
     607.034	  7
     607.168	  7
     607.310	  7
     607.444	  7
     607.606	  7
     607.814	  7
     608.062	  7
     608.460	  7
     609.364	  7
     609.498	  7
     609.610	  7
     609.736	  7
     609.862	  7
     609.996	  7
     610.122	  7
     610.242	  7
     610.358	  7
     610.484	  7
     610.616	  7
     610.754	  7
     610.896	  7
     611.024	  7
     611.172	  7
     611.278	  7
     611.414	  7
     611.558	  7
     611.710	  7
     611.858	  7
     611.974	  7
     612.104	  7
     612.252	  7
     612.402	  7
     612.536	  7
     612.664	  7
     612.788	  7
     612.934	  7
     613.078	  7
     613.492	  7
     614.160	  7
     614.276	  7
     614.526	  7
     614.664	  7
     614.800	  7
     614.958	  7
     615.094	  7
     615.104	 50
     615.114	 18
     615.214	  7
     615.350	  7
     615.478	  7
     615.602	  7
     615.800	  7
     615.956	  7
     616.076	  7
     616.200	  7
     616.314	  7
     616.436	  7
     616.568	  7
     616.706	  7
     616.842	  7
     617.016	  7
     617.148	  7
     617.422	  7
     617.742	  7
     618.062	  7
     618.444	  7
     619.074	  7
     619.174	  7
     619.314	  7
     619.430	  7
     619.574	  7
     619.696	  7
     619.856	  7
     619.970	  7
     620.102	  7
     620.238	  7
     620.374	  7
     620.506	  7
     620.648	  7
     620.792	  7
     620.914	  7
     621.050	  7
     621.194	  7
     621.322	  7
     621.454	  7
     621.620	  7
     621.820	  7
     622.166	  7
     622.844	  7
     622.982	  7
     623.110	  7
     623.230	  7
     623.370	  7
     623.514	  7
     623.668	  7
     623.792	  7
     623.932	  7
     624.102	  7
     624.228	  7
     624.352	  7
     624.496	  7
     624.642	  7
     624.766	  7
     624.904	  7
     625.056	  7
     625.182	  7
     625.330	  7
     625.470	  7
     625.648	  7
     625.788	  7
     625.916	  7
     626.050	  7
     626.188	  7
     626.334	  7
     626.470	  7
     626.604	  7
     626.740	  7
     626.868	  7
     633.682	  7
     633.814	  7
     635.056	  7
     635.334	  7
     645.114	 53
     649.818	  8
     649.818	 20
     649.818	 27
     649.828	 28
     649.828	 19
     649.928	 29
     649.966	  8
     650.096	  9
     669.948	 50
     669.958	 18
     683.892	  8
     684.190	  8
     686.914	  8
     687.270	  8
     687.658	  8
     690.842	  8
     691.232	  8
     691.544	  8
     692.280	  8
     692.356	  8
     692.828	  8
     693.026	  8
     693.706	  8
     695.260	  8
     695.792	  8
     697.710	  8
     698.030	  8
     698.236	  8
     698.470	  8
     698.712	  8
     699.614	  8
     699.806	  8
     699.958	 53
     700.448	  8
     700.448	 20
     700.448	 27
     700.458	 28
     700.458	 19
     700.558	 29
     700.622	  8
     700.726	  9
     702.378	  8
     720.578	 52
     720.588	 17
     748.908	  8
     822.456	  8
     824.078	  8
     824.162	  8
     824.600	  8
     824.814	  8
     826.124	  8
     826.564	  8
     828.848	  8
     829.084	  8
     829.400	  8
     829.522	  8
     830.092	  8
     830.462	  8
     830.702	  8
     831.092	  8
     833.328	  8
     834.006	  8
     835.036	  8
     835.338	  8
     835.724	  8
     836.624	  8
     837.094	  8
     838.030	  8
     839.206	  8
     839.328	  8
     840.044	  8
     840.588	 53
     840.598	 20
     840.598	 27
     842.102	  8
     845.040	  7
     845.320	  7
     846.446	  7
     860.618	 51
     860.628	 10
     863.030	  8
     863.410	  8
     863.664	  8
     871.310	  8
     871.574	  8
     876.184	  8
     876.376	  8
     876.686	  8
     880.214	  8
     880.732	  8
     884.548	  8
     884.852	  8
     885.322	  8
     886.628	  8
     886.954	  8
     888.980	  8
     889.320	  8
     890.244	  8
     890.588	  8
     891.284	  8
     891.882	  8
     892.158	  8
     892.442	  8
     892.862	  8
     893.510	  8
     894.340	  8
     895.438	  8
     895.702	  8
     896.056	  8
     897.122	  8
     897.382	  8
     897.984	  8
     898.572	  8
     898.640	  8
     899.186	  8
     899.506	  8
     899.674	  8
     900.778	  8
     901.062	  8
     901.414	  8
     901.816	  8
     902.208	  8
     902.790	  8
     903.008	  8
     904.170	  8
     904.354	  8
     905.146	  8
     905.802	  8
     906.762	  8
     907.384	  8
     907.848	  8
     908.094	  8
     908.548	  8
     909.054	  8
     909.682	  8
     911.290	  8
     911.948	  8
     913.030	  8
     913.288	  8
     913.690	  8
     914.202	  8
     914.658	  8
     914.896	  8
     916.890	  8
     917.098	  8
     917.616	  8
     918.286	  8
     918.708	  8
     919.122	  8
     919.228	  8
     920.132	  8
     920.628	 53
     921.712	  8
     921.712	 20
     921.712	 27
     921.722	 28
     921.722	 19
     921.822	 29
     921.904	  8
     921.992	  9
     941.842	 50
     941.852	 18
     967.146	  8
     967.344	  8
     967.770	  8
     967.820	  8
     971.852	 53
     974.938	  8
     974.938	 20
     974.938	 27
     974.948	 28
     974.948	 19
     975.048	 29
     975.216	  9
     995.068	 51
     995.078	 10
    1001.330	  7
    1001.458	  7
    1001.596	  7
    1001.744	  7
    1002.156	  7
    1002.292	  7
    1002.564	  7
    1002.748	  7
    1002.976	  7
    1003.534	  7
    1003.634	  7
    1003.778	  7
    1003.922	  7
    1004.068	  7
    1004.218	  7
    1004.358	  7
    1004.510	  7
    1004.674	  7
    1004.916	  7
    1005.152	  7
    1005.302	  7
    1005.426	  7
    1005.564	  7
    1005.710	  7
    1005.852	  7
    1005.968	  7
    1006.100	  7
    1006.232	  7
    1006.380	  7
    1006.514	  7
    1006.638	  7
    1006.762	  7
    1006.892	  7
    1007.024	  7
    1007.154	  7
    1007.286	  7
    1007.416	  7
    1007.554	  7
    1007.710	  7
    1007.844	  7
    1007.970	  7
    1008.102	  7
    1008.236	  7
    1008.368	  7
    1008.500	  7
    1008.654	  7
    1008.796	  7
    1008.940	  7
    1009.078	  7
    1009.236	  7
    1009.344	  7
    1009.470	  7
    1009.594	  7
    1009.724	  7
    1009.864	  7
    1010.022	  7
    1010.150	  7
    1010.294	  7
    1010.428	  7
    1010.558	  7
    1010.696	  7
    1010.858	  7
    1010.980	  7
    1011.110	  7
    1011.240	  7
    1011.374	  7
    1011.508	  7
    1011.660	  7
    1011.782	  7
    1011.944	  7
    1012.234	  7
    1012.860	  7
    1012.982	  7
    1013.118	  7
    1013.266	  7
    1013.406	  7
    1013.528	  7
    1013.666	  7
    1013.808	  7
    1013.926	  7
    1014.066	  7
    1014.206	  7
    1014.356	  7
    1014.494	  7
    1014.676	  7
    1014.828	  7
    1015.092	  7
    1015.356	  7
    1015.642	  7
    1016.380	  7
    1016.512	  7
    1016.636	  7
    1016.768	  7
    1016.912	  7
    1017.040	  7
    1017.162	  7
    1017.318	  7
    1017.460	  7
    1017.602	  7
    1017.732	  7
    1017.864	  7
    1017.986	  7
    1018.122	  7
    1018.276	  7
    1018.402	  7
    1018.538	  7
    1018.700	  7
    1018.812	  7
    1018.940	  7
    1019.070	  7
    1019.206	  7
    1019.342	  7
    1019.480	  7
    1019.620	  7
    1019.760	  7
    1019.900	  7
    1020.066	  7
    1020.192	  7
    1020.324	  7
    1020.454	  7
    1020.580	  7
    1020.712	  7
    1020.856	  7
    1021.006	  7
    1021.196	  7
    1021.310	  7
    1021.444	  7
    1021.576	  7
    1021.716	  7
    1021.856	  7
    1022.004	  7
    1022.146	  7
    1022.288	  7
    1022.428	  7
    1022.566	  7
    1022.718	  7
    1023.138	  7
    1023.302	  7
    1024.064	  7
    1024.178	  7
    1024.334	  7
    1024.494	  7
    1024.624	  7
    1024.764	  7
    1024.894	  7
    1025.012	  7
    1025.154	  7
    1025.302	  7
    1025.448	  7
    1025.596	  7
    1025.764	  7
    1025.902	  7
    1026.042	  7
    1026.166	  7
    1026.314	  7
    1026.450	  7
    1026.730	  7
    1027.458	  7
    1027.576	  7
    1027.706	  7
    1027.834	  7
    1027.992	  7
    1028.120	  7
    1028.250	  7
    1028.370	  7
    1028.502	  7
    1028.654	  7
    1028.796	  7
    1028.946	  7
    1029.092	  7
    1029.220	  7
    1029.374	  7
    1029.486	  7
    1029.620	  7
    1029.772	  7
    1029.898	  7
    1030.032	  7
    1030.174	  7
    1030.312	  7
    1030.458	  7
    1030.588	  7
    1030.736	  7
    1030.902	  7
    1031.026	  7
    1031.204	  7
    1031.388	  7
    1031.624	  7
    1032.624	  7
    1032.762	  7
    1032.900	  7
    1033.034	  7
    1033.182	  7
    1033.316	  7
    1033.448	  7
    1033.584	  7
    1033.730	  7
    1033.868	  7
    1034.014	  7
    1034.154	  7
    1034.306	  7
    1034.434	  7
    1034.552	  7
    1034.694	  7
    1034.844	  7
    1034.968	  7
    1035.116	  7
    1035.336	  7
    1035.490	  7
    1035.700	  7
    1035.914	  7
    1036.668	  7
    1036.794	  7
    1036.942	  7
    1037.084	  7
    1037.240	  7
    1037.376	  7
    1037.530	  7
    1037.680	  7
    1037.800	  7
    1037.926	  7
    1038.062	  7
    1038.212	  7
    1038.352	  7
    1038.482	  7
    1038.622	  7
    1038.772	  7
    1038.972	  7
    1039.196	  7
    1040.052	  7
    1040.194	  7
    1040.322	  7
    1040.454	  7
    1040.606	  7
    1040.754	  7
    1040.886	  7
    1041.014	  7
    1041.160	  7
    1041.314	  7
    1041.464	  7
    1041.600	  7
    1041.728	  7
    1041.864	  7
    1042.000	  7
    1042.126	  7
    1042.272	  7
    1042.424	  7
    1042.552	  7
    1042.680	  7
    1042.832	  7
    1042.950	  7
    1043.092	  7
    1043.236	  7
    1043.374	  7
    1043.516	  7
    1043.644	  7
    1043.778	  7
    1043.928	  7
    1044.080	  7
    1044.232	  7
    1044.406	  7
    1044.938	  7
    1053.844	  8
    1053.976	  8
    1055.002	  8
    1055.078	 53
    1055.882	  8
    1055.882	 20
    1055.882	 27
    1055.892	 28
    1055.892	 19
    1055.992	 29
    1056.160	  9
    1056.200	  8
    1058.122	  8
    1059.114	  8
    1059.224	  8
    1076.012	 52
    1076.022	 17
    1166.990	  8
    1167.442	  8
    1167.680	  8
    1169.670	  8
    1175.120	  8
    1175.726	  8
    1180.288	  8
    1181.874	  8
    1188.998	  8
    1191.022	  8
    1191.636	  8
    1193.986	  8
    1194.864	  8
    1195.092	  8
    1195.840	  8
    1196.022	 53
    1196.032	 20
    1196.032	 27
    1196.752	  8
    1199.704	  8
    1199.974	  8
    1216.052	 52
    1216.062	 17
    1237.110	  7
    1237.928	  7
    1238.064	  7
    1243.930	  7
    1244.062	  7
    1244.264	  7
    1251.392	  7
    1254.214	  7
    1254.530	  7
    1254.788	  7
    1254.976	  7
    1255.204	  7
    1255.366	  7
    1255.632	  7
    1255.992	  7
    1256.510	  7
    1260.680	  7
    1267.480	  7
    1267.798	  7
    1268.022	  7
    1271.434	  7
    1274.638	  7
    1274.870	  7
    1275.122	  7
    1275.214	  7
    1275.698	  7
    1281.898	  7
    1282.014	  7
    1282.702	  7
    1289.234	  7
    1310.742	  8
    1312.536	  8
    1313.330	  8
    1313.736	  8
    1314.188	  8
    1314.858	  8
    1315.008	  8
    1315.600	  8
    1315.884	  8
    1316.442	  8
    1316.844	  8
    1318.234	  8
    1318.474	  8
    1318.872	  8
    1319.152	  8
    1319.570	  8
    1320.324	  8
    1320.454	  8
    1321.096	  8
    1321.282	  8
    1321.552	  8
    1321.690	  8
    1322.104	  8
    1323.718	  8
    1324.022	  8
    1325.618	  8
    1325.816	  8
    1326.214	  8
    1327.346	  8
    1327.606	  8
    1328.126	  8
    1328.244	  8
    1328.606	  8
    1328.982	  8
    1329.058	  8
    1329.500	  8
    1330.150	  8
    1330.476	  8
    1330.640	  8
    1330.996	  8
    1332.286	  8
    1332.518	  8
    1332.954	  8
    1334.210	  8
    1334.498	  8
    1334.656	  8
    1335.084	  8
    1335.246	  8
    1335.606	  8
    1335.868	  8
    1336.062	 53
    1336.072	 20
    1336.072	 27
    1336.600	  8
    1336.682	  8
    1356.092	 50
    1356.102	 18
    1371.034	  8
    1371.492	  8
    1372.256	  8
    1372.494	  8
    1373.132	  8
    1375.460	  8
    1375.728	  8
    1376.956	  8
    1377.142	  8
    1377.458	  8
    1377.814	  8
    1378.112	  8
    1378.590	  8
    1379.208	  8
    1381.612	  8
    1381.922	  8
    1383.356	  8
    1383.602	  8
    1383.886	  8
    1384.248	  8
    1384.662	  8
    1384.720	  8
    1384.826	  8
    1385.258	  8
    1385.698	  8
    1386.102	 53
    1387.738	  8
    1387.738	 20
    1387.738	 27
    1387.748	 28
    1387.748	 19
    1387.848	 29
    1387.950	  8
    1388.018	  9
    1407.868	 52
    1407.878	 17
    1467.598	  8
    1471.758	  8
    1477.128	  8
    1477.554	  8
    1483.246	  8
    1487.286	  8
    1508.888	  8
    1509.144	  8
    1509.352	  8
    1509.598	  8
    1509.938	  8
    1510.220	  8
    1510.834	  8
    1511.152	  8
    1515.010	  8
    1515.182	  8
    1515.950	  8
    1517.058	  8
    1518.850	  8
    1519.074	  8
    1519.662	  8
    1520.846	  8
    1523.238	  8
    1523.670	  8
    1524.114	  8
    1524.484	  8
    1525.330	  8
    1525.646	  8
    1526.728	  8
    1526.784	  8
    1527.158	  8
    1527.334	  8
    1527.670	  8
    1527.878	 53
    1527.888	 20
    1527.888	 27
    1527.890	  8
    1547.908	 52
    1547.918	 17
    1564.432	  7
    1564.570	  7
    1564.962	  7
    1565.078	  7
    1565.280	  7
    1576.014	  8
    1576.802	  8
    1586.976	  7
    1590.276	  7
    1591.728	  7
    1591.900	  7
    1592.126	  7
    1592.372	  7
    1592.764	  7
    1601.704	  7
    1603.872	  7
    1604.530	  7
    1604.926	  7
    1605.278	  7
    1607.010	  7
    1607.312	  7
    1607.580	  7
    1607.934	  7
    1611.644	  7
    1618.178	  7
    1618.338	  7
    1619.054	  7
    1619.448	  7
    1619.740	  7
    1620.090	  7
    1620.364	  7
    1620.742	  7
    1621.070	  7
    1622.270	  7
    1636.376	  8
    1636.900	  8
    1637.930	  8
    1639.106	  8
    1639.746	  8
    1640.798	  8
    1641.474	  8
    1641.888	  8
    1642.284	  8
    1642.804	  8
    1642.858	  8
    1644.152	  8
    1644.358	  8
    1644.746	  8
    1644.986	  8
    1645.402	  8
    1645.886	  8
    1646.100	  8
    1647.368	  8
    1647.654	  8
    1647.846	  8
    1648.344	  8
    1648.684	  8
    1649.674	  8
    1650.052	  8
    1650.262	  8
    1650.532	  8
    1651.116	  8
    1651.374	  8
    1651.564	  8
    1653.140	  8
    1653.496	  8
    1654.294	  8
    1654.822	  8
    1655.142	  8
    1655.600	  8
    1655.780	  8
    1655.850	  8
    1656.392	  8
    1658.650	  8
    1660.174	  8
    1660.472	  8
    1661.238	  8
    1661.400	  8
    1663.246	  8
    1663.738	  8
    1665.688	  8
    1666.562	  8
    1667.018	  8
    1667.604	  8
    1667.836	  8
    1667.918	 53
    1667.928	 20
    1667.928	 27
    1668.210	  8
    1668.638	  8
    1687.948	 52
    1687.958	 17
    1718.362	  8
    1719.210	  8
    1729.154	  8
    1730.092	  8
    1764.786	  8
    1765.060	  8
    1765.910	  8
    1767.744	  8
    1768.860	  8
    1770.676	  8
    1771.322	  8
    1774.980	  8
    1775.022	  8
    1776.116	  8
    1777.202	  8
    1777.610	  8
    1779.540	  8
    1784.580	  8
    1786.330	  8
    1807.958	 53
    1807.968	 20
    1807.968	 27
    1827.988	 51
    1827.998	 10
    1831.976	  8
    1836.198	  8
    1840.536	  8
    1840.620	  8
    1843.988	  8
    1860.272	  8
    1860.564	  8
    1861.220	  8
    1862.028	  8
    1862.244	  8
    1862.782	  8
    1863.670	  8
    1864.358	  8
    1864.844	  8
    1865.412	  8
    1866.596	  8
    1866.854	  8
    1867.064	  8
    1867.630	  8
    1868.626	  8
    1868.860	  8
    1869.198	  8
    1870.314	  8
    1870.554	  8
    1871.454	  8
    1871.742	  8
    1872.208	  8
    1872.582	  8
    1873.082	  8
    1873.308	  8
    1874.840	  8
    1875.094	  8
    1875.530	  8
    1876.104	  8
    1876.438	  8
    1877.836	  8
    1878.070	  8
    1878.678	  8
    1879.098	  8
    1879.338	  8
    1879.912	  8
    1880.630	  8
    1880.778	  8
    1881.088	  8
    1881.390	  8
    1882.476	  8
    1882.684	  8
    1884.042	  8
    1884.248	  8
    1885.404	  8
    1885.778	  8
    1886.450	  8
    1886.624	  8
    1887.204	  8
    1887.408	  8
    1887.720	  8
    1887.998	 53
    1888.032	  8
    1888.032	 20
    1888.032	 27
    1888.042	 28
    1888.042	 19
    1888.142	 29
    1888.310	  9
    1908.162	 52
    1908.172	 17
    2005.038	  8
    2006.234	  8
    2007.722	  8
    2011.376	  8
    2012.012	  8
    2013.364	  8
    2016.294	  8
    2016.536	  8
    2019.694	  8
    2028.172	 53
    2028.182	 20
    2028.182	 27
    2048.202	 51
    2048.212	 10
    2055.232	  8
    2055.412	  8
    2056.022	  8
    2057.904	  8
    2059.110	  8
    2059.974	  8
    2060.318	  8
    2060.646	  8
    2061.452	  8
    2061.646	  8
    2062.024	  8
    2062.398	  8
    2063.086	  8
    2063.414	  8
    2064.392	  8
    2064.582	  8
    2065.042	  8
    2065.602	  8
    2066.078	  8
    2068.118	  8
    2070.232	  8
    2070.462	  8
    2071.130	  8
    2074.860	  7
    2075.068	  7
    2075.258	  7
    2075.536	  7
    2075.892	  7
    2076.248	  7
    2076.512	  7
    2077.546	  7
    2077.738	  7
    2078.144	  7
    2078.406	  7
    2079.066	  7
    2080.190	  7
    2080.432	  7
    2080.666	  7
    2081.086	  7
    2081.250	  7
    2081.452	  7
    2081.716	  7
    2082.060	  7
    2082.522	  7
    2082.922	  7
    2083.426	  7
    2083.578	  7
    2083.882	  7
    2084.040	  7
    2084.190	  7
    2084.686	  7
    2084.836	  7
    2085.740	  7
    2085.900	  7
    2086.224	  7
    2086.374	  7
    2086.534	  7
    2086.676	  7
    2086.814	  7
    2086.938	  7
    2087.088	  7
    2087.240	  7
    2087.404	  7
    2087.564	  7
    2087.734	  7
    2087.864	  7
    2087.992	  7
    2088.132	  7
    2088.280	  7
    2088.440	  7
    2088.576	  7
    2088.700	  7
    2088.846	  7
    2089.000	  7
    2089.120	  7
    2089.258	  7
    2089.420	  7
    2089.568	  7
    2089.704	  7
    2089.836	  7
    2090.010	  7
    2090.144	  7
    2090.298	  7
    2090.488	  7
    2090.726	  7
    2090.978	  7
    2091.864	  7
    2091.996	  7
    2092.144	  7
    2092.292	  7
    2092.440	  7
    2092.576	  7
    2092.714	  7
    2092.872	  7
    2093.000	  7
    2093.140	  7
    2093.286	  7
    2093.444	  7
    2093.572	  7
    2093.704	  7
    2093.846	  7
    2093.998	  7
    2094.146	  7
    2094.288	  7
    2094.444	  7
    2094.586	  7
    2094.752	  7
    2094.916	  7
    2095.060	  7
    2095.210	  7
    2095.358	  7
    2095.504	  7
    2095.628	  7
    2095.772	  7
    2095.896	  7
    2096.028	  7
    2096.196	  7
    2096.314	  7
    2096.456	  7
    2096.630	  7
    2096.830	  7
    2097.074	  7
    2097.962	  7
    2098.120	  7
    2098.276	  7
    2098.408	  7
    2098.536	  7
    2098.672	  7
    2098.794	  7
    2098.922	  7
    2099.072	  7
    2099.214	  7
    2099.336	  7
    2099.464	  7
    2099.610	  7
    2099.750	  7
    2099.914	  7
    2100.046	  7
    2100.202	  7
    2100.328	  7
    2100.464	  7
    2100.624	  7
    2100.762	  7
    2100.890	  7
    2101.032	  7
    2101.194	  7
    2101.364	  7
    2101.542	  7
    2101.680	  7
    2101.802	  7
    2101.944	  7
    2102.100	  7
    2102.226	  7
    2102.350	  7
    2102.494	  7
    2102.642	  7
    2102.792	  7
    2102.910	  7
    2103.048	  7
    2103.188	  7
    2103.358	  7
    2103.898	  7
    2106.846	  7
    2108.212	 53
    2113.294	  8
    2113.294	 20
    2113.294	 27
    2113.304	 28
    2113.304	 19
    2113.404	 29
    2113.572	  9
    2133.424	 52
    2133.434	 17
    2166.264	  7
    2166.388	  7
    2172.276	  7
    2172.424	  7
    2172.912	  7
    2173.144	  7
    2173.336	  7
    2173.510	  7
    2173.744	  7
    2174.014	  7
    2174.632	  7
    2174.776	  7
    2174.960	  7
    2175.140	  7
    2175.308	  7
    2175.402	  7
    2176.020	  7
    2176.290	  7
    2176.618	  7
    2176.972	  7
    2177.178	  7
    2178.074	  7
    2178.272	  7
    2178.532	  7
    2179.120	  7
    2179.368	  7
    2179.736	  7
    2179.920	  7
    2180.066	  7
    2180.386	  7
    2180.566	  7
    2180.738	  7
    2180.898	  7
    2181.060	  7
    2181.228	  7
    2181.386	  7
    2181.532	  7
    2181.678	  7
    2181.824	  7
    2181.974	  7
    2182.132	  7
    2182.290	  7
    2182.460	  7
    2182.618	  7
    2182.782	  7
    2182.934	  7
    2183.066	  7
    2183.214	  7
    2183.372	  7
    2183.552	  7
    2183.690	  7
    2183.832	  7
    2183.976	  7
    2184.120	  7
    2184.280	  7
    2184.430	  7
    2184.574	  7
    2184.700	  7
    2184.838	  7
    2184.974	  7
    2185.136	  7
    2185.278	  7
    2185.408	  7
    2185.542	  7
    2185.700	  7
    2185.838	  7
    2185.964	  7
    2186.094	  7
    2186.240	  7
    2186.394	  7
    2186.514	  7
    2186.646	  7
    2186.778	  7
    2186.908	  7
    2187.034	  7
    2187.174	  7
    2187.320	  7
    2187.442	  7
    2187.576	  7
    2187.714	  7
    2187.884	  7
    2188.018	  7
    2188.150	  7
    2188.294	  7
    2188.438	  7
    2188.576	  7
    2188.714	  7
    2188.874	  7
    2189.028	  7
    2189.220	  7
    2189.542	  7
    2189.748	  7
    2190.034	  7
    2191.012	  7
    2191.122	  7
    2191.272	  7
    2191.416	  7
    2191.552	  7
    2191.680	  7
    2191.820	  7
    2191.946	  7
    2192.100	  7
    2192.374	  7
    2192.508	  7
    2192.632	  7
    2192.764	  7
    2192.942	  7
    2193.092	  7
    2193.238	  7
    2193.380	  7
    2193.524	  7
    2193.652	  7
    2193.790	  7
    2193.930	  7
    2194.080	  7
    2194.208	  7
    2194.358	  7
    2194.516	  7
    2194.666	  7
    2195.078	  7
    2195.428	  7
    2195.648	  7
    2196.926	  7
    2197.068	  7
    2197.342	  7
    2197.472	  7
    2197.600	  7
    2197.732	  7
    2197.874	  7
    2198.020	  7
    2198.160	  7
    2198.304	  7
    2198.450	  7
    2198.588	  7
    2198.730	  7
    2198.902	  7
    2199.030	  7
    2199.170	  7
    2199.304	  7
    2199.442	  7
    2199.596	  7
    2199.748	  7
    2199.910	  7
    2200.054	  7
    2200.212	  7
    2200.682	  7
    2200.896	  7
    2201.724	  7
    2201.882	  7
    2202.038	  7
    2202.170	  7
    2202.312	  7
    2202.462	  7
    2202.614	  7
    2202.792	  7
    2202.948	  7
    2203.086	  7
    2203.214	  7
    2203.360	  7
    2203.504	  7
    2203.662	  7
    2203.804	  7
    2203.948	  7
    2204.100	  7
    2204.234	  7
    2204.362	  7
    2204.502	  7
    2204.638	  7
    2204.786	  7
    2204.934	  7
    2205.062	  7
    2205.194	  7
    2205.336	  7
    2205.778	  7
    2206.134	  7
    2206.374	  7
    2206.830	  7
    2207.970	  7
    2208.098	  7
    2208.246	  7
    2208.398	  7
    2208.526	  7
    2208.652	  7
    2208.808	  7
    2208.970	  7
    2209.122	  7
    2209.272	  7
    2209.402	  7
    2209.534	  7
    2209.684	  7
    2209.840	  7
    2209.996	  7
    2210.152	  7
    2210.296	  7
    2210.436	  7
    2210.588	  7
    2210.746	  7
    2210.898	  7
    2211.058	  7
    2211.192	  7
    2211.344	  7
    2211.472	  7
    2211.604	  7
    2211.752	  7
    2211.916	  7
    2212.070	  7
    2212.226	  7
    2212.370	  7
    2212.510	  7
    2212.644	  7
    2212.788	  7
    2212.954	  7
    2213.664	  7
    2214.092	  7
    2214.306	  7
    2215.266	  7
    2215.426	  7
    2215.556	  7
    2215.702	  7
    2215.854	  7
    2215.990	  7
    2216.130	  7
    2216.272	  7
    2216.412	  7
    2216.540	  7
    2216.684	  7
    2216.848	  7
    2216.994	  7
    2217.132	  7
    2217.278	  7
    2217.422	  7
    2217.552	  7
    2217.692	  7
    2217.876	  7
    2218.010	  7
    2218.152	  7
    2218.304	  7
    2218.432	  7
    2218.574	  7
    2218.720	  7
    2218.870	  7
    2219.008	  7
    2219.156	  7
    2219.310	  7
    2219.462	  7
    2219.822	  7
    2238.686	  7
    2238.952	  7
    2242.304	  7
    2246.876	  7
    2247.928	  7
    2248.232	  7
    2248.452	  7
    2248.800	  7
    2251.292	  7
    2252.744	  7
    2252.926	  7
    2253.396	  7
    2253.434	 53
    2253.444	 20
    2253.444	 27
    2253.922	  7
    2271.418	  7
    2273.464	 51
    2273.474	 10
    2275.414	  7
    2275.612	  7
    2275.860	  7
    2277.816	  7
    2307.542	  8
    2308.030	  8
    2308.446	  8
    2308.832	  8
    2309.238	  8
    2309.754	  8
    2310.300	  8
    2311.096	  8
    2311.482	  8
    2312.114	  8
    2312.458	  8
    2312.594	  8
    2312.908	  8
    2314.090	  8
    2314.300	  8
    2314.466	  8
    2314.838	  8
    2315.162	  8
    2315.332	  8
    2315.942	  8
    2316.704	  8
    2317.282	  8
    2317.762	  8
    2318.142	  8
    2319.670	  8
    2320.264	  8
    2320.590	  8
    2321.600	  8
    2322.122	  8
    2322.440	  8
    2322.630	  8
    2322.858	  8
    2323.196	  8
    2324.644	  8
    2325.098	  8
    2325.772	  8
    2326.036	  8
    2326.484	  8
    2326.918	  8
    2327.358	  8
    2327.386	  8
    2328.228	  8
    2328.592	  8
    2328.808	  8
    2329.064	  8
    2329.194	  8
    2331.938	  8
    2332.252	  8
    2332.848	  8
    2333.474	 53
    2333.554	  8
    2333.554	 20
    2333.554	 27
    2333.564	 28
    2333.564	 19
    2333.664	 29
    2333.834	  9
    2333.842	  8
    2353.684	 50
    2353.694	 18
    2378.394	  8
    2378.836	  8
    2379.308	  8
    2380.058	  8
    2381.654	  8
    2382.936	  8
    2383.512	  8
    2383.694	 53
    2383.784	  8
    2383.784	 20
    2383.784	 27
    2383.794	 28
    2383.794	 19
    2383.894	 29
    2384.062	  9
    2403.914	 52
    2403.924	 17
    2435.988	  7
    2436.232	  7
    2440.394	  7
    2446.414	  7
    2450.674	  7
    2465.004	  7
    2478.870	  7
    2484.066	  7
    2484.382	  7
    2484.594	  7
    2484.858	  7
    2485.030	  7
    2485.382	  7
    2485.700	  7
    2485.996	  7
    2486.228	  7
    2487.368	  7
    2514.058	  8
    2514.480	  8
    2515.036	  8
    2519.492	  8
    2521.944	  8
    2523.924	 53
    2523.934	 20
    2523.934	 27
    2539.002	  8
    2543.954	 52
    2543.964	 17
    2569.388	  7
    2570.346	  7
    2570.872	  7
    2573.514	  7
    2576.626	  7
    2577.768	  7
    2578.078	  7
    2578.510	  7
    2578.956	  7
    2584.852	  7
    2587.944	  7
    2588.150	  7
    2588.376	  7
    2592.822	  7
    2597.100	  7
    2597.434	  7
    2597.766	  7
    2598.026	  7
    2603.096	  7
    2628.550	  7
    2632.714	  7
    2632.924	  7
    2639.408	  8
    2639.832	  8
    2641.120	  8
    2641.866	  8
    2642.308	  8
    2642.640	  8
    2643.810	  8
    2644.534	  8
    2645.928	  8
    2646.736	  8
    2647.118	  8
    2647.536	  8
    2647.986	  8
    2648.966	  8
    2649.414	  8
    2649.610	  8
    2649.832	  8
    2651.416	  8
    2651.590	  8
    2652.782	  8
    2653.206	  8
    2653.658	  8
    2654.766	  8
    2655.054	  8
    2656.456	  8
    2657.490	  8
    2657.850	  8
    2658.158	  8
    2658.580	  8
    2659.090	  8
    2659.750	  8
    2660.428	  8
    2660.782	  8
    2661.378	  8
    2661.682	  8
    2662.640	  8
    2663.964	 53
    2663.974	 20
    2663.974	 27
    2667.560	  8
    2683.994	 52
    2684.004	 17
    2687.192	  7
    2687.876	  7
    2708.640	  8
    2718.268	  8
    2718.350	  8
    2719.520	  8
    2727.222	  8
    2727.538	  8
    2750.416	  8
    2750.514	  8
    2757.176	  8
    2760.130	  8
    2763.840	  8
    2766.430	  8
    2766.968	  8
    2767.542	  8
    2775.290	  8
    2775.732	  8
    2776.644	  8
    2777.026	  8
    2781.942	  8
    2782.294	  8
    2783.136	  8
    2784.006	  8
    2787.726	  8
    2787.888	  8
    2792.352	  8
    2796.902	  8
    2801.366	  8
    2801.790	  8
    2802.380	  8
    2803.108	  8
    2803.604	  8
    2804.004	 53
    2804.014	 20
    2804.014	 27
    2804.534	  8
    2804.882	  8
    2824.034	 52
    2824.044	 17
    2940.394	  8
    2940.708	  8
    2941.272	  8
    2941.844	  8
    2943.900	  8
    2944.004	  8
    2944.044	 53
    2944.054	 20
    2944.054	 27
    2964.074	 51
    2964.084	 10
    2967.086	  8
    2976.394	  7
    2976.552	  7
    2976.726	  7
    2977.308	  7
    2977.560	  7
    2977.788	  7
    2978.182	  7
    2978.636	  7
    2978.812	  7
    2978.996	  7
    2979.300	  7
    2980.194	  7
    2980.836	  7
    2981.884	  7
    2982.090	  7
    2982.564	  7
    2982.810	  7
    2983.138	  7
    2983.492	  7
    2983.886	  7
    2984.358	  7
    2984.660	  7
    2985.954	  7
    2986.140	  7
    2986.348	  7
    2987.252	  7
    2987.396	  7
    2987.548	  7
    2987.710	  7
    2987.858	  7
    2988.024	  7
    2988.184	  7
    2988.700	  7
    2988.874	  7
    2989.000	  7
    2989.516	  7
    2989.708	  7
    2991.212	  7
    2991.346	  7
    2991.482	  7
    2991.634	  7
    2991.778	  7
    2991.946	  7
    2992.102	  7
    2992.258	  7
    2992.386	  7
    2992.520	  7
    2992.660	  7
    2992.814	  7
    2992.968	  7
    2993.134	  7
    2993.438	  7
    2993.580	  7
    2993.718	  7
    2993.858	  7
    2993.992	  7
    2994.116	  7
    2994.250	  7
    2994.410	  7
    2994.562	  7
    2994.706	  7
    2994.870	  7
    2994.990	  7
    2995.130	  7
    2995.278	  7
    2995.428	  7
    2995.554	  7
    2995.696	  7
    2995.842	  7
    2996.218	  7
    2996.472	  7
    2997.354	  7
    2997.586	  7
    2998.244	  7
    2998.390	  7
    2998.540	  7
    2998.692	  7
    2998.830	  7
    2998.992	  7
    2999.150	  7
    2999.460	  7
    2999.582	  7
    3000.008	  7
    3000.222	  7
    3000.360	  7
    3000.634	  7
    3000.770	  7
    3000.922	  7
    3001.062	  7
    3001.188	  7
    3001.316	  7
    3001.482	  7
    3001.616	  7
    3001.756	  7
    3001.900	  7
    3002.638	  7
    3002.836	  7
    3003.722	  7
    3003.872	  7
    3004.044	  7
    3004.206	  7
    3004.346	  7
    3004.484	  7
    3004.606	  7
    3004.746	  7
    3004.892	  7
    3005.024	  7
    3005.166	  7
    3005.344	  7
    3005.474	  7
    3005.622	  7
    3005.750	  7
    3005.892	  7
    3006.042	  7
    3006.178	  7
    3006.322	  7
    3006.450	  7
    3006.640	  7
    3006.790	  7
    3006.930	  7
    3007.076	  7
    3007.220	  7
    3007.388	  7
    3008.306	  8
    3008.480	  8
    3009.066	  8
    3009.822	  8
    3010.046	  8
    3010.412	  8
    3010.812	  8
    3010.880	  8
    3011.392	  8
    3012.114	  8
    3012.580	  8
    3012.728	  8
    3013.830	  8
    3014.226	  8
    3014.566	  8
    3014.942	  8
    3015.146	  8
    3015.344	  8
    3016.114	  8
    3016.300	  8
    3016.842	  8
    3016.988	  8
    3017.214	  8
    3017.304	  8
    3017.768	  8
    3018.418	  8
    3019.028	  8
    3020.062	  8
    3020.322	  8
    3020.848	  8
    3022.026	  8
    3022.310	  8
    3023.236	  8
    3023.522	  8
    3024.084	 53
    3024.690	  8
    3024.690	 20
    3024.690	 27
    3024.700	 28
    3024.700	 19
    3024.800	 29
    3024.970	  9
    3026.746	  8
    3044.820	 51
    3044.830	 10
    3082.950	  8
    3084.712	  8
    3085.474	  8
    3086.984	  8
    3087.228	  8
    3088.008	  8
    3088.414	  8
    3089.248	  8
    3089.716	  8
    3090.350	  8
    3091.670	  8
    3092.158	  8
    3092.732	  8
    3093.302	  8
    3093.762	  8
    3094.304	  8
    3095.532	  8
    3095.988	  8
    3097.150	  8
    3097.348	  8
    3098.476	  8
    3099.034	  8
    3100.152	  8
    3100.356	  8
    3101.046	  8
    3101.284	  8
    3102.074	  8
    3102.104	  8
    3102.438	  8
    3102.650	  8
    3103.328	  8
    3103.766	  8
    3104.830	 53
    3105.336	  8
    3105.336	 20
    3105.336	 27
    3105.346	 28
    3105.346	 19
    3105.446	 29
    3105.540	  8
    3105.616	  9
    3107.220	  8
    3125.466	 50
    3125.476	 18
    3144.584	  8
    3147.446	  8
    3147.802	  8
    3148.594	  8
    3148.956	  8
    3149.298	  8
    3152.826	  8
    3152.914	  8
    3153.152	  8
    3153.408	  8
    3153.856	  8
    3154.576	  8
    3155.476	 53
    3155.544	  8
    3155.544	 20
    3155.544	 27
    3155.554	 28
    3155.554	 19
    3155.654	 29
    3155.730	  8
    3155.822	  9
    3175.674	 51
    3175.684	 10
    3185.114	  7
    3185.386	  7
    3185.614	  7
    3185.844	  7
    3190.114	  7
    3190.478	  7
    3190.960	  7
    3191.204	  7
    3191.610	  7
    3192.674	  7
    3193.016	  7
    3193.140	  7
    3194.274	  7
    3194.436	  7
    3194.590	  7
    3194.758	  7
    3194.910	  7
    3195.070	  7
    3195.230	  7
    3195.578	  7
    3195.748	  7
    3195.912	  7
    3196.076	  7
    3196.228	  7
    3196.362	  7
    3196.508	  7
    3196.666	  7
    3196.824	  7
    3196.994	  7
    3197.138	  7
    3197.274	  7
    3197.410	  7
    3197.558	  7
    3197.696	  7
    3197.862	  7
    3198.016	  7
    3198.174	  7
    3198.328	  7
    3198.486	  7
    3198.624	  7
    3198.756	  7
    3198.892	  7
    3199.046	  7
    3199.176	  7
    3199.308	  7
    3199.452	  7
    3200.022	  7
    3200.260	  7
    3201.140	  7
    3201.262	  7
    3201.422	  7
    3201.554	  7
    3201.694	  7
    3201.892	  7
    3202.050	  7
    3202.186	  7
    3202.322	  7
    3202.460	  7
    3202.584	  7
    3202.712	  7
    3202.852	  7
    3203.002	  7
    3203.150	  7
    3203.280	  7
    3203.400	  7
    3203.540	  7
    3203.704	  7
    3203.872	  7
    3204.002	  7
    3204.146	  7
    3204.264	  7
    3204.402	  7
    3204.536	  7
    3204.684	  7
    3204.820	  7
    3204.968	  7
    3205.102	  7
    3205.238	  7
    3205.376	  7
    3205.546	  7
    3205.910	  7
    3206.154	  7
    3206.902	  7
    3207.046	  7
    3207.184	  7
    3207.314	  7
    3207.436	  7
    3207.574	  7
    3207.728	  7
    3207.850	  7
    3207.982	  7
    3208.128	  7
    3208.284	  7
    3208.428	  7
    3208.548	  7
    3208.698	  7
    3208.832	  7
    3208.980	  7
    3209.138	  7
    3209.780	  7
    3210.378	  7
    3211.288	  7
    3211.414	  7
    3211.544	  7
    3211.686	  7
    3211.826	  7
    3211.944	  7
    3212.080	  7
    3212.216	  7
    3212.350	  7
    3212.476	  7
    3212.624	  7
    3212.760	  7
    3212.884	  7
    3213.024	  7
    3213.692	  7
    3213.898	  7
    3214.924	  7
    3215.054	  7
    3215.184	  7
    3215.332	  7
    3215.478	  7
    3215.598	  7
    3215.728	  7
    3215.852	  7
    3216.024	  7
    3216.160	  7
    3216.318	  7
    3216.448	  7
    3216.580	  7
    3216.722	  7
    3216.874	  7
    3217.024	  7
    3217.170	  7
    3217.300	  7
    3217.438	  7
    3217.624	  7
    3217.774	  7
    3217.914	  7
    3218.062	  7
    3218.198	  7
    3218.352	  7
    3218.510	  7
    3218.662	  7
    3218.826	  7
    3218.982	  7
    3219.150	  7
    3219.314	  7
    3219.482	  7
    3219.632	  7
    3219.778	  7
    3219.918	  7
    3220.060	  7
    3220.206	  7
    3220.350	  7
    3220.766	  7
    3228.668	  8
    3229.132	  8
    3229.846	  8
    3229.940	  8
    3231.218	  8
    3231.930	  8
    3232.260	  8
    3233.048	  8
    3233.734	  8
    3234.592	  8
    3234.800	  8
    3235.292	  8
    3235.684	 53
    3235.700	  8
    3235.700	 20
    3235.700	 27
    3235.710	 28
    3235.710	 19
    3235.810	 29
    3235.914	  8
    3235.978	  9
    3237.604	  8
    3238.314	  8
    3255.830	 51
    3255.840	 10
    3271.678	  8
    3276.402	  8
    3276.594	  8
    3277.066	  8
    3278.344	  8
    3278.922	  8
    3279.562	  8
    3279.904	  8
    3280.666	  8
    3281.446	  8
    3283.966	  8
    3284.226	  8
    3285.394	  8
    3286.136	  8
    3286.528	  8
    3286.974	  8
    3287.424	  8
    3287.572	  8
    3287.646	  8
    3287.964	  8
    3288.266	  8
    3289.582	  8
    3289.778	  8
    3290.172	  8
    3290.840	  8
    3291.138	  8
    3291.524	  8
    3292.222	  8
    3292.524	  8
    3293.066	  8
    3293.694	  8
    3295.526	  8
    3296.210	  8
    3296.446	  8
    3297.560	  8
    3297.686	  8
    3298.316	  8
    3298.596	  8
    3298.792	  8
    3299.078	  8
    3299.368	  8
    3299.620	  8
    3300.260	  8
    3300.586	  8
    3301.054	  8
    3301.192	  8
    3301.250	  8
    3301.598	  8
    3303.336	  8
    3303.952	  8
    3304.172	  8
    3304.328	  8
    3304.660	  8
    3305.166	  8
    3305.496	  8
    3306.340	  8
    3306.620	  8
    3307.416	  8
    3307.666	  8
    3308.168	  8
    3308.388	  8
    3308.650	  8
    3309.728	  8
    3310.002	  8
    3310.110	  8
    3310.476	  8
    3310.814	  8
    3311.156	  8
    3311.418	  8
    3311.792	  8
    3311.848	  8
    3311.910	  8
    3312.520	  8
    3313.682	  8
    3313.930	  8
    3314.388	  8
    3314.524	  8
    3314.732	  8
    3315.414	  8
    3315.480	  8
    3315.840	 53
    3316.056	  8
    3316.056	 20
    3316.056	 27
    3316.066	 28
    3316.066	 19
    3316.166	 29
    3316.178	  8
    3316.334	  9
    3316.340	  8
    3336.186	 52
    3336.196	 17
    3366.894	  7
    3368.124	  7
    3368.434	  7
    3374.666	  7
    3377.372	  7
    3377.722	  7
    3378.044	  7
    3378.804	  7
    3379.006	  7
    3380.914	  7
    3381.092	  7
    3381.296	  7
    3381.518	  7
    3382.032	  7
    3382.354	  7
    3383.556	  7
    3384.638	  7
    3384.800	  7
    3385.014	  7
    3385.126	  7
    3385.324	  7
    3386.214	  7
    3386.330	  7
    3386.478	  7
    3386.622	  7
    3386.780	  7
    3386.922	  7
    3387.258	  7
    3387.614	  7
    3387.776	  7
    3387.962	  7
    3388.428	  7
    3388.798	  7
    3389.980	  7
    3390.120	  7
    3390.284	  7
    3390.426	  7
    3390.576	  7
    3390.720	  7
    3390.864	  7
    3391.018	  7
    3391.172	  7
    3391.328	  7
    3391.472	  7
    3391.626	  7
    3391.754	  7
    3391.896	  7
    3392.036	  7
    3392.186	  7
    3392.336	  7
    3392.508	  7
    3392.686	  7
    3393.050	  7
    3393.584	  7
    3393.696	  7
    3393.846	  7
    3394.000	  7
    3394.134	  7
    3394.624	  7
    3394.780	  7
    3395.216	  7
    3395.832	  7
    3395.962	  7
    3396.104	  7
    3396.240	  7
    3396.390	  7
    3396.522	  7
    3396.662	  7
    3396.808	  7
    3396.966	  7
    3397.088	  7
    3397.236	  7
    3397.370	  7
    3397.532	  7
    3397.674	  7
    3397.814	  7
    3397.954	  7
    3398.094	  7
    3398.254	  7
    3398.388	  7
    3398.532	  7
    3398.684	  7
    3398.822	  7
    3398.956	  7
    3399.076	  7
    3399.228	  7
    3399.372	  7
    3399.518	  7
    3399.648	  7
    3399.792	  7
    3400.532	  7
    3400.722	  7
    3400.952	  7
    3402.468	  7
    3402.634	  7
    3440.714	  8
    3453.594	  8
    3456.196	 53
    3456.206	 20
    3456.206	 27
    3469.490	  8
    3476.226	 51
    3476.236	 10
    3481.714	  7
    3493.084	  7
    3494.710	  7
    3498.898	  7
    3501.772	  7
    3501.964	  7
    3504.652	  7
    3506.436	  7
    3506.662	  7
    3506.866	  7
    3507.098	  7
    3510.398	  7
    3516.570	  7
    3516.620	  7
    3528.606	  7
    3528.774	  7
    3529.080	  7
    3529.750	  7
    3532.428	  7
    3532.622	  7
    3532.818	  7
    3533.268	  7
    3533.456	  7
    3536.236	 53
    3537.652	  8
    3537.652	 20
    3537.652	 27
    3537.662	 28
    3537.662	 19
    3537.762	 29
    3537.930	  9
    3538.636	  8
    3539.448	  8
    3540.204	  8
    3540.486	  8
    3540.630	  8
    3557.782	 52
    3557.792	 17
    3583.554	  7
    3585.584	  7
    3587.620	  7
    3587.858	  7
    3588.750	  7
    3591.066	  7
    3593.534	  7
    3593.910	  7
    3602.238	  7
    3603.134	  7
    3606.708	  7
    3607.090	  7
    3607.352	  7
    3607.834	  7
    3610.248	  7
    3611.062	  7
    3612.684	  7
    3612.882	  7
    3613.212	  7
    3613.648	  7
    3645.646	  7
    3645.874	  7
    3652.640	  8
    3652.852	  8
    3653.330	  8
    3654.680	  8
    3660.622	  8
    3660.906	  8
    3677.792	 53
    3677.802	 20
    3677.802	 27
    3682.640	  7
    3683.388	  7
    3684.592	  7
    3684.980	  7
    3687.938	  7
    3689.188	  7
    3689.644	  7
    3690.204	  7
    3690.668	  7
    3693.906	  7
    3694.298	  7
    3695.218	  7
    3697.822	 50
    3697.832	 18
    3701.972	  7
    3703.162	  7
    3703.376	  7
    3703.628	  7
    3705.964	  7
    3708.090	  7
    3708.312	  7
    3708.716	  7
    3708.964	  7
    3709.098	  7
    3709.470	  7
    3711.070	  7
    3711.300	  7
    3711.418	  7
    3711.668	  7
    3711.898	  7
    3712.162	  7
    3712.412	  7
    3714.462	  7
    3717.532	  7
    3717.816	  7
    3718.050	  7
    3718.640	  7
    3722.024	  7
    3722.250	  7
    3722.452	  7
    3722.754	  7
    3727.832	 53
    3737.818	  7
    3738.250	  7
    3738.668	  7
    3738.932	  7
    3739.362	  7
    3743.574	  8
    3743.574	 20
    3743.574	 27
    3743.584	 28
    3743.584	 19
    3743.684	 29
    3743.852	  9
    3745.858	  8
    3745.946	  8
    3746.088	  8
    3746.424	  8
    3746.924	  8
    3763.704	 51
    3763.714	 10
    3813.406	  8
    3813.708	  8
    3814.258	  8
    3818.070	  8
    3818.890	  8
    3820.342	  8
    3820.898	  8
    3821.362	  8
    3822.142	  8
    3822.620	  8
    3823.138	  8
    3823.608	  8
    3823.714	 53
    3824.162	  8
    3824.162	 20
    3824.162	 27
    3824.172	 28
    3824.172	 19
    3824.272	 29
    3824.440	  9
    3825.716	  8
    3844.292	 52
    3844.302	 17
    3869.704	  6
    3882.592	  7
    3884.346	  7
    3885.642	  7
    3888.562	  7
    3889.778	  7
    3893.260	  7
    3893.734	  7
    3894.166	  7
    3894.598	  7
    3894.864	  7
    3895.152	  7
    3895.816	  7
    3896.328	  7
    3897.584	  7
    3898.308	  7
    3898.464	  7
    3899.102	  7
    3899.556	  7
    3899.968	  7
    3900.650	  7
    3901.416	  7
    3901.562	  7
    3907.852	  7
    3911.552	  7
    3911.904	  7
    3912.154	  7
    3912.596	  7
    3912.812	  7
    3913.388	  7
    3933.678	  7
    3948.836	  7
    3949.032	  7
    3949.508	  7
    3950.704	  7
    3951.250	  7
    3951.500	  7
    3964.302	 53
    3964.312	 20
    3964.312	 27
    3984.332	 51
    3984.342	 10
    4030.304	  8
    4030.826	  8
    4031.592	  8
    4032.010	  8
    4032.184	  8
    4033.652	  8
    4034.004	  8
    4034.788	  8
    4035.684	  8
    4036.774	  8
    4037.220	  8
    4037.690	  8
    4038.040	  8
    4039.524	  8
    4040.122	  8
    4040.518	  8
    4040.714	  8
    4041.010	  8
    4041.426	  8
    4042.086	  8
    4042.660	  8
    4043.440	  8
    4043.886	  8
    4044.222	  8
    4044.342	 53
    4045.618	  8
    4045.618	 20
    4045.618	 27
    4045.628	 28
    4045.628	 19
    4045.728	 29
    4045.806	  8
    4045.898	  9
    4047.814	  8
    4047.988	  8
    4065.748	 51
    4065.758	 10
    4097.540	  8
    4102.374	  8
    4102.992	  8
    4103.098	  8
    4103.420	  8
    4104.254	  8
    4104.652	  8
    4105.376	  8
    4105.458	  8
    4106.482	  8
    4107.110	  8
    4107.312	  8
    4107.694	  8
    4108.114	  8
    4108.436	  8
    4109.166	  8
    4109.758	  8
    4110.700	  8
    4111.110	  8
    4111.946	  8
    4112.102	  8
    4112.752	  8
    4113.874	  8
    4114.096	  8
    4114.752	  8
    4114.976	  8
    4115.278	  8
    4115.758	  8
    4116.274	  8
    4116.618	  8
    4117.488	  8
    4117.564	  8
    4117.830	  8
    4119.318	  8
    4120.276	  8
    4121.014	  8
    4121.258	  8
    4121.610	  8
    4122.040	  8
    4122.196	  8
    4122.734	  8
    4122.838	  8
    4122.982	  8
    4124.796	  8
    4125.118	  8
    4125.652	  8
    4125.758	 53
    4125.852	  8
    4125.852	 20
    4125.852	 27
    4125.862	 28
    4125.862	 19
    4125.962	 29
    4126.090	  8
    4126.130	  9
    4128.842	  8
    4145.982	 51
    4145.992	 10
    4167.798	  8
    4173.698	  8
    4174.758	  8
    4177.428	  8
    4177.682	  8
    4178.120	  8
    4179.754	  8
    4179.956	  8
    4180.076	  8
    4180.514	  8
    4180.794	  8
    4181.418	  8
    4181.518	  8
    4182.182	  8
    4182.708	  8
    4183.246	  8
    4184.054	  8
    4184.362	  8
    4184.580	  8
    4185.048	  8
    4185.400	  8
    4185.674	  8
    4186.568	  8
    4186.960	  8
    4187.294	  8
    4187.636	  8
    4188.180	  8
    4188.352	  8
    4188.568	  8
    4188.828	  8
    4189.942	  8
    4190.134	  8
    4190.814	  8
    4191.176	  8
    4191.770	  8
    4192.032	  8
    4192.574	  8
    4192.944	  8
    4193.400	  8
    4193.674	  8
    4194.152	  8
    4194.680	  8
    4195.288	  8
    4195.744	  8
    4195.882	  8
    4197.586	  8
    4198.050	  8
    4198.676	  8
    4198.826	  8
    4199.960	  8
    4200.260	  8
    4200.932	  8
    4201.192	  8
    4202.212	  8
    4202.538	  8
    4203.502	  8
    4203.918	  8
    4204.140	  8
    4205.000	  8
    4205.220	  8
    4205.706	  8
    4205.992	 53
    4206.080	  8
    4206.080	 20
    4206.080	 27
    4206.090	 28
    4206.090	 19
    4206.190	 29
    4206.258	  8
    4206.358	  9
    4226.210	 52
    4226.220	 17
    4255.782	  7
    4256.092	  7
    4256.332	  7
    4256.448	  7
    4256.608	  7
    4256.668	  7
    4288.324	  7
    4289.724	  7
    4290.044	  7
    4293.156	  7
    4298.140	  7
    4303.980	  7
    4312.090	  7
    4320.266	  7
    4329.880	  7
    4340.102	  7
    4345.394	  7
    4346.220	 53
    4346.230	 20
    4346.230	 27
    4347.106	  7
    4347.348	  7
    4347.726	  7
    4366.250	 52
    4366.260	 17
    4393.198	  5
    4405.742	  7
    4406.558	  7
    4408.782	  7
    4410.562	  7
    4413.170	  7
    4413.426	  7
    4413.842	  7
    4414.268	  7
    4424.936	  7
    4428.946	  7
    4429.106	  7
    4429.338	  7
    4429.792	  7
    4430.402	  7
    4431.574	  7
    4431.794	  7
    4436.658	  7
    4453.132	  8
    4454.942	  8
    4455.422	  8
    4456.950	  8
    4457.270	  8
    4457.706	  8
    4458.048	  8
    4458.962	  8
    4459.582	  8
    4460.074	  8
    4460.304	  8
    4461.256	  8
    4461.706	  8
    4463.280	  8
    4463.748	  8
    4463.964	  8
    4465.080	  8
    4465.532	  8
    4466.282	  8
    4466.894	  8
    4467.376	  8
    4470.118	  8
    4470.420	  8
    4470.664	  8
    4471.634	  8
    4471.738	  8
    4472.560	  8
    4472.842	  8
    4473.440	  8
    4474.124	  8
    4475.548	  8
    4475.756	  8
    4476.546	  8
    4476.828	  8
    4478.636	  8
    4478.950	  8
    4479.584	  8
    4480.884	  8
    4481.642	  8
    4481.970	  8
    4482.298	  8
    4483.048	  8
    4483.514	  8
    4485.416	  8
    4486.260	 53
    4486.270	 20
    4486.270	 27
    4486.800	  8
    4487.018	  8
    4506.290	 51
    4506.300	 10
    4533.948	  7
    4536.968	  7
    4537.436	  7
    4543.404	  7
    4547.900	  7
    4548.500	  7
    4548.928	  7
    4550.224	  7
    4551.956	  7
    4559.716	  7
    4560.008	  7
    4560.174	  7
    4560.642	  7
    4560.884	  7
    4561.446	  7
    4566.172	  8
    4566.300	 53
    4566.800	  8
    4566.800	 20
    4566.800	 27
    4566.810	 28
    4566.810	 19
    4566.910	 29
    4567.080	  9
    4567.086	  8
    4569.816	  8
    4570.362	  8
    4586.930	 51
    4586.940	 10
    4628.752	  8
    4630.448	  8
    4630.978	  8
    4631.838	  8
    4632.098	  8
    4632.484	  8
    4634.094	  8
    4634.574	  8
    4634.906	  8
    4635.248	  8
    4636.122	  8
    4636.476	  8
    4637.086	  8
    4637.730	  8
    4638.000	  8
    4638.156	  8
    4638.520	  8
    4639.624	  8
    4639.798	  8
    4640.230	  8
    4640.388	  8
    4640.826	  8
    4641.242	  8
    4641.450	  8
    4641.768	  8
    4642.402	  8
    4642.748	  8
    4643.234	  8
    4643.446	  8
    4645.008	  8
    4645.280	  8
    4645.694	  8
    4645.938	  8
    4646.058	  8
    4646.358	  8
    4646.654	  8
    4646.940	 53
    4647.380	  8
    4647.380	 20
    4647.380	 27
    4647.390	 28
    4647.390	 19
    4647.490	 29
    4647.542	  8
    4647.658	  9
    4650.310	  8
    4651.018	  8
    4667.510	 52
    4667.520	 17
    4703.950	  8
    4704.282	  8
    4726.684	  7
    4727.818	  7
    4728.422	  7
    4729.546	  7
    4729.912	  7
    4732.170	  7
    4732.630	  7
    4735.320	  7
    4740.654	  7
    4742.942	  7
    4743.168	  7
    4743.518	  7
    4744.138	  7
    4744.688	  7
    4745.162	  7
    4751.176	  7
    4755.034	  7
    4755.292	  7
    4755.508	  7
    4755.830	  7
    4756.198	  7
    4765.124	  7
    4787.520	 53
    4787.530	 20
    4787.530	 27
    4790.750	  7
    4790.910	  7
    4792.502	  7
    4792.924	  7
    4794.472	  7
    4807.550	 52
    4807.560	 17
    4809.116	  7
    4809.850	  7
    4817.850	  7
    4818.494	  7
    4819.104	  7
    4819.258	  7
    4819.440	  7
    4821.506	  7
    4830.862	  7
    4834.146	  7
    4834.680	  7
    4834.868	  7
    4835.086	  7
    4835.466	  7
    4855.458	  7
    4856.964	  7
    4857.252	  7
    4868.062	  7
    4868.274	  7
    4868.612	  7
    4869.968	  7
    4870.228	  7
    4871.210	  7
    4871.478	  7
    4871.738	  7
    4872.106	  7
    4874.444	  7
    4875.436	  7
    4876.132	  7
    4876.698	  7
    4876.960	  7
    4877.388	  7
    4879.910	  7
    4888.680	  7
    4893.846	  7
    4895.576	  8
    4897.726	  8
    4898.008	  8
    4898.598	  8
    4899.234	  8
    4900.120	  8
    4900.552	  8
    4900.710	  8
    4900.802	  8
    4901.874	  8
    4902.306	  8
    4903.102	  8
    4903.256	  8
    4904.182	  8
    4905.760	  8
    4906.506	  8
    4907.104	  8
    4907.504	  8
    4908.304	  8
    4908.488	  8
    4909.526	  8
    4910.112	  8
    4910.214	  8
    4910.370	  8
    4910.812	  8
    4911.550	  8
    4911.838	  8
    4913.112	  8
    4913.352	  8
    4914.148	  8
    4914.880	  8
    4914.942	  8
    4916.606	  8
    4917.696	  8
    4917.916	  8
    4918.282	  8
    4918.658	  8
    4919.088	  8
    4920.294	  8
    4920.514	  8
    4921.234	  8
    4921.914	  8
    4922.426	  8
    4922.586	  8
    4923.096	  8
    4923.588	  8
    4923.786	  8
    4925.272	  8
    4925.540	  8
    4925.720	  8
    4926.438	  8
    4927.560	 53
    4927.570	 20
    4927.570	 27
    4928.156	  8
    4928.498	  8
    4928.786	  8
    4947.590	 51
    4947.600	 10
    5007.600	 53
    5009.502	  8
    5009.502	 20
    5009.502	 27
    5009.512	 28
    5009.512	 19
    5009.612	 29
    5009.732	  8
    5009.782	  9
    5029.632	 51
    5029.642	 10
    5072.712	  8
    5072.970	  8
    5074.542	  8
    5076.932	  8
    5078.226	  8
    5080.686	  8
    5080.990	  8
    5081.946	  8
    5082.308	  8
    5082.348	  8
    5082.404	  8
    5083.054	  8
    5083.388	  8
    5084.210	  8
    5084.708	  8
    5085.056	  8
    5086.054	  8
    5087.922	  8
    5088.170	  8
    5088.936	  8
    5089.642	 53
    5090.624	  8
    5090.624	 20
    5090.624	 27
    5090.634	 28
    5090.634	 19
    5090.734	 29
    5090.904	  9
    5092.732	  8
    5110.754	 50
    5110.764	 18
    5124.212	  8
    5127.866	  8
    5128.294	  8
    5129.058	  8
    5129.566	  8
    5129.646	  8
    5130.770	  8
    5131.016	  8
    5131.176	  8
    5132.058	  8
    5135.030	  8
    5135.598	  8
    5135.748	  8
    5136.002	  8
    5136.902	  8
    5137.306	  8
    5137.556	  8
    5137.766	  8
    5138.048	  8
    5138.382	  8
    5138.430	  8
    5138.932	  8
    5139.154	  8
    5139.512	  8
    5140.080	  8
    5140.372	  8
    5140.764	 53
    5140.974	  8
    5140.974	 20
    5140.974	 27
    5140.984	 28
    5140.984	 19
    5141.084	 29
    5141.252	  9
    5161.104	 50
    5161.114	 18
    5186.726	  8
    5187.262	  8
    5187.444	  8
    5188.440	  8
    5190.994	  8
    5191.114	 53
    5191.690	  8
    5191.690	 20
    5191.690	 27
    5191.700	 28
    5191.700	 19
    5191.800	 29
    5191.968	  9
    5193.044	  8
    5211.820	 52
    5211.830	 17
    5238.806	  7
    5238.972	  7
    5258.128	  7
    5258.266	  7
    5260.654	  8
    5261.236	  8
    5270.050	  7
    5270.256	  7
    5271.480	  7
    5272.042	  7
    5278.054	  7
    5282.716	  7
    5282.922	  7
    5283.334	  7
    5283.712	  7
    5284.274	  7
    5285.998	  7
    5286.276	  7
    5286.726	  7
    5291.014	  7
    5292.614	  7
    5293.462	  7
    5293.728	  7
    5294.214	  7
    5294.262	  7
    5304.940	  7
    5305.258	  7
    5309.870	  7
    5313.978	  7
    5314.388	  7
    5331.830	 53
    5331.840	 20
    5331.840	 27
    5351.860	 51
    5351.870	 10
    5368.254	  8
    5370.158	  8
    5373.956	  8
    5375.062	  8
    5375.716	  8
    5376.192	  8
    5377.460	  8
    5379.958	  8
    5380.304	  8
    5381.034	  8
    5381.766	  8
    5381.822	  8
    5382.424	  8
    5383.504	  8
    5384.358	  8
    5384.842	  8
    5386.084	  8
    5386.730	  8
    5387.252	  8
    5388.128	  8
    5388.270	  8
    5388.726	  8
    5389.072	  8
    5389.566	  8
    5390.028	  8
    5390.342	  8
    5391.580	  8
    5391.746	  8
    5392.498	  8
    5392.832	  8
    5392.894	  8
    5393.420	  8
    5394.004	  8
    5394.172	  8
    5394.508	  8
    5395.342	  8
    5395.698	  8
    5396.146	  8
    5396.368	  8
    5397.882	  8
    5398.122	  8
    5398.412	  8
    5399.444	  8
    5399.926	  8
    5400.096	  8
    5400.752	  8
    5401.076	  8
    5402.662	  8
    5403.748	  8
    5404.086	  8
    5404.724	  8
    5405.504	  8
    5405.996	  8
    5406.670	  8
    5406.882	  8
    5407.030	  8
    5407.390	  8
    5409.852	  8
    5410.172	  8
    5410.906	  8
    5411.124	  8
    5411.284	  8
    5411.370	  8
    5411.618	  8
    5411.870	 53
    5411.950	  8
    5411.950	 20
    5411.950	 27
    5411.960	 28
    5411.960	 19
    5412.060	 29
    5412.152	  8
    5412.230	  9
    5414.288	  8
    5432.080	 51
    5432.090	 10
    5492.060	  8
    5492.090	 53
    5493.888	  8
    5493.888	 20
    5493.888	 27
    5493.898	 28
    5493.898	 19
    5493.998	 29
    5494.138	  8
    5494.166	  9
    5514.018	 51
    5514.028	 10
    5537.782	  8
    5538.634	  8
    5540.800	  8
    5546.586	  8
    5546.974	  8
    5548.266	  8
    5549.294	  8
    5550.298	  8
    5551.472	  8
    5553.028	  8
    5553.504	  8
    5554.288	  8
    5554.570	  8
    5554.872	  8
    5555.202	  8
    5556.588	  8
    5556.810	  8
    5557.526	  8
    5557.772	  8
    5558.266	  8
    5558.726	  8
    5559.002	  8
    5559.132	  8
    5559.678	  8
    5560.378	  8
    5561.132	  8
    5561.590	  8
    5563.022	  8
    5563.180	  8
    5563.822	  8
    5564.056	  8
    5564.494	  8
    5565.244	  8
    5565.708	  8
    5565.918	  8
    5566.680	  8
    5566.866	  8
    5568.620	  8
    5569.562	  8
    5569.756	  8
    5570.124	  8
    5570.918	  8
    5571.080	  8
    5571.772	  8
    5572.072	  8
    5574.028	 53
    5574.434	  8
    5574.434	 20
    5574.434	 27
    5574.444	 28
    5574.444	 19
    5574.544	 29
    5574.660	  8
    5574.712	  9
    5576.840	  8
    5577.128	  8
    5594.564	 52
    5594.574	 17
    5668.458	  8
    5689.676	  8
    5689.910	  8
    5692.314	  8
    5692.940	  8
    5699.600	  8
    5699.808	  8
    5714.260	  8
    5714.574	 53
    5714.584	 20
    5714.584	 27
    5714.594	 61
