      20.010	 51
      20.020	 18
      22.242	  8
      22.348	  8
      43.206	  8
      43.408	  8
      55.064	  7
      57.700	  8
      74.382	  6
      80.020	 53
     108.072	  8
     108.072	 20
     108.072	 27
     108.082	 28
     108.082	 19
     108.182	 29
     108.310	  8
     108.344	  9
     110.372	  8
     128.202	 52
     128.212	 10
     131.208	  8
     131.644	  8
     174.792	  8
     174.986	  8
     175.380	  8
     175.784	  8
     199.146	  8
     199.514	  8
     199.880	  8
     200.624	  8
     200.918	  8
     201.142	  8
     201.254	  8
     203.590	  8
     206.556	  8
     206.820	  8
     237.774	  8
     238.158	  8
     238.450	  8
     238.716	  8
     239.176	  8
     240.236	  8
     245.002	  8
     245.504	  8
     246.300	  8
     246.910	  8
     247.490	  8
     247.734	  8
     248.174	  8
     248.212	 53
     248.620	  8
     248.620	 20
     248.620	 27
     248.630	 28
     248.630	 19
     248.730	 29
     248.892	  9
     248.970	  8
     250.368	  8
     259.116	  6
     268.750	 52
     268.760	 10
     304.934	  8
     305.506	  8
     305.790	  8
     306.956	  8
     309.928	  8
     320.478	  8
     320.534	  8
     336.786	  8
     337.000	  8
     337.508	  8
     337.808	  8
     362.970	  8
     363.262	  8
     363.950	  8
     364.042	  8
     364.254	  8
     364.934	  8
     365.598	  8
     365.918	  8
     366.852	  8
     367.356	  8
     367.710	  8
     367.862	  8
     368.076	  8
     368.246	  8
     368.472	  8
     368.950	  8
     384.062	  8
     384.196	  8
     384.790	  8
     385.380	  8
     385.722	  8
     385.804	  8
     386.240	  8
     386.614	  8
     386.906	  8
     387.350	  8
     387.438	  8
     387.670	  8
     388.466	  8
     388.720	  8
     388.760	 53
     389.072	  8
     389.072	 20
     389.072	 27
     389.082	 28
     389.082	 19
     389.182	 29
     389.316	  8
     389.344	  9
     396.800	  7
     396.938	  7
     397.174	  7
     397.372	  7
     399.904	  7
     400.826	  7
     404.792	  7
     409.202	 50
     409.212	 17
     409.690	  7
     409.930	  7
     410.532	  7
     416.324	  7
     418.620	  7
     419.014	  7
     424.358	  7
     427.868	  7
     432.166	  7
     433.424	  7
     437.730	  8
     438.508	  8
     438.612	  8
     439.212	 53
     439.222	 20
     439.222	 27
     439.520	  8
     445.748	  7
     445.900	  7
     446.142	  7
     450.364	  7
     452.690	  7
     452.846	  7
     459.242	 50
     459.252	 17
     467.402	  5
     468.674	  5
     473.272	  8
     473.476	  8
     476.108	  8
     477.186	  8
     478.410	  8
     478.622	  8
     479.056	  8
     479.682	  8
     479.844	  8
     480.012	  8
     480.232	  8
     480.414	  8
     480.584	  8
     481.194	  8
     481.482	  8
     481.772	  8
     483.030	  8
     483.776	  8
     484.028	  8
     484.550	  8
     484.812	  8
     485.102	  8
     485.320	  8
     485.590	  8
     486.256	  8
     487.990	  8
     488.356	  8
     489.012	  8
     489.252	 53
     489.262	 20
     489.262	 27
     489.454	  8
     490.216	  8
     491.104	  8
     491.470	  8
     491.708	  8
     491.922	  8
     492.220	  8
     493.992	  8
     494.114	  8
     494.596	  8
     495.224	  8
     496.050	  8
     496.268	  8
     496.522	  8
     498.168	  8
     498.776	  8
     498.988	  8
     499.786	  8
     509.282	 50
     509.292	 17
     513.480	  7
     513.604	  7
     513.770	  7
     513.950	  7
     517.332	  7
     522.916	  8
     523.366	  8
     523.946	  8
     524.654	  8
     525.056	  8
     525.540	  8
     525.864	  8
     526.272	  8
     526.580	  8
     528.102	  8
     529.606	  8
     530.278	  8
     530.514	  8
     530.774	  8
     530.902	  8
     539.292	 53
     539.302	 20
     539.302	 27
     559.322	 51
     559.332	 18
     567.192	  8
     575.150	  8
     575.478	  8
     583.848	  8
     584.150	  8
     584.750	  8
     585.064	  8
     585.638	  8
     585.828	  8
     586.250	  8
     586.404	  8
     586.926	  8
     587.072	  8
     587.760	  8
     588.388	  8
     588.746	  8
     589.032	  8
     591.044	  8
     594.934	  8
     595.124	  8
     595.498	  8
     595.814	  8
     595.998	  8
     596.430	  8
     596.568	  8
     596.964	  8
     597.308	  8
     598.088	  8
     598.432	  8
     598.688	  8
     599.038	  8
     599.068	  8
     599.300	  8
     601.258	  8
     601.500	  8
     602.492	  8
     602.684	  8
     602.846	  8
     603.146	  8
     603.276	  8
     603.582	  8
     603.834	  8
     603.938	  8
     604.096	  8
     604.592	  8
     604.654	  8
     606.346	  8
     606.696	  8
     606.792	  8
     607.008	  8
     612.090	  8
     612.370	  8
     612.980	  8
     613.444	  8
     613.634	  8
     613.932	  8
     614.462	  8
     614.724	  8
     615.382	  8
     615.880	  8
     616.204	  8
     616.628	  8
     616.890	  8
     617.454	  8
     617.962	  8
     618.172	  8
     618.458	  8
     618.578	  8
     618.956	  8
     619.120	  8
     619.302	  8
     619.332	 53
     619.648	  8
     619.648	 20
     619.648	 27
     619.658	 28
     619.658	 19
     619.758	 29
     619.886	  8
     619.922	  9
     621.378	  8
     627.562	  7
     628.296	  7
     628.428	  7
     632.904	  7
     635.872	  7
     636.110	  7
     639.778	 51
     639.788	 18
     639.964	  7
     643.622	  7
     643.726	  7
     643.906	  7
     644.250	  7
     644.412	  7
     644.632	  7
     644.780	  7
     645.402	  7
     646.024	  7
     646.530	  7
     652.048	  8
     655.698	  8
     674.582	  8
     674.768	  8
     675.546	  8
     676.032	  8
     676.496	  8
     676.708	  8
     684.064	  8
     699.788	 53
     715.520	  8
     715.520	 20
     715.520	 27
     715.530	 28
     715.530	 19
     715.630	 29
     715.792	  9
     715.848	  8
     728.566	  8
     735.650	 50
     735.660	 17
     756.454	  8
     756.972	  8
     757.700	  8
     758.362	  8
     758.744	  8
     760.158	  8
     761.470	  8
     765.280	  8
     765.384	  8
     765.660	 53
     765.670	 20
     765.670	 27
     766.596	  8
     767.262	  8
     785.690	 52
     785.700	 10
     792.898	  7
     793.016	  7
     793.308	  7
     793.492	  7
     794.072	  7
     794.238	  7
     824.444	  8
     824.750	  8
     825.954	  8
     826.898	  8
     827.574	  8
     828.406	  8
     829.272	  8
     829.540	  8
     829.598	  8
     830.010	  8
     831.380	  8
     831.738	  8
     832.078	  8
     832.238	  8
     832.612	  8
     833.080	  8
     833.196	  8
     833.334	  8
     846.978	  8
     847.276	  8
     847.590	  8
     847.930	  8
     848.536	  8
     849.108	  8
     849.710	  8
     850.360	  8
     850.596	  8
     851.124	  8
     851.500	  8
     851.584	  8
     851.880	  8
     852.728	  8
     853.648	  8
     854.108	  8
     854.396	  8
     854.856	  8
     855.474	  8
     855.800	  8
     856.132	  8
     856.466	  8
     857.570	  8
     857.818	  8
     860.646	  8
     861.148	  8
     862.226	  8
     862.406	  8
     862.916	  8
     863.048	  8
     863.990	  8
     865.056	  8
     865.340	  8
     865.530	  8
     865.832	  8
     866.866	  8
     867.314	  8
     867.562	  8
     867.918	  8
     868.146	  8
     868.522	  8
     868.990	  8
     869.206	  8
     872.000	  8
     872.184	  8
     872.860	  8
     873.446	  8
     873.974	  8
     874.418	  8
     874.930	  8
     875.590	  8
     875.896	  8
     876.268	  8
     876.474	  8
     876.626	  8
     876.784	  8
     877.202	  8
     877.944	  8
     879.102	  8
     879.340	  8
     879.462	  8
     879.714	  8
     879.886	  8
     880.066	  8
     884.174	  8
     884.366	  8
     884.888	  8
     885.012	  8
     885.480	  8
     885.842	  8
     886.186	  8
     886.576	  8
     886.862	  8
     887.286	  8
     887.594	  8
     888.858	  8
     890.568	  8
     890.802	  8
     891.112	  8
     891.346	  8
     891.508	  8
     891.626	  8
     892.064	  8
     892.386	  8
     893.740	  8
     894.060	  8
     894.452	  8
     895.046	  8
     900.524	  8
     900.842	  8
     901.402	  8
     901.622	  8
     903.460	  8
     903.724	  8
     904.014	  8
     904.070	  8
     904.310	  8
     904.568	  8
     904.814	  8
     905.278	  8
     905.596	  8
     905.700	 53
     906.484	  8
     906.484	 20
     906.484	 27
     906.494	 28
     906.494	 19
     906.594	 29
     906.756	  9
     906.808	  8
     926.614	 52
     926.624	 10
     929.092	  5
     955.842	  8
     956.260	  8
     956.944	  8
     957.374	  8
     957.820	  8
     958.016	  8
     958.610	  8
     959.142	  8
     960.940	  8
     961.244	  8
     961.512	  8
     962.094	  8
     962.158	  8
     962.436	  8
     963.756	  8
     963.832	  8
     964.998	  8
     965.588	  8
     993.648	  8
     994.074	  8
     994.312	  8
     994.846	  8
     995.276	  8
     995.732	  8
     997.516	  8
     998.366	  8
     998.768	  8
     998.984	  8
     999.332	  8
     999.720	  8
    1000.330	  8
    1000.716	  8
    1003.314	  8
    1003.490	  8
    1003.760	  8
    1004.180	  8
    1004.594	  8
    1005.280	  8
    1006.436	  8
    1006.842	  8
    1007.194	  8
    1007.580	  8
    1008.332	  8
    1008.424	  8
    1008.972	  8
    1009.648	  8
    1010.186	  8
    1011.534	  8
    1011.860	  8
    1012.670	  8
    1013.284	  8
    1013.412	  8
    1013.936	  8
    1014.736	  8
    1015.332	  8
    1015.926	  8
    1016.298	  8
    1016.622	  8
    1017.210	  8
    1018.392	  8
    1018.936	  8
    1020.058	  8
    1020.152	  8
    1021.646	  8
    1021.794	  8
    1022.100	  8
    1022.762	  8
    1023.534	  8
    1023.680	  8
    1024.594	  8
    1024.752	  8
    1025.166	  8
    1025.558	  8
    1025.784	  8
    1026.032	  8
    1026.350	  8
    1026.678	  8
    1027.902	  8
    1030.240	  8
    1030.294	  8
    1030.972	  8
    1031.144	  8
    1031.722	  8
    1032.802	  8
    1033.434	  8
    1033.648	  8
    1033.916	  8
    1034.424	  8
    1034.668	  8
    1034.708	  8
    1035.130	  8
    1035.450	  8
    1035.922	  8
    1036.144	  8
    1036.784	  8
    1038.524	  8
    1038.810	  8
    1039.396	  8
    1039.902	  8
    1040.156	  8
    1040.532	  8
    1041.298	  8
    1042.598	  8
    1043.012	  8
    1043.290	  8
    1043.426	  8
    1044.762	  8
    1046.624	 53
    1047.614	  8
    1047.614	 20
    1047.614	 27
    1047.624	 28
    1047.624	 19
    1047.724	 29
    1047.888	  9
    1047.894	  8
    1049.096	  8
    1055.612	  7
    1067.744	 52
    1067.754	 10
    1134.910	  8
    1136.232	  8
    1136.580	  8
    1137.328	  8
    1137.494	  8
    1137.860	  8
    1138.790	  8
    1139.054	  8
    1139.502	  8
    1139.856	  8
    1143.224	  8
    1143.406	  8
    1145.054	  8
    1145.426	  8
    1145.958	  8
    1146.428	  8
    1147.242	  8
    1147.350	  8
    1147.736	  8
    1149.384	  8
    1149.680	  8
    1149.724	  8
    1150.220	  8
    1150.704	  8
    1151.532	  8
    1151.810	  8
    1152.390	  8
    1152.942	  8
    1153.202	  8
    1153.506	  8
    1154.688	  8
    1156.120	  8
    1157.046	  8
    1157.362	  8
    1157.714	  8
    1158.020	  8
    1158.094	  8
    1158.406	  8
    1158.612	  8
    1159.248	  8
    1159.390	  8
    1159.826	  8
    1160.304	  8
    1161.028	  8
    1161.468	  8
    1162.956	  8
    1163.368	  8
    1163.820	  8
    1164.450	  8
    1164.930	  8
    1165.188	  8
    1166.002	  8
    1166.560	  8
    1166.906	  8
    1167.094	  8
    1167.780	  8
    1168.212	  8
    1168.772	  8
    1169.096	  8
    1170.172	  8
    1171.882	  8
    1172.138	  8
    1172.494	  8
    1172.672	  8
    1172.992	  8
    1174.348	  8
    1174.912	  8
    1175.468	  8
    1175.992	  8
    1176.144	  8
    1178.060	  8
    1178.222	  8
    1178.474	  8
    1179.108	  8
    1179.530	  8
    1179.944	  8
    1180.776	  8
    1181.078	  8
    1181.318	  8
    1181.642	  8
    1181.880	  8
    1182.160	  8
    1183.586	  8
    1184.176	  8
    1184.920	  8
    1185.460	  8
    1185.914	  8
    1186.220	  8
    1187.352	  8
    1187.528	  8
    1187.754	 53
    1188.064	  8
    1188.064	 20
    1188.064	 27
    1188.074	 28
    1188.074	 19
    1188.174	 29
    1188.298	  8
    1188.338	  9
    1208.194	 52
    1208.204	 10
    1257.642	  8
    1257.792	  8
    1258.756	  8
    1258.876	  8
    1259.462	  8
    1260.634	  8
    1261.036	  8
    1261.124	  8
    1261.212	  8
    1261.692	  8
    1261.880	  8
    1262.062	  8
    1262.790	  8
    1266.572	  8
    1267.026	  8
    1267.468	  8
    1268.056	  8
    1268.136	  8
    1268.328	  8
    1268.874	  8
    1269.844	  8
    1270.138	  8
    1271.138	  8
    1271.444	  8
    1271.720	  8
    1272.002	  8
    1272.088	  8
    1272.464	  8
    1274.810	  8
    1274.972	  8
    1275.190	  8
    1275.754	  8
    1276.258	  8
    1276.810	  8
    1291.196	  8
    1291.642	  8
    1292.552	  8
    1293.104	  8
    1293.428	  8
    1294.104	  8
    1294.564	  8
    1294.806	  8
    1295.388	  8
    1296.110	  8
    1296.682	  8
    1296.970	  8
    1297.290	  8
    1298.014	  8
    1299.056	  8
    1306.132	  8
    1306.474	  8
    1308.856	  8
    1309.766	  8
    1310.718	  8
    1310.948	  8
    1311.526	  8
    1312.340	  8
    1312.556	  8
    1312.630	  8
    1312.976	  8
    1313.610	  8
    1314.262	  8
    1314.388	  8
    1314.626	  8
    1315.220	  8
    1318.774	  8
    1319.422	  8
    1319.844	  8
    1320.212	  8
    1321.960	  8
    1322.532	  8
    1322.798	  8
    1322.908	  8
    1323.114	  8
    1323.396	  8
    1324.558	  8
    1325.374	  8
    1327.490	  8
    1327.748	  8
    1328.204	 53
    1328.396	  8
    1328.396	 20
    1328.396	 27
    1328.406	 28
    1328.406	 19
    1328.506	 29
    1328.670	  9
    1328.698	  8
    1348.526	 50
    1348.536	 17
    1378.536	 53
    1378.546	 20
    1378.546	 27
    1398.566	 51
    1398.576	 18
    1423.212	  8
    1423.924	  8
    1424.700	  8
    1424.952	  8
    1425.400	  8
    1426.478	  8
    1427.198	  8
    1427.622	  8
    1428.312	  8
    1429.764	  8
    1430.114	  8
    1430.568	  8
    1430.998	  8
    1431.884	  8
    1432.934	  8
    1433.282	  8
    1442.234	  8
    1458.576	 53
    1464.942	  8
    1464.942	 20
    1464.942	 27
    1464.952	 28
    1464.952	 19
    1465.052	 29
    1465.148	  8
    1465.216	  9
    1481.978	  7
    1485.072	 50
    1485.082	 17
    1489.714	  7
    1489.862	  7
    1490.052	  7
    1491.806	  7
    1496.558	  7
    1497.114	  7
    1504.178	  7
    1510.114	  7
    1515.082	 53
    1515.092	 20
    1515.092	 27
    1516.282	  7
    1523.396	  8
    1523.924	  8
    1524.450	  8
    1525.558	  8
    1525.944	  8
    1526.384	  8
    1527.076	  8
    1528.116	  8
    1528.434	  8
    1529.000	  8
    1529.396	  8
    1530.114	  8
    1530.380	  8
    1531.136	  8
    1531.906	  8
    1532.408	  8
    1532.702	  8
    1532.996	  8
    1533.290	  8
    1535.112	 50
    1535.122	 17
    1550.052	  8
    1550.582	  8
    1551.252	  8
    1552.226	  8
    1552.616	  8
    1552.830	  8
    1553.290	  8
    1554.744	  8
    1555.792	  8
    1556.390	  8
    1556.440	  8
    1556.792	  8
    1556.988	  8
    1557.356	  8
    1558.474	  8
    1560.314	  8
    1560.880	  8
    1561.312	  8
    1561.936	  8
    1564.186	  8
    1565.122	 53
    1565.132	 20
    1565.132	 27
    1566.184	  8
    1568.136	  8
    1568.304	  8
    1585.152	 51
    1585.162	 18
    1645.162	 53
    1648.660	  8
    1648.660	 20
    1648.660	 27
    1648.670	 28
    1648.670	 19
    1648.770	 29
    1648.878	  8
    1648.934	  9
    1650.268	  8
    1666.904	  7
    1667.100	  7
    1668.790	 50
    1668.800	 17
    1669.832	  7
    1670.002	  7
    1670.212	  7
    1670.572	  7
    1676.348	  7
    1676.574	  7
    1678.566	  7
    1680.530	  7
    1686.864	  7
    1689.378	  7
    1696.128	  7
    1698.800	 53
    1698.810	 20
    1698.810	 27
    1699.224	  8
    1699.584	  8
    1700.702	  8
    1704.494	  7
    1704.636	  7
    1707.346	  7
    1707.526	  7
    1713.038	  7
    1713.220	  7
    1713.454	  7
    1713.752	  7
    1715.256	  7
    1718.830	 51
    1718.840	 18
    1744.768	  8
    1745.018	  8
    1745.574	  8
    1746.394	  8
    1746.722	  8
    1746.964	  8
    1747.376	  8
    1748.022	  8
    1748.854	  8
    1749.230	  8
    1749.460	  8
    1749.948	  8
    1750.192	  8
    1750.452	  8
    1750.656	  8
    1751.426	  8
    1751.730	  8
    1753.000	  8
    1753.084	  8
    1753.182	  8
    1753.606	  8
    1754.014	  8
    1754.410	  8
    1754.838	  8
    1755.030	  8
    1756.288	  8
    1757.404	  8
    1757.942	  8
    1758.108	  8
    1758.344	  8
    1758.570	  8
    1758.968	  8
    1759.202	  8
    1759.258	  8
    1759.610	  8
    1760.570	  8
    1761.164	  8
    1764.220	  8
    1764.352	  8
    1765.090	  8
    1765.770	  8
    1768.478	  8
    1769.208	  8
    1769.448	  8
    1769.878	  8
    1770.276	  8
    1771.142	  8
    1772.408	  8
    1773.328	  8
    1778.840	 53
    1790.362	  8
    1790.362	 20
    1790.362	 27
    1790.372	 28
    1790.372	 19
    1790.472	 29
    1790.588	  8
    1790.636	  9
    1810.492	 52
    1810.502	 10
    1890.708	  8
    1891.046	  8
    1891.656	  8
    1891.966	  8
    1892.360	  8
    1892.724	  8
    1893.094	  8
    1893.414	  8
    1893.704	  8
    1894.298	  8
    1895.386	  8
    1895.544	  8
    1895.732	  8
    1896.810	  8
    1897.066	  8
    1897.498	  8
    1898.616	  8
    1898.928	  8
    1899.500	  8
    1899.584	  8
    1901.208	  8
    1915.636	  8
    1916.560	  8
    1917.648	  8
    1917.838	  8
    1918.362	  8
    1919.006	  8
    1929.974	  8
    1930.438	  8
    1930.502	 53
    1936.390	  8
    1936.390	 20
    1936.390	 27
    1936.400	 28
    1936.400	 19
    1936.500	 29
    1936.652	  8
    1936.664	  9
    1947.972	  8
    1956.520	 51
    1956.530	 18
    1981.422	  8
    1982.368	  8
    1982.766	  8
    1988.974	  8
    1989.286	  8
    1989.746	  8
    1990.186	  8
    1990.752	  8
    1990.900	  8
    1992.154	  8
    1992.816	  8
    1993.074	  8
    1993.588	  8
    1994.010	  8
    1994.340	  8
    1994.626	  8
    1996.214	  8
    1998.276	  8
    1998.946	  8
    1999.810	  8
    2016.530	 53
    2036.398	  8
    2036.398	 20
    2036.398	 27
    2036.408	 28
    2036.408	 19
    2036.508	 29
    2036.672	  9
    2056.528	 50
    2056.538	 17
    2074.202	  8
    2076.460	  8
    2076.752	  8
    2077.338	  8
    2077.610	  8
    2078.254	  8
    2078.570	  8
    2085.162	  8
    2085.584	  8
    2086.286	  8
    2086.538	 53
    2086.548	 20
    2086.548	 27
    2086.904	  8
    2087.916	  8
    2106.568	 50
    2106.578	 17
    2126.420	  8
    2127.142	  8
    2127.550	  8
    2128.010	  8
    2128.966	  8
    2129.696	  8
    2130.182	  8
    2131.312	  8
    2131.766	  8
    2131.998	  8
    2132.274	  8
    2132.662	  8
    2133.610	  8
    2133.912	  8
    2134.936	  8
    2135.424	  8
    2136.528	  8
    2136.578	 53
    2136.588	 20
    2136.588	 27
    2136.626	  8
    2137.062	  8
    2137.620	  8
    2156.608	 52
    2156.618	 10
    2186.632	  8
    2187.196	  8
    2187.746	  8
    2188.394	  8
    2189.742	  8
    2191.444	  8
    2193.454	  8
    2193.760	  8
    2193.992	  8
    2194.684	  8
    2195.112	  8
    2195.698	  8
    2196.322	  8
    2203.218	  8
    2203.288	  8
    2203.656	  8
    2204.162	  8
    2205.178	  8
    2205.658	  8
    2206.204	  8
    2207.138	  8
    2207.416	  8
    2207.834	  8
    2209.254	  8
    2209.890	  8
    2210.222	  8
    2210.448	  8
    2216.336	  8
    2216.824	  8
    2217.130	  8
    2220.474	  8
    2220.666	  8
    2220.952	  8
    2221.386	  8
    2222.798	  8
    2223.354	  8
    2224.090	  8
    2224.328	  8
    2225.808	  8
    2226.420	  8
    2226.512	  8
    2226.614	  8
    2227.560	  8
    2228.806	  8
    2229.626	  8
    2230.294	  8
    2230.670	  8
    2231.220	  8
    2231.508	  8
    2233.086	  8
    2234.782	  8
    2235.816	  8
    2236.174	  8
    2236.320	  8
    2236.402	  8
    2237.116	  8
    2238.380	  8
    2238.660	  8
    2239.040	  8
    2239.294	  8
    2239.690	  8
    2239.796	  8
    2239.912	  8
    2240.224	  8
    2240.450	  8
    2241.804	  8
    2242.352	  8
    2242.692	  8
    2243.068	  8
    2243.414	  8
    2243.712	  8
    2243.950	  8
    2245.010	  8
    2245.468	  8
    2246.600	  8
    2246.738	  8
    2248.088	  8
    2248.278	  8
    2249.830	  8
    2250.332	  8
    2250.732	  8
    2252.898	  8
    2253.470	  8
    2253.894	  8
    2254.146	  8
    2254.568	  8
    2254.950	  8
    2255.254	  8
    2256.904	  8
    2257.278	  8
    2257.598	  8
    2258.566	  8
    2258.622	  8
    2259.074	  8
    2260.684	  8
    2261.782	  8
    2262.620	  8
    2263.918	  8
    2265.688	  8
    2265.970	  8
    2267.688	  8
    2267.910	  8
    2268.604	  8
    2268.980	  8
    2269.376	  8
    2269.474	  8
    2269.542	  8
    2269.930	  8
    2270.674	  8
    2270.932	  8
    2271.060	  8
    2271.146	  8
    2272.202	  8
    2273.420	  8
    2275.482	  8
    2275.810	  8
    2276.618	 53
    2277.552	  8
    2277.552	 20
    2277.552	 27
    2277.562	 28
    2277.562	 19
    2277.662	 29
    2277.826	  9
    2277.856	  8
    2297.682	 51
    2297.692	 18
    2335.026	  8
    2343.862	  8
    2344.364	  8
    2353.468	  8
    2353.772	  8
    2354.232	  8
    2354.832	  8
    2355.174	  8
    2356.126	  8
    2356.650	  8
    2356.956	  8
    2357.692	 53
    2357.762	  8
    2357.762	 20
    2357.762	 27
    2357.772	 28
    2357.772	 19
    2357.872	 29
    2357.914	  8
    2358.034	  9
    2377.892	 51
    2377.902	 18
    2409.778	  8
    2410.574	  8
    2411.144	  8
    2411.556	  8
    2412.040	  8
    2412.878	  8
    2413.098	  8
    2413.508	  8
    2413.842	  8
    2414.570	  8
    2414.930	  8
    2415.194	  8
    2415.556	  8
    2416.376	  8
    2417.384	  8
    2437.902	 53
    2462.472	  8
    2462.472	 20
    2462.472	 27
    2462.482	 28
    2462.482	 19
    2462.582	 29
    2462.746	  9
    2482.602	 52
    2482.612	 10
    2530.840	  8
    2531.632	  8
    2531.792	  8
    2532.232	  8
    2533.228	  8
    2533.690	  8
    2534.194	  8
    2534.572	  8
    2535.448	  8
    2536.252	  8
    2536.708	  8
    2537.390	  8
    2537.536	  8
    2537.982	  8
    2540.974	  8
    2541.142	  8
    2541.406	  8
    2541.862	  8
    2542.314	  8
    2542.856	  8
    2543.776	  8
    2544.098	  8
    2544.568	  8
    2544.900	  8
    2545.274	  8
    2545.454	  8
    2545.794	  8
    2548.392	  8
    2548.880	  8
    2549.660	  8
    2550.294	  8
    2550.688	  8
    2551.384	  8
    2551.714	  8
    2551.830	  8
    2552.102	  8
    2552.576	  8
    2554.098	  8
    2556.550	  8
    2556.762	  8
    2557.476	  8
    2558.272	  8
    2559.744	  8
    2560.398	  8
    2560.754	  8
    2561.168	  8
    2561.414	  8
    2562.776	  8
    2563.264	  8
    2563.718	  8
    2564.234	  8
    2564.510	  8
    2564.758	  8
    2565.076	  8
    2565.556	  8
    2566.690	  8
    2567.036	  8
    2570.462	  8
    2571.020	  8
    2571.272	  8
    2571.634	  8
    2572.026	  8
    2572.382	  8
    2574.126	  8
    2574.728	  8
    2575.002	  8
    2575.724	  8
    2578.434	  8
    2579.706	  8
    2580.046	  8
    2580.350	  8
    2580.820	  8
    2581.128	  8
    2581.706	  8
    2581.864	  8
    2582.216	  8
    2582.576	  8
    2583.056	  8
    2584.652	  8
    2584.820	  8
    2585.144	  8
    2585.292	  8
    2586.076	  8
    2587.632	  8
    2588.146	  8
    2588.268	  8
    2589.184	  8
    2589.310	  8
    2589.698	  8
    2590.044	  8
    2590.452	  8
    2590.712	  8
    2590.836	  8
    2591.202	  8
    2591.934	  8
    2593.380	  8
    2593.998	  8
    2594.274	  8
    2594.402	  8
    2596.228	  8
    2596.294	  8
    2596.802	  8
    2597.860	  8
    2598.302	  8
    2598.518	  8
    2600.104	  8
    2600.586	  8
    2602.544	  8
    2602.612	 53
    2602.822	  8
    2602.822	 20
    2602.822	 27
    2602.832	 28
    2602.832	 19
    2602.932	 29
    2603.096	  9
    2603.108	  8
    2604.214	  8
    2622.952	 50
    2622.962	 17
    2634.270	  7
    2634.436	  7
    2634.626	  7
    2635.708	  7
    2636.188	  7
    2636.458	  7
    2649.424	  8
    2649.868	  8
    2650.796	  8
    2651.702	  8
    2652.846	  8
    2652.962	 53
    2652.972	 20
    2652.972	 27
    2653.552	  8
    2654.158	  8
    2672.992	 50
    2673.002	 17
    2684.796	  8
    2685.016	  8
    2685.886	  8
    2686.482	  8
    2686.966	  8
    2687.292	  8
    2688.022	  8
    2688.122	  8
    2688.844	  8
    2689.996	  8
    2691.460	  8
    2691.722	  8
    2691.960	  8
    2692.474	  8
    2692.826	  8
    2693.126	  8
    2694.966	  8
    2695.518	  8
    2695.782	  8
    2696.558	  8
    2697.006	  8
    2697.402	  8
    2697.528	  8
    2699.420	  8
    2700.174	  8
    2700.388	  8
    2700.670	  8
    2700.722	  8
    2701.922	  8
    2703.002	 53
    2703.012	 20
    2703.012	 27
    2704.200	  8
    2705.654	  8
    2707.066	  8
    2707.796	  8
    2708.066	  8
    2709.018	  8
    2714.534	  8
    2715.006	  8
    2718.606	  8
    2719.604	  8
    2723.032	 51
    2723.042	 18
    2730.720	  8
    2731.290	  8
    2731.388	  8
    2731.722	  8
    2737.646	  8
    2738.710	  8
    2739.256	  8
    2747.288	  8
    2748.316	  8
    2748.820	  8
    2749.114	  8
    2749.252	  8
    2760.298	  8
    2760.498	  8
    2760.868	  8
    2761.166	  8
    2761.506	  8
    2762.262	  8
    2765.300	  8
    2765.856	  8
    2766.354	  8
    2766.886	  8
    2767.310	  8
    2767.754	  8
    2768.032	  8
    2768.482	  8
    2769.064	  8
    2769.440	  8
    2769.934	  8
    2770.186	  8
    2770.538	  8
    2770.934	  8
    2771.538	  8
    2774.424	  8
    2774.482	  8
    2774.990	  8
    2775.324	  8
    2775.968	  8
    2776.530	  8
    2776.884	  8
    2778.096	  8
    2778.500	  8
    2778.760	  8
    2779.510	  8
    2783.042	 53
    2783.366	  8
    2783.366	 20
    2783.366	 27
    2783.376	 28
    2783.376	 19
    2783.476	 29
    2783.518	  8
    2783.640	  9
    2784.574	  8
    2803.496	 51
    2803.506	 18
    2833.204	  8
    2834.604	  8
    2835.426	  8
    2835.858	  8
    2836.268	  8
    2836.446	  8
    2836.778	  8
    2837.166	  8
    2841.706	  8
    2842.054	  8
    2842.686	  8
    2843.006	  8
    2843.462	  8
    2843.886	  8
    2847.408	  8
    2847.784	  8
    2848.168	  8
    2848.420	  8
    2848.808	  8
    2849.140	  8
    2849.594	  8
    2850.030	  8
    2850.338	  8
    2854.738	  8
    2854.844	  8
    2855.334	  8
    2855.890	  8
    2856.394	  8
    2856.774	  8
    2857.210	  8
    2858.026	  8
    2858.292	  8
    2858.610	  8
    2859.010	  8
    2860.702	  8
    2860.912	  8
    2861.274	  8
    2862.040	  8
    2862.170	  8
    2862.252	  8
    2862.756	  8
    2863.506	 53
    2863.662	  8
    2863.662	 20
    2863.662	 27
    2863.672	 28
    2863.672	 19
    2863.772	 29
    2863.936	  9
    2864.858	  8
    2883.792	 51
    2883.802	 18
    2887.982	  7
    2888.548	  7
    2888.772	  7
    2888.964	  7
    2889.184	  7
    2889.424	  7
    2889.638	  7
    2889.880	  7
    2890.144	  7
    2924.676	  8
    2927.218	  8
    2929.720	  8
    2930.708	  8
    2931.224	  8
    2934.496	  8
    2935.252	  8
    2936.984	  8
    2937.420	  8
    2937.780	  8
    2939.684	  8
    2939.914	  8
    2940.284	  8
    2940.418	  8
    2940.724	  8
    2941.016	  8
    2941.156	  8
    2941.208	  8
    2941.808	  8
    2942.914	  8
    2943.462	  8
    2943.802	 53
    2944.016	  8
    2944.016	 20
    2944.016	 27
    2944.026	 28
    2944.026	 19
    2944.126	 29
    2944.270	  8
    2944.290	  9
    2945.384	  8
    2964.146	 51
    2964.156	 18
    2978.728	  8
    2996.656	  8
    3000.912	  8
    3001.264	  8
    3001.982	  8
    3002.502	  8
    3003.888	  8
    3004.128	  8
    3005.628	  8
    3007.900	  8
    3008.348	  8
    3009.210	  8
    3009.444	  8
    3010.204	  8
    3010.384	  8
    3010.522	  8
    3011.694	  8
    3011.888	  8
    3012.006	  8
    3012.418	  8
    3012.870	  8
    3012.976	  8
    3013.612	  8
    3014.544	  8
    3014.766	  8
    3015.622	  8
    3015.714	  8
    3016.672	  8
    3016.970	  8
    3017.226	  8
    3019.666	  8
    3019.888	  8
    3020.316	  8
    3020.816	  8
    3022.558	  8
    3023.030	  8
    3023.718	  8
    3024.156	 53
    3024.576	  8
    3024.576	 20
    3024.576	 27
    3024.586	 28
    3024.586	 19
    3024.686	 29
    3024.808	  8
    3024.848	  9
    3041.838	  7
    3042.286	  7
    3044.318	  7
    3044.706	 50
    3044.716	 17
    3045.808	  7
    3050.646	  7
    3052.238	  7
    3057.862	  7
    3059.074	  7
    3064.466	  7
    3070.744	  7
    3074.716	 53
    3074.726	 20
    3074.726	 27
    3079.168	  7
    3079.326	  7
    3079.886	  7
    3094.746	 50
    3094.756	 17
    3100.068	  8
    3101.212	  8
    3101.552	  8
    3102.106	  8
    3102.766	  8
    3103.022	  8
    3103.086	  8
    3103.690	  8
    3106.802	  8
    3107.398	  8
    3109.106	  8
    3109.326	  8
    3113.326	  8
    3113.718	  8
    3114.082	  8
    3114.454	  8
    3114.706	  8
    3115.238	  8
    3116.442	  8
    3117.198	  8
    3117.344	  8
    3117.636	  8
    3117.900	  8
    3117.950	  8
    3119.948	  8
    3121.506	  8
    3121.828	  8
    3121.850	  8
    3123.216	  8
    3123.898	  8
    3124.446	  8
    3124.734	  8
    3124.756	 53
    3124.766	 20
    3124.766	 27
    3125.080	  8
    3126.492	  8
    3129.404	  8
    3129.630	  8
    3130.286	  8
    3131.238	  8
    3133.318	  8
    3136.440	  8
    3136.552	  8
    3136.976	  8
    3144.786	 51
    3144.796	 18
    3148.762	  7
    3155.130	  8
    3155.470	  8
    3156.014	  8
    3156.400	  8
    3156.994	  8
    3157.570	  8
    3158.324	  8
    3158.516	  8
    3158.806	  8
    3159.278	  8
    3160.044	  8
    3161.040	  8
    3161.596	  8
    3163.406	  8
    3164.192	  8
    3164.720	  8
    3165.472	  8
    3166.104	  8
    3166.334	  8
    3167.054	  8
    3167.324	  8
    3167.444	  8
    3167.664	  8
    3167.922	  8
    3168.266	  8
    3169.570	  8
    3170.026	  8
    3170.512	  8
    3170.732	  8
    3171.032	  8
    3171.628	  8
    3172.136	  8
    3172.262	  8
    3172.630	  8
    3172.684	  8
    3174.824	  8
    3175.068	  8
    3175.322	  8
    3176.224	  8
    3176.672	  8
    3176.886	  8
    3177.690	  8
    3177.992	  8
    3178.066	  8
    3178.896	  8
    3179.218	  8
    3179.926	  8
    3180.294	  8
    3180.732	  8
    3181.108	  8
    3181.356	  8
    3182.080	  8
    3183.052	  8
    3183.298	  8
    3183.696	  8
    3184.072	  8
    3184.814	  8
    3185.814	  8
    3186.124	  8
    3186.806	  8
    3187.424	  8
    3187.604	  8
    3189.328	  8
    3190.686	  8
    3191.242	  8
    3191.462	  8
    3191.880	  8
    3192.144	  8
    3194.116	  8
    3194.338	  8
    3195.170	  8
    3197.390	  8
    3197.782	  8
    3198.496	  8
    3198.684	  8
    3198.798	  8
    3199.134	  8
    3200.158	  8
    3201.322	  8
    3202.460	  8
    3202.666	  8
    3202.912	  8
    3203.300	  8
    3203.502	  8
    3203.708	  8
    3203.852	  8
    3204.796	 53
    3204.860	  8
    3204.860	 20
    3204.860	 27
    3204.870	 28
    3204.870	 19
    3204.970	 29
    3205.134	  9
    3205.248	  8
    3207.040	  8
    3207.356	  8
    3207.580	  8
    3209.832	  8
    3224.990	 51
    3225.000	 18
    3245.110	  8
    3253.988	  8
    3254.210	  8
    3261.958	  8
    3262.336	  8
    3262.592	  8
    3262.960	  8
    3269.028	  8
    3269.288	  8
    3271.074	  8
    3271.894	  8
    3272.288	  8
    3272.524	  8
    3274.714	  8
    3275.796	  8
    3276.732	  8
    3276.990	  8
    3277.320	  8
    3277.860	  8
    3279.554	  8
    3279.856	  8
    3281.304	  8
    3281.452	  8
    3282.398	  8
    3282.750	  8
    3283.088	  8
    3284.104	  8
    3285.000	 53
    3285.888	  8
    3285.888	 20
    3285.888	 27
    3285.898	 28
    3285.898	 19
    3285.998	 29
    3286.140	  8
    3286.162	  9
    3287.888	  8
    3306.018	 50
    3306.028	 17
    3320.306	  8
    3323.610	  8
    3325.984	  8
    3326.846	  8
    3328.646	  8
    3329.410	  8
    3331.520	  8
    3332.022	  8
    3333.680	  8
    3334.728	  8
    3336.028	 53
    3336.038	 20
    3336.038	 27
    3336.040	  8
    3336.314	  8
    3336.562	  8
    3356.058	 52
    3356.068	 10
    3370.280	  8
    3370.552	  8
    3371.028	  8
    3392.882	  8
    3435.656	  8
    3435.936	  8
    3437.634	  8
    3438.262	  8
    3439.244	  8
    3439.542	  8
    3439.904	  8
    3440.266	  8
    3440.698	  8
    3441.854	  8
    3442.012	  8
    3442.458	  8
    3443.026	  8
    3443.548	  8
    3445.270	  8
    3446.344	  8
    3446.460	  8
    3446.798	  8
    3447.208	  8
    3447.684	  8
    3448.300	  8
    3449.042	  8
    3449.802	  8
    3450.490	  8
    3450.866	  8
    3451.730	  8
    3452.032	  8
    3452.690	  8
    3453.842	  8
    3454.102	  8
    3454.490	  8
    3454.940	  8
    3455.302	  8
    3455.866	  8
    3456.338	  8
    3457.010	  8
    3457.730	  8
    3459.350	  8
    3459.774	  8
    3460.278	  8
    3460.556	  8
    3461.372	  8
    3461.816	  8
    3462.190	  8
    3462.388	  8
    3463.244	  8
    3463.506	  8
    3464.754	  8
    3465.428	  8
    3465.838	  8
    3466.144	  8
    3467.444	  8
    3468.600	  8
    3468.982	  8
    3470.338	  8
    3470.732	  8
    3472.178	  8
    3472.978	  8
    3473.406	  8
    3473.930	  8
    3474.904	  8
    3475.050	  8
    3476.068	 53
    3476.160	  8
    3476.160	 20
    3476.160	 27
    3476.170	 28
    3476.170	 19
    3476.270	 29
    3476.434	  9
    3476.438	  8
    3478.490	  8
    3496.290	 51
    3496.300	 18
    3556.300	 53
    3562.888	  8
    3562.888	 20
    3562.888	 27
    3562.898	 28
    3562.898	 19
    3562.998	 29
    3563.162	  9
    3563.180	  8
    3583.018	 51
    3583.028	 18
    3603.032	  8
    3604.398	  8
    3604.874	  8
    3607.556	  8
    3608.544	  8
    3609.132	  8
    3609.470	  8
    3610.572	  8
    3610.870	  8
    3610.978	  8
    3611.818	  8
    3611.938	  8
    3612.576	  8
    3614.032	  8
    3614.432	  8
    3617.028	  8
    3617.620	  8
    3619.338	  8
    3620.076	  8
    3620.774	  8
    3621.294	  8
    3621.976	  8
    3622.478	  8
    3623.206	  8
    3623.264	  8
    3623.468	  8
    3624.474	  8
    3624.860	  8
    3625.752	  8
    3626.852	  8
    3628.098	  8
    3628.386	  8
    3629.902	  8
    3630.266	  8
    3630.830	  8
    3632.924	  8
    3634.452	  8
    3634.776	  8
    3635.034	  8
    3635.620	  8
    3637.492	  8
    3637.978	  8
    3638.620	  8
    3638.870	  8
    3639.916	  8
    3640.594	  8
    3640.936	  8
    3642.484	  8
    3642.966	  8
    3643.028	 53
    3643.286	  8
    3643.286	 20
    3643.286	 27
    3643.296	 28
    3643.296	 19
    3643.396	 29
    3643.534	  8
    3643.560	  9
    3663.416	 51
    3663.426	 18
    3672.634	  8
    3676.476	  8
    3677.014	  8
    3677.592	  8
    3682.270	  8
    3683.820	  8
    3684.148	  8
    3685.110	  8
    3685.932	  8
    3701.050	  8
    3701.282	  8
    3701.872	  8
    3702.618	  8
    3703.014	  8
    3704.746	  8
    3705.286	  8
    3705.756	  8
    3706.214	  8
    3706.560	  8
    3707.250	  8
    3708.134	  8
    3708.760	  8
    3709.412	  8
    3709.874	  8
    3710.020	  8
    3711.066	  8
    3711.316	  8
    3711.470	  8
    3711.690	  8
    3713.000	  8
    3713.776	  8
    3713.880	  8
    3714.912	  8
    3715.734	  8
    3716.578	  8
    3716.874	  8
    3717.474	  8
    3718.254	  8
    3718.502	  8
    3719.432	  8
    3719.618	  8
    3719.866	  8
    3721.504	  8
    3721.850	  8
    3722.208	  8
    3722.916	  8
    3723.426	 53
    3723.522	  8
    3723.522	 20
    3723.522	 27
    3723.532	 28
    3723.532	 19
    3723.632	 29
    3723.796	  9
    3743.652	 52
    3743.662	 10
    3749.164	  7
    3830.916	  8
    3831.998	  8
    3832.748	  8
    3833.118	  8
    3833.606	  8
    3835.508	  8
    3835.958	  8
    3836.294	  8
    3836.750	  8
    3836.958	  8
    3837.114	  8
    3837.242	  8
    3838.106	  8
    3839.050	  8
    3839.708	  8
    3840.518	  8
    3841.758	  8
    3842.758	  8
    3843.198	  8
    3843.712	  8
    3844.188	  8
    3844.414	  8
    3845.082	  8
    3846.108	  8
    3846.892	  8
    3847.886	  8
    3849.180	  8
    3849.556	  8
    3849.888	  8
    3850.054	  8
    3850.456	  8
    3852.192	  8
    3852.618	  8
    3852.884	  8
    3853.450	  8
    3853.972	  8
    3854.492	  8
    3855.374	  8
    3855.876	  8
    3856.336	  8
    3857.894	  8
    3858.204	  8
    3858.420	  8
    3858.684	  8
    3858.994	  8
    3859.258	  8
    3859.994	  8
    3860.516	  8
    3861.202	  8
    3861.828	  8
    3862.514	  8
    3863.454	  8
    3863.662	 53
    3863.712	  8
    3863.712	 20
    3863.712	 27
    3863.722	 28
    3863.722	 19
    3863.822	 29
    3863.976	  8
    3863.986	  9
    3883.842	 52
    3883.852	 10
    3959.336	  8
    3960.836	  8
    3961.250	  8
    3961.372	  8
    3961.474	  8
    3961.938	  8
    3962.758	  8
    3962.990	  8
    3963.886	  8
    3964.376	  8
    3964.936	  8
    3965.688	  8
    3966.370	  8
    3966.746	  8
    3967.878	  8
    3968.916	  8
    3970.038	  8
    3970.794	  8
    3971.280	  8
    3972.984	  8
    3973.282	  8
    3973.758	  8
    3974.126	  8
    3975.068	  8
    3975.456	  8
    3976.068	  8
    3976.322	  8
    3976.682	  8
    3978.004	  8
    3978.890	  8
    3979.380	  8
    3980.860	  8
    3981.276	  8
    3981.620	  8
    3982.098	  8
    3982.154	  8
    3982.628	  8
    3982.710	  8
    3984.038	  8
    3984.316	  8
    3984.724	  8
    3984.916	  8
    3984.998	  8
    3985.254	  8
    3985.314	  8
    3985.468	  8
    3985.584	  8
    3986.284	  8
    3986.498	  8
    3986.888	  8
    3987.512	  8
    3987.718	  8
    3988.102	  8
    3988.818	  8
    3989.168	  8
    3989.314	  8
    3990.386	  8
    3990.884	  8
    3993.016	  8
    3994.080	  8
    3994.650	  8
    3995.088	  8
    3995.464	  8
    3996.482	  8
    3997.194	  8
    3997.408	  8
    3997.616	  8
    3997.858	  8
    3998.260	  8
    4003.536	  8
    4003.852	 53
    4003.978	  8
    4003.978	 20
    4003.978	 27
    4003.988	 28
    4003.988	 19
    4004.088	 29
    4004.246	  8
    4004.252	  9
    4024.108	 50
    4024.118	 17
    4036.126	  8
    4038.178	  8
    4044.342	  8
    4045.206	  8
    4047.832	  8
    4049.520	  8
    4049.976	  8
    4051.582	  8
    4052.620	  8
    4052.812	  8
    4053.494	  8
    4054.118	 53
    4054.128	 20
    4054.128	 27
    4054.570	  8
    4074.148	 52
    4074.158	 10
    4099.750	  7
    4099.936	  7
    4100.080	  7
    4100.270	  7
    4101.514	  7
    4101.756	  7
    4102.644	  7
    4102.816	  7
    4102.996	  7
    4103.240	  7
    4103.394	  7
    4103.616	  7
    4103.796	  7
    4104.052	  7
    4113.640	  8
    4121.718	  8
    4123.312	  8
    4123.612	  8
    4123.978	  8
    4125.732	  8
    4126.162	  8
    4127.796	  8
    4128.114	  8
    4128.252	  8
    4128.814	  8
    4130.022	  8
    4130.454	  8
    4130.930	  8
    4131.568	  8
    4132.274	  8
    4133.628	  8
    4134.272	  8
    4135.086	  8
    4135.344	  8
    4136.560	  8
    4136.658	  8
    4136.924	  8
    4140.522	  8
    4140.838	  8
    4140.922	  8
    4142.982	  8
    4143.226	  8
    4143.696	  8
    4144.486	  8
    4144.548	  8
    4146.088	  8
    4146.922	  8
    4148.120	  8
    4149.088	  8
    4150.712	  8
    4151.044	  8
    4151.658	  8
    4151.910	  8
    4152.160	  8
    4152.522	  8
    4152.778	  8
    4153.350	  8
    4154.160	  8
    4155.248	  8
    4156.416	  8
    4156.726	  8
    4157.138	  8
    4157.508	  8
    4157.976	  8
    4158.246	  8
    4159.462	  8
    4159.932	  8
    4160.092	  8
    4160.390	  8
    4160.876	  8
    4161.880	  8
    4162.594	  8
    4162.732	  8
    4162.952	  8
    4163.286	  8
    4163.534	  8
    4163.734	  8
    4163.844	  8
    4164.066	  8
    4164.220	  8
    4165.668	  8
    4166.654	  8
    4167.446	  8
    4168.224	  8
    4168.702	  8
    4169.524	  8
    4169.590	  8
    4170.076	  8
    4170.354	  8
    4170.588	  8
    4171.770	  8
    4172.182	  8
    4172.892	  8
    4173.276	  8
    4173.434	  8
    4173.694	  8
    4175.356	  8
    4175.778	  8
    4175.916	  8
    4176.092	  8
    4176.390	  8
    4176.728	  8
    4178.184	  8
    4178.848	  8
    4178.984	  8
    4179.384	  8
    4179.756	  8
    4180.664	  8
    4181.702	  8
    4181.756	  8
    4182.144	  8
    4182.340	  8
    4182.632	  8
    4182.862	  8
    4183.402	  8
    4183.714	  8
    4184.114	  8
    4184.486	  8
    4185.492	  8
    4186.482	  8
    4188.226	  8
    4188.632	  8
    4188.822	  8
    4189.280	  8
    4189.660	  8
    4190.466	  8
    4190.652	  8
    4190.964	  8
    4191.298	  8
    4192.708	  8
    4193.066	  8
    4193.632	  8
    4193.776	  8
    4194.158	 53
    4194.908	  8
    4194.908	 20
    4194.908	 27
    4194.918	 28
    4194.918	 19
    4195.018	 29
    4195.172	  8
    4195.182	  9
    4215.038	 52
    4215.048	 10
    4234.392	  8
    4234.554	  8
    4256.542	  8
    4256.686	  8
    4257.066	  8
    4257.768	  8
    4258.718	  8
    4260.094	  8
    4261.182	  8
    4261.408	  8
    4262.628	  8
    4264.184	  8
    4264.910	  8
    4266.096	  8
    4268.004	  8
    4268.580	  8
    4269.362	  8
    4269.522	  8
    4270.098	  8
    4271.192	  8
    4271.656	  8
    4272.482	  8
    4272.696	  8
    4272.970	  8
    4274.048	  8
    4274.226	  8
    4275.252	  8
    4276.542	  8
    4277.846	  8
    4278.124	  8
    4278.590	  8
    4279.402	  8
    4280.098	  8
    4280.286	  8
    4280.642	  8
    4282.380	  8
    4282.730	  8
    4284.004	  8
    4284.278	  8
    4284.588	  8
    4286.224	  8
    4287.828	  8
    4288.142	  8
    4288.664	  8
    4289.474	  8
    4289.842	  8
    4291.006	  8
    4291.324	  8
    4292.288	  8
    4293.094	  8
    4294.304	  8
    4294.560	  8
    4295.332	  8
    4295.800	  8
    4297.204	  8
    4297.540	  8
    4298.112	  8
    4298.418	  8
    4298.866	  8
    4299.494	  8
    4301.320	  8
    4301.614	  8
    4302.152	  8
    4302.358	  8
    4302.726	  8
    4303.150	  8
    4303.488	  8
    4304.006	  8
    4304.548	  8
    4304.694	  8
    4305.084	  8
    4305.418	  8
    4305.558	  8
    4305.890	  8
    4306.278	  8
    4306.568	  8
    4308.376	  8
    4308.644	  8
    4309.982	  8
    4310.706	  8
    4311.150	  8
    4312.746	  8
    4313.184	  8
    4313.580	  8
    4314.302	  8
    4314.760	  8
    4314.954	  8
    4315.702	  8
    4316.144	  8
    4316.544	  8
    4317.014	  8
    4317.056	  8
    4317.400	  8
    4319.500	  8
    4320.598	  8
    4320.910	  8
    4321.140	  8
    4321.504	  8
    4321.820	  8
    4322.170	  8
    4322.410	  8
    4322.860	  8
    4323.088	  8
    4323.376	  8
    4323.702	  8
    4323.794	  8
    4324.102	  8
    4324.498	  8
    4326.030	  8
    4326.864	  8
    4327.236	  8
    4327.980	  8
    4328.678	  8
    4328.966	  8
    4329.100	  8
    4330.234	  8
    4330.566	  8
    4331.828	  8
    4332.130	  8
    4332.158	  8
    4333.688	  8
    4333.772	  8
    4334.140	  8
    4334.576	  8
    4334.850	  8
    4335.048	 53
    4335.290	  8
    4335.290	 20
    4335.290	 27
    4335.300	 28
    4335.300	 19
    4335.400	 29
    4335.502	  8
    4335.564	  9
    4355.420	 50
    4355.430	 17
    4371.434	  8
    4372.152	  8
    4374.004	  8
    4374.312	  8
    4375.294	  8
    4376.490	  8
    4377.916	  8
    4378.658	  8
    4379.964	  8
    4381.298	  8
    4381.828	  8
    4382.408	  8
    4382.482	  8
    4383.344	  8
    4384.446	  8
    4384.812	  8
    4385.430	 53
    4385.440	 20
    4385.440	 27
    4400.112	  8
    4405.460	 52
    4405.470	 10
    4475.484	  8
    4476.024	  8
    4476.286	  8
    4476.478	  8
    4476.810	  8
    4477.666	  8
    4479.078	  8
    4480.796	  8
    4481.214	  8
    4482.312	  8
    4483.448	  8
    4483.940	  8
    4484.326	  8
    4484.642	  8
    4485.468	  8
    4485.824	  8
    4486.374	  8
    4486.940	  8
    4487.248	  8
    4488.928	  8
    4489.300	  8
    4490.934	  8
    4491.440	  8
    4492.088	  8
    4492.924	  8
    4493.404	  8
    4493.616	  8
    4494.744	  8
    4495.624	  8
    4495.880	  8
    4497.456	  8
    4497.906	  8
    4498.280	  8
    4498.808	  8
    4499.000	  8
    4499.872	  8
    4500.580	  8
    4501.240	  8
    4502.192	  8
    4502.580	  8
    4502.952	  8
    4503.428	  8
    4505.510	  8
    4506.060	  8
    4507.474	  8
    4507.744	  8
    4508.258	  8
    4509.872	  8
    4510.210	  8
    4510.626	  8
    4511.204	  8
    4511.490	  8
    4511.848	  8
    4512.136	  8
    4513.928	  8
    4515.820	  8
    4515.894	  8
    4516.284	  8
    4516.434	  8
    4516.958	  8
    4517.894	  8
    4518.080	  8
    4518.964	  8
    4519.258	  8
    4519.792	  8
    4520.332	  8
    4521.432	  8
    4521.672	  8
    4522.114	  8
    4522.616	  8
    4523.402	  8
    4524.130	  8
    4524.170	  8
    4524.314	  8
    4525.036	  8
    4525.448	  8
    4525.470	 53
    4527.538	  8
    4527.538	 20
    4527.538	 27
    4527.548	 28
    4527.548	 19
    4527.648	 29
    4527.780	  8
    4527.812	  9
    4530.276	  8
    4547.668	 52
    4547.678	 10
    4592.248	  8
    4596.884	  8
    4597.204	  8
    4602.668	  8
    4603.098	  8
    4604.080	  8
    4605.298	  8
    4609.734	  8
    4611.970	  8
    4612.280	  8
    4612.474	  8
    4613.038	  8
    4616.580	  8
    4625.310	  8
    4625.466	  8
    4625.944	  8
    4626.600	  8
    4627.264	  8
    4629.260	  8
    4629.610	  8
    4630.182	  8
    4632.538	  8
    4634.274	  8
    4635.672	  8
    4637.212	  8
    4637.794	  8
    4639.758	  8
    4644.630	  8
    4647.616	  8
    4647.918	  8
    4648.710	  8
    4650.512	  8
    4652.050	  8
    4654.936	  8
    4655.158	  8
    4655.480	  8
    4659.090	  8
    4664.760	  8
    4665.278	  8
    4665.756	  8
    4666.230	  8
    4666.700	  8
    4667.626	  8
    4667.678	 53
    4668.102	  8
    4668.102	 20
    4668.102	 27
    4668.112	 28
    4668.112	 19
    4668.212	 29
    4668.376	  9
    4668.410	  8
    4670.212	  8
    4688.232	 50
    4688.242	 17
    4718.242	 53
    4718.252	 20
    4718.252	 27
    4729.052	  8
    4729.216	  8
    4738.272	 51
    4738.282	 18
    4752.190	  8
    4752.944	  8
    4753.146	  8
    4797.588	  8
    4797.760	  8
    4797.960	  8
    4798.282	 53
    4798.462	  8
    4798.462	 20
    4798.462	 27
    4798.472	 28
    4798.472	 19
    4798.572	 29
    4798.736	  9
    4818.592	 51
    4818.602	 18
    4850.856	  8
    4851.102	  8
    4851.280	  8
    4851.852	  8
    4852.854	  8
    4853.374	  8
    4853.480	  8
    4854.008	  8
    4854.130	  8
    4854.894	  8
    4855.060	  8
    4856.154	  8
    4856.646	  8
    4856.872	  8
    4857.978	  8
    4859.042	  8
    4859.520	  8
    4860.372	  8
    4860.948	  8
    4862.050	  8
    4862.374	  8
    4862.558	  8
    4865.096	  8
    4866.254	  8
    4866.320	  8
    4866.546	  8
    4867.330	  8
    4867.524	  8
    4869.036	  8
    4869.576	  8
    4871.592	  8
    4872.806	  8
    4873.316	  8
    4873.596	  8
    4873.620	  8
    4875.088	  8
    4875.966	  8
    4877.064	  8
    4877.634	  8
    4878.602	 53
    4879.176	  8
    4879.176	 20
    4879.176	 27
    4879.186	 28
    4879.186	 19
    4879.286	 29
    4879.448	  9
    4879.488	  8
    4899.306	 50
    4899.316	 17
    4918.202	  8
    4923.910	  7
    4924.108	  7
    4924.302	  7
    4926.484	  7
    4926.660	  7
    4927.148	  7
    4928.520	  7
    4929.104	  7
    4929.258	  7
    4929.316	 53
    4929.326	 20
    4929.326	 27
    4929.380	  7
    4929.652	  7
    4929.776	  7
    4930.416	  7
    4933.318	  7
    4933.396	  7
    4949.346	 52
    4949.356	 10
    4951.760	  7
    4952.278	  7
    4952.480	  7
    5060.238	  8
    5061.084	  8
    5062.948	  8
    5063.580	  8
    5064.048	  8
    5064.828	  8
    5065.188	  8
    5065.734	  8
    5066.586	  8
    5067.156	  8
    5067.546	  8
    5068.216	  8
    5068.538	  8
    5069.094	  8
    5069.356	 53
    5069.458	  8
    5069.458	 20
    5069.458	 27
    5069.468	 28
    5069.468	 19
    5069.568	 29
    5069.732	  9
    5069.742	  8
    5070.742	  8
    5089.588	 50
    5089.598	 17
    5099.060	  8
    5099.304	  8
    5099.504	  8
    5100.000	  8
    5103.382	  8
    5103.578	  8
    5103.872	  8
    5105.280	  8
    5105.578	  8
    5107.780	  8
    5109.278	  8
    5119.050	  8
    5119.422	  8
    5119.598	 53
    5119.608	 20
    5119.608	 27
    5129.262	  8
    5139.628	 51
    5139.638	 18
    5165.658	  8
    5166.278	  8
    5167.414	  8
    5168.290	  8
    5168.544	  8
    5169.068	  8
    5169.246	  8
    5170.670	  8
    5171.346	  8
    5172.416	  8
    5174.518	  8
    5175.056	  8
    5175.538	  8
    5176.098	  8
    5176.294	  8
    5177.678	  8
    5178.338	  8
    5178.912	  8
    5179.604	  8
    5180.662	  8
    5181.040	  8
    5181.330	  8
    5181.724	  8
    5183.878	  8
    5184.322	  8
    5186.180	  8
    5186.486	  8
    5187.232	  8
    5188.288	  8
    5189.492	  8
    5189.546	  8
    5189.744	  8
    5190.430	  8
    5190.874	  8
    5193.070	  8
    5193.460	  8
    5194.032	  8
    5194.252	  8
    5194.724	  8
    5195.254	  8
    5195.532	  8
    5196.010	  8
    5196.640	  8
    5196.852	  8
    5197.606	  8
    5197.790	  8
    5198.014	  8
    5199.614	  8
    5199.638	 53
    5200.140	  8
    5200.140	 20
    5200.140	 27
    5200.150	 28
    5200.150	 19
    5200.250	 29
    5200.394	  8
    5200.414	  9
    5220.270	 52
    5220.280	 10
    5268.420	  8
    5300.990	  8
    5303.098	  8
    5340.280	 53
    5350.546	  8
    5350.546	 20
    5350.546	 27
    5350.556	 28
    5350.556	 19
    5350.656	 29
    5350.754	  8
    5350.820	  9
    5370.676	 52
    5370.686	 10
    5456.728	  8
    5457.488	  8
    5458.130	  8
    5458.524	  8
    5458.898	  8
    5459.078	  8
    5459.208	  8
    5459.878	  8
    5461.578	  8
    5461.986	  8
    5462.098	  8
    5462.702	  8
    5462.834	  8
    5463.316	  8
    5463.538	  8
    5464.382	  8
    5465.754	  8
    5466.322	  8
    5467.592	  8
    5468.092	  8
    5468.506	  8
    5468.800	  8
    5468.876	  8
    5469.272	  8
    5469.394	  8
    5469.460	  8
    5471.160	  8
    5471.626	  8
    5472.066	  8
    5473.672	  8
    5474.112	  8
    5474.540	  8
    5474.874	  8
    5475.136	  8
    5476.870	  8
    5478.118	  8
    5478.706	  8
    5479.116	  8
    5481.690	  8
    5482.258	  8
    5483.160	  8
    5483.698	  8
    5484.922	  8
    5487.928	  8
    5488.296	  8
    5488.496	  8
    5488.942	  8
    5490.178	  8
    5490.686	 53
    5491.096	  8
    5491.096	 20
    5491.096	 27
    5491.106	 28
    5491.106	 19
    5491.206	 29
    5491.216	 61
