       7.548	  8
       7.798	  8
      20.010	 51
      20.020	 17
      65.906	  8
      66.214	  8
      66.334	  8
      67.110	  8
      78.354	  8
      78.510	  8
      80.020	 53
      83.052	  8
      83.052	 20
      83.052	 27
      83.062	 28
      83.062	 19
      83.162	 29
      83.330	  9
      83.418	  8
      85.170	  8
     103.182	 52
     103.192	 18
     151.444	  8
     154.380	  8
     165.372	  8
     165.730	  8
     170.278	  8
     170.670	  8
     170.872	  8
     172.692	  8
     174.380	  8
     179.412	  8
     184.716	  8
     185.152	  8
     185.700	  8
     189.610	  8
     189.802	  8
     190.542	  8
     190.752	  8
     192.008	  8
     192.234	  8
     193.168	  8
     200.030	  8
     200.080	  8
     200.302	  8
     200.570	  8
     207.392	  8
     207.722	  8
     213.606	  8
     213.658	  8
     213.870	  8
     223.192	 53
     223.202	 20
     223.202	 27
     227.156	  8
     227.324	  8
     232.580	  8
     233.470	  8
     239.544	  8
     239.606	  8
     240.074	  8
     243.222	 51
     243.232	 17
     244.430	  8
     244.710	  8
     247.338	  8
     248.106	  8
     251.426	  8
     251.724	  8
     253.064	  7
     253.546	  7
     253.916	  7
     254.050	  7
     254.492	  7
     255.148	  7
     255.602	  7
     255.784	  7
     255.938	  7
     256.058	  7
     256.226	  7
     256.400	  7
     256.592	  7
     257.668	  8
     257.924	  8
     258.564	  8
     258.942	  8
     259.030	  8
     259.174	  8
     259.498	  8
     259.782	  8
     261.924	  8
     262.284	  8
     263.136	  8
     263.506	  8
     264.536	  8
     265.084	  8
     265.856	  8
     266.394	  8
     268.358	  8
     268.678	  8
     269.948	  8
     270.378	  8
     270.782	  8
     271.930	  8
     272.324	  8
     272.444	  8
     273.732	  8
     274.232	  8
     275.274	  8
     275.508	  8
     275.986	  8
     276.202	  8
     276.546	  8
     277.496	  8
     277.698	  8
     279.220	  8
     279.832	  8
     281.954	  8
     282.036	  8
     283.388	  8
     284.574	  8
     285.588	  8
     286.064	  8
     287.790	  8
     288.080	  8
     289.242	  8
     289.652	  8
     290.386	  8
     292.026	  8
     292.902	  8
     293.546	  8
     294.386	  8
     294.842	  8
     295.352	  8
     296.204	  8
     296.470	  8
     297.136	  8
     298.878	  8
     299.050	  8
     300.082	  8
     300.372	  8
     300.654	  8
     301.168	  8
     302.090	  8
     302.474	  8
     303.232	 53
     304.062	  8
     304.062	 20
     304.062	 27
     304.072	 28
     304.072	 19
     304.172	 29
     304.340	  9
     304.454	  8
     308.672	  8
     324.192	 51
     324.202	 17
     352.394	  8
     352.482	  8
     352.600	  8
     352.934	  8
     353.220	  8
     353.288	  8
     353.662	  8
     354.310	  8
     355.296	  8
     355.694	  8
     356.370	  8
     357.480	  8
     357.724	  8
     358.532	  8
     358.752	  8
     359.212	  8
     359.776	  8
     359.876	  8
     360.692	  8
     361.010	  8
     361.598	  8
     363.204	  8
     363.722	  8
     364.252	  8
     364.436	  8
     364.894	  8
     365.548	  8
     367.818	  8
     368.322	  8
     368.988	  8
     370.130	  8
     370.972	  8
     371.900	  8
     372.776	  8
     373.674	  8
     373.948	  8
     374.486	  8
     375.396	  8
     376.046	  8
     377.320	  8
     377.826	  8
     379.008	  8
     380.364	  8
     381.350	  8
     381.808	  8
     381.896	  8
     383.572	  8
     383.978	  8
     384.202	 53
     384.522	  8
     384.522	 20
     384.522	 27
     384.532	 28
     384.532	 19
     384.632	 29
     384.800	  9
     384.894	  8
     404.652	 52
     404.662	 18
     445.344	  8
     464.830	  8
     465.026	  8
     524.662	 53
     524.672	 20
     524.672	 27
     537.544	  8
     537.712	  8
     538.718	  8
     539.582	  8
     539.878	  8
     540.420	  8
     540.958	  8
     541.384	  8
     541.436	  8
     541.820	  8
     544.692	 52
     544.702	 18
     548.242	  8
     548.326	  8
     548.486	  8
     548.630	  8
     549.674	  8
     550.646	  8
     567.842	  8
     568.282	  8
     568.774	  8
     637.844	  8
     640.114	  8
     640.214	  8
     640.562	  8
     640.810	  8
     641.130	  8
     642.014	  8
     642.734	  8
     643.896	  8
     644.184	  8
     644.612	  8
     647.728	  8
     647.934	  8
     649.204	  8
     649.848	  8
     650.610	  8
     652.304	  8
     653.016	  8
     653.370	  8
     653.896	  8
     653.944	  8
     654.398	  8
     654.946	  8
     656.116	  8
     656.544	  8
     657.034	  8
     658.012	  8
     658.314	  8
     658.584	  8
     659.998	  8
     660.530	  8
     661.492	  8
     661.954	  8
     664.106	  8
     664.702	 53
     664.712	 20
     664.712	 27
     665.150	  8
     665.590	  8
     666.452	  8
     667.264	  8
     667.622	  8
     667.812	  8
     671.478	  8
     671.746	  8
     672.186	  8
     672.574	  8
     673.286	  8
     673.686	  8
     674.206	  8
     674.610	  8
     675.350	  8
     675.830	  8
     677.226	  8
     677.466	  8
     678.614	  8
     680.310	  8
     680.708	  8
     681.166	  8
     682.868	  8
     683.264	  8
     683.498	  8
     684.732	 51
     684.742	 17
     689.250	  8
     689.294	  8
     689.908	  8
     690.328	  8
     692.746	  8
     692.924	  8
     692.996	  8
     693.422	  8
     693.840	  8
     695.036	  8
     697.878	  8
     698.052	  8
     698.756	  8
     699.812	  8
     700.150	  8
     702.500	  8
     702.990	  8
     703.980	  8
     704.482	  8
     706.618	  8
     706.780	  8
     707.252	  8
     708.500	  8
     709.002	  8
     709.554	  8
     710.698	  8
     711.008	  8
     713.032	  8
     713.580	  8
     714.422	  8
     714.986	  8
     715.450	  8
     715.926	  8
     716.664	  8
     718.754	  8
     718.906	  8
     719.440	  8
     719.728	  8
     721.182	  8
     721.618	  8
     722.502	  8
     722.710	  8
     723.588	  8
     724.248	  8
     726.198	  8
     726.626	  8
     727.276	  8
     727.816	  8
     728.728	  8
     729.086	  8
     730.640	  8
     731.170	  8
     731.958	  8
     732.392	  8
     733.204	  8
     735.140	  8
     735.578	  8
     736.240	  8
     736.858	  8
     737.424	  8
     737.786	  8
     738.126	  8
     738.220	  8
     738.460	  8
     739.024	  8
     739.286	  8
     740.718	  8
     741.720	  8
     742.066	  8
     744.062	  8
     744.430	  8
     744.742	 53
     744.938	  8
     744.938	 20
     744.938	 27
     744.948	 28
     744.948	 19
     745.048	 29
     745.216	  9
     745.336	  8
     746.394	  8
     746.466	  8
     765.068	 50
     765.078	 10
     774.088	  7
     774.178	  7
     774.444	  7
     774.562	  7
     774.694	  7
     774.832	  7
     774.966	  7
     775.084	  7
     775.216	  7
     775.352	  7
     775.482	  7
     775.638	  7
     775.776	  7
     775.908	  7
     776.050	  7
     776.186	  7
     776.332	  7
     776.506	  7
     776.646	  7
     776.790	  7
     776.920	  7
     777.058	  7
     777.194	  7
     777.334	  7
     777.468	  7
     777.616	  7
     777.784	  7
     777.932	  7
     778.068	  7
     778.212	  7
     778.358	  7
     778.510	  7
     778.654	  7
     778.792	  7
     778.958	  7
     779.100	  7
     779.242	  7
     779.384	  7
     779.524	  7
     779.668	  7
     779.824	  7
     780.010	  7
     780.142	  7
     780.290	  7
     780.438	  7
     780.584	  7
     780.732	  7
     780.914	  7
     781.050	  7
     781.196	  7
     781.346	  7
     781.508	  7
     781.652	  7
     781.834	  7
     781.958	  7
     782.104	  7
     782.250	  7
     782.406	  7
     782.560	  7
     782.712	  7
     782.892	  7
     783.028	  7
     783.176	  7
     783.322	  7
     783.476	  7
     783.622	  7
     783.772	  7
     783.962	  7
     784.076	  7
     784.218	  7
     784.396	  7
     784.530	  7
     784.676	  7
     784.832	  7
     784.984	  7
     785.130	  7
     785.312	  7
     785.446	  7
     785.604	  7
     785.750	  7
     785.896	  7
     786.062	  7
     786.216	  7
     786.366	  7
     786.544	  7
     786.680	  7
     786.828	  7
     787.014	  7
     787.136	  7
     787.286	  7
     787.442	  7
     787.594	  7
     787.756	  7
     787.902	  7
     788.090	  7
     788.216	  7
     788.350	  7
     788.482	  7
     788.634	  7
     788.784	  7
     788.928	  7
     789.084	  7
     789.270	  7
     789.392	  7
     789.542	  7
     789.682	  7
     789.826	  7
     789.972	  7
     790.132	  7
     790.318	  7
     793.164	  7
     793.290	  7
     793.420	  7
     793.564	  7
     793.688	  7
     793.816	  7
     793.948	  7
     794.116	  7
     794.266	  7
     794.404	  7
     794.556	  7
     794.766	  7
     794.908	  7
     795.070	  7
     795.078	 53
     795.220	  7
     795.368	  7
     795.524	  7
     795.678	  7
     795.826	  7
     795.994	  7
     796.122	  7
     796.242	  7
     796.402	  7
     796.542	  7
     796.726	  7
     796.872	  7
     797.014	  7
     797.174	  7
     797.306	  7
     797.470	  7
     797.624	  7
     797.780	  7
     797.970	  7
     798.116	  7
     798.700	  7
     798.854	  7
     798.974	  7
     799.140	  7
     799.282	  7
     799.476	  7
     799.624	  7
     799.772	  7
     799.942	  7
     800.110	  7
     800.234	  7
     800.388	  7
     800.564	  7
     800.756	  7
     800.884	  7
     801.030	  7
     801.182	  7
     801.316	  7
     801.452	  7
     801.586	  7
     801.746	  7
     801.898	  7
     802.022	  7
     802.202	  7
     802.320	  7
     802.524	  7
     802.840	  7
     806.024	  8
     806.024	 20
     806.024	 27
     806.034	 28
     806.034	 19
     806.134	 29
     806.248	  8
     806.302	  9
     807.008	  8
     807.544	  8
     808.140	  8
     808.292	  8
     826.154	 51
     826.164	 17
     840.314	  7
     840.422	  7
     840.550	  7
     840.696	  7
     840.984	  7
     841.118	  7
     841.262	  7
     841.400	  7
     841.552	  7
     841.706	  7
     841.862	  7
     842.014	  7
     842.166	  7
     842.308	  7
     842.456	  7
     842.600	  7
     842.756	  7
     842.952	  7
     843.084	  7
     843.236	  7
     843.390	  7
     843.536	  7
     843.692	  7
     843.844	  7
     843.998	  7
     844.152	  7
     844.334	  7
     844.470	  7
     844.622	  7
     844.770	  7
     844.922	  7
     845.066	  7
     845.204	  7
     845.350	  7
     845.834	  7
     845.944	  7
     846.092	  7
     846.276	  7
     846.412	  7
     846.550	  7
     846.686	  7
     846.836	  7
     846.986	  7
     847.136	  7
     847.286	  7
     847.440	  7
     847.616	  7
     847.744	  7
     847.894	  7
     848.050	  7
     848.204	  7
     848.354	  7
     848.496	  7
     848.688	  7
     848.812	  7
     848.966	  7
     849.116	  7
     849.266	  7
     849.422	  7
     849.568	  7
     849.720	  7
     849.928	  7
     850.044	  7
     850.192	  7
     850.330	  7
     850.488	  7
     850.648	  7
     850.800	  7
     850.952	  7
     851.138	  7
     851.342	  7
     851.468	  7
     851.616	  7
     851.756	  7
     851.892	  7
     852.040	  7
     852.196	  7
     852.376	  7
     852.552	  7
     852.690	  7
     852.826	  7
     852.990	  7
     853.132	  7
     853.288	  7
     853.444	  7
     853.602	  7
     853.782	  7
     853.910	  7
     854.062	  7
     854.214	  7
     854.366	  7
     854.504	  7
     854.660	  7
     854.822	  7
     854.954	  7
     855.134	  7
     855.258	  7
     855.542	  7
     855.662	  7
     855.818	  7
     856.008	  7
     856.132	  7
     856.320	  7
     856.440	  7
     856.590	  7
     856.888	  7
     857.008	  7
     857.148	  7
     857.310	  7
     857.662	  7
     857.772	  7
     857.984	  7
     858.122	  7
     858.272	  7
     858.428	  7
     858.596	  7
     858.774	  7
     858.916	  7
     859.204	  7
     859.376	  7
     859.502	  7
     859.672	  7
     860.332	  7
     860.754	  7
     860.906	  7
     861.036	  7
     861.170	  7
     861.310	  7
     861.456	  7
     861.592	  7
     861.748	  7
     861.894	  7
     862.054	  7
     862.196	  7
     862.372	  7
     862.504	  7
     862.654	  7
     862.814	  7
     862.964	  7
     863.110	  7
     863.266	  7
     863.426	  7
     863.578	  7
     863.736	  7
     863.910	  7
     864.050	  7
     864.198	  7
     864.356	  7
     864.508	  7
     864.652	  7
     864.840	  7
     864.970	  7
     865.130	  7
     865.294	  7
     865.482	  7
     865.610	  7
     865.770	  7
     865.928	  7
     866.080	  7
     866.244	  7
     866.388	  7
     866.544	  7
     866.694	  7
     866.854	  7
     867.034	  7
     867.174	  7
     867.322	  7
     867.486	  7
     867.640	  7
     867.790	  7
     867.944	  7
     868.090	  7
     868.248	  7
     868.410	  7
     868.560	  7
     868.730	  7
     869.930	  7
     870.248	  7
     870.364	  7
     870.498	  7
     870.654	  7
     870.808	  7
     870.974	  7
     871.146	  7
     871.312	  7
     871.744	  7
     871.934	  7
     872.050	  7
     872.190	  7
     872.342	  7
     872.518	  7
     872.638	  7
     873.438	  7
     874.110	  7
     874.308	  7
     876.504	  7
     879.040	  7
     881.510	  8
     881.574	  8
     881.802	  8
     884.178	  8
     884.786	  8
     885.428	  8
     886.164	 53
     886.252	  8
     886.252	 20
     886.252	 27
     886.262	 28
     886.262	 19
     886.362	 29
     886.530	  9
     886.608	  8
     906.382	 51
     906.392	 17
     941.478	  8
     948.360	  8
     950.786	  8
     951.790	  8
     953.372	  8
     956.770	  8
     957.144	  8
     957.844	  8
     958.434	  8
     958.748	  8
     963.778	  8
     964.764	  8
     965.598	  8
     965.642	  8
     966.052	  8
     966.392	 53
     966.422	  8
     966.422	 20
     966.422	 27
     966.432	 28
     966.432	 19
     966.532	 29
     966.700	  9
     966.798	  8
     986.552	 52
     986.562	 18
    1049.278	  8
    1049.604	  8
    1049.714	  8
    1050.272	  8
    1050.612	  8
    1051.376	  8
    1052.016	  8
    1052.412	  8
    1053.716	  8
    1054.000	  8
    1054.880	  8
    1055.068	  8
    1056.252	  8
    1058.308	  8
    1058.816	  8
    1059.330	  8
    1060.086	  8
    1060.546	  8
    1060.962	  8
    1061.838	  8
    1062.050	  8
    1062.314	  8
    1065.544	  8
    1065.918	  8
    1066.716	  8
    1066.966	  8
    1067.336	  8
    1077.264	  8
    1077.516	  8
    1078.144	  8
    1079.422	  8
    1080.284	  8
    1080.356	  8
    1080.624	  8
    1081.038	  8
    1082.108	  8
    1084.458	  8
    1084.936	  8
    1085.934	  8
    1088.030	  8
    1088.202	  8
    1088.596	  8
    1089.372	  8
    1094.650	  8
    1094.942	  8
    1095.516	  8
    1102.982	  8
    1103.056	  8
    1103.400	  8
    1104.706	  8
    1105.134	  8
    1105.492	  8
    1105.572	  8
    1106.562	 53
    1106.572	 20
    1106.572	 27
    1106.826	  8
    1107.412	  8
    1108.150	  8
    1108.702	  8
    1112.544	  8
    1112.602	  8
    1112.750	  8
    1113.686	  8
    1114.094	  8
    1114.542	  8
    1115.036	  8
    1115.858	  8
    1116.656	  8
    1117.042	  8
    1117.660	  8
    1118.594	  8
    1118.948	  8
    1120.468	  8
    1120.686	  8
    1121.168	  8
    1121.738	  8
    1122.394	  8
    1123.004	  8
    1123.264	  8
    1123.886	  8
    1124.756	  8
    1125.746	  8
    1126.342	  8
    1126.592	 52
    1126.602	 18
    1126.738	  8
    1127.806	  8
    1128.282	  8
    1130.452	  8
    1130.908	  8
    1131.476	  8
    1131.906	  8
    1132.730	  8
    1133.358	  8
    1134.208	  8
    1134.818	  8
    1136.864	  8
    1137.050	  8
    1137.498	  8
    1137.958	  8
    1138.286	  8
    1138.790	  8
    1139.204	  8
    1139.720	  8
    1140.412	  8
    1141.444	  8
    1142.026	  8
    1142.662	  8
    1143.440	  8
    1143.934	  8
    1144.574	  8
    1145.624	  8
    1145.882	  8
    1146.570	  8
    1146.926	  8
    1148.142	  8
    1148.730	  8
    1149.994	  8
    1150.890	  8
    1153.528	  8
    1153.978	  8
    1154.608	  8
    1154.848	  8
    1155.374	  8
    1156.092	  8
    1156.622	  8
    1156.858	  8
    1157.052	  8
    1157.370	  8
    1157.706	  8
    1157.942	  8
    1158.410	  8
    1158.506	  8
    1158.772	  8
    1158.944	  8
    1159.398	  8
    1159.558	  8
    1159.678	  8
    1160.166	  8
    1160.662	  8
    1161.352	  8
    1161.690	  8
    1162.620	  8
    1162.910	  8
    1162.988	  8
    1163.348	  8
    1163.584	  8
    1163.912	  8
    1164.246	  8
    1164.750	  8
    1165.542	  8
    1165.778	  8
    1166.074	  8
    1167.266	  8
    1167.454	  8
    1167.946	  8
    1168.336	  8
    1169.208	  8
    1169.842	  8
    1170.342	  8
    1171.358	  8
    1171.832	  8
    1172.354	  8
    1173.216	  8
    1174.268	  8
    1174.622	  8
    1175.112	  8
    1175.320	  8
    1176.212	  8
    1176.454	  8
    1177.924	  8
    1178.152	  8
    1178.830	  8
    1179.532	  8
    1182.208	  8
    1182.394	  8
    1183.320	  8
    1183.624	  8
    1184.134	  8
    1184.798	  8
    1185.312	  8
    1185.608	  8
    1185.922	  8
    1187.254	  8
    1187.702	  8
    1188.178	  8
    1189.346	  8
    1189.972	  8
    1190.348	  8
    1191.936	  8
    1192.002	  8
    1193.494	  8
    1193.662	  8
    1194.132	  8
    1194.554	  8
    1195.022	  8
    1195.636	  8
    1196.334	  8
    1196.556	  8
    1197.384	  8
    1197.838	  8
    1199.002	  8
    1200.416	  8
    1200.584	  8
    1201.228	  8
    1201.890	  8
    1202.496	  8
    1202.990	  8
    1205.026	  8
    1205.314	  8
    1205.766	  8
    1206.544	  8
    1206.992	  8
    1208.830	  8
    1209.266	  8
    1210.390	  8
    1210.874	  8
    1211.712	  8
    1212.176	  8
    1212.660	  8
    1212.990	  8
    1216.348	  8
    1216.544	  8
    1217.260	  8
    1217.742	  8
    1218.192	  8
    1219.090	  8
    1219.450	  8
    1219.912	  8
    1221.160	  8
    1221.444	  8
    1222.034	  8
    1223.170	  8
    1223.372	  8
    1223.756	  8
    1225.214	  8
    1225.400	  8
    1225.996	  8
    1226.612	  8
    1227.088	  8
    1227.340	  8
    1227.938	  8
    1228.344	  8
    1229.588	  8
    1230.144	  8
    1230.984	  8
    1232.044	  8
    1232.284	  8
    1234.530	  8
    1234.738	  8
    1235.380	  8
    1235.900	  8
    1236.940	  8
    1237.392	  8
    1238.220	  8
    1238.816	  8
    1239.360	  8
    1240.430	  8
    1240.744	  8
    1240.890	  8
    1242.132	  8
    1242.318	  8
    1242.836	  8
    1243.336	  8
    1243.810	  8
    1244.978	  8
    1245.466	  8
    1245.978	  8
    1246.448	  8
    1246.602	 53
    1246.612	 20
    1246.612	 27
    1247.646	  8
    1247.988	  8
    1248.428	  8
    1248.772	  8
    1249.140	  8
    1249.754	  8
    1249.858	  8
    1254.090	  8
    1254.146	  8
    1254.414	  8
    1254.986	  8
    1255.818	  8
    1256.632	  8
    1257.060	  8
    1257.588	  8
    1257.980	  8
    1258.514	  8
    1259.002	  8
    1259.446	  8
    1259.668	  8
    1260.046	  8
    1260.610	  8
    1261.176	  8
    1261.682	  8
    1262.094	  8
    1262.738	  8
    1264.366	  8
    1264.684	  8
    1266.140	  8
    1266.544	  8
    1266.632	 51
    1266.642	 17
    1267.026	  8
    1268.624	  8
    1269.110	  8
    1270.814	  8
    1271.716	  8
    1272.682	  8
    1273.098	  8
    1274.116	  8
    1274.940	  8
    1275.342	  8
    1276.050	  8
    1276.516	  8
    1277.916	  8
    1278.222	  8
    1278.748	  8
    1279.280	  8
    1279.880	  8
    1280.316	  8
    1280.596	  8
    1281.126	  8
    1281.602	  8
    1282.932	  8
    1283.362	  8
    1283.788	  8
    1284.208	  8
    1285.150	  8
    1285.652	  8
    1286.354	  8
    1287.692	  8
    1287.990	  8
    1288.534	  8
    1289.032	  8
    1290.010	  8
    1291.862	  8
    1292.028	  8
    1292.158	  8
    1292.638	  8
    1293.512	  8
    1293.546	  8
    1294.000	  8
    1295.618	  8
    1296.170	  8
    1296.680	  8
    1297.276	  8
    1297.642	  8
    1299.498	  8
    1299.980	  8
    1300.462	  8
    1301.356	  8
    1302.160	  8
    1302.730	  8
    1303.200	  8
    1306.050	  8
    1306.108	  8
    1306.480	  8
    1307.322	  8
    1307.880	  8
    1307.928	  8
    1308.624	  8
    1308.826	  8
    1309.716	  8
    1310.012	  8
    1310.496	  8
    1310.960	  8
    1311.664	  8
    1312.184	  8
    1314.110	  8
    1314.608	  8
    1315.396	  8
    1316.190	  8
    1316.838	  8
    1317.514	  8
    1318.022	  8
    1318.814	  8
    1319.734	  8
    1320.310	  8
    1320.666	  8
    1321.902	  8
    1322.284	  8
    1323.006	  8
    1323.868	  8
    1324.176	  8
    1324.704	  8
    1326.398	  8
    1326.642	 53
    1326.978	  8
    1326.978	 20
    1326.978	 27
    1326.988	 28
    1326.988	 19
    1327.088	 29
    1327.256	  9
    1327.330	  8
    1347.108	 52
    1347.118	 18
    1381.192	  8
    1399.696	  8
    1399.804	  8
    1400.050	  8
    1464.938	  8
    1465.026	  8
    1465.678	  8
    1466.206	  8
    1466.822	  8
    1467.118	 53
    1467.128	 20
    1467.128	 27
    1467.680	  8
    1468.736	  8
    1487.148	 51
    1487.158	 17
    1487.228	  8
    1487.532	  8
    1527.266	  8
    1527.502	  8
    1527.600	  8
    1528.128	  8
    1528.874	  8
    1529.570	  8
    1530.342	  8
    1531.326	  8
    1531.808	  8
    1532.462	  8
    1533.198	  8
    1533.508	  8
    1534.026	  8
    1534.806	  8
    1535.312	  8
    1535.608	  8
    1535.900	  8
    1536.162	  8
    1536.990	  8
    1537.456	  8
    1538.374	  8
    1539.054	  8
    1539.596	  8
    1540.214	  8
    1540.828	  8
    1541.256	  8
    1542.028	  8
    1542.578	  8
    1543.410	  8
    1544.294	  8
    1544.746	  8
    1545.984	  8
    1546.160	  8
    1546.868	  8
    1547.158	 53
    1547.400	  8
    1547.400	 20
    1547.400	 27
    1547.410	 28
    1547.410	 19
    1547.510	 29
    1547.678	  9
    1547.812	  8
    1550.534	  8
    1567.530	 50
    1567.540	 10
    1570.100	  7
    1570.226	  7
    1570.534	  7
    1570.698	  7
    1571.446	  7
    1571.986	  7
    1572.136	  7
    1572.770	  7
    1572.904	  7
    1573.054	  7
    1573.224	  7
    1573.584	  7
    1573.718	  7
    1573.856	  7
    1574.028	  7
    1574.492	  7
    1574.624	  7
    1574.778	  7
    1574.952	  7
    1575.092	  7
    1575.214	  7
    1575.378	  7
    1575.488	  7
    1575.646	  7
    1575.798	  7
    1575.958	  7
    1576.156	  7
    1576.274	  7
    1576.414	  7
    1576.580	  7
    1576.748	  7
    1576.944	  7
    1577.080	  7
    1577.240	  7
    1577.402	  7
    1577.580	  7
    1577.784	  7
    1578.160	  7
    1578.930	  7
    1579.066	  7
    1579.194	  7
    1579.792	  7
    1579.960	  7
    1580.114	  7
    1580.254	  7
    1580.446	  7
    1580.610	  7
    1581.054	  7
    1581.646	  7
    1582.080	  7
    1584.310	  8
    1584.886	  8
    1585.400	  8
    1585.944	  8
    1586.348	  8
    1586.988	  8
    1587.352	  8
    1588.106	  8
    1588.536	  8
    1589.534	  8
    1590.002	  8
    1590.404	  8
    1591.126	  8
    1591.710	  8
    1592.164	  8
    1592.600	  8
    1593.132	  8
    1593.584	  8
    1594.092	  8
    1594.820	  8
    1596.770	  8
    1597.338	  8
    1597.540	 53
    1597.744	  8
    1597.744	 20
    1597.744	 27
    1597.754	 28
    1597.754	 19
    1597.854	 29
    1598.022	  9
    1598.042	  8
    1598.890	  8
    1598.954	  8
    1617.874	 50
    1617.884	 10
    1622.110	  8
    1629.118	  8
    1629.718	  8
    1634.608	  8
    1638.212	  8
    1638.684	  8
    1639.168	  8
    1640.096	  8
    1640.904	  8
    1641.454	  8
    1641.908	  8
    1642.466	  8
    1643.072	  8
    1643.524	  8
    1643.890	  8
    1644.662	  8
    1645.204	  8
    1645.658	  8
    1646.798	  8
    1647.234	  8
    1647.884	 53
    1648.766	  8
    1648.766	 20
    1648.766	 27
    1648.776	 28
    1648.776	 19
    1648.876	 29
    1649.044	  9
    1649.068	  8
    1650.214	  8
    1650.904	  8
    1668.896	 50
    1668.906	 10
    1670.992	  8
    1681.506	  8
    1681.666	  8
    1685.852	  8
    1685.952	  8
    1688.638	  8
    1689.920	  8
    1689.998	  8
    1690.550	  8
    1691.176	  8
    1691.540	  8
    1691.678	  8
    1692.604	  8
    1692.960	  8
    1693.278	  8
    1693.604	  8
    1694.254	  8
    1694.680	  8
    1694.910	  8
    1695.394	  8
    1695.976	  8
    1696.328	  8
    1696.866	  8
    1697.190	  8
    1697.432	  8
    1698.096	  8
    1698.172	  8
    1698.608	  8
    1698.906	 53
    1699.610	  8
    1699.610	 20
    1699.610	 27
    1699.620	 28
    1699.620	 19
    1699.720	 29
    1699.858	  8
    1699.888	  9
    1701.920	  8
    1719.740	 51
    1719.750	 17
    1779.750	 53
    1801.074	  8
    1801.074	 20
    1801.074	 27
    1801.084	 28
    1801.084	 19
    1801.184	 29
    1801.428	  8
    1801.596	  9
    1801.656	  8
    1821.204	 52
    1821.214	 18
    1839.422	  7
    1839.562	  7
    1839.718	  7
    1839.850	  7
    1840.024	  7
    1868.460	  8
    1868.940	  8
    1870.878	  8
    1872.638	  8
    1902.342	  8
    1914.216	  8
    1914.410	  8
    1939.144	  8
    1939.494	  8
    1941.214	 53
    1941.224	 20
    1941.224	 27
    1961.244	 52
    1961.254	 18
    2043.498	  8
    2043.760	  8
    2044.890	  8
    2046.440	  8
    2046.992	  8
    2047.666	  8
    2048.716	  8
    2053.392	  8
    2054.384	  8
    2055.144	  8
    2056.188	  8
    2058.190	  8
    2059.778	  8
    2060.580	  8
    2060.826	  8
    2061.428	  8
    2063.514	  8
    2064.894	  8
    2068.900	  8
    2068.994	  8
    2069.424	  8
    2070.020	  8
    2070.628	  8
    2071.228	  8
    2071.812	  8
    2072.410	  8
    2072.938	  8
    2074.196	  8
    2075.028	  8
    2075.908	  8
    2076.622	  8
    2078.110	  8
    2078.418	  8
    2078.832	  8
    2079.840	  8
    2080.088	  8
    2080.374	  8
    2081.254	 53
    2081.264	 20
    2081.264	 27
    2081.902	  8
    2082.512	  8
    2082.846	  8
    2084.430	  8
    2084.928	  8
    2086.456	  8
    2087.394	  8
    2088.474	  8
    2090.498	  8
    2090.972	  8
    2091.258	  8
    2091.668	  8
    2092.456	  8
    2093.302	  8
    2093.668	  8
    2094.374	  8
    2096.198	  8
    2096.760	  8
    2099.238	  8
    2099.722	  8
    2100.592	  8
    2101.272	  8
    2101.284	 51
    2101.294	 17
    2104.106	  8
    2104.336	  8
    2104.840	  8
    2104.936	  8
    2111.026	  8
    2111.254	  8
    2111.620	  8
    2112.188	  8
    2112.960	  8
    2113.238	  8
    2113.642	  8
    2115.378	  8
    2115.660	  8
    2115.972	  8
    2116.698	  8
    2119.250	  8
    2119.462	  8
    2120.030	  8
    2120.678	  8
    2121.384	  8
    2121.974	  8
    2122.754	  8
    2123.068	  8
    2124.318	  8
    2125.078	  8
    2125.312	  8
    2126.850	  8
    2127.098	  8
    2130.064	  8
    2131.250	  8
    2132.086	  8
    2132.850	  8
    2133.342	  8
    2134.022	  8
    2134.450	  8
    2135.228	  8
    2135.770	  8
    2136.406	  8
    2136.764	  8
    2138.470	  8
    2138.658	  8
    2139.154	  8
    2140.024	  8
    2140.470	  8
    2140.828	  8
    2141.468	  8
    2141.800	  8
    2141.916	  8
    2142.578	  8
    2143.242	  8
    2143.752	  8
    2144.806	  8
    2145.076	  8
    2145.904	  8
    2146.290	  8
    2147.072	  8
    2148.302	  8
    2148.848	  8
    2150.810	  8
    2150.922	  8
    2151.494	  8
    2151.880	  8
    2152.604	  8
    2153.244	  8
    2153.532	  8
    2154.020	  8
    2154.462	  8
    2155.396	  8
    2155.700	  8
    2156.978	  8
    2157.392	  8
    2157.644	  8
    2157.868	  8
    2158.674	  8
    2158.852	  8
    2159.934	  8
    2160.378	  8
    2161.016	  8
    2161.294	 53
    2161.450	  8
    2161.450	 20
    2161.450	 27
    2161.460	 28
    2161.460	 19
    2161.560	 29
    2161.728	  9
    2161.868	  8
    2165.914	  8
    2167.356	  8
    2167.466	  8
    2181.580	 50
    2181.590	 10
    2186.018	  8
    2187.436	  8
    2189.498	  8
    2193.856	  8
    2194.396	  8
    2195.654	  8
    2196.368	  8
    2197.526	  8
    2197.880	  8
    2198.314	  8
    2201.534	  8
    2202.922	  8
    2202.970	  8
    2203.702	  8
    2204.156	  8
    2204.712	  8
    2206.192	  8
    2206.612	  8
    2207.022	  8
    2207.684	  8
    2208.536	  8
    2208.726	  8
    2209.102	  8
    2209.664	  8
    2209.908	  8
    2210.440	  8
    2210.692	  8
    2211.152	  8
    2211.434	  8
    2211.590	 53
    2211.668	  8
    2211.668	 20
    2211.668	 27
    2211.678	 28
    2211.678	 19
    2211.778	 29
    2211.946	  9
    2211.984	  8
    2231.798	 50
    2231.808	 10
    2245.168	  8
    2246.966	  8
    2247.076	  8
    2247.134	  8
    2247.366	  8
    2252.692	  8
    2253.390	  8
    2254.378	  8
    2255.020	  8
    2255.798	  8
    2255.862	  8
    2256.408	  8
    2257.216	  8
    2257.610	  8
    2258.092	  8
    2258.556	  8
    2259.514	  8
    2259.812	  8
    2260.640	  8
    2260.914	  8
    2261.808	 53
    2262.424	  8
    2262.424	 20
    2262.424	 27
    2262.434	 28
    2262.434	 19
    2262.534	 29
    2262.702	  9
    2262.760	  8
    2282.554	 51
    2282.564	 17
    2314.846	  7
    2314.994	  7
    2315.172	  7
    2315.492	  7
    2315.642	  7
    2316.010	  7
    2317.846	  7
    2320.508	  7
    2323.714	  7
    2327.962	  7
    2331.894	  7
    2339.558	  8
    2342.564	 53
    2343.168	  8
    2343.168	 20
    2343.168	 27
    2343.178	 28
    2343.178	 19
    2343.278	 29
    2343.446	  9
    2343.566	  8
    2363.298	 50
    2363.308	 10
    2373.780	  8
    2381.864	  8
    2382.822	  8
    2383.066	  8
    2384.640	  8
    2384.772	  8
    2387.038	  8
    2387.466	  8
    2387.586	  8
    2388.460	  8
    2388.690	  8
    2389.110	  8
    2389.256	  8
    2389.708	  8
    2389.972	  8
    2390.632	  8
    2390.740	  8
    2390.946	  8
    2391.686	  8
    2391.886	  8
    2392.232	  8
    2392.922	  8
    2393.180	  8
    2393.308	 53
    2393.632	  8
    2393.632	 20
    2393.632	 27
    2393.642	 28
    2393.642	 19
    2393.742	 29
    2393.910	  9
    2393.920	  8
    2413.762	 51
    2413.772	 17
    2427.558	  8
    2427.858	  8
    2429.948	  8
    2437.324	  8
    2438.812	  8
    2441.386	  8
    2442.122	  8
    2444.618	  8
    2444.916	  8
    2445.290	  8
    2446.290	  8
    2446.722	  8
    2448.238	  8
    2449.084	  8
    2449.564	  8
    2452.528	  8
    2453.020	  8
    2453.646	  8
    2455.362	  8
    2456.582	  8
    2456.934	  8
    2458.560	  8
    2458.868	  8
    2459.426	  8
    2459.522	  8
    2460.552	  8
    2461.666	  8
    2463.826	  8
    2464.456	  8
    2465.198	  8
    2466.028	  8
    2467.782	  8
    2467.886	  8
    2468.450	  8
    2468.740	  8
    2468.838	  8
    2470.474	  8
    2471.126	  8
    2472.566	  8
    2472.844	  8
    2473.674	  8
    2473.772	 53
    2473.988	  8
    2473.988	 20
    2473.988	 27
    2473.998	 28
    2473.998	 19
    2474.098	 29
    2474.266	  9
    2474.378	  8
    2475.300	  8
    2475.728	  8
    2477.286	  8
    2477.860	  8
    2494.118	 52
    2494.128	 18
    2576.036	  8
    2576.324	  8
    2576.440	  8
    2589.340	  8
    2590.680	  8
    2591.680	  8
    2592.162	  8
    2592.882	  8
    2597.344	  8
    2597.830	  8
    2597.984	  8
    2599.698	  8
    2601.934	  8
    2602.000	  8
    2607.224	  8
    2607.490	  8
    2608.322	  8
    2609.378	  8
    2610.258	  8
    2610.916	  8
    2611.264	  8
    2613.412	  8
    2613.934	  8
    2614.128	 53
    2614.138	 20
    2614.138	 27
    2614.754	  8
    2616.094	  8
    2617.216	  8
    2619.000	  8
    2619.346	  8
    2621.608	  8
    2622.320	  8
    2623.006	  8
    2623.716	  8
    2624.458	  8
    2625.000	  8
    2625.464	  8
    2626.590	  8
    2628.364	  8
    2628.442	  8
    2629.216	  8
    2629.716	  8
    2630.274	  8
    2630.864	  8
    2631.410	  8
    2631.646	  8
    2632.466	  8
    2633.900	  8
    2634.158	 51
    2634.168	 17
    2634.592	  8
    2634.930	  8
    2636.790	  8
    2637.736	  8
    2638.452	  8
    2638.938	  8
    2640.010	  8
    2641.380	  8
    2642.404	  8
    2644.010	  8
    2644.502	  8
    2645.592	  8
    2646.442	  8
    2647.464	  8
    2650.750	  8
    2650.968	  8
    2651.828	  8
    2652.512	  8
    2653.156	  8
    2653.814	  8
    2654.528	  8
    2654.820	  8
    2655.516	  8
    2655.782	  8
    2656.268	  8
    2656.612	  8
    2658.304	  8
    2658.340	  8
    2658.596	  8
    2658.818	  8
    2659.160	  8
    2660.012	  8
    2661.008	  8
    2661.512	  8
    2662.740	  8
    2663.222	  8
    2664.074	  8
    2664.762	  8
    2665.792	  8
    2666.248	  8
    2666.740	  8
    2668.086	  8
    2668.360	  8
    2669.198	  8
    2670.438	  8
    2671.006	  8
    2671.744	  8
    2672.080	  8
    2672.130	  8
    2672.588	  8
    2673.080	  8
    2674.088	  8
    2674.992	  8
    2675.434	  8
    2675.944	  8
    2676.494	  8
    2677.008	  8
    2677.388	  8
    2677.764	  8
    2678.706	  8
    2680.310	  8
    2680.850	  8
    2681.290	  8
    2681.482	  8
    2681.758	  8
    2682.158	  8
    2682.542	  8
    2682.734	  8
    2683.176	  8
    2683.996	  8
    2684.486	  8
    2684.986	  8
    2686.276	  8
    2686.828	  8
    2687.564	  8
    2687.870	  8
    2688.604	  8
    2689.662	  8
    2689.834	  8
    2689.882	  8
    2690.154	  8
    2691.048	  8
    2691.156	  8
    2691.510	  8
    2692.196	  8
    2693.978	  8
    2694.168	 53
    2694.446	  8
    2694.446	 20
    2694.446	 27
    2694.456	 28
    2694.456	 19
    2694.556	 29
    2694.724	  9
    2694.778	  8
    2714.576	 50
    2714.586	 10
    2723.046	  8
    2736.186	  8
    2736.392	  8
    2738.906	  8
    2739.028	  8
    2739.182	  8
    2739.536	  8
    2740.084	  8
    2740.200	  8
    2740.686	  8
    2741.016	  8
    2741.550	  8
    2741.828	  8
    2742.398	  8
    2742.804	  8
    2743.148	  8
    2743.480	  8
    2744.122	  8
    2744.586	 53
    2744.754	  8
    2744.754	 20
    2744.754	 27
    2744.764	 28
    2744.764	 19
    2744.864	 29
    2745.032	  9
    2745.058	  8
    2764.884	 50
    2764.894	 10
    2780.298	  8
    2780.376	  8
    2782.526	  8
    2784.622	  8
    2785.550	  8
    2786.158	  8
    2787.318	  8
    2787.630	  8
    2787.762	  8
    2788.170	  8
    2788.622	  8
    2790.082	  8
    2790.658	  8
    2791.250	  8
    2791.572	  8
    2791.766	  8
    2791.826	  8
    2791.900	  8
    2792.346	  8
    2792.918	  8
    2793.434	  8
    2794.020	  8
    2794.388	  8
    2794.674	  8
    2794.894	 53
    2795.040	  8
    2795.040	 20
    2795.040	 27
    2795.050	 28
    2795.050	 19
    2795.150	 29
    2795.318	  9
    2795.344	  8
    2796.752	  8
    2815.170	 51
    2815.180	 17
    2836.182	  8
    2836.456	  8
    2844.554	  8
    2844.700	  8
    2849.436	  8
    2854.222	  8
    2854.328	  8
    2855.248	  8
    2855.758	  8
    2856.158	  8
    2858.964	  8
    2859.840	  8
    2860.150	  8
    2860.628	  8
    2861.244	  8
    2861.828	  8
    2862.112	  8
    2862.724	  8
    2863.268	  8
    2863.802	  8
    2865.350	  8
    2865.626	  8
    2866.530	  8
    2866.856	  8
    2867.320	  8
    2868.952	  8
    2869.446	  8
    2869.490	  8
    2869.940	  8
    2870.498	  8
    2871.218	  8
    2871.384	  8
    2871.808	  8
    2872.066	  8
    2872.732	  8
    2873.204	  8
    2873.746	  8
    2874.300	  8
    2875.178	  8
    2875.180	 53
    2875.318	  8
    2875.318	 20
    2875.318	 27
    2875.328	 28
    2875.328	 19
    2875.428	 29
    2875.596	  9
    2875.712	  8
    2895.448	 50
    2895.458	 10
    2910.070	  8
    2915.276	  8
    2917.174	  8
    2917.324	  8
    2918.418	  8
    2920.942	  8
    2921.400	  8
    2921.938	  8
    2922.528	  8
    2923.014	  8
    2923.438	  8
    2923.876	  8
    2924.192	  8
    2924.294	  8
    2924.814	  8
    2925.068	  8
    2925.440	  8
    2925.458	 53
    2925.884	  8
    2925.884	 20
    2925.884	 27
    2925.894	 28
    2925.894	 19
    2925.994	 29
    2926.134	  8
    2926.162	  9
    2927.374	  8
    2946.014	 52
    2946.024	 18
    2997.220	  8
    3002.684	  8
    3013.842	  8
    3015.280	  8
    3016.880	  8
    3021.896	  8
    3022.632	  8
    3022.824	  8
    3023.020	  8
    3024.304	  8
    3024.368	  8
    3026.622	  8
    3027.034	  8
    3028.130	  8
    3028.426	  8
    3028.534	  8
    3028.858	  8
    3029.016	  8
    3030.426	  8
    3030.530	  8
    3030.762	  8
    3031.524	  8
    3033.264	  8
    3033.336	  8
    3033.888	  8
    3037.208	  8
    3040.844	  8
    3041.478	  8
    3043.396	  8
    3044.032	  8
    3044.180	  8
    3044.834	  8
    3045.794	  8
    3046.284	  8
    3047.280	  8
    3048.194	  8
    3048.910	  8
    3050.166	  8
    3052.794	  8
    3054.110	  8
    3061.658	  8
    3062.244	  8
    3062.786	  8
    3063.770	  8
    3064.128	  8
    3064.712	  8
    3066.024	 53
    3066.034	 20
    3066.034	 27
    3068.872	  8
    3070.774	  8
    3076.170	  8
    3076.530	  8
    3077.310	  8
    3078.088	  8
    3078.630	  8
    3079.176	  8
    3079.786	  8
    3082.754	  8
    3083.758	  8
    3084.380	  8
    3085.240	  8
    3086.054	 50
    3086.064	 10
    3086.122	  8
    3086.414	  8
    3090.006	  8
    3090.094	  8
    3091.094	  8
    3092.158	  8
    3093.024	  8
    3093.478	  8
    3093.796	  8
    3094.176	  8
    3094.578	  8
    3095.744	  8
    3096.926	  8
    3098.654	  8
    3099.118	  8
    3099.568	  8
    3099.852	  8
    3100.924	  8
    3101.610	  8
    3102.574	  8
    3102.766	  8
    3103.294	  8
    3103.678	  8
    3104.658	  8
    3105.018	  8
    3105.748	  8
    3106.136	  8
    3106.692	  8
    3107.120	  8
    3107.562	  8
    3108.354	  8
    3108.810	  8
    3109.288	  8
    3109.690	  8
    3110.208	  8
    3111.358	  8
    3112.154	  8
    3112.666	  8
    3112.924	  8
    3113.486	  8
    3114.410	  8
    3114.918	  8
    3115.346	  8
    3115.730	  8
    3115.986	  8
    3116.064	 53
    3116.298	  8
    3116.298	 20
    3116.298	 27
    3116.308	 28
    3116.308	 19
    3116.408	 29
    3116.576	  9
    3116.626	  8
    3118.826	  8
    3119.162	  8
    3119.418	  8
    3136.428	 52
    3136.438	 18
    3173.000	  8
    3185.288	  8
    3186.428	  8
    3187.028	  8
    3187.404	  8
    3187.484	  8
    3187.682	  8
    3191.978	  8
    3197.634	  8
    3201.292	  8
    3201.380	  8
    3203.184	  8
    3203.300	  8
    3203.420	  8
    3208.470	  8
    3224.658	  8
    3225.632	  8
    3227.792	  8
    3228.594	  8
    3230.008	  8
    3232.378	  8
    3233.030	  8
    3233.506	  8
    3234.384	  8
    3249.706	  8
    3249.828	  8
    3256.438	 53
    3256.448	 20
    3256.448	 27
    3259.138	  8
    3273.420	  7
    3273.878	  7
    3274.018	  7
    3274.130	  7
    3274.266	  7
    3274.418	  7
    3274.814	  7
    3274.954	  7
    3275.366	  7
    3275.506	  7
    3275.658	  7
    3275.816	  7
    3276.300	  7
    3276.430	  7
    3276.468	 50
    3276.478	 10
    3276.570	  7
    3277.078	  7
    3277.190	  7
    3277.326	  7
    3277.480	  7
    3277.594	  7
    3279.390	  7
    3281.842	  7
    3284.542	  7
    3287.728	  7
    3288.202	  7
    3288.642	  7
    3293.514	  7
    3294.980	  8
    3295.058	  8
    3295.294	  8
    3295.940	  8
    3296.388	  8
    3296.992	  8
    3297.282	  8
    3297.382	  8
    3297.838	  8
    3298.092	  8
    3298.690	  8
    3299.134	  8
    3299.446	  8
    3300.004	  8
    3300.690	  8
    3301.100	  8
    3301.648	  8
    3301.916	  8
    3302.106	  8
    3302.394	  8
    3303.092	  8
    3303.324	  8
    3303.532	  8
    3303.832	  8
    3304.358	  8
    3304.830	  8
    3306.260	  8
    3306.474	  8
    3306.478	 53
    3306.970	  8
    3306.970	 20
    3306.970	 27
    3306.980	 28
    3306.980	 19
    3307.080	 29
    3307.248	  9
    3307.346	  8
    3309.270	  8
    3309.336	  8
    3309.740	  8
    3327.100	 51
    3327.110	 17
    3349.874	  8
    3351.682	  8
    3359.194	  7
    3360.026	  7
    3360.148	  7
    3360.858	  7
    3361.266	  7
    3362.512	  7
    3366.786	  7
    3367.838	  7
    3368.688	  7
    3368.836	  7
    3368.942	  7
    3380.276	  8
    3380.860	  8
    3383.132	  8
    3383.838	  8
    3384.436	  8
    3385.894	  8
    3386.540	  8
    3387.110	 53
    3387.684	  8
    3387.684	 20
    3387.684	 27
    3387.694	 28
    3387.694	 19
    3387.794	 29
    3387.962	  9
    3388.114	  8
    3391.454	  8
    3391.512	  8
    3407.814	 52
    3407.824	 18
    3445.654	  8
    3455.728	  8
    3490.768	  8
    3502.906	  8
    3516.934	  7
    3517.062	  7
    3519.070	  7
    3519.346	  7
    3519.504	  7
    3519.644	  7
    3520.210	  7
    3523.612	  7
    3523.742	  7
    3524.316	  7
    3525.768	  7
    3526.470	  7
    3526.642	  7
    3526.774	  7
    3527.178	  7
    3527.282	  7
    3527.460	  7
    3527.824	 53
    3527.834	 20
    3527.834	 27
    3528.092	  7
    3528.244	  7
    3528.384	  7
    3528.752	  7
    3532.272	  7
    3537.720	  7
    3539.350	  7
    3539.530	  7
    3541.156	  8
    3541.242	  8
    3544.078	  8
    3544.130	  8
    3545.330	  8
    3547.854	 50
    3547.864	 10
    3557.954	  8
    3559.698	  8
    3560.158	  8
    3561.422	  8
    3562.088	  8
    3564.204	  8
    3564.890	  8
    3565.172	  8
    3565.806	  8
    3566.450	  8
    3566.856	  8
    3567.218	  8
    3568.726	  8
    3569.150	  8
    3569.532	  8
    3569.588	  8
    3569.880	  8
    3570.594	  8
    3570.926	  8
    3571.606	  8
    3571.926	  8
    3572.622	  8
    3573.010	  8
    3573.476	  8
    3573.960	  8
    3574.318	  8
    3574.960	  8
    3575.208	  8
    3575.746	  8
    3576.078	  8
    3576.480	  8
    3576.742	  8
    3577.156	  8
    3577.864	 53
    3578.010	  8
    3578.010	 20
    3578.010	 27
    3578.020	 28
    3578.020	 19
    3578.120	 29
    3578.130	  8
    3578.288	  9
    3578.410	  8
    3598.140	 51
    3598.150	 17
    3606.488	  8
    3631.204	  8
    3631.576	  8
    3631.830	  8
    3632.220	  8
    3632.492	  8
    3636.450	  8
    3636.532	  8
    3637.730	  8
    3638.840	  8
    3639.370	  8
    3640.160	  8
    3641.826	  8
    3642.244	  8
    3643.188	  8
    3643.596	  8
    3645.030	  8
    3645.450	  8
    3646.568	  8
    3647.822	  8
    3648.374	  8
    3648.932	  8
    3650.104	  8
    3650.386	  8
    3650.666	  8
    3651.466	  8
    3651.792	  8
    3652.400	  8
    3653.790	  8
    3654.030	  8
    3654.588	  8
    3655.972	  8
    3657.164	  8
    3658.150	 53
    3658.270	  8
    3658.270	 20
    3658.270	 27
    3658.280	 28
    3658.280	 19
    3658.380	 29
    3658.548	  9
    3658.644	  8
    3678.400	 52
    3678.410	 18
    3798.410	 53
    3798.420	 20
    3798.420	 27
    3800.020	  8
    3800.120	  8
    3800.380	  8
    3818.440	 51
    3818.450	 17
    3818.528	  8
    3818.740	  8
    3818.930	  8
    3819.972	  8
    3820.938	  8
    3824.822	  8
    3825.930	  8
    3826.070	  8
    3826.632	  8
    3827.332	  8
    3827.752	  8
    3828.406	  8
    3829.962	  8
    3831.944	  8
    3832.626	  8
    3834.002	  8
    3834.330	  8
    3835.782	  8
    3837.316	  8
    3838.048	  8
    3841.434	  8
    3841.602	  8
    3841.974	  8
    3842.362	  8
    3843.054	  8
    3843.442	  8
    3844.042	  8
    3844.912	  8
    3845.964	  8
    3846.328	  8
    3848.220	  8
    3848.792	  8
    3849.466	  8
    3849.654	  8
    3850.368	  8
    3850.846	  8
    3852.310	  8
    3852.806	  8
    3853.234	  8
    3853.654	  8
    3854.930	  8
    3855.604	  8
    3856.654	  8
    3856.852	  8
    3857.844	  8
    3859.170	  8
    3859.574	  8
    3860.026	  8
    3860.480	  8
    3861.306	  8
    3862.056	  8
    3862.670	  8
    3863.010	  8
    3864.226	  8
    3864.924	  8
    3865.288	  8
    3866.654	  8
    3866.980	  8
    3867.852	  8
    3868.122	  8
    3868.572	  8
    3869.096	  8
    3870.002	  8
    3870.540	  8
    3870.884	  8
    3872.134	  8
    3872.154	  8
    3873.140	  8
    3873.420	  8
    3873.676	  8
    3874.328	  8
    3876.404	  8
    3877.556	  8
    3878.068	  8
    3878.450	 53
    3878.532	  8
    3878.532	 20
    3878.532	 27
    3878.542	 28
    3878.542	 19
    3878.642	 29
    3878.810	  9
    3878.952	  8
    3898.662	 51
    3898.672	 17
    3913.100	  8
    3913.224	  8
    3919.694	  8
    3920.884	  8
    3920.960	  8
    3921.370	  8
    3922.680	  8
    3923.054	  8
    3924.294	  8
    3924.926	  8
    3925.152	  8
    3927.832	  8
    3929.370	  8
    3929.938	  8
    3931.510	  8
    3932.576	  8
    3933.594	  8
    3934.412	  8
    3935.342	  8
    3935.800	  8
    3937.102	  8
    3937.790	  8
    3938.268	  8
    3939.068	  8
    3939.636	  8
    3941.274	  8
    3941.524	  8
    3942.106	  8
    3943.646	  8
    3943.900	  8
    3944.406	  8
    3944.732	  8
    3946.168	  8
    3946.532	  8
    3946.808	  8
    3947.288	  8
    3948.042	  8
    3949.360	  8
    3950.314	  8
    3951.536	  8
    3952.030	  8
    3952.836	  8
    3953.228	  8
    3953.546	  8
    3955.394	  8
    3956.170	  8
    3957.052	  8
    3957.294	  8
    3957.592	  8
    3958.586	  8
    3958.672	 53
    3959.076	  8
    3959.076	 20
    3959.076	 27
    3959.086	 28
    3959.086	 19
    3959.186	 29
    3959.354	  9
    3959.410	  8
    3964.338	  8
    3979.206	 52
    3979.216	 18
    4035.782	  8
    4075.634	  8
    4075.738	  8
    4076.172	  8
    4076.664	  8
    4099.216	 53
    4099.226	 20
    4099.226	 27
    4119.246	 52
    4119.256	 18
    4130.208	  8
    4130.294	  8
    4196.284	  8
    4196.678	  8
    4197.588	  8
    4197.988	  8
    4199.854	  8
    4200.776	  8
    4201.720	  8
    4202.610	  8
    4203.022	  8
    4203.836	  8
    4204.582	  8
    4204.990	  8
    4205.894	  8
    4207.106	  8
    4207.886	  8
    4209.324	  8
    4209.712	  8
    4210.746	  8
    4211.268	  8
    4212.002	  8
    4213.168	  8
    4213.304	  8
    4216.950	  8
    4217.148	  8
    4218.066	  8
    4218.608	  8
    4219.532	  8
    4220.262	  8
    4221.188	  8
    4221.248	  8
    4223.618	  8
    4224.396	  8
    4225.192	  8
    4226.024	  8
    4226.586	  8
    4227.086	  8
    4228.498	  8
    4230.038	  8
    4231.414	  8
    4232.242	  8
    4234.462	  8
    4234.658	  8
    4235.222	  8
    4235.720	  8
    4236.418	  8
    4237.660	  8
    4238.670	  8
    4239.256	 53
    4239.266	 20
    4239.266	 27
    4239.548	  8
    4240.396	  8
    4241.996	  8
    4242.288	  8
    4243.110	  8
    4243.492	  8
    4244.120	  8
    4244.598	  8
    4245.668	  8
    4246.288	  8
    4247.210	  8
    4249.534	  8
    4250.026	  8
    4251.326	  8
    4252.332	  8
    4252.918	  8
    4253.962	  8
    4254.648	  8
    4255.992	  8
    4257.542	  8
    4259.286	 50
    4259.296	 10
    4260.056	  8
    4260.828	  8
    4261.374	  8
    4261.816	  8
    4262.636	  8
    4262.898	  8
    4263.464	  8
    4263.760	  8
    4264.608	  8
    4265.618	  8
    4267.222	  8
    4267.428	  8
    4268.788	  8
    4269.068	  8
    4269.754	  8
    4269.866	  8
    4270.222	  8
    4270.538	  8
    4271.892	  8
    4272.780	  8
    4273.598	  8
    4273.656	  8
    4274.294	  8
    4274.672	  8
    4275.198	  8
    4275.996	  8
    4276.504	  8
    4276.996	  8
    4277.540	  8
    4278.638	  8
    4278.878	  8
    4279.274	  8
    4279.620	  8
    4280.028	  8
    4280.240	  8
    4280.372	  8
    4280.920	  8
    4281.202	  8
    4281.560	  8
    4281.748	  8
    4282.050	  8
    4282.342	  8
    4282.750	  8
    4283.028	  8
    4283.792	  8
    4284.322	  8
    4284.734	  8
    4284.770	  8
    4285.366	  8
    4285.858	  8
    4286.298	  8
    4286.814	  8
    4287.180	  8
    4287.402	  8
    4288.028	  8
    4289.296	 53
    4289.698	  8
    4289.698	 20
    4289.698	 27
    4289.708	 28
    4289.708	 19
    4289.808	 29
    4289.976	  9
    4290.024	  8
    4290.986	  8
    4309.828	 51
    4309.838	 17
    4326.418	  8
    4333.908	  7
    4334.076	  7
    4334.184	  7
    4334.312	  7
    4334.884	  7
    4335.144	  7
    4335.290	  7
    4335.494	  7
    4337.528	  7
    4338.100	  7
    4338.282	  7
    4338.404	  7
    4338.774	  7
    4338.896	  7
    4339.386	  7
    4339.686	  7
    4340.340	  7
    4340.490	  7
    4340.838	  7
    4351.042	  7
    4359.512	  8
    4359.776	  8
    4361.214	  8
    4362.034	  8
    4362.726	  8
    4363.316	  8
    4364.250	  8
    4364.892	  8
    4365.440	  8
    4366.042	  8
    4366.686	  8
    4367.138	  8
    4367.626	  8
    4368.138	  8
    4368.406	  8
    4369.618	  8
    4369.838	 53
    4370.684	  8
    4370.684	 20
    4370.684	 27
    4370.694	 28
    4370.694	 19
    4370.794	 29
    4370.962	  9
    4371.082	  8
    4390.814	 51
    4390.824	 17
    4424.590	  7
    4424.898	  7
    4425.060	  7
    4425.310	  7
    4425.486	  7
    4425.704	  7
    4425.828	  7
    4430.102	  8
    4435.450	  8
    4436.134	  8
    4436.222	  8
    4436.392	  8
    4437.774	  8
    4438.866	  8
    4438.954	  8
    4439.570	  8
    4439.966	  8
    4441.048	  8
    4441.608	  8
    4442.266	  8
    4442.682	  8
    4443.040	  8
    4443.830	  8
    4444.190	  8
    4444.714	  8
    4445.252	  8
    4445.538	  8
    4445.978	  8
    4446.800	  8
    4447.118	  8
    4447.738	  8
    4448.380	  8
    4449.076	  8
    4449.626	  8
    4449.882	  8
    4450.236	  8
    4450.660	  8
    4450.824	 53
    4450.934	  8
    4450.934	 20
    4450.934	 27
    4450.944	 28
    4450.944	 19
    4451.044	 29
    4451.212	  9
    4451.344	  8
    4452.862	  8
    4471.064	 52
    4471.074	 18
    4533.098	  8
    4535.168	  8
    4535.718	  8
    4535.906	  8
    4536.360	  8
    4566.298	  8
    4566.852	  8
    4566.976	  8
    4591.074	 53
    4591.084	 20
    4591.084	 27
    4611.104	 52
    4611.114	 18
    4615.710	  8
    4617.062	  8
    4618.366	  8
    4731.114	 53
    4731.124	 20
    4731.124	 27
    4751.144	 51
    4751.154	 17
    4754.022	  8
    4754.312	  8
    4758.594	  8
    4760.010	  8
    4764.596	  8
    4766.078	  8
    4766.188	  8
    4766.468	  8
    4770.166	  8
    4770.922	  8
    4771.750	  8
    4772.476	  8
    4774.656	  8
    4779.288	  8
    4780.834	  8
    4781.946	  8
    4783.534	  8
    4784.854	  8
    4785.518	  8
    4785.864	  8
    4786.650	  8
    4787.234	  8
    4788.166	  8
    4788.612	  8
    4789.714	  8
    4790.624	  8
    4791.320	  8
    4792.002	  8
    4792.714	  8
    4793.940	  8
    4794.548	  8
    4795.532	  8
    4795.770	  8
    4796.580	  8
    4796.942	  8
    4797.188	  8
    4797.590	  8
    4798.194	  8
    4798.692	  8
    4799.684	  8
    4800.008	  8
    4800.566	  8
    4801.738	  8
    4802.132	  8
    4802.758	  8
    4804.120	  8
    4804.402	  8
    4804.984	  8
    4805.702	  8
    4805.862	  8
    4806.374	  8
    4807.034	  8
    4807.772	  8
    4808.046	  8
    4808.206	  8
    4808.776	  8
    4809.426	  8
    4810.774	  8
    4810.920	  8
    4811.154	 53
    4811.264	  8
    4811.264	 20
    4811.264	 27
    4811.274	 28
    4811.274	 19
    4811.374	 29
    4811.542	  9
    4811.654	  8
    4813.488	  8
    4813.650	  8
    4831.394	 50
    4831.404	 10
    4840.134	  7
    4840.456	  7
    4840.578	  7
    4840.784	  7
    4840.928	  7
    4841.126	  7
    4849.962	  8
    4850.728	  8
    4851.242	  8
    4852.064	  8
    4852.150	  8
    4852.776	  8
    4853.802	  8
    4854.640	  8
    4855.118	  8
    4855.426	  8
    4856.184	  8
    4856.968	  8
    4857.220	  8
    4857.970	  8
    4858.374	  8
    4859.392	  8
    4859.624	  8
    4859.954	  8
    4860.180	  8
    4860.530	  8
    4860.784	  8
    4861.092	  8
    4861.404	 53
    4861.592	  8
    4861.592	 20
    4861.592	 27
    4861.602	 28
    4861.602	 19
    4861.702	 29
    4861.870	  9
    4861.898	  8
    4881.722	 52
    4881.732	 18
    4884.574	  8
    4884.980	  8
    4936.386	  8
    5001.732	 53
    5001.742	 20
    5001.742	 27
    5021.762	 51
    5021.772	 17
    5029.892	  8
    5030.166	  8
    5031.334	  8
    5031.796	  8
    5032.288	  8
    5034.004	  8
    5034.092	  8
    5034.980	  8
    5035.804	  8
    5035.950	  8
    5036.532	  8
    5037.282	  8
    5038.186	  8
    5039.306	  8
    5040.854	  8
    5041.916	  8
    5042.828	  8
    5043.608	  8
    5044.116	  8
    5044.836	  8
    5046.582	  8
    5047.194	  8
    5047.994	  8
    5049.212	  8
    5050.342	  8
    5050.994	  8
    5051.704	  8
    5051.948	  8
    5052.646	  8
    5053.230	  8
    5053.410	  8
    5054.466	  8
    5054.958	  8
    5056.116	  8
    5057.118	  8
    5057.822	  8
    5058.454	  8
    5059.944	  8
    5060.772	  8
    5061.830	  8
    5063.266	  8
    5063.492	  8
    5063.916	  8
    5064.324	  8
    5064.812	  8
    5065.280	  8
    5066.836	  8
    5067.318	  8
    5068.126	  8
    5068.854	  8
    5069.192	  8
    5070.032	  8
    5070.436	  8
    5072.516	  8
    5073.850	  8
    5074.400	  8
    5074.906	  8
    5075.302	  8
    5076.016	  8
    5076.550	  8
    5077.160	  8
    5077.506	  8
    5078.064	  8
    5078.492	  8
    5078.832	  8
    5079.440	  8
    5080.072	  8
    5081.140	  8
    5081.178	  8
    5081.518	  8
    5081.772	 53
    5081.798	  8
    5081.798	 20
    5081.798	 27
    5081.808	 28
    5081.808	 19
    5081.908	 29
    5082.076	  9
    5082.194	  8
    5101.928	 51
    5101.938	 17
    5125.450	  8
    5128.602	  8
    5137.132	  7
    5138.096	  7
    5138.242	  7
    5138.920	  7
    5139.046	  7
    5139.256	  7
    5143.868	  7
    5143.998	  7
    5144.148	  7
    5144.296	  7
    5144.460	  7
    5144.584	  7
    5144.912	  7
    5145.342	  7
    5146.090	  7
    5146.224	  7
    5146.346	  7
    5150.216	  7
    5153.304	  7
    5159.480	  8
    5159.846	  8
    5160.484	  8
    5160.986	  8
    5161.938	 53
    5162.234	  8
    5162.234	 20
    5162.234	 27
    5162.244	 28
    5162.244	 19
    5162.344	 29
    5162.512	  9
    5162.568	  8
    5165.062	  8
    5182.364	 50
    5182.374	 10
    5194.230	  8
    5194.608	  8
    5207.118	  8
    5208.518	  8
    5208.576	  8
    5208.984	  8
    5209.288	  8
    5209.628	  8
    5209.906	  8
    5210.604	  8
    5211.190	  8
    5211.496	  8
    5212.206	  8
    5212.374	 53
    5212.774	  8
    5212.774	 20
    5212.774	 27
    5212.784	 28
    5212.784	 19
    5212.828	  8
    5212.884	 29
    5213.052	  9
    5213.070	  8
    5215.354	  8
    5232.904	 51
    5232.914	 17
    5241.358	  8
    5243.312	  8
    5243.538	  8
    5275.212	  8
    5278.536	  8
    5278.720	  8
    5279.612	  8
    5280.124	  8
    5282.184	  8
    5282.644	  8
    5282.954	  8
    5284.954	  8
    5285.570	  8
    5286.136	  8
    5286.574	  8
    5286.904	  8
    5288.062	  8
    5288.822	  8
    5289.560	  8
    5289.924	  8
    5290.802	  8
    5291.144	  8
    5291.470	  8
    5292.286	  8
    5292.676	  8
    5292.914	 53
    5293.144	  8
    5293.144	 20
    5293.144	 27
    5293.154	 28
    5293.154	 19
    5293.254	 29
    5293.422	  9
    5293.496	  8
    5313.274	 51
    5313.284	 17
    5340.488	  8
    5340.600	  8
    5340.684	  8
    5340.938	  8
    5343.540	  8
    5354.928	  8
    5364.172	  7
    5367.806	  7
    5369.798	  7
    5369.950	  7
    5373.284	 53
    5376.412	  8
    5376.412	 20
    5376.412	 27
    5376.422	 28
    5376.422	 19
    5376.522	 29
    5376.690	  9
    5376.750	  8
    5377.814	  8
    5387.310	  8
    5389.980	  8
    5390.398	  8
    5396.542	 50
    5396.552	 10
    5402.122	  7
    5402.532	  7
    5402.958	  7
    5403.532	  7
    5403.884	  7
    5404.214	  7
    5404.564	  7
    5405.810	  7
    5406.722	  7
    5411.020	  7
    5415.138	  7
    5419.372	  7
    5425.140	  8
    5425.298	  8
    5425.622	  8
    5426.034	  8
    5426.440	  8
    5426.552	 53
    5426.768	  8
    5426.768	 20
    5426.768	 27
    5426.778	 28
    5426.778	 19
    5426.878	 29
    5426.888	 61
