   12726.576	  8
   12736.552	  7
   12736.650	  7
   12736.780	  7
   12737.100	  7
   12737.210	  7
   12737.310	  7
   12737.426	  7
   12737.556	  7
   12737.688	  7
   12737.826	  7
   12737.954	  7
   12738.088	  7
   12738.222	  7
   12738.356	  7
   12738.514	  7
   12738.634	  7
   12738.766	  7
   12738.892	  7
   12739.014	  7
   12739.142	  7
   12739.282	  7
   12739.398	  7
   12739.580	  7
   12739.694	  7
   12739.818	  7
   12739.948	  7
   12740.076	  7
   12740.204	  7
   12740.330	  7
   12740.466	  7
   12740.660	  7
   12740.764	  7
   12740.886	  7
   12741.010	  7
   12741.152	  7
   12741.278	  7
   12741.422	  7
   12741.556	  7
   12741.566	  7
   12741.686	  7
   12741.790	  7
   12741.918	  7
   12742.062	  7
   12742.194	  7
   12742.336	  7
   12742.478	  7
   12742.616	  7
   12742.790	  7
   12742.908	  7
   12743.040	  7
   12743.186	  7
   12743.324	  7
   12743.458	  7
   12743.594	  7
   12743.782	  7
   12743.908	  7
   12752.234	  8
   12752.364	  8
      20.010	 51
      20.020	 10
      32.610	  8
      35.672	  8
      52.696	  8
      52.762	  8
      54.630	  8
      55.124	  8
      55.582	  8
      65.198	  8
      70.476	  8
      70.914	  8
      71.104	  8
      71.156	  8
      79.918	  8
      80.020	 53
      80.474	  8
      80.474	 20
      80.474	 27
      80.484	 28
      80.484	 19
      80.584	 29
      80.748	  8
      80.754	  9
      83.806	  7
      83.926	  7
      84.038	  7
      84.172	  7
      84.298	  7
      84.502	  7
      84.618	  7
      84.746	  7
      84.870	  7
      85.004	  7
      85.130	  7
      85.244	  7
      85.542	  7
      85.652	  7
      85.792	  7
      85.910	  7
      86.036	  7
      86.182	  7
      86.298	  7
      86.422	  7
      86.552	  7
      86.682	  7
      86.850	  7
      86.968	  7
      87.082	  7
      87.196	  7
      87.320	  7
      87.460	  7
      87.598	  7
      87.770	  7
      87.890	  7
      88.024	  7
      88.170	  7
      88.300	  7
      88.434	  7
      88.604	  7
      88.726	  7
      88.848	  7
      88.972	  7
      89.098	  7
      89.246	  7
      89.390	  7
      89.574	  7
      89.726	  7
      89.848	  7
      89.966	  7
      90.100	  7
      90.254	  7
      90.438	  7
      90.576	  7
      90.708	  7
      90.832	  7
      90.970	  7
      91.112	  7
      91.244	  7
      91.378	  7
      91.568	  7
      91.684	  7
      91.814	  7
      91.944	  7
      92.092	  7
      92.214	  7
      92.376	  7
      92.480	  7
      92.654	  7
      92.788	  7
      92.928	  7
      93.080	  7
      93.218	  7
      93.358	  7
      93.508	  7
      95.918	  7
      96.032	  7
      96.174	  7
      96.328	  7
      96.486	  7
      96.662	  7
      96.790	  7
      96.924	  7
      97.078	  7
      97.226	  7
      97.368	  7
      97.512	  7
      97.968	  7
      98.098	  7
      98.380	  7
      98.486	  7
      98.606	  7
      98.740	  7
      98.876	  7
      99.054	  7
      99.166	  7
      99.290	  7
      99.552	  7
      99.672	  7
      99.836	  7
      99.972	  7
     100.116	  7
     100.226	  7
     100.380	  7
     100.524	  7
     100.604	 50
     100.614	 17
     100.668	  7
     100.818	  7
     101.558	  7
     101.678	  7
     101.816	  7
     102.374	  7
     102.424	  7
     102.504	  7
     102.784	  7
     103.302	  7
     103.408	  7
     103.538	  7
     103.674	  7
     103.800	  7
     103.938	  7
     104.066	  7
     104.230	  7
     104.374	  7
     104.548	  7
     104.660	  7
     113.450	  8
     113.528	  8
     113.766	  8
     114.844	  8
     115.160	  8
     115.818	  8
     117.550	  8
     123.308	  8
     126.702	  8
     126.984	  8
     127.588	  8
     128.148	  8
     129.146	  8
     129.284	  8
     129.826	  8
     129.888	  8
     130.338	  8
     130.610	  8
     130.614	 53
     130.624	 20
     130.624	 27
     130.762	  8
     137.130	  7
     137.402	  7
     138.108	  7
     138.334	  7
     138.412	  7
     138.446	  7
     138.634	  7
     150.644	 51
     150.654	 10
     200.572	  8
     207.618	  8
     208.186	  8
     208.582	  8
     209.020	  8
     209.258	  8
     209.476	  8
     209.730	  8
     210.654	 53
     291.852	  8
     291.852	 20
     291.852	 27
     291.862	 28
     291.862	 19
     291.962	 29
     292.046	  8
     292.132	  9
     296.788	  7
     297.238	  7
     297.364	  7
     297.958	  7
     298.074	  7
     298.208	  7
     298.340	  7
     298.484	  7
     298.624	  7
     298.752	  7
     298.884	  7
     299.020	  7
     299.152	  7
     299.336	  7
     299.444	  7
     299.560	  7
     299.692	  7
     299.820	  7
     299.940	  7
     300.084	  7
     300.212	  7
     300.352	  7
     300.540	  7
     300.650	  7
     300.792	  7
     300.920	  7
     301.050	  7
     301.192	  7
     301.336	  7
     301.488	  7
     301.630	  7
     301.770	  7
     301.908	  7
     302.078	  7
     302.184	  7
     302.318	  7
     302.456	  7
     302.604	  7
     302.752	  7
     302.898	  7
     303.034	  7
     303.182	  7
     303.322	  7
     303.464	  7
     303.622	  7
     304.076	  7
     304.178	  7
     304.314	  7
     304.456	  7
     304.592	  7
     304.726	  7
     304.874	  7
     305.014	  7
     305.108	  7
     305.110	  7
     305.266	  7
     305.392	  7
     305.532	  7
     305.682	  7
     305.822	  7
     305.968	  7
     306.098	  7
     306.292	  7
     306.414	  7
     306.532	  7
     306.658	  7
     306.856	  7
     306.990	  7
     307.138	  7
     307.300	  7
     307.428	  7
     307.584	  7
     307.708	  7
     307.862	  7
     307.998	  7
     308.134	  7
     308.304	  7
     308.428	  7
     308.550	  7
     308.684	  7
     308.870	  7
     309.336	  7
     309.462	  7
     309.604	  7
     309.732	  7
     309.880	  7
     310.024	  7
     310.168	  7
     310.288	  7
     310.438	  7
     310.562	  7
     310.744	  7
     310.868	  7
     311.002	  7
     311.136	  7
     311.268	  7
     311.432	  7
     311.610	  7
     311.750	  7
     311.972	  7
     311.982	 51
     311.992	 10
     312.082	  7
     312.264	  7
     312.376	  7
     312.500	  7
     312.630	  7
     312.778	  7
     312.914	  7
     313.058	  7
     313.198	  7
     313.346	  7
     313.486	  7
     313.668	  7
     313.796	  7
     313.926	  7
     314.072	  7
     314.204	  7
     314.342	  7
     314.478	  7
     315.032	  7
     315.136	  7
     315.274	  7
     315.410	  7
     315.542	  7
     315.686	  7
     315.838	  7
     316.138	  7
     316.250	  7
     316.370	  7
     316.506	  7
     316.656	  7
     316.776	  7
     316.914	  7
     317.052	  7
     317.196	  7
     317.344	  7
     317.496	  7
     317.666	  7
     317.818	  7
     317.972	  7
     318.132	  7
     318.294	  7
     318.470	  7
     318.620	  7
     318.754	  7
     318.888	  7
     319.040	  7
     319.170	  7
     320.406	  7
     320.512	  7
     320.632	  7
     320.770	  7
     320.912	  7
     321.050	  7
     321.192	  7
     321.338	  7
     321.474	  7
     321.622	  7
     321.770	  7
     321.920	  7
     322.126	  7
     322.242	  7
     322.372	  7
     322.506	  7
     322.652	  7
     322.798	  7
     322.952	  7
     323.080	  7
     323.220	  7
     323.426	  7
     323.550	  7
     323.666	  7
     323.814	  7
     323.960	  7
     324.090	  7
     324.244	  7
     324.384	  7
     324.534	  7
     324.674	  7
     325.008	  7
     325.130	  7
     325.282	  7
     325.460	  7
     325.862	  7
     325.992	  7
     326.448	  7
     326.594	  7
     326.752	  7
     326.884	  7
     327.036	  7
     327.192	  7
     357.708	  8
     358.556	  8
     358.962	  8
     359.200	  8
     359.454	  8
     363.968	  8
     364.152	  8
     364.568	  8
     368.354	  8
     368.838	  8
     369.250	  8
     371.992	 53
     390.038	  8
     390.038	 20
     390.038	 27
     390.048	 28
     390.048	 19
     390.148	 29
     390.282	  8
     390.318	  9
     410.168	 51
     410.178	 10
     429.284	  8
     438.172	  8
     440.782	  8
     440.820	  8
     470.178	 53
     480.562	  8
     480.562	 20
     480.562	 27
     480.572	 28
     480.572	 19
     480.672	 29
     480.842	  9
     480.916	  8
     500.692	 51
     500.702	 10
     509.432	  8
     509.936	  8
     541.998	  8
     542.458	  8
     542.876	  8
     543.504	  8
     544.166	  8
     544.560	  8
     544.924	  8
     549.800	  8
     550.514	  8
     550.850	  8
     551.356	  8
     551.988	  8
     552.798	  8
     553.140	  8
     553.526	  8
     553.772	  8
     554.046	  8
     556.870	  8
     557.300	  8
     557.580	  8
     558.044	  8
     558.102	  8
     560.702	 53
     561.676	  8
     561.676	 20
     561.676	 27
     561.686	 28
     561.686	 19
     561.786	 29
     561.956	  9
     561.962	  8
     571.616	  8
     572.948	  8
     581.806	 50
     581.816	 17
     598.824	  8
     600.038	  8
     600.616	  8
     601.620	  8
     602.840	  8
     603.210	  8
     603.386	  8
     603.702	  8
     604.010	  8
     604.118	  8
     604.398	  8
     604.518	  8
     606.222	  8
     606.616	  8
     606.938	  8
     607.362	  8
     609.834	  8
     610.494	  8
     610.928	  8
     611.468	  8
     611.816	 53
     611.826	 20
     611.826	 27
     611.842	  8
     612.526	  8
     628.920	  8
     631.846	 51
     631.856	 10
     654.104	  8
     654.848	  8
     662.050	  8
     662.302	  8
     662.920	  8
     663.308	  8
     663.716	  8
     664.000	  8
     671.836	  8
     673.602	  8
     674.210	  8
     684.444	  8
     684.876	  8
     685.478	  8
     689.240	  8
     689.634	  8
     690.128	  8
     690.494	  8
     690.972	  8
     691.856	 53
     691.916	  8
     691.916	 20
     691.916	 27
     691.926	 28
     691.926	 19
     692.026	 29
     692.156	  8
     692.196	  9
     696.010	  8
     712.046	 51
     712.056	 10
     727.922	  8
     733.302	  7
     735.608	  7
     736.620	  7
     736.818	  7
     739.572	  7
     739.668	  7
     739.988	  7
     740.178	  7
     740.360	  7
     740.572	  7
     740.780	  7
     740.974	  7
     741.186	  7
     741.394	  7
     742.042	  7
     742.202	  7
     746.668	  8
     747.506	  8
     752.400	  8
     752.528	  8
     753.228	  8
     753.824	  8
     758.418	  8
     758.686	  8
     759.336	  8
     759.926	  8
     760.250	  8
     764.114	  8
     764.970	  8
     765.460	  8
     768.926	  8
     769.138	  8
     769.466	  8
     770.506	  8
     771.332	  8
     771.924	  8
     772.056	 53
     772.810	  8
     772.810	 20
     772.810	 27
     772.820	 28
     772.820	 19
     772.920	 29
     773.084	  8
     773.090	  9
     779.924	  8
     783.872	  8
     792.940	 52
     792.950	 18
     844.556	  8
     844.986	  8
     845.114	  8
     848.124	  8
     848.426	  8
     851.474	  8
     852.000	  8
     852.640	  8
     852.734	  8
     866.636	  8
     873.620	  8
     874.314	  8
     874.862	  8
     879.674	  8
     880.192	  8
     886.972	  8
     887.252	  8
     887.852	  8
     888.390	  8
     889.310	  8
     890.396	  8
     890.670	  8
     891.550	  8
     891.818	  8
     892.280	  8
     892.646	  8
     893.054	  8
     893.770	  8
     894.132	  8
     894.616	  8
     894.778	  8
     896.160	  8
     896.520	  8
     897.008	  8
     897.496	  8
     898.128	  8
     898.980	  8
     900.158	  8
     902.998	  8
     903.364	  8
     903.928	  8
     904.588	  8
     905.064	  8
     905.468	  8
     905.602	  8
     911.934	  8
     912.950	 53
     915.446	  8
     915.446	 20
     915.446	 27
     915.456	 28
     915.456	 19
     915.556	 29
     915.726	  9
     915.732	  8
     928.356	  7
     928.538	  7
     928.728	  7
     928.786	  7
     935.576	 50
     935.586	 17
     939.698	  8
     950.356	  8
     951.446	  8
     952.054	  8
     952.446	  8
     952.968	  8
     953.480	  8
     954.118	  8
     954.518	  8
     955.258	  8
     955.630	  8
     955.782	  8
     958.948	  8
     959.308	  8
     960.332	  8
     960.640	  8
     960.828	  8
     961.220	  8
     961.462	  8
     962.190	  8
     962.560	  8
     962.828	  8
     963.122	  8
     963.968	  8
     964.288	  8
     964.706	  8
     965.586	 53
     965.596	 20
     965.596	 27
     966.584	  8
     971.776	  7
     972.668	  7
     973.184	  7
     973.334	  7
     973.488	  7
     973.680	  7
     973.842	  7
     974.498	  7
     975.070	  7
     978.642	  7
     978.768	  7
     978.940	  7
     979.082	  7
     979.266	  7
     985.616	 50
     985.626	 17
     989.670	  8
     990.124	  8
     990.530	  8
     994.976	  8
     995.368	  8
     995.752	  8
     995.996	  8
     996.432	  8
     996.962	  8
     997.772	  8
     998.130	  8
     998.380	  8
     998.840	  8
     999.824	  8
    1000.412	  8
    1000.518	  8
    1002.836	  8
    1003.188	  8
    1006.394	  8
    1006.960	  8
    1008.010	  8
    1008.524	  8
    1008.678	  8
    1008.984	  8
    1009.324	  8
    1011.702	  8
    1012.550	  8
    1013.516	  8
    1013.848	  8
    1014.316	  8
    1014.716	  8
    1015.626	 53
    1015.636	 20
    1015.636	 27
    1025.928	  7
    1035.656	 52
    1035.666	 18
    1038.458	  8
    1057.890	  8
    1063.744	  8
    1078.580	  8
    1079.244	  8
    1079.786	  8
    1092.834	  8
    1092.924	  8
    1093.498	  8
    1094.330	  8
    1094.784	  8
    1095.492	  8
    1095.830	  8
    1096.302	  8
    1096.562	  8
    1097.086	  8
    1097.332	  8
    1097.602	  8
    1097.764	  8
    1099.348	  8
    1099.932	  8
    1100.844	  8
    1103.656	  8
    1104.230	  8
    1104.538	  8
    1111.546	  8
    1112.182	  8
    1112.538	  8
    1112.680	  8
    1124.586	  8
    1125.016	  8
    1126.288	  8
    1126.828	  8
    1127.364	  8
    1127.728	  8
    1128.206	  8
    1128.750	  8
    1131.880	  8
    1132.176	  8
    1132.964	  8
    1133.504	  8
    1134.124	  8
    1134.968	  8
    1135.722	  8
    1136.106	  8
    1136.596	  8
    1136.956	  8
    1137.166	  8
    1141.678	  8
    1142.744	  8
    1143.592	  8
    1143.968	  8
    1144.540	  8
    1145.172	  8
    1145.938	  8
    1148.120	  8
    1150.400	  8
    1151.054	  8
    1152.948	  8
    1153.178	  8
    1155.666	 53
    1157.342	  8
    1157.342	 20
    1157.342	 27
    1157.352	 28
    1157.352	 19
    1157.452	 29
    1157.622	  9
    1169.298	  8
    1177.472	 52
    1177.482	 18
    1210.768	  7
    1218.872	  8
    1219.110	  8
    1278.622	  8
    1278.710	  8
    1279.054	  8
    1280.942	  8
    1281.208	  8
    1281.892	  8
    1282.520	  8
    1283.088	  8
    1283.812	  8
    1290.522	  8
    1291.138	  8
    1292.256	  8
    1294.146	  8
    1294.728	  8
    1295.232	  8
    1295.398	  8
    1296.586	  8
    1297.482	 53
    1299.900	  8
    1299.900	 20
    1299.900	 27
    1299.910	 28
    1299.910	 19
    1300.010	 29
    1300.180	  9
    1300.240	  8
    1320.030	 50
    1320.040	 17
    1343.820	  8
    1344.050	  8
    1344.418	  8
    1344.980	  8
    1345.060	  8
    1345.896	  8
    1346.384	  8
    1346.984	  8
    1347.498	  8
    1350.040	 53
    1350.050	 20
    1350.050	 27
    1370.070	 50
    1370.080	 17
    1378.664	  8
    1380.762	  8
    1381.570	  8
    1384.872	  8
    1385.336	  8
    1385.892	  8
    1386.458	  8
    1386.846	  8
    1387.706	  8
    1388.248	  8
    1391.218	  8
    1392.476	  8
    1393.210	  8
    1393.742	  8
    1394.422	  8
    1397.050	  8
    1398.592	  8
    1399.182	  8
    1399.680	  8
    1400.080	 53
    1400.090	 20
    1400.090	 27
    1419.414	  7
    1420.110	 50
    1420.120	 17
    1422.732	  7
    1423.636	  7
    1426.260	  8
    1426.494	  8
    1435.236	  8
    1436.180	  8
    1436.588	  8
    1436.836	  8
    1437.882	  8
    1438.530	  8
    1439.024	  8
    1439.838	  8
    1444.202	  8
    1444.442	  8
    1450.120	 53
    1450.130	 20
    1450.130	 27
    1470.150	 52
    1470.160	 18
    1480.414	  7
    1481.150	  7
    1481.272	  7
    1481.424	  7
    1481.610	  7
    1481.796	  7
    1483.016	  7
    1483.234	  7
    1484.462	  7
    1486.100	  7
    1486.262	  7
    1488.748	  7
    1488.818	  7
    1489.294	  7
    1489.434	  7
    1490.118	  7
    1491.942	  7
    1492.030	  7
    1492.154	  7
    1492.338	  7
    1492.528	  7
    1494.638	  7
    1497.176	  7
    1497.290	  7
    1497.426	  7
    1497.518	  7
    1497.710	  7
    1498.576	  7
    1499.916	  8
    1500.110	  8
    1501.850	  8
    1502.528	  8
    1517.066	  8
    1517.218	  8
    1531.756	  8
    1531.832	  8
    1532.616	  8
    1533.346	  8
    1533.634	  8
    1534.122	  8
    1534.618	  8
    1535.042	  8
    1535.514	  8
    1535.786	  8
    1536.122	  8
    1536.398	  8
    1541.748	  8
    1542.012	  8
    1542.582	  8
    1548.884	  8
    1549.258	  8
    1554.314	  8
    1554.642	  8
    1555.022	  8
    1555.814	  8
    1556.350	  8
    1563.064	  8
    1563.308	  8
    1564.710	  8
    1565.228	  8
    1566.232	  8
    1567.146	  8
    1567.656	  8
    1568.112	  8
    1577.470	  8
    1577.852	  8
    1578.224	  8
    1590.160	 53
    1615.462	  8
    1615.462	 20
    1615.462	 27
    1615.472	 28
    1615.472	 19
    1615.572	 29
    1615.742	  9
    1615.780	  8
    1635.592	 52
    1635.602	 18
    1742.790	  8
    1743.304	  8
    1743.886	  8
    1744.748	  8
    1745.096	  8
    1745.306	  8
    1745.820	  8
    1749.730	  8
    1750.488	  8
    1751.716	  8
    1752.208	  8
    1752.758	  8
    1755.602	 53
    1756.400	  8
    1756.400	 20
    1756.400	 27
    1756.410	 28
    1756.410	 19
    1756.510	 29
    1756.680	  9
    1756.776	  8
    1776.530	 50
    1776.540	 17
    1806.540	 53
    1806.550	 20
    1806.550	 27
    1826.570	 51
    1826.580	 10
    1832.668	  7
    1832.956	  7
    1833.092	  7
    1833.218	  7
    1833.380	  7
    1833.530	  7
    1833.666	  7
    1833.788	  7
    1833.916	  7
    1834.048	  7
    1834.200	  7
    1834.328	  7
    1834.470	  7
    1834.594	  7
    1834.786	  7
    1834.898	  7
    1835.022	  7
    1835.160	  7
    1835.294	  7
    1835.446	  7
    1835.582	  7
    1835.724	  7
    1835.872	  7
    1836.004	  7
    1836.148	  7
    1836.276	  7
    1836.408	  7
    1836.548	  7
    1836.686	  7
    1836.822	  7
    1836.952	  7
    1837.152	  7
    1837.270	  7
    1837.406	  7
    1837.536	  7
    1837.674	  7
    1837.830	  7
    1837.980	  7
    1838.174	  7
    1838.286	  7
    1838.412	  7
    1838.556	  7
    1838.694	  7
    1838.824	  7
    1838.970	  7
    1839.184	  7
    1839.314	  7
    1839.450	  7
    1839.600	  7
    1839.754	  7
    1839.892	  7
    1840.062	  7
    1840.180	  7
    1840.354	  7
    1840.466	  7
    1840.602	  7
    1840.738	  7
    1840.886	  7
    1841.030	  7
    1841.164	  7
    1841.306	  7
    1841.452	  7
    1841.672	  7
    1841.804	  7
    1841.932	  7
    1842.074	  7
    1842.214	  7
    1842.354	  7
    1842.502	  7
    1842.672	  7
    1842.828	  7
    1842.982	  7
    1843.142	  7
    1843.334	  7
    1843.458	  7
    1843.596	  7
    1843.734	  7
    1843.884	  7
    1844.046	  7
    1844.198	  7
    1844.360	  7
    1844.498	  7
    1844.646	  7
    1844.806	  7
    1844.960	  7
    1845.142	  7
    1845.260	  7
    1845.408	  7
    1845.572	  7
    1845.746	  7
    1845.900	  7
    1846.038	  7
    1846.168	  7
    1846.344	  7
    1846.486	  7
    1846.696	  7
    1846.832	  7
    1846.992	  7
    1847.150	  7
    1847.316	  7
    1847.448	  7
    1847.616	  7
    1847.782	  7
    1847.938	  7
    1848.118	  7
    1848.280	  7
    1848.466	  7
    1848.576	  7
    1848.738	  7
    1848.888	  7
    1849.028	  7
    1849.168	  7
    1849.334	  7
    1849.476	  7
    1849.622	  7
    1849.776	  7
    1849.926	  7
    1850.118	  7
    1850.256	  7
    1850.398	  7
    1850.546	  7
    1850.682	  7
    1850.848	  7
    1850.992	  7
    1851.162	  7
    1851.328	  7
    1851.496	  7
    1851.638	  7
    1851.814	  7
    1851.998	  7
    1852.124	  7
    1852.244	  7
    1852.380	  7
    1852.532	  7
    1852.678	  7
    1852.824	  7
    1852.964	  7
    1853.164	  7
    1853.312	  7
    1853.504	  7
    1853.684	  7
    1853.842	  7
    1854.002	  7
    1854.164	  7
    1854.306	  7
    1854.468	  7
    1854.594	  7
    1854.766	  7
    1854.914	  7
    1855.104	  7
    1855.240	  7
    1855.378	  7
    1855.534	  7
    1855.680	  7
    1855.818	  7
    1855.972	  7
    1856.122	  7
    1856.286	  7
    1856.438	  7
    1856.602	  7
    1856.760	  7
    1856.922	  7
    1857.140	  7
    1857.306	  7
    1857.442	  7
    1857.586	  7
    1857.732	  7
    1857.890	  7
    1858.062	  7
    1858.232	  7
    1858.396	  7
    1858.582	  7
    1858.712	  7
    1858.862	  7
    1859.006	  7
    1859.164	  7
    1859.334	  7
    1859.478	  7
    1859.642	  7
    1859.798	  7
    1859.944	  7
    1860.148	  7
    1860.278	  7
    1860.410	  7
    1860.554	  7
    1860.698	  7
    1860.850	  7
    1861.002	  7
    1861.162	  7
    1861.324	  7
    1861.490	  7
    1861.640	  7
    1861.784	  7
    1861.928	  7
    1862.068	  7
    1862.280	  7
    1862.424	  7
    1862.574	  7
    1862.732	  7
    1862.882	  7
    1863.024	  7
    1863.186	  7
    1863.358	  7
    1863.538	  7
    1863.738	  7
    1863.870	  7
    1864.030	  7
    1864.174	  7
    1864.314	  7
    1864.478	  7
    1864.630	  7
    1864.844	  7
    1865.002	  7
    1865.158	  7
    1865.324	  7
    1865.490	  7
    1865.662	  7
    1865.808	  7
    1865.968	  7
    1866.124	  7
    1866.250	  7
    1866.370	  7
    1866.446	  7
    1866.766	  7
    1866.886	  7
    1867.018	  7
    1867.158	  7
    1867.318	  7
    1867.476	  7
    1867.620	  7
    1867.798	  7
    1867.970	  7
    1868.110	  7
    1868.248	  7
    1868.422	  7
    1868.584	  7
    1868.742	  7
    1868.898	  7
    1869.100	  7
    1870.532	  7
    1870.676	  7
    1870.796	  7
    1870.936	  7
    1871.074	  7
    1871.228	  7
    1871.880	  7
    1872.042	  7
    1872.176	  7
    1872.324	  7
    1872.484	  7
    1872.634	  7
    1872.782	  7
    1872.950	  7
    1873.112	  7
    1873.268	  7
    1873.426	  7
    1873.592	  7
    1873.756	  7
    1873.924	  7
    1874.094	  7
    1874.276	  7
    1874.426	  7
    1874.778	  7
    1874.946	  7
    1875.104	  7
    1875.262	  7
    1875.414	  7
    1875.564	  7
    1875.694	  7
    1875.856	  7
    1876.004	  7
    1876.154	  7
    1876.306	  7
    1876.474	  7
    1876.614	  7
    1877.062	  7
    1877.192	  7
    1877.334	  7
    1877.818	  7
    1877.936	  7
    1878.102	  7
    1878.240	  7
    1878.414	  7
    1878.588	  7
    1878.734	  7
    1878.888	  7
    1879.082	  7
    1879.224	  7
    1879.390	  7
    1879.538	  7
    1879.688	  7
    1879.818	  7
    1879.974	  7
    1880.144	  7
    1880.288	  7
    1880.432	  7
    1880.578	  7
    1880.748	  7
    1880.896	  7
    1881.048	  7
    1881.204	  7
    1881.402	  7
    1881.564	  7
    1881.738	  7
    1881.876	  7
    1882.048	  7
    1882.250	  7
    1882.418	  7
    1882.556	  7
    1882.720	  7
    1883.180	  7
    1884.126	  7
    1884.238	  7
    1884.584	  7
    1884.702	  7
    1884.852	  7
    1884.992	  7
    1885.150	  7
    1885.296	  7
    1885.434	  7
    1885.578	  7
    1885.768	  7
    1885.916	  7
    1886.068	  7
    1886.230	  7
    1886.384	  7
    1886.526	  7
    1886.580	 53
    1886.692	  7
    1886.862	  7
    1887.008	  7
    1888.810	  8
    1888.810	 20
    1888.810	 27
    1888.820	 28
    1888.820	 19
    1888.920	 29
    1888.976	  8
    1889.090	  9
    1908.940	 51
    1908.950	 10
    1932.622	  8
    1937.784	  8
    1939.718	  8
    1940.318	  8
    1941.122	  8
    1941.892	  8
    1942.266	  8
    1942.610	  8
    1943.332	  8
    1944.694	  8
    1944.980	  8
    1945.206	  8
    1945.454	  8
    1945.806	  8
    1947.346	  8
    1947.842	  8
    1950.074	  8
    1950.606	  8
    1951.142	  8
    1951.428	  8
    1952.176	  8
    1952.760	  8
    1953.520	  8
    1956.966	  8
    1957.268	  8
    1957.886	  8
    1958.496	  8
    1958.964	  8
    1959.610	  8
    1960.264	  8
    1961.070	  8
    1961.424	  8
    1968.138	  8
    1968.192	  8
    1968.950	 53
    1969.546	  8
    1969.546	 20
    1969.546	 27
    1969.556	 28
    1969.556	 19
    1969.656	 29
    1969.764	  8
    1969.826	  9
    1989.676	 52
    1989.686	 18
    2063.932	  8
    2064.794	  8
    2065.250	  8
    2066.356	  8
    2066.404	  8
    2068.338	  8
    2069.350	  8
    2069.980	  8
    2071.412	  8
    2071.962	  8
    2072.750	  8
    2073.966	  8
    2074.000	  8
    2074.988	  8
    2076.704	  8
    2077.008	  8
    2077.610	  8
    2077.920	  8
    2078.216	  8
    2078.490	  8
    2080.692	  8
    2081.288	  8
    2081.714	  8
    2082.192	  8
    2083.712	  8
    2086.806	  8
    2087.020	  8
    2087.604	  8
    2088.258	  8
    2089.144	  8
    2089.500	  8
    2089.946	  8
    2090.530	  8
    2091.176	  8
    2091.470	  8
    2092.486	  8
    2092.948	  8
    2098.242	  8
    2098.450	  8
    2098.828	  8
    2099.384	  8
    2100.528	  8
    2101.020	  8
    2101.572	  8
    2102.534	  8
    2103.018	  8
    2106.186	  8
    2106.574	  8
    2107.328	  8
    2107.786	  8
    2108.274	  8
    2108.704	  8
    2109.428	  8
    2109.644	  8
    2109.686	 53
    2109.980	  8
    2109.980	 20
    2109.980	 27
    2109.990	 28
    2109.990	 19
    2110.090	 29
    2110.260	  9
    2130.110	 50
    2130.120	 17
    2154.312	  8
    2154.588	  8
    2155.208	  8
    2155.944	  8
    2156.546	  8
    2157.016	  8
    2157.518	  8
    2158.974	  8
    2159.546	  8
    2160.120	 53
    2160.130	 20
    2160.130	 27
    2180.150	 50
    2180.160	 17
    2185.046	  8
    2191.396	  8
    2196.688	  8
    2197.142	  8
    2198.080	  8
    2198.692	  8
    2199.884	  8
    2203.830	  8
    2204.506	  8
    2205.314	  8
    2205.890	  8
    2210.160	 53
    2210.170	 20
    2210.170	 27
    2230.190	 50
    2230.200	 17
    2232.932	  7
    2240.486	  8
    2243.214	  8
    2244.342	  8
    2244.748	  8
    2245.280	  8
    2245.652	  8
    2246.342	  8
    2248.364	  8
    2249.482	  8
    2250.798	  8
    2251.672	  8
    2251.924	  8
    2252.272	  8
    2252.482	  8
    2252.978	  8
    2253.626	  8
    2256.322	  8
    2257.410	  8
    2257.836	  8
    2258.628	  8
    2260.200	 53
    2260.210	 20
    2260.210	 27
    2260.812	  8
    2260.872	  8
    2276.686	  7
    2277.468	  7
    2277.910	  7
    2278.370	  7
    2278.838	  7
    2280.230	 51
    2280.240	 10
    2280.398	  7
    2280.848	  7
    2282.420	  7
    2290.060	  8
    2299.130	  8
    2299.502	  8
    2305.930	  8
    2307.556	  8
    2308.388	  8
    2314.542	  8
    2315.440	  8
    2317.198	  8
    2317.924	  8
    2321.042	  8
    2321.426	  8
    2322.780	  8
    2323.508	  8
    2323.574	  8
    2323.942	  8
    2324.458	  8
    2324.842	  8
    2325.598	  8
    2326.168	  8
    2326.274	  8
    2326.534	  8
    2326.820	  8
    2328.288	  8
    2328.906	  8
    2329.032	  8
    2329.232	  8
    2330.828	  8
    2331.320	  8
    2331.892	  8
    2332.622	  8
    2335.998	  8
    2336.346	  8
    2336.602	  8
    2337.604	  8
    2338.458	  8
    2338.988	  8
    2339.238	  8
    2340.240	 53
    2344.028	  8
    2344.028	 20
    2344.028	 27
    2344.038	 28
    2344.038	 19
    2344.138	 29
    2344.308	  9
    2344.324	  8
    2355.314	  8
    2364.158	 51
    2364.168	 10
    2368.782	  7
    2369.120	  7
    2369.314	  7
    2369.510	  7
    2370.638	  7
    2370.800	  7
    2371.016	  7
    2371.214	  7
    2371.542	  7
    2371.790	  7
    2372.034	  7
    2372.210	  7
    2372.354	  7
    2372.926	  7
    2373.132	  7
    2373.256	  7
    2373.524	  7
    2373.710	  7
    2376.682	  7
    2377.500	  7
    2377.684	  7
    2377.808	  7
    2378.538	  7
    2378.680	  7
    2378.936	  7
    2379.132	  7
    2382.876	  7
    2383.588	  7
    2383.686	  7
    2383.746	  7
    2384.136	  7
    2384.296	  7
    2384.428	  7
    2384.506	  7
    2384.598	  7
    2384.760	  7
    2384.914	  7
    2387.360	  7
    2388.702	  7
    2389.242	  7
    2389.408	  7
    2389.582	  7
    2389.690	  7
    2389.846	  7
    2391.330	  7
    2393.232	  7
    2393.948	  7
    2394.078	  7
    2395.470	  7
    2399.052	  8
    2401.068	  8
    2402.154	  8
    2402.980	  8
    2403.448	  8
    2403.884	  8
    2414.312	  8
    2414.526	  8
    2414.618	  8
    2416.084	  8
    2416.280	  8
    2416.816	  8
    2420.474	  8
    2421.314	  8
    2421.498	  8
    2422.188	  8
    2422.630	  8
    2423.374	  8
    2424.168	 53
    2424.286	  8
    2424.286	 20
    2424.286	 27
    2424.296	 28
    2424.296	 19
    2424.396	 29
    2424.546	  8
    2424.566	  9
    2444.416	 50
    2444.426	 17
    2474.426	 53
    2474.436	 20
    2474.436	 27
    2475.504	  8
    2491.856	  7
    2492.124	  7
    2492.458	  7
    2494.456	 51
    2494.466	 10
    2494.842	  7
    2495.858	  7
    2496.068	  7
    2496.460	  7
    2496.918	  7
    2497.098	  7
    2528.782	  8
    2530.940	  8
    2538.638	  8
    2539.756	  8
    2540.428	  8
    2540.842	  8
    2541.806	  8
    2542.526	  8
    2542.866	  8
    2543.318	  8
    2543.716	  8
    2544.766	  8
    2545.134	  8
    2549.666	  8
    2550.248	  8
    2550.776	  8
    2551.530	  8
    2552.382	  8
    2552.896	  8
    2553.958	  8
    2554.466	 53
    2554.548	  8
    2554.548	 20
    2554.548	 27
    2554.558	 28
    2554.558	 19
    2554.658	 29
    2554.808	  8
    2554.828	  9
    2574.678	 51
    2574.688	 10
    2600.606	  8
    2634.688	 53
    2639.184	  8
    2639.184	 20
    2639.184	 27
    2639.194	 28
    2639.194	 19
    2639.294	 29
    2639.426	  8
    2639.464	  9
    2659.314	 50
    2659.324	 17
    2679.464	  8
    2686.966	  8
    2687.122	  8
    2687.484	  8
    2689.238	  8
    2689.324	 53
    2689.334	 20
    2689.334	 27
    2709.354	 52
    2709.364	 18
    2730.066	  8
    2730.390	  8
    2731.104	  8
    2734.390	  8
    2744.860	  8
    2746.004	  8
    2746.478	  8
    2746.596	  8
    2747.070	  8
    2749.004	  8
    2751.084	  8
    2759.084	  8
    2759.464	  8
    2760.048	  8
    2766.042	  8
    2766.120	  8
    2766.416	  8
    2767.188	  8
    2767.484	  8
    2767.774	  8
    2768.054	  8
    2768.604	  8
    2768.946	  8
    2770.984	  8
    2771.118	  8
    2771.198	  8
    2771.666	  8
    2772.242	  8
    2772.838	  8
    2773.164	  8
    2779.074	  8
    2779.396	  8
    2779.544	  8
    2780.282	  8
    2780.778	  8
    2781.288	  8
    2781.900	  8
    2782.356	  8
    2782.690	  8
    2783.000	  8
    2783.194	  8
    2783.646	  8
    2784.268	  8
    2784.696	  8
    2818.354	  8
    2819.078	  8
    2819.498	  8
    2819.966	  8
    2820.540	  8
    2821.400	  8
    2821.818	  8
    2822.974	  8
    2823.966	  8
    2824.728	  8
    2825.338	  8
    2825.898	  8
    2826.734	  8
    2827.104	  8
    2827.106	  8
    2828.820	  8
    2828.870	  8
    2829.364	 53
    2829.828	  8
    2829.828	 20
    2829.828	 27
    2829.838	 28
    2829.838	 19
    2829.938	 29
    2830.096	  8
    2830.108	  9
    2849.958	 52
    2849.968	 18
    2904.822	  8
    2916.012	  8
    2916.460	  8
    2918.046	  8
    2919.672	  8
    2920.092	  8
    2921.016	  8
    2921.598	  8
    2922.232	  8
    2922.754	  8
    2923.696	  8
    2923.782	  8
    2924.614	  8
    2925.642	  8
    2925.986	  8
    2926.114	  8
    2926.412	  8
    2930.710	  8
    2931.854	  8
    2932.726	  8
    2933.150	  8
    2933.462	  8
    2933.782	  8
    2934.212	  8
    2935.212	  8
    2935.852	  8
    2936.874	  8
    2937.366	  8
    2937.860	  8
    2939.592	  8
    2939.876	  8
    2941.504	  8
    2941.956	  8
    2942.778	  8
    2943.182	  8
    2943.638	  8
    2945.086	  8
    2946.206	  8
    2949.790	  8
    2950.238	  8
    2950.632	  8
    2951.264	  8
    2951.836	  8
    2952.210	  8
    2952.404	  8
    2952.532	  8
    2952.920	  8
    2953.576	  8
    2960.074	  8
    2960.522	  8
    2961.066	  8
    2961.768	  8
    2962.076	  8
    2962.750	  8
    2963.486	  8
    2964.344	  8
    2969.968	 53
    2985.882	  8
    2985.882	 20
    2985.882	 27
    2985.892	 28
    2985.892	 19
    2985.992	 29
    2986.162	  9
    2986.174	  8
    3006.012	 52
    3006.022	 18
    3037.650	  8
    3047.452	  7
    3055.692	  8
    3085.364	  8
    3086.866	  8
    3087.226	  8
    3087.532	  8
    3087.692	  8
    3088.162	  8
    3088.940	  8
    3089.180	  8
    3089.538	  8
    3089.880	  8
    3090.304	  8
    3090.770	  8
    3090.818	  8
    3091.846	  8
    3092.828	  8
    3094.058	  8
    3098.118	  8
    3098.692	  8
    3099.408	  8
    3100.202	  8
    3100.682	  8
    3101.304	  8
    3101.898	  8
    3102.332	  8
    3103.484	  8
    3103.902	  8
    3105.184	  8
    3105.816	  8
    3106.220	  8
    3106.572	  8
    3108.254	  8
    3108.506	  8
    3109.522	  8
    3110.064	  8
    3112.742	  8
    3113.308	  8
    3114.682	  8
    3115.370	  8
    3116.184	  8
    3117.304	  8
    3117.754	  8
    3121.426	  8
    3121.892	  8
    3122.652	  8
    3123.458	  8
    3124.558	  8
    3124.696	  8
    3126.022	 53
    3126.320	  8
    3126.320	 20
    3126.320	 27
    3126.330	 28
    3126.330	 19
    3126.430	 29
    3126.600	  9
    3126.608	  8
    3146.450	 51
    3146.460	 10
    3178.946	  8
    3179.060	  8
    3182.004	  8
    3182.736	  8
    3183.716	  8
    3184.006	  8
    3184.326	  8
    3184.898	  8
    3185.246	  8
    3185.834	  8
    3190.252	  8
    3190.650	  8
    3191.044	  8
    3191.548	  8
    3191.874	  8
    3192.056	  8
    3192.624	  8
    3193.406	  8
    3193.560	  8
    3194.154	  8
    3194.580	  8
    3197.864	  8
    3198.058	  8
    3198.742	  8
    3199.158	  8
    3199.540	  8
    3199.820	  8
    3200.326	  8
    3201.708	  8
    3205.860	  8
    3206.342	  8
    3206.460	 53
    3206.784	  8
    3206.784	 20
    3206.784	 27
    3206.794	 28
    3206.794	 19
    3206.894	 29
    3207.064	  9
    3226.914	 51
    3226.924	 10
    3265.238	  7
    3265.360	  7
    3265.500	  7
    3265.624	  7
    3265.774	  7
    3265.888	  7
    3266.040	  7
    3266.180	  7
    3266.340	  7
    3266.486	  7
    3266.630	  7
    3266.780	  7
    3266.924	  7
    3267.078	  7
    3267.216	  7
    3267.340	  7
    3267.484	  7
    3267.618	  7
    3267.750	  7
    3267.896	  7
    3268.026	  7
    3268.186	  7
    3268.340	  7
    3268.496	  7
    3268.654	  7
    3268.848	  7
    3268.964	  7
    3269.104	  7
    3269.244	  7
    3269.376	  7
    3269.560	  7
    3269.680	  7
    3269.836	  7
    3270.000	  7
    3270.136	  7
    3270.268	  7
    3270.420	  7
    3270.622	  7
    3270.730	  7
    3270.880	  7
    3271.016	  7
    3271.170	  7
    3271.330	  7
    3271.494	  7
    3271.658	  7
    3271.800	  7
    3271.964	  7
    3272.090	  7
    3272.236	  7
    3272.384	  7
    3272.530	  7
    3272.674	  7
    3272.808	  7
    3272.954	  7
    3273.084	  7
    3273.212	  7
    3273.366	  7
    3273.502	  7
    3273.662	  7
    3273.800	  7
    3273.938	  7
    3274.068	  7
    3274.226	  7
    3274.396	  7
    3274.548	  7
    3274.706	  7
    3274.846	  7
    3274.984	  7
    3275.118	  7
    3275.320	  7
    3275.444	  7
    3275.578	  7
    3275.726	  7
    3275.880	  7
    3276.036	  7
    3276.168	  7
    3276.342	  7
    3276.486	  7
    3276.650	  7
    3276.792	  7
    3276.960	  7
    3277.124	  7
    3277.318	  7
    3277.444	  7
    3277.596	  7
    3277.724	  7
    3277.880	  7
    3277.994	  7
    3278.118	  7
    3278.286	  7
    3278.424	  7
    3278.580	  7
    3278.714	  7
    3278.854	  7
    3279.010	  7
    3279.152	  7
    3279.332	  7
    3279.488	  7
    3279.626	  7
    3279.790	  7
    3279.924	  7
    3280.068	  7
    3280.232	  7
    3280.398	  7
    3280.550	  7
    3280.730	  7
    3281.204	  7
    3281.344	  7
    3281.472	  7
    3281.594	  7
    3281.742	  7
    3281.888	  7
    3282.028	  7
    3282.172	  7
    3282.332	  7
    3282.500	  7
    3282.666	  7
    3282.818	  7
    3282.962	  7
    3283.094	  7
    3283.258	  7
    3283.406	  7
    3283.578	  7
    3283.740	  7
    3283.870	  7
    3284.018	  7
    3284.192	  7
    3284.336	  7
    3284.466	  7
    3284.618	  7
    3284.756	  7
    3284.904	  7
    3285.042	  7
    3285.228	  7
    3285.354	  7
    3285.490	  7
    3285.650	  7
    3285.820	  7
    3285.972	  7
    3286.130	  7
    3286.290	  7
    3286.446	  7
    3286.612	  7
    3286.760	  7
    3286.924	  7
    3286.924	 53
    3287.086	  7
    3287.264	  7
    3287.430	  7
    3287.632	  7
    3287.760	  7
    3287.922	  7
    3288.128	  7
    3288.310	  7
    3288.436	  7
    3288.600	  7
    3288.734	  7
    3288.912	  7
    3289.050	  7
    3289.210	  7
    3289.356	  7
    3289.504	  7
    3289.642	  7
    3289.784	  7
    3289.962	  7
    3290.080	  7
    3290.224	  7
    3290.358	  7
    3290.510	  7
    3290.664	  7
    3290.824	  7
    3290.946	  7
    3291.116	  7
    3291.260	  7
    3291.402	  7
    3291.584	  7
    3291.722	  7
    3291.866	  7
    3292.032	  7
    3292.180	  7
    3292.334	  7
    3292.480	  7
    3292.622	  7
    3292.776	  7
    3292.930	  7
    3293.096	  7
    3293.242	  7
    3293.438	  7
    3293.576	  7
    3293.724	  7
    3293.884	  7
    3294.068	  7
    3294.210	  7
    3294.392	  7
    3294.534	  7
    3294.680	  7
    3294.832	  7
    3294.990	  7
    3295.116	  7
    3295.278	  7
    3295.446	  7
    3295.588	  7
    3295.720	  7
    3295.854	  7
    3296.032	  7
    3296.178	  7
    3296.328	  7
    3296.508	  7
    3296.632	  7
    3296.798	  7
    3296.938	  7
    3297.106	  7
    3297.250	  7
    3297.400	  7
    3297.536	  7
    3297.680	  7
    3297.860	  7
    3297.998	  7
    3298.482	  7
    3298.590	  7
    3298.792	  7
    3298.972	  7
    3299.112	  7
    3299.250	  7
    3299.404	  7
    3299.558	  7
    3299.708	  7
    3299.902	  7
    3300.058	  7
    3300.198	  7
    3300.344	  7
    3300.472	  7
    3300.622	  7
    3300.766	  7
    3300.934	  7
    3301.090	  7
    3301.236	  7
    3301.388	  7
    3301.562	  7
    3301.686	  7
    3301.816	  7
    3301.964	  7
    3302.102	  7
    3302.242	  7
    3302.392	  7
    3302.540	  7
    3302.908	  7
    3303.044	  7
    3303.180	  7
    3303.554	  7
    3303.660	  7
    3303.794	  7
    3303.934	  7
    3304.090	  7
    3304.232	  7
    3304.428	  7
    3304.556	  7
    3304.698	  7
    3304.842	  7
    3304.990	  7
    3305.132	  7
    3305.306	  7
    3305.450	  7
    3305.598	  7
    3305.808	  7
    3305.964	  7
    3306.144	  7
    3306.296	  7
    3306.452	  7
    3306.806	  7
    3306.964	  7
    3307.128	  7
    3307.312	  7
    3307.470	  7
    3307.482	  7
    3307.602	  7
    3307.762	  7
    3307.934	  7
    3308.076	  7
    3308.446	  7
    3308.562	  7
    3308.692	  7
    3308.826	  7
    3308.964	  7
    3309.130	  7
    3309.276	  7
    3309.448	  7
    3309.584	  7
    3309.730	  7
    3309.866	  7
    3310.050	  7
    3310.206	  7
    3310.360	  7
    3310.530	  7
    3310.684	  7
    3310.836	  7
    3310.968	  7
    3311.326	  7
    3311.452	  7
    3311.592	  7
    3311.778	  7
    3311.944	  7
    3312.120	  7
    3312.328	  7
    3312.486	  7
    3312.628	  7
    3312.802	  7
    3312.948	  7
    3313.136	  7
    3313.300	  7
    3313.472	  7
    3313.660	  7
    3313.806	  7
    3313.982	  7
    3314.114	  7
    3314.326	  7
    3314.462	  7
    3314.610	  7
    3314.742	  7
    3314.882	  7
    3315.030	  7
    3315.166	  7
    3315.344	  7
    3315.498	  7
    3315.640	  7
    3315.780	  7
    3315.926	  7
    3316.110	  7
    3316.254	  7
    3316.420	  7
    3316.592	  7
    3316.756	  7
    3316.902	  7
    3317.070	  7
    3317.202	  7
    3317.356	  7
    3317.514	  7
    3317.674	  7
    3317.822	  7
    3317.980	  7
    3318.160	  7
    3318.302	  7
    3318.440	  7
    3318.606	  7
    3318.848	  7
    3318.984	  7
    3319.140	  7
    3319.296	  7
    3319.448	  7
    3319.594	  7
    3319.740	  7
    3319.882	  7
    3320.034	  7
    3320.202	  7
    3320.334	  7
    3320.514	  7
    3320.666	  7
    3321.036	  7
    3321.152	  7
    3323.852	  8
    3323.852	 20
    3323.852	 27
    3323.862	 28
    3323.862	 19
    3323.962	 29
    3324.054	  8
    3324.132	  9
    3325.736	  8
    3328.408	  8
    3328.638	  8
    3328.942	  8
    3329.686	  8
    3329.842	  8
    3330.244	  8
    3343.982	 52
    3343.992	 18
    3369.704	  8
    3411.284	  8
    3412.150	  8
    3412.644	  8
    3413.124	  8
    3413.990	  8
    3415.062	  8
    3415.586	  8
    3416.118	  8
    3417.090	  8
    3417.890	  8
    3418.336	  8
    3418.580	  8
    3418.744	  8
    3419.300	  8
    3419.634	  8
    3420.038	  8
    3421.032	  8
    3421.672	  8
    3426.258	  8
    3427.134	  8
    3427.466	  8
    3427.604	  8
    3427.964	  8
    3428.554	  8
    3429.172	  8
    3429.610	  8
    3429.944	  8
    3430.312	  8
    3431.314	  8
    3431.860	  8
    3432.210	  8
    3432.748	  8
    3433.222	  8
    3433.648	  8
    3434.080	  8
    3435.058	  8
    3435.230	  8
    3436.256	  8
    3440.100	  8
    3440.780	  8
    3441.348	  8
    3442.398	  8
    3443.274	  8
    3443.940	  8
    3447.588	  8
    3447.686	  8
    3448.080	  8
    3448.424	  8
    3448.896	  8
    3449.462	  8
    3450.052	  8
    3450.526	  8
    3451.136	  8
    3451.628	  8
    3455.310	  8
    3455.480	  8
    3456.128	  8
    3457.036	  8
    3458.258	  8
    3458.494	  8
    3458.930	  8
    3459.040	  8
    3459.644	  8
    3460.308	  8
    3460.810	  8
    3461.874	  8
    3462.410	  8
    3463.992	 53
    3467.094	  8
    3467.094	 20
    3467.094	 27
    3467.104	 28
    3467.104	 19
    3467.204	 29
    3467.374	  9
    3467.382	  8
    3487.224	 51
    3487.234	 10
    3520.944	  8
    3524.588	  8
    3534.550	  8
    3534.822	  8
    3536.034	  8
    3537.054	  8
    3537.764	  8
    3538.056	  8
    3538.314	  8
    3538.732	  8
    3540.778	  8
    3541.136	  8
    3541.738	  8
    3542.146	  8
    3544.078	  8
    3544.514	  8
    3545.126	  8
    3545.366	  8
    3545.948	  8
    3546.198	  8
    3546.686	  8
    3547.160	  8
    3547.234	 53
    3547.564	  8
    3547.564	 20
    3547.564	 27
    3547.574	 28
    3547.574	 19
    3547.640	  9
    3547.674	 29
    3567.694	 52
    3567.704	 18
    3598.848	  8
    3666.042	  8
    3666.224	  8
    3667.228	  8
    3667.740	  8
    3668.264	  8
    3668.342	  8
    3668.784	  8
    3669.640	  8
    3670.518	  8
    3671.122	  8
    3671.666	  8
    3672.182	  8
    3672.742	  8
    3673.974	  8
    3674.612	  8
    3675.178	  8
    3676.770	  8
    3677.492	  8
    3678.292	  8
    3678.706	  8
    3679.096	  8
    3679.702	  8
    3680.742	  8
    3680.824	  8
    3681.242	  8
    3681.890	  8
    3682.254	  8
    3682.866	  8
    3683.508	  8
    3684.114	  8
    3684.288	  8
    3687.328	  8
    3687.704	 53
    3687.968	  8
    3687.968	 20
    3687.968	 27
    3687.978	 28
    3687.978	 19
    3688.078	 29
    3688.248	  9
    3688.278	  8
    3708.098	 51
    3708.108	 10
    3760.148	  8
    3761.510	  8
    3761.696	  8
    3762.070	  8
    3762.886	  8
    3763.086	  8
    3763.896	  8
    3765.468	  8
    3766.182	  8
    3767.042	  8
    3767.546	  8
    3768.002	  8
    3768.108	 53
    3768.380	  8
    3768.380	 20
    3768.380	 27
    3768.390	 28
    3768.390	 19
    3768.490	 29
    3768.660	  9
    3788.510	 51
    3788.520	 10
    3801.760	  7
    3804.300	  7
    3804.480	  7
    3804.708	  7
    3804.916	  7
    3805.346	  7
    3806.702	  7
    3807.642	  7
    3810.468	  7
    3811.846	  7
    3812.426	  7
    3812.536	  7
    3812.724	  7
    3813.216	  7
    3814.586	  7
    3815.646	  7
    3815.792	  7
    3816.096	  7
    3816.234	  7
    3816.678	  7
    3816.810	  7
    3817.074	  7
    3817.232	  7
    3817.376	  7
    3817.692	  7
    3818.004	  7
    3818.170	  7
    3818.322	  7
    3818.498	  7
    3818.648	  7
    3818.774	  7
    3818.986	  7
    3819.108	  7
    3819.278	  7
    3819.428	  7
    3819.606	  7
    3819.744	  7
    3819.790	  7
    3819.942	  7
    3820.070	  7
    3820.228	  7
    3820.354	  7
    3820.494	  7
    3820.634	  7
    3820.774	  7
    3820.926	  7
    3821.122	  7
    3821.242	  7
    3821.374	  7
    3821.504	  7
    3821.642	  7
    3821.788	  7
    3821.914	  7
    3822.064	  7
    3822.242	  7
    3822.374	  7
    3822.540	  7
    3822.664	  7
    3822.802	  7
    3822.946	  7
    3823.104	  7
    3823.272	  7
    3823.472	  7
    3823.662	  7
    3823.780	  7
    3823.916	  7
    3824.066	  7
    3824.256	  7
    3824.400	  7
    3824.528	  7
    3824.698	  7
    3824.920	  7
    3825.066	  7
    3825.204	  7
    3825.344	  7
    3825.476	  7
    3825.602	  7
    3825.776	  7
    3825.920	  7
    3826.118	  7
    3826.270	  7
    3826.430	  7
    3826.606	  7
    3826.748	  7
    3826.948	  7
    3827.090	  7
    3827.216	  7
    3827.348	  7
    3827.482	  7
    3827.794	  7
    3827.916	  7
    3828.070	  7
    3828.212	  7
    3828.382	  7
    3828.532	  7
    3828.692	  7
    3828.836	  7
    3829.000	  7
    3829.132	  7
    3829.292	  7
    3829.414	  7
    3829.540	  7
    3829.680	  7
    3829.838	  7
    3829.968	  7
    3830.126	  7
    3830.284	  7
    3830.448	  7
    3830.608	  7
    3830.812	  7
    3830.970	  7
    3831.108	  7
    3831.284	  7
    3831.406	  7
    3831.572	  7
    3831.766	  7
    3831.944	  7
    3832.080	  7
    3832.228	  7
    3832.362	  7
    3832.516	  7
    3832.716	  7
    3833.056	  7
    3833.306	  7
    3833.456	  7
    3833.622	  7
    3833.784	  7
    3833.970	  7
    3834.126	  7
    3834.256	  7
    3834.410	  7
    3834.546	  7
    3834.694	  7
    3834.830	  7
    3835.002	  7
    3835.148	  7
    3835.290	  7
    3835.458	  7
    3835.598	  7
    3835.760	  7
    3835.902	  7
    3836.044	  7
    3836.216	  7
    3836.352	  7
    3836.478	  7
    3836.650	  7
    3836.794	  7
    3836.940	  7
    3837.076	  7
    3837.234	  7
    3837.414	  7
    3837.574	  7
    3837.770	  7
    3837.918	  7
    3838.096	  7
    3838.286	  7
    3838.442	  7
    3838.574	  7
    3838.714	  7
    3838.858	  7
    3838.998	  7
    3839.174	  7
    3839.314	  7
    3839.480	  7
    3839.664	  7
    3839.848	  7
    3840.034	  7
    3840.240	  7
    3840.432	  7
    3840.614	  7
    3840.824	  7
    3840.978	  7
    3841.120	  7
    3841.246	  7
    3841.400	  7
    3841.572	  7
    3841.750	  7
    3841.906	  7
    3842.052	  7
    3842.182	  7
    3842.336	  7
    3842.490	  7
    3842.632	  7
    3842.784	  7
    3842.948	  7
    3843.102	  7
    3843.276	  7
    3843.428	  7
    3843.580	  7
    3843.746	  7
    3843.896	  7
    3844.034	  7
    3844.190	  7
    3844.388	  7
    3844.554	  7
    3844.704	  7
    3844.898	  7
    3845.042	  7
    3845.236	  7
    3845.400	  7
    3845.568	  7
    3845.712	  7
    3845.884	  7
    3846.032	  7
    3846.220	  7
    3846.404	  7
    3846.582	  7
    3846.734	  7
    3846.890	  7
    3847.066	  7
    3847.224	  7
    3847.424	  7
    3847.590	  7
    3847.722	  7
    3847.870	  7
    3848.168	  7
    3848.308	  7
    3848.490	  7
    3848.520	 53
    3848.664	  7
    3848.832	  7
    3849.014	  7
    3849.184	  7
    3849.364	  7
    3850.162	  7
    3850.270	  7
    3850.412	  7
    3850.546	  7
    3850.694	  7
    3850.872	  7
    3851.016	  7
    3851.160	  7
    3851.332	  7
    3851.500	  7
    3851.624	  7
    3851.790	  7
    3851.928	  7
    3852.082	  7
    3852.220	  7
    3852.358	  7
    3852.502	  7
    3852.642	  7
    3852.836	  7
    3852.956	  7
    3853.088	  7
    3853.224	  7
    3853.370	  7
    3853.512	  7
    3853.678	  7
    3853.824	  7
    3854.000	  7
    3854.142	  7
    3854.302	  7
    3854.442	  7
    3854.586	  7
    3854.754	  7
    3854.924	  7
    3855.132	  7
    3855.310	  7
    3855.452	  7
    3855.636	  7
    3855.778	  7
    3855.918	  7
    3856.064	  7
    3856.210	  7
    3856.340	  7
    3856.504	  7
    3856.660	  7
    3856.840	  7
    3856.998	  7
    3857.134	  7
    3857.278	  7
    3857.436	  7
    3857.576	  7
    3857.722	  7
    3857.894	  7
    3858.040	  7
    3859.622	  8
    3859.622	 20
    3859.622	 27
    3859.632	 28
    3859.632	 19
    3859.732	 29
    3859.886	  8
    3859.902	  9
    3866.232	  8
    3874.422	  7
    3879.752	 52
    3879.762	 18
    3884.332	  8
    3942.562	  8
    3942.958	  8
    3943.382	  8
    3944.128	  8
    3944.532	  8
    3945.666	  8
    3946.526	  8
    3947.006	  8
    3947.740	  8
    3948.674	  8
    3950.014	  8
    3952.354	  8
    3952.758	  8
    3953.142	  8
    3954.016	  8
    3954.964	  8
    3955.618	  8
    3956.034	  8
    3956.602	  8
    3956.956	  8
    3957.340	  8
    3959.498	  8
    3965.538	  8
    3965.748	  8
    3966.366	  8
    3966.954	  8
    3967.324	  8
    3968.140	  8
    3968.560	  8
    3969.396	  8
    3969.708	  8
    3970.040	  8
    3970.210	  8
    3970.488	  8
    3972.324	  8
    3972.562	  8
    3973.214	  8
    3973.636	  8
    3973.940	  8
    3974.402	  8
    3975.104	  8
    3975.468	  8
    3975.808	  8
    3976.522	  8
    3977.024	  8
    3977.994	  8
    3979.906	  8
    3980.870	  8
    3981.072	  8
    3981.668	  8
    3983.030	  8
    3983.404	  8
    3990.118	  8
    3990.524	  8
    3999.762	 53
    4005.470	  8
    4005.470	 20
    4005.470	 27
    4005.480	 28
    4005.480	 19
    4005.580	 29
    4005.742	  8
    4005.750	  9
    4025.600	 51
    4025.610	 10
    4074.852	  8
    4077.840	  8
    4078.230	  8
    4079.208	  8
    4079.904	  8
    4080.244	  8
    4084.234	  8
    4085.550	  8
    4085.610	 53
    4086.242	  8
    4086.242	 20
    4086.242	 27
    4086.252	 28
    4086.252	 19
    4086.352	 29
    4086.522	  9
    4106.372	 50
    4106.382	 17
    4133.778	  8
    4134.378	  8
    4135.074	  8
    4136.382	 53
    4136.392	 20
    4136.392	 27
    4156.412	 51
    4156.422	 10
    4175.694	  8
    4176.106	  8
    4193.284	  8
    4194.008	  8
    4194.992	  8
    4195.168	  8
    4195.268	  8
    4195.536	  8
    4195.848	  8
    4196.088	  8
    4196.428	  8
    4196.792	  8
    4197.130	  8
    4197.926	  8
    4198.380	  8
    4198.854	  8
    4199.244	  8
    4200.124	  8
    4200.976	  8
    4201.522	  8
    4202.960	  8
    4203.540	  8
    4205.800	  8
    4206.488	  8
    4207.646	  8
    4208.268	  8
    4209.180	  8
    4209.856	  8
    4210.272	  8
    4210.902	  8
    4212.040	  8
    4212.616	  8
    4215.126	  8
    4216.158	  8
    4216.422	 53
    4216.724	  8
    4216.724	 20
    4216.724	 27
    4216.734	 28
    4216.734	 19
    4216.834	 29
    4217.004	  9
    4236.854	 50
    4236.864	 17
    4266.240	  8
    4266.690	  8
    4266.864	 53
    4266.874	 20
    4266.874	 27
    4285.550	  7
    4286.894	 52
    4286.904	 18
    4323.598	  8
    4323.664	  8
    4376.238	  8
    4377.386	  8
    4378.294	  8
    4378.838	  8
    4378.910	  8
    4379.206	  8
    4379.610	  8
    4380.122	  8
    4381.326	  8
    4381.652	  8
    4381.938	  8
    4383.012	  8
    4383.588	  8
    4384.682	  8
    4386.052	  8
    4386.716	  8
    4386.934	  8
    4387.398	  8
    4388.772	  8
    4389.522	  8
    4390.448	  8
    4391.176	  8
    4392.114	  8
    4392.492	  8
    4393.936	  8
    4394.290	  8
    4396.686	  8
    4397.644	  8
    4398.178	  8
    4398.880	  8
    4399.248	  8
    4400.330	  8
    4400.822	  8
    4401.202	  8
    4401.512	  8
    4402.494	  8
    4403.212	  8
    4406.512	  8
    4406.904	 53
    4408.744	  8
    4408.744	 20
    4408.744	 27
    4408.754	 28
    4408.754	 19
    4408.854	 29
    4409.012	  8
    4409.024	  9
    4428.874	 52
    4428.884	 18
    4488.166	  8
    4489.976	  8
    4490.426	  8
    4490.924	  8
    4491.474	  8
    4492.120	  8
    4492.940	  8
    4493.650	  8
    4494.302	  8
    4494.796	  8
    4494.906	  8
    4495.126	  8
    4495.584	  8
    4496.498	  8
    4497.582	  8
    4498.086	  8
    4499.198	  8
    4499.708	  8
    4500.508	  8
    4502.514	  8
    4502.958	  8
    4503.982	  8
    4504.316	  8
    4504.730	  8
    4505.234	  8
    4511.236	  8
    4511.602	  8
    4512.368	  8
    4512.806	  8
    4513.370	  8
    4513.904	  8
    4514.384	  8
    4514.782	  8
    4515.394	  8
    4515.752	  8
    4516.188	  8
    4516.638	  8
    4516.916	  8
    4517.012	  8
    4517.284	  8
    4520.952	  8
    4524.716	  8
    4525.532	  8
    4525.816	  8
    4526.264	  8
    4548.884	 53
    4608.714	  8
    4608.714	 20
    4608.714	 27
    4608.724	 28
    4608.724	 19
    4608.824	 29
    4608.980	  8
    4608.994	  9
    4628.844	 52
    4628.854	 18
    4669.376	  7
    4669.604	  7
    4669.988	  7
    4670.466	  7
    4670.714	  7
    4676.796	  7
    4676.902	  7
    4677.230	  7
    4677.334	  7
    4679.190	  7
    4682.744	  7
    4682.876	  7
    4683.018	  7
    4683.136	  7
    4683.280	  7
    4683.452	  7
    4683.588	  7
    4685.148	  7
    4685.298	  7
    4685.850	  7
    4686.262	  7
    4686.484	  7
    4686.908	  7
    4687.068	  7
    4687.218	  7
    4687.322	  7
    4687.472	  7
    4687.634	  7
    4687.980	  7
    4688.244	  7
    4688.320	  7
    4689.418	  7
    4689.696	  7
    4690.248	  7
    4690.470	  7
    4690.616	  7
    4690.814	  7
    4690.920	  7
    4691.040	  7
    4691.158	  7
    4693.802	  7
    4694.106	  7
    4696.732	  8
    4697.316	  8
    4697.596	  8
    4697.830	  8
    4698.244	  8
    4699.030	  8
    4699.316	  8
    4699.810	  8
    4700.564	  8
    4701.346	  8
    4701.776	  8
    4702.464	  8
    4703.420	  8
    4703.946	  8
    4704.432	  8
    4705.266	  8
    4706.198	  8
    4706.844	  8
    4708.182	  8
    4708.958	  8
    4709.632	  8
    4711.402	  8
    4712.260	  8
    4712.728	  8
    4713.412	  8
    4713.820	  8
    4714.296	  8
    4714.590	  8
    4714.856	  8
    4714.908	  8
    4715.798	  8
    4716.560	  8
    4717.480	  8
    4717.538	  8
    4717.636	  8
    4718.134	  8
    4718.504	  8
    4718.848	  8
    4719.568	  8
    4720.366	  8
    4720.728	  8
    4720.990	  8
    4721.254	  8
    4724.530	  8
    4724.976	  8
    4725.334	  8
    4725.932	  8
    4726.890	  8
    4727.520	  8
    4728.050	  8
    4728.734	  8
    4730.912	  8
    4731.566	  8
    4732.154	  8
    4738.320	  8
    4738.616	  8
    4739.224	  8
    4739.588	  8
    4739.742	  8
    4740.378	  8
    4740.692	  8
    4741.338	  8
    4744.688	  8
    4745.170	  8
    4745.514	  8
    4746.150	  8
    4746.870	  8
    4747.218	  8
    4748.092	  8
    4748.374	  8
    4748.854	 53
    4748.912	  8
    4748.912	 20
    4748.912	 27
    4748.922	 28
    4748.922	 19
    4749.022	 29
    4749.112	  8
    4749.192	  9
    4769.042	 52
    4769.052	 18
    4772.406	  8
    4797.642	  8
    4819.558	  8
    4819.786	  8
    4866.092	  8
    4866.966	  8
    4867.476	  8
    4868.090	  8
    4868.712	  8
    4869.010	  8
    4869.824	  8
    4870.246	  8
    4870.702	  8
    4871.414	  8
    4871.824	  8
    4872.238	  8
    4872.834	  8
    4874.034	  8
    4874.388	  8
    4875.846	  8
    4876.960	  8
    4877.756	  8
    4878.850	  8
    4879.344	  8
    4880.150	  8
    4880.494	  8
    4881.096	  8
    4883.204	  8
    4884.686	  8
    4886.070	  8
    4886.572	  8
    4886.952	  8
    4887.502	  8
    4889.052	 53
    4890.532	  8
    4890.532	 20
    4890.532	 27
    4890.542	 28
    4890.542	 19
    4890.642	 29
    4890.674	  8
    4890.812	  9
    4910.662	 51
    4910.672	 10
    4941.222	  7
    4946.610	  8
    4956.106	  8
    4957.192	  8
    4957.960	  8
    4960.156	  8
    4960.398	  8
    4960.716	  8
    4966.606	  8
    4966.836	  8
    4967.808	  8
    4968.090	  8
    4968.656	  8
    4969.106	  8
    4970.672	 53
    4990.068	  8
    4990.068	 20
    4990.068	 27
    4990.078	 28
    4990.078	 19
    4990.178	 29
    4990.348	  9
    4990.364	  8
    5010.198	 51
    5010.208	 10
    5024.476	  8
    5024.982	  8
    5025.146	  8
    5035.134	  8
    5036.546	  8
    5037.224	  8
    5037.956	  8
    5038.376	  8
    5039.204	  8
    5039.708	  8
    5043.156	  8
    5043.560	  8
    5043.650	  8
    5044.904	  8
    5045.726	  8
    5046.458	  8
    5046.618	  8
    5047.708	  8
    5049.458	  8
    5049.784	  8
    5050.964	  8
    5051.512	  8
    5052.496	  8
    5053.104	  8
    5053.494	  8
    5055.580	  8
    5055.800	  8
    5056.322	  8
    5056.576	  8
    5056.922	  8
    5057.048	  8
    5057.434	  8
    5058.160	  8
    5058.766	  8
    5058.830	  8
    5059.182	  8
    5059.380	  8
    5060.356	  8
    5060.468	  8
    5060.984	  8
    5062.068	  8
    5062.356	  8
    5062.584	  8
    5062.782	  8
    5063.386	  8
    5064.086	  8
    5064.490	  8
    5067.716	  8
    5068.426	  8
    5069.564	  8
    5069.992	  8
    5070.208	 53
    5070.634	  8
    5070.634	 20
    5070.634	 27
    5070.644	 28
    5070.644	 19
    5070.744	 29
    5070.802	  8
    5070.914	  9
    5085.600	  8
    5090.764	 52
    5090.774	 18
    5135.606	  7
    5136.102	  7
    5136.148	  7
    5140.366	  7
    5143.932	  7
    5144.642	  7
    5145.008	  7
    5145.368	  7
    5145.494	  7
    5145.626	  7
    5145.788	  7
    5145.908	  7
    5148.836	  7
    5151.662	  7
    5152.210	  7
    5152.470	  7
    5152.594	  7
    5152.716	  7
    5155.358	  7
    5155.552	  7
    5155.726	  7
    5158.980	  7
    5159.192	  7
    5159.288	  7
    5159.408	  7
    5162.442	  7
    5168.170	  8
    5168.290	  8
    5168.948	  8
    5169.544	  8
    5177.796	  7
    5177.990	  7
    5178.268	  7
    5178.356	  7
    5179.124	  7
    5179.478	  7
    5179.796	  7
    5179.936	  7
    5180.064	  7
    5180.204	  7
    5180.344	  7
    5180.502	  7
    5180.656	  7
    5180.714	  7
    5180.764	  7
    5180.802	  7
    5180.858	  7
    5180.960	  7
    5181.110	  7
    5181.282	  7
    5181.462	  7
    5181.598	  7
    5181.752	  7
    5182.422	  7
    5182.542	  7
    5182.712	  7
    5182.850	  7
    5185.390	  7
    5186.864	  7
    5187.270	  7
    5187.520	  7
    5187.628	  7
    5187.744	  7
    5187.884	  7
    5188.014	  7
    5191.934	  7
    5194.366	  7
    5194.476	  7
    5194.742	  7
    5194.874	  7
    5197.920	  7
    5198.104	  7
    5200.238	  7
    5200.356	  7
    5200.574	  7
    5204.208	  7
    5204.924	  7
    5205.022	  7
    5205.242	  7
    5205.362	  7
    5205.520	  7
    5205.652	  7
    5205.772	  7
    5205.946	  7
    5206.080	  7
    5206.196	  7
    5206.342	  7
    5206.484	  7
    5206.632	  7
    5206.764	  7
    5206.904	  7
    5207.042	  7
    5207.180	  7
    5207.338	  7
    5207.466	  7
    5207.662	  7
    5207.768	  7
    5207.906	  7
    5208.054	  7
    5208.190	  7
    5208.332	  7
    5208.470	  7
    5208.638	  7
    5208.764	  7
    5208.918	  7
    5209.050	  7
    5209.210	  7
    5209.340	  7
    5209.500	  7
    5209.642	  7
    5209.808	  7
    5209.926	  7
    5210.062	  7
    5210.192	  7
    5210.334	  7
    5210.494	  7
    5210.656	  7
    5210.774	 53
    5210.808	  7
    5210.968	  7
    5211.106	  7
    5211.272	  7
    5211.426	  7
    5211.592	  7
    5211.748	  7
    5211.906	  7
    5212.040	  7
    5212.196	  7
    5212.332	  7
    5212.900	  7
    5213.156	  7
    5213.282	  7
    5213.424	  7
    5213.568	  7
    5213.718	  7
    5213.866	  7
    5214.034	  7
    5214.174	  7
    5214.360	  7
    5214.496	  7
    5214.620	  7
    5214.766	  7
    5214.938	  7
    5215.068	  7
    5215.216	  7
    5215.346	  7
    5216.102	  7
    5216.396	  7
    5216.528	  7
    5216.662	  7
    5216.830	  7
    5216.964	  7
    5217.138	  7
    5217.208	  7
    5218.014	  7
    5218.178	  7
    5218.314	  7
    5218.428	  7
    5218.558	  7
    5218.682	  7
    5218.816	  7
    5220.998	  7
    5222.572	  7
    5225.546	  7
    5228.132	  7
    5228.272	  7
    5228.536	  7
    5228.704	  7
    5228.826	  7
    5228.968	  7
    5238.756	  8
    5238.756	 20
    5238.756	 27
    5238.766	 28
    5238.766	 19
    5238.866	 29
    5239.036	  8
    5248.992	  8
    5258.886	 50
    5258.896	 17
    5260.378	  7
    5261.180	  7
    5263.118	  7
    5263.862	  7
    5264.488	  7
    5267.412	  7
    5267.594	  7
    5268.606	  7
    5268.860	  7
    5269.240	  7
    5269.340	  7
    5269.456	  7
    5273.060	  7
    5273.456	  7
    5273.780	  7
    5273.938	  7
    5274.108	  7
    5274.426	  7
    5274.550	  7
    5274.800	  7
    5274.918	  7
    5278.378	  7
    5278.730	  7
    5279.364	  7
    5279.648	  7
    5279.782	  7
    5279.908	  7
    5280.032	  7
    5280.208	  7
    5280.298	  7
    5280.498	  7
    5280.622	  7
    5280.750	  7
    5280.876	  7
    5281.014	  7
    5281.158	  7
    5281.310	  7
    5281.440	  7
    5281.572	  7
    5281.710	  7
    5281.854	  7
    5281.984	  7
    5282.140	  7
    5282.266	  7
    5282.394	  7
    5282.526	  7
    5282.678	  7
    5282.792	  7
    5282.954	  7
    5283.390	  7
    5283.674	  7
    5283.718	  7
    5284.038	  7
    5286.108	  8
    5286.430	  8
    5286.990	  8
    5288.288	  8
    5288.826	  8
    5288.896	 53
    5288.906	 20
    5288.906	 27
    5289.772	  8
    5290.248	  8
    5299.600	  7
    5299.772	  7
    5301.140	  7
    5301.292	  7
    5303.704	  7
    5303.748	  7
    5303.904	  7
    5307.208	  7
    5307.678	  7
    5308.128	  7
    5308.326	  7
    5308.492	  7
    5308.926	 51
    5308.936	 10
    5309.034	  7
    5309.188	  7
    5309.880	  7
    5313.762	  7
    5313.904	  7
    5314.456	  7
    5314.570	  7
    5315.172	  7
    5315.236	  7
    5315.366	  7
    5315.478	  7
    5318.772	  7
    5319.236	  7
    5319.722	  7
    5319.850	  7
    5319.960	  7
    5320.100	  7
    5320.108	  7
    5320.152	  7
    5320.360	  7
    5320.640	  7
    5320.776	  7
    5320.914	  7
    5321.096	  7
    5321.260	  7
    5321.390	  7
    5321.538	  7
    5321.674	  7
    5321.814	  7
    5321.956	  7
    5322.074	  7
    5322.234	  7
    5322.378	  7
    5322.514	  7
    5322.732	  7
    5322.846	  7
    5322.990	  7
    5323.108	  7
    5323.454	  7
    5323.572	  7
    5323.848	  7
    5324.182	  7
    5324.294	  7
    5324.428	  7
    5324.564	  7
    5324.910	  7
    5325.044	  7
    5325.194	  7
    5325.318	  7
    5325.538	  7
    5326.266	  7
    5326.410	  7
    5326.692	  7
    5326.982	  7
    5327.132	  7
    5329.666	  7
    5329.786	  7
    5329.910	  7
    5330.036	  7
    5332.928	  7
    5333.356	  7
    5333.468	  7
    5333.660	  7
    5333.804	  7
    5334.176	  7
    5334.748	  7
    5334.994	  7
    5338.238	  7
    5338.366	  7
    5339.064	  7
    5339.256	  7
    5339.372	  7
    5339.540	  7
    5339.662	  7
    5339.806	  7
    5339.952	  7
    5340.070	  7
    5340.248	  7
    5340.360	  7
    5340.510	  7
    5340.686	  7
    5346.416	  8
    5348.860	  8
    5349.338	  8
    5349.906	  8
    5350.598	  8
    5350.944	  8
    5351.424	  8
    5351.802	  8
    5352.526	  8
    5352.964	  8
    5353.368	  8
    5354.014	  8
    5358.240	  8
    5358.448	  8
    5358.736	  8
    5359.234	  8
    5359.646	  8
    5360.168	  8
    5360.796	  8
    5361.288	  8
    5361.748	  8
    5362.452	  8
    5362.936	  8
    5363.342	  8
    5364.050	  8
    5364.708	  8
    5367.922	  8
    5368.108	  8
    5368.718	  8
    5368.936	 53
    5369.144	  8
    5369.144	 20
    5369.144	 27
    5369.154	 28
    5369.154	 19
    5369.254	 29
    5369.424	  9
    5369.444	  8
    5382.564	  8
    5389.274	 52
    5389.284	 18
    5424.606	  8
    5424.950	  8
    5430.010	  8
    5452.214	  7
    5455.822	  7
    5456.060	  7
    5456.210	  7
    5459.558	  7
    5463.152	  7
    5463.286	  7
    5463.362	  7
    5467.282	  7
    5467.606	  7
    5468.056	  7
    5468.180	  7
    5468.320	  7
    5471.610	  7
    5474.678	  7
    5474.794	  7
    5474.928	  7
    5482.286	  8
    5482.336	  8
    5482.676	  8
    5483.530	  8
    5483.904	  8
    5484.310	  8
    5484.658	  8
    5485.062	  8
    5485.796	  8
    5486.270	  8
    5486.848	  8
    5487.148	  8
    5487.678	  8
    5488.290	  8
    5488.962	  8
    5489.478	  8
    5489.750	  8
    5490.298	  8
    5490.652	  8
    5491.066	  8
    5491.598	  8
    5492.110	  8
    5492.554	  8
    5492.852	  8
    5493.054	  8
    5493.538	  8
    5494.066	  8
    5494.454	  8
    5494.762	  8
    5496.720	  8
    5496.924	  8
    5497.610	  8
    5497.958	  8
    5498.394	  8
    5498.556	  8
    5499.032	  8
    5499.338	  8
    5500.202	  8
    5502.278	  8
    5502.628	  8
    5503.258	  8
    5504.364	  8
    5505.052	  8
    5505.566	  8
    5505.756	  8
    5506.154	  8
    5507.058	  8
    5507.480	  8
    5507.922	  8
    5508.936	  8
    5509.284	 53
    5510.252	  8
    5510.252	 20
    5510.252	 27
    5510.262	 28
    5510.262	 19
    5510.362	 29
    5510.532	  9
    5530.382	 52
    5530.392	 18
    5626.114	  8
    5628.366	  8
    5628.726	  8
    5629.152	  8
    5629.512	  8
    5633.976	  8
    5634.968	  8
    5635.450	  8
    5636.004	  8
    5636.692	  8
    5637.052	  8
    5637.544	  8
    5637.726	  8
    5638.562	  8
    5638.938	  8
    5639.412	  8
    5639.740	  8
    5639.960	  8
    5643.002	  8
    5643.210	  8
    5643.710	  8
    5644.010	  8
    5644.598	  8
    5645.514	  8
    5645.874	  8
    5646.262	  8
    5646.806	  8
    5647.408	  8
    5647.888	  8
    5649.248	  8
    5649.818	  8
    5650.288	  8
    5650.392	 53
    5650.690	  8
    5650.690	 20
    5650.690	 27
    5650.700	 28
    5650.700	 19
    5650.800	 29
    5650.842	  8
    5650.970	  9
    5670.820	 52
    5670.830	 18
    5675.966	  7
    5676.300	  7
    5679.634	  7
    5679.770	  7
    5679.918	  7
    5680.070	  7
    5688.746	  7
    5688.900	  7
    5692.414	  7
    5695.280	  7
    5695.418	  7
    5703.160	  7
    5703.846	  7
    5703.976	  7
    5704.364	  7
    5708.374	  7
    5708.612	  7
    5712.232	  7
    5715.300	  7
    5715.408	  7
    5715.936	  7
    5716.240	  7
    5719.962	  7
    5720.270	  7
    5724.134	  7
    5724.250	  7
    5724.394	  7
    5728.158	  7
    5728.258	  7
    5728.434	  7
    5731.494	  7
    5733.852	  7
    5733.964	  7
    5737.324	  7
    5739.524	  7
    5739.666	  7
    5739.834	  7
    5743.948	  7
    5744.224	  7
    5747.658	  7
    5748.290	  7
    5748.408	  7
    5748.440	  7
    5748.528	  7
    5754.638	  7
    5755.022	  7
    5755.142	  7
    5755.272	  7
    5772.112	  8
    5772.498	  8
    5773.798	  8
    5774.338	  8
    5775.234	  8
    5775.482	  8
    5776.034	  8
    5777.432	  8
    5778.116	  8
    5778.516	  8
    5778.698	  8
    5779.074	  8
    5779.692	  8
    5780.238	  8
    5780.686	  8
    5781.266	  8
    5781.506	  8
    5781.820	  8
    5782.658	  8
    5783.262	  8
    5784.282	  8
    5784.826	  8
    5786.580	  8
    5787.226	  8
    5787.692	  8
    5788.160	  8
    5788.576	  8
    5789.228	  8
    5789.850	  8
    5790.718	  8
    5790.830	 53
    5791.360	  8
    5791.360	 20
    5791.360	 27
    5791.370	 28
    5791.370	 19
    5791.470	 29
    5791.642	  8
    5791.884	  9
    5811.490	 50
    5811.500	 17
    5826.808	  8
    5827.570	  8
    5828.126	  8
    5828.542	  8
    5828.674	  8
    5839.472	  8
    5840.576	  8
    5840.706	  8
    5841.106	  8
    5841.438	  8
    5841.500	 53
    5841.510	 20
    5841.510	 27
    5841.520	 61
