   65561.290	  7
   65561.912	  7
   65562.406	  7
   65562.556	  7
   65562.832	  7
   65575.836	  8
   65576.060	  8
   65590.242	  8
   65593.632	  8
       3.470	  7
       3.814	  7
       7.802	  7
       8.136	  7
       9.332	  7
       9.490	  7
       9.664	  7
      10.030	  7
      10.602	  7
      11.812	  7
      11.952	  7
      12.114	  7
      12.254	  7
      12.516	  7
      12.642	  7
      12.780	  7
      12.910	  7
      13.036	  7
      13.166	  7
      13.306	  7
      13.442	  7
      13.576	  7
      13.708	  7
      13.846	  7
      13.978	  7
      14.114	  7
      14.254	  7
      14.392	  7
      14.542	  7
      14.680	  7
      14.814	  7
      14.948	  7
      15.090	  7
      15.232	  7
      15.374	  7
      15.522	  7
      15.656	  7
      15.796	  7
      15.938	  7
      16.088	  7
      16.242	  7
      16.382	  7
      16.514	  7
      16.656	  7
      16.816	  7
      16.962	  7
      17.112	  7
      17.258	  7
      17.398	  7
      17.556	  7
      17.708	  7
      17.848	  7
      17.990	  7
      18.142	  7
      18.284	  7
      18.426	  7
      18.568	  7
      18.728	  7
      18.862	  7
      19.002	  7
      19.186	  7
      19.322	  7
      19.488	  7
      19.646	  7
      19.792	  7
      19.934	  7
      20.010	 52
      20.020	 17
      20.060	  7
      20.210	  7
      20.342	  7
      20.490	  7
      20.954	  7
      21.156	  7
      21.254	  7
      21.416	  7
      29.962	  8
      30.166	  8
      59.480	  8
      82.768	  8
      83.154	  8
      92.452	  8
      98.478	  8
      98.990	  8
     120.982	  8
     121.054	  8
     127.118	  8
     127.204	  8
     140.020	 53
     140.030	 20
     140.030	 27
     160.050	 52
     160.060	 17
     187.650	  8
     200.446	  7
     200.938	  7
     201.084	  7
     201.258	  7
     201.474	  7
     201.674	  7
     203.540	  7
     203.826	  7
     206.180	  8
     206.502	  8
     212.496	  8
     212.690	  8
     220.500	  8
     220.698	  8
     228.916	  8
     229.126	  8
     229.418	  8
     229.742	  8
     230.106	  8
     230.264	  8
     231.866	  8
     232.176	  8
     234.942	  8
     235.268	  8
     235.526	  8
     235.638	  8
     235.776	  8
     236.318	  8
     252.640	  8
     264.052	  8
     268.790	  7
     268.946	  7
     271.252	  8
     271.602	  8
     276.066	  8
     276.122	  8
     280.060	 53
     280.070	 20
     280.070	 27
     295.442	  7
     300.090	 51
     300.100	 10
     303.200	  7
     303.486	  7
     303.770	  7
     304.704	  8
     304.990	  8
     305.050	  8
     305.768	  8
     311.182	  8
     327.594	  8
     360.100	 53
     372.348	  8
     372.348	 20
     372.348	 27
     372.358	 28
     372.358	 19
     372.458	 29
     372.626	  9
     392.478	 51
     392.488	 10
     416.538	  8
     429.148	  8
     434.010	  8
     452.488	 53
     483.528	  8
     483.528	 20
     483.528	 27
     483.538	 28
     483.538	 19
     483.638	 29
     483.806	  9
     503.658	 52
     503.668	 17
     522.636	  8
     525.936	  7
     526.362	  7
     526.500	  7
     526.770	  7
     527.058	  7
     528.856	  7
     529.360	  7
     529.862	  7
     530.098	  7
     530.334	  7
     530.520	  7
     530.776	  7
     532.214	  7
     532.628	  7
     532.772	  7
     533.696	  7
     533.842	  7
     533.982	  7
     534.138	  7
     534.312	  7
     534.456	  7
     534.592	  7
     534.716	  7
     534.834	  7
     534.966	  7
     535.090	  7
     535.212	  7
     535.342	  7
     535.486	  7
     535.626	  7
     535.762	  7
     535.896	  7
     536.026	  7
     536.166	  7
     536.302	  7
     536.438	  7
     536.596	  7
     536.718	  7
     536.854	  7
     536.984	  7
     537.118	  7
     537.256	  7
     537.388	  7
     537.528	  7
     537.662	  7
     537.824	  7
     537.968	  7
     538.124	  7
     538.236	  7
     538.374	  7
     538.512	  7
     538.888	  7
     539.014	  7
     539.140	  7
     539.268	  7
     539.398	  7
     539.552	  7
     539.676	  7
     539.806	  7
     539.938	  7
     540.076	  7
     540.210	  7
     540.344	  7
     540.482	  7
     540.642	  7
     540.774	  7
     540.914	  7
     541.054	  7
     541.194	  7
     541.334	  7
     541.478	  7
     541.622	  7
     541.764	  7
     541.924	  7
     542.058	  7
     542.196	  7
     542.350	  7
     542.498	  7
     542.650	  7
     542.796	  7
     542.942	  7
     543.096	  7
     543.234	  7
     543.396	  7
     543.532	  7
     543.680	  7
     543.818	  7
     543.964	  7
     544.114	  7
     544.442	  7
     544.572	  7
     544.722	  7
     544.886	  7
     545.022	  7
     545.162	  7
     545.300	  7
     545.442	  7
     545.586	  7
     545.734	  7
     545.880	  7
     546.024	  7
     546.196	  7
     546.336	  7
     546.476	  7
     546.788	  7
     547.490	  7
     547.660	  7
     548.088	  7
     548.774	  7
     548.880	  7
     549.016	  7
     549.156	  7
     549.478	  7
     549.646	  7
     550.284	  7
     550.420	  7
     550.540	  7
     550.678	  7
     550.814	  7
     550.944	  7
     551.068	  7
     551.220	  7
     551.368	  7
     551.504	  7
     551.658	  7
     551.816	  7
     551.966	  7
     552.104	  7
     552.244	  7
     552.390	  7
     552.548	  7
     552.678	  7
     552.812	  7
     552.958	  7
     553.144	  7
     553.966	  7
     554.128	  7
     554.268	  7
     554.426	  7
     554.548	  7
     554.684	  7
     554.828	  7
     554.968	  7
     555.114	  7
     555.254	  7
     555.398	  7
     555.542	  7
     555.690	  7
     555.848	  7
     555.986	  7
     556.126	  7
     556.270	  7
     556.428	  7
     556.574	  7
     556.724	  7
     556.866	  7
     557.042	  7
     557.170	  7
     557.320	  7
     557.476	  7
     557.642	  7
     557.802	  7
     557.962	  7
     558.108	  7
     558.246	  7
     558.404	  7
     558.544	  7
     558.692	  7
     558.834	  7
     558.982	  7
     559.132	  7
     559.276	  7
     559.422	  7
     559.564	  7
     559.710	  7
     559.874	  7
     560.030	  7
     560.190	  7
     560.334	  7
     560.478	  7
     560.622	  7
     560.762	  7
     560.908	  7
     561.062	  7
     561.218	  7
     561.382	  7
     561.550	  7
     561.770	  7
     561.874	  7
     562.360	  7
     562.476	  7
     562.614	  7
     562.750	  7
     562.890	  7
     563.026	  7
     563.174	  7
     563.322	  7
     563.492	  7
     563.630	  7
     563.780	  7
     563.930	  7
     564.074	  7
     564.220	  7
     564.372	  7
     564.538	  7
     564.696	  7
     564.842	  7
     565.016	  7
     565.158	  7
     565.318	  7
     565.492	  7
     565.646	  7
     565.806	  7
     565.952	  7
     566.096	  7
     566.224	  7
     566.362	  7
     566.510	  7
     566.676	  7
     566.854	  7
     566.992	  7
     567.132	  7
     567.288	  7
     567.446	  7
     567.582	  7
     567.728	  7
     567.916	  7
     568.052	  7
     568.362	  7
     569.298	  7
     569.434	  7
     569.564	  7
     569.702	  7
     569.866	  7
     570.004	  7
     570.152	  7
     570.298	  7
     570.468	  7
     570.608	  7
     570.748	  7
     570.902	  7
     571.056	  7
     571.208	  7
     571.364	  7
     571.508	  7
     571.654	  7
     571.812	  7
     572.048	  7
     572.266	  7
     572.610	  7
     572.776	  7
     573.492	  7
     573.608	  7
     573.748	  7
     573.882	  7
     574.028	  7
     574.162	  7
     574.324	  7
     574.462	  7
     574.616	  7
     574.748	  7
     574.888	  7
     575.028	  7
     575.172	  7
     575.322	  7
     575.478	  7
     575.632	  7
     575.800	  7
     575.940	  7
     576.082	  7
     576.228	  7
     576.382	  7
     576.542	  7
     576.712	  7
     576.872	  7
     577.018	  7
     577.196	  7
     577.316	  7
     577.464	  7
     577.618	  7
     577.770	  7
     577.930	  7
     578.076	  7
     578.234	  7
     578.392	  7
     578.560	  7
     579.776	  7
     579.900	  7
     580.042	  7
     580.196	  7
     580.318	  7
     580.464	  7
     580.606	  7
     580.740	  7
     580.882	  7
     581.034	  7
     581.168	  7
     581.320	  7
     581.474	  7
     581.850	  7
     581.978	  7
     583.772	  7
     585.054	  7
     585.194	  7
     585.328	  7
     585.452	  7
     585.590	  7
     585.730	  7
     585.868	  7
     586.006	  7
     586.168	  7
     586.306	  7
     586.440	  7
     586.578	  7
     586.722	  7
     586.854	  7
     587.006	  7
     587.182	  7
     587.394	  7
     587.604	  7
     587.902	  7
     588.164	  7
     588.664	  7
     588.792	  7
     588.922	  7
     589.062	  7
     589.192	  7
     589.332	  7
     589.458	  7
     589.604	  7
     589.762	  7
     589.880	  7
     590.020	  7
     590.164	  7
     590.302	  7
     590.448	  7
     590.584	  7
     590.720	  7
     590.864	  7
     591.028	  7
     591.166	  7
     591.402	  7
     595.448	  7
     596.792	  7
     596.934	  7
     597.076	  7
     597.234	  7
     597.354	  7
     597.502	  7
     597.648	  7
     597.820	  7
     597.944	  7
     598.080	  7
     598.218	  7
     598.354	  7
     598.498	  7
     598.642	  7
     598.796	  7
     598.942	  7
     599.098	  7
     599.248	  7
     599.406	  7
     599.556	  7
     599.712	  7
     599.850	  7
     600.004	  7
     600.150	  7
     600.294	  7
     600.472	  7
     600.646	  7
     600.854	  7
     601.070	  7
     601.320	  7
     601.512	  7
     601.756	  7
     601.950	  7
     602.100	  7
     602.252	  7
     602.384	  7
     602.530	  7
     602.676	  7
     602.814	  7
     602.968	  7
     603.104	  7
     603.246	  7
     603.394	  7
     603.524	  7
     603.664	  7
     603.802	  7
     603.942	  7
     604.088	  7
     604.226	  7
     604.358	  7
     604.508	  7
     604.668	  7
     604.790	  7
     604.940	  7
     605.124	  7
     605.332	  7
     605.560	  7
     605.710	  7
     605.864	  7
     606.018	  7
     606.158	  7
     606.282	  7
     606.994	  7
     607.120	  7
     607.248	  7
     607.382	  7
     607.532	  7
     608.246	  7
     608.398	  7
     608.606	  7
     608.738	  7
     608.872	  7
     609.014	  7
     609.152	  7
     609.294	  7
     609.448	  7
     609.602	  7
     609.756	  7
     609.910	  7
     610.060	  7
     610.232	  7
     610.422	  7
     610.594	  7
     610.732	  7
     610.872	  7
     611.028	  7
     611.160	  7
     611.306	  7
     611.454	  7
     611.596	  7
     611.740	  7
     611.882	  7
     612.032	  7
     612.194	  7
     612.368	  7
     612.524	  7
     612.664	  7
     612.800	  7
     612.954	  7
     613.096	  7
     613.248	  7
     613.390	  7
     613.546	  7
     613.694	  7
     613.874	  7
     614.034	  7
     614.188	  7
     614.344	  7
     614.496	  7
     614.646	  7
     614.800	  7
     614.964	  7
     615.120	  7
     615.446	  7
     615.572	  7
     615.736	  7
     616.616	  7
     616.738	  7
     616.858	  7
     617.010	  7
     617.166	  7
     617.320	  7
     617.464	  7
     617.622	  7
     617.772	  7
     617.920	  7
     618.076	  7
     618.210	  7
     618.358	  7
     618.508	  7
     618.666	  7
     618.838	  7
     618.976	  7
     619.118	  7
     619.260	  7
     619.390	  7
     619.544	  7
     619.722	  7
     619.822	  7
     619.980	  7
     620.128	  7
     620.290	  7
     620.446	  7
     620.612	  7
     620.770	  7
     620.930	  7
     621.102	  7
     621.248	  7
     621.410	  7
     621.562	  7
     621.714	  7
     621.876	  7
     622.032	  7
     622.188	  7
     622.346	  7
     622.496	  7
     622.662	  7
     622.822	  7
     622.980	  7
     623.140	  7
     623.324	  7
     623.470	  7
     623.642	  7
     623.668	 53
     623.678	 20
     623.678	 27
     623.788	  7
     624.136	  7
     625.566	  8
     625.788	  8
     628.158	  8
     628.654	  8
     628.870	  8
     630.386	  8
     630.508	  8
     630.924	  8
     634.072	  8
     634.800	  8
     635.760	  8
     636.068	  8
     636.432	  8
     636.572	  8
     637.090	  8
     637.356	  8
     637.942	  8
     638.268	  8
     638.442	  8
     638.950	  8
     639.368	  8
     641.984	  7
     642.214	  7
     642.408	  7
     642.764	  7
     643.148	  7
     643.348	  7
     643.546	  7
     643.698	 52
     643.708	 17
     643.728	  7
     643.920	  7
     644.294	  7
     645.106	  7
     645.694	  7
     646.060	  7
     646.406	  7
     648.700	  8
     652.502	  8
     655.190	  8
     659.198	  8
     663.712	  8
     665.578	  8
     665.748	  8
     665.974	  8
     666.346	  8
     666.552	  8
     667.028	  8
     667.292	  8
     668.584	  8
     668.880	  8
     677.338	  8
     677.874	  8
     678.598	  8
     680.974	  8
     681.114	  8
     681.678	  8
     682.188	  8
     682.798	  8
     683.134	  8
     683.492	  8
     683.690	  8
     684.094	  8
     684.600	  8
     684.712	  8
     685.554	  8
     685.908	  8
     685.938	  8
     686.060	  8
     686.210	  8
     686.648	  8
     689.442	  8
     689.716	  8
     690.240	  8
     690.510	  8
     690.750	  8
     690.958	  8
     691.244	  8
     691.494	  8
     691.788	  8
     692.698	  8
     692.988	  8
     693.352	  8
     694.126	  8
     695.326	  8
     695.486	  8
     697.146	  8
     697.422	  8
     697.724	  8
     697.876	  8
     698.142	  8
     698.402	  8
     698.706	  8
     698.772	  8
     699.228	  8
     699.254	  8
     699.704	  8
     702.636	  8
     702.860	  8
     703.130	  8
     703.400	  8
     703.880	  8
     704.378	  8
     704.482	  8
     704.788	  8
     705.340	  8
     705.608	  8
     705.660	  8
     706.312	  8
     706.520	  8
     706.964	  8
     707.560	  8
     708.116	  8
     709.662	  8
     712.456	  8
     712.750	  8
     713.134	  8
     713.740	  8
     714.188	  8
     716.372	  7
     717.404	  8
     717.590	  8
     718.024	  8
     719.194	  8
     719.562	  8
     719.882	  8
     720.564	  8
     720.996	  8
     721.520	  8
     722.716	  8
     723.718	  8
     724.084	  8
     726.030	  8
     726.246	  8
     726.864	  8
     727.888	  8
     728.320	  8
     728.706	  8
     731.356	  8
     732.016	  8
     732.632	  8
     732.852	  8
     733.146	  8
     733.450	  8
     733.858	  8
     734.252	  8
     734.356	  8
     736.644	  8
     736.968	  8
     737.244	  8
     737.584	  8
     737.774	  8
     738.154	  8
     741.206	  8
     741.780	  8
     742.436	  8
     742.578	  8
     742.856	  8
     743.222	  8
     743.720	  8
     744.114	  8
     744.414	  8
     744.570	  8
     745.062	  8
     745.846	  8
     745.994	  8
     746.224	  8
     746.740	  8
     748.584	  8
     748.920	  8
     749.670	  8
     751.746	  8
     755.150	  7
     755.656	  7
     755.828	  7
     756.402	  7
     756.794	  7
     756.922	  7
     758.982	  8
     759.314	  8
     760.014	  8
     760.502	  8
     760.814	  8
     761.208	  8
     761.890	  8
     763.708	 53
     763.718	 20
     763.718	 27
     783.738	 50
     783.748	 18
     795.480	  8
     796.182	  8
     797.502	  8
     797.938	  8
     798.106	  8
     798.154	  8
     799.568	  8
     800.022	  8
     800.468	  8
     800.662	  8
     800.986	  8
     801.610	  8
     802.288	  8
     803.522	  8
     803.704	  8
     804.106	  8
     804.152	  8
     804.572	  8
     804.708	  8
     804.830	  8
     805.004	  8
     805.432	  8
     805.668	  8
     805.950	  8
     806.244	  8
     807.740	  8
     808.154	  8
     808.660	  8
     809.100	  8
     809.374	  8
     809.760	  8
     810.206	  8
     810.800	  8
     811.452	  8
     811.822	  8
     812.376	  8
     812.488	  8
     812.904	  8
     813.146	  8
     813.612	  8
     813.748	 53
     815.220	  8
     815.220	 20
     815.220	 27
     815.230	 28
     815.230	 19
     815.330	 29
     815.416	  8
     815.498	  9
     835.350	 51
     835.360	 10
     842.260	  7
     842.384	  7
     842.522	  7
     842.672	  7
     842.816	  7
     842.970	  7
     843.354	  7
     843.544	  7
     843.720	  7
     844.316	  7
     844.456	  7
     844.596	  7
     844.754	  7
     844.888	  7
     845.040	  7
     845.178	  7
     845.546	  7
     850.038	  7
     867.796	  8
     871.080	  7
     871.344	  7
     895.360	 53
     907.270	  8
     907.270	 20
     907.270	 27
     907.280	 28
     907.280	 19
     907.380	 29
     907.548	  9
     927.400	 52
     927.410	 17
     960.168	  8
     979.012	  8
     979.434	  8
     982.474	  8
     982.684	  8
     985.808	  7
     986.006	  7
     986.370	  7
     986.526	  7
     986.760	  7
     986.904	  7
     987.730	  7
     987.848	  7
     988.004	  7
     988.148	  7
     988.298	  7
     988.440	  7
     988.626	  7
     988.814	  7
     988.976	  7
     989.118	  7
     989.258	  7
     989.396	  7
     989.532	  7
     989.678	  7
     989.810	  7
     989.954	  7
     990.092	  7
     990.230	  7
     990.378	  7
     990.524	  7
     990.668	  7
     990.814	  7
     990.956	  7
     991.638	  7
     991.780	  7
     991.924	  7
     992.058	  7
     992.192	  7
     992.330	  7
     992.460	  7
     992.594	  7
     992.744	  7
     992.876	  7
     993.018	  7
     993.166	  7
     993.300	  7
     993.436	  7
     993.580	  7
     993.730	  7
     993.882	  7
     994.050	  7
     994.202	  7
     994.416	  7
     995.556	  7
     995.682	  7
     995.816	  7
     995.952	  7
     996.090	  7
     996.222	  7
     996.360	  7
     996.490	  7
     996.646	  7
     996.784	  7
     996.932	  7
     997.070	  7
     997.206	  7
     997.336	  7
     997.474	  7
     997.608	  7
     997.742	  7
     997.900	  7
     998.036	  7
     998.220	  7
     998.424	  7
     998.912	  7
     999.142	  7
     999.704	  7
     999.966	  7
    1000.100	  7
    1000.250	  7
    1000.384	  7
    1000.524	  7
    1000.666	  7
    1000.790	  7
    1000.932	  7
    1001.078	  7
    1001.192	  7
    1001.336	  7
    1001.460	  7
    1001.590	  7
    1001.720	  7
    1001.856	  7
    1001.992	  7
    1002.128	  7
    1002.286	  7
    1002.422	  7
    1002.558	  7
    1002.694	  7
    1002.830	  7
    1002.966	  7
    1003.108	  7
    1003.262	  7
    1003.458	  7
    1003.640	  7
    1003.854	  7
    1004.094	  7
    1004.382	  7
    1005.220	  7
    1005.344	  7
    1006.820	  7
    1006.958	  7
    1007.230	  7
    1007.368	  7
    1007.506	  7
    1007.652	  7
    1007.784	  7
    1007.944	  7
    1008.074	  7
    1008.202	  7
    1008.342	  7
    1008.480	  7
    1008.614	  7
    1008.808	  7
    1009.172	  7
    1009.368	  7
    1009.574	  7
    1009.828	  7
    1010.400	  7
    1010.536	  7
    1010.680	  7
    1010.834	  7
    1011.136	  7
    1011.276	  7
    1011.404	  7
    1011.546	  7
    1011.710	  7
    1011.840	  7
    1011.978	  7
    1012.108	  7
    1012.238	  7
    1012.374	  7
    1012.540	  7
    1012.708	  7
    1012.910	  7
    1013.154	  7
    1013.708	  7
    1013.870	  7
    1014.002	  7
    1014.312	  7
    1014.450	  7
    1014.586	  7
    1014.746	  7
    1014.868	  7
    1015.016	  7
    1015.154	  7
    1015.304	  7
    1015.450	  7
    1015.584	  7
    1015.752	  7
    1015.896	  7
    1016.028	  7
    1016.168	  7
    1016.310	  7
    1016.700	  7
    1017.008	  7
    1017.496	  7
    1018.206	  7
    1018.332	  7
    1018.636	  7
    1018.776	  7
    1019.208	  7
    1019.354	  7
    1019.500	  7
    1019.652	  7
    1019.792	  7
    1019.956	  7
    1020.100	  7
    1020.234	  7
    1020.374	  7
    1020.516	  7
    1020.648	  7
    1020.790	  7
    1020.936	  7
    1021.082	  7
    1021.232	  7
    1021.374	  7
    1021.524	  7
    1021.660	  7
    1021.786	  7
    1021.922	  7
    1022.068	  7
    1022.214	  7
    1022.808	  7
    1023.182	  7
    1024.234	  7
    1024.440	  7
    1024.626	  7
    1027.842	  7
    1037.182	  8
    1037.894	  8
    1038.836	  8
    1039.574	  8
    1039.678	  8
    1039.998	  8
    1040.124	  8
    1040.526	  8
    1040.850	  8
    1041.132	  8
    1041.750	  8
    1043.148	  8
    1043.416	  8
    1043.838	  8
    1044.388	  8
    1047.068	  8
    1047.410	 53
    1047.420	 20
    1047.420	 27
    1067.440	 50
    1067.450	 18
    1092.124	  8
    1092.860	  8
    1093.412	  8
    1093.982	  8
    1094.318	  8
    1094.512	  8
    1094.814	  8
    1095.152	  8
    1095.900	  8
    1096.300	  8
    1096.848	  8
    1097.450	 53
    1098.110	  8
    1098.110	 20
    1098.110	 27
    1098.120	 28
    1098.120	 19
    1098.220	 29
    1098.388	  9
    1118.240	 50
    1118.250	 18
    1143.624	  8
    1145.896	  8
    1146.650	  8
    1146.712	  8
    1147.356	  8
    1147.784	  8
    1148.250	 53
    1149.992	  8
    1149.992	 20
    1149.992	 27
    1150.002	 28
    1150.002	 19
    1150.090	  8
    1150.102	 29
    1150.270	  9
    1170.122	 50
    1170.132	 18
    1188.244	  8
    1188.402	  8
    1188.914	  8
    1189.170	  8
    1189.362	  8
    1191.370	  8
    1191.876	  8
    1192.286	  8
    1192.910	  8
    1194.990	  8
    1196.316	  8
    1196.580	  8
    1197.036	  8
    1197.330	  8
    1198.616	  8
    1199.470	  8
    1200.132	 53
    1200.466	  8
    1200.466	 20
    1200.466	 27
    1200.476	 28
    1200.476	 19
    1200.576	 29
    1200.744	  9
    1220.596	 51
    1220.606	 10
    1233.862	  7
    1234.012	  7
    1234.716	  7
    1234.838	  7
    1235.002	  7
    1235.198	  7
    1235.330	  7
    1235.498	  7
    1235.650	  7
    1235.802	  7
    1235.940	  7
    1236.088	  7
    1236.244	  7
    1236.388	  7
    1236.532	  7
    1236.680	  7
    1236.824	  7
    1236.972	  7
    1237.128	  7
    1237.278	  7
    1237.416	  7
    1237.604	  7
    1237.774	  7
    1238.012	  7
    1238.268	  7
    1238.780	  7
    1238.910	  7
    1239.058	  7
    1239.198	  7
    1239.332	  7
    1239.476	  7
    1239.612	  7
    1239.744	  7
    1239.874	  7
    1240.012	  7
    1240.152	  7
    1240.296	  7
    1240.438	  7
    1240.572	  7
    1240.722	  7
    1240.860	  7
    1241.004	  7
    1241.182	  7
    1241.370	  7
    1241.542	  7
    1241.670	  7
    1241.802	  7
    1241.934	  7
    1242.068	  7
    1242.212	  7
    1242.360	  7
    1243.272	  7
    1243.392	  7
    1243.528	  7
    1243.662	  7
    1243.804	  7
    1243.944	  7
    1244.106	  7
    1244.238	  7
    1244.374	  7
    1244.520	  7
    1244.662	  7
    1244.808	  7
    1244.950	  7
    1245.134	  7
    1245.272	  7
    1245.346	  7
    1245.476	  7
    1245.874	  7
    1246.030	  7
    1246.198	  7
    1246.350	  7
    1246.578	  7
    1246.784	  7
    1247.016	  7
    1247.544	  7
    1247.664	  7
    1248.088	  7
    1248.236	  7
    1248.366	  7
    1248.508	  7
    1248.660	  7
    1248.788	  7
    1248.928	  7
    1249.084	  7
    1249.218	  7
    1249.362	  7
    1249.514	  7
    1249.640	  7
    1249.774	  7
    1249.908	  7
    1250.046	  7
    1250.202	  7
    1250.334	  7
    1250.468	  7
    1250.594	  7
    1250.734	  7
    1250.872	  7
    1251.022	  7
    1251.176	  7
    1251.342	  7
    1251.468	  7
    1251.612	  7
    1251.758	  7
    1251.910	  7
    1252.062	  7
    1252.212	  7
    1252.362	  7
    1252.526	  7
    1252.670	  7
    1252.810	  7
    1252.956	  7
    1253.102	  7
    1253.250	  7
    1253.388	  7
    1253.576	  7
    1253.710	  7
    1254.278	  7
    1254.450	  7
    1254.682	  7
    1254.924	  7
    1255.146	  7
    1255.662	  7
    1255.788	  7
    1256.066	  7
    1256.498	  7
    1256.650	  7
    1256.800	  7
    1256.934	  7
    1257.062	  7
    1257.208	  7
    1257.348	  7
    1257.476	  7
    1257.616	  7
    1257.750	  7
    1257.892	  7
    1258.032	  7
    1258.194	  7
    1258.336	  7
    1258.530	  7
    1258.708	  7
    1259.122	  7
    1259.370	  7
    1259.914	  7
    1260.032	  7
    1260.184	  7
    1260.314	  7
    1260.616	  7
    1260.740	  7
    1260.874	  7
    1261.008	  7
    1261.152	  7
    1261.284	  7
    1261.420	  7
    1261.564	  7
    1261.706	  7
    1261.854	  7
    1262.002	  7
    1262.136	  7
    1262.286	  7
    1262.422	  7
    1262.602	  7
    1262.788	  7
    1263.174	  7
    1263.402	  7
    1263.690	  7
    1264.110	  7
    1264.228	  7
    1264.524	  7
    1264.662	  7
    1264.806	  7
    1264.932	  7
    1265.080	  7
    1265.234	  7
    1265.366	  7
    1265.504	  7
    1265.644	  7
    1265.776	  7
    1265.914	  7
    1266.054	  7
    1266.206	  7
    1266.330	  7
    1266.462	  7
    1266.602	  7
    1266.746	  7
    1266.894	  7
    1267.032	  7
    1267.184	  7
    1267.378	  7
    1267.500	  7
    1267.730	  7
    1267.988	  7
    1268.224	  7
    1268.772	  7
    1272.778	  7
    1276.108	  7
    1276.278	  7
    1276.560	  7
    1276.756	  7
    1276.978	  7
    1277.172	  7
    1277.398	  7
    1277.552	  7
    1277.832	  7
    1277.974	  7
    1278.118	  7
    1278.266	  7
    1278.416	  7
    1278.558	  7
    1278.858	  7
    1279.006	  7
    1279.170	  7
    1279.324	  7
    1279.468	  7
    1279.614	  7
    1279.780	  7
    1279.926	  7
    1280.064	  7
    1280.204	  7
    1280.354	  7
    1280.514	  7
    1280.606	 53
    1280.664	  7
    1280.810	  7
    1280.954	  7
    1281.126	  7
    1281.258	  7
    1281.402	  7
    1281.548	  7
    1281.690	  7
    1281.842	  7
    1282.960	  7
    1290.326	  8
    1290.326	 20
    1290.326	 27
    1290.336	 28
    1290.336	 19
    1290.436	 29
    1290.604	  9
    1310.456	 51
    1310.466	 10
    1321.966	  7
    1344.510	  8
    1345.106	  8
    1345.632	  8
    1346.090	  8
    1346.680	  8
    1346.776	  8
    1347.374	  8
    1348.064	  8
    1348.392	  8
    1349.378	  8
    1349.864	  8
    1350.372	  8
    1351.616	  8
    1352.338	  8
    1352.670	  8
    1352.758	  8
    1352.998	  8
    1353.304	  8
    1353.938	  8
    1354.254	  8
    1354.850	  8
    1355.086	  8
    1355.840	  8
    1356.294	  8
    1356.676	  8
    1358.016	  8
    1358.546	  8
    1359.486	  8
    1359.670	  8
    1359.730	  8
    1360.046	  8
    1360.384	  8
    1360.720	  8
    1361.284	  8
    1361.656	  8
    1362.010	  8
    1362.340	  8
    1362.840	  8
    1363.182	  8
    1363.698	  8
    1366.028	  8
    1366.412	  8
    1366.878	  8
    1367.238	  8
    1367.704	  8
    1368.068	  8
    1368.484	  8
    1368.898	  8
    1369.456	  8
    1369.848	  8
    1370.248	  8
    1370.342	  8
    1370.466	 53
    1372.940	  8
    1372.940	 20
    1372.940	 27
    1372.950	 28
    1372.950	 19
    1373.050	 29
    1373.142	  8
    1373.218	  9
    1374.848	  8
    1393.070	 50
    1393.080	 18
    1412.996	  8
    1413.598	  8
    1415.260	  8
    1415.850	  8
    1416.806	  8
    1417.034	  8
    1419.230	  8
    1419.728	  8
    1420.170	  8
    1421.596	  8
    1421.892	  8
    1422.280	  8
    1423.080	  8
    1423.080	 53
    1423.854	  8
    1423.854	 20
    1423.854	 27
    1423.864	 28
    1423.864	 19
    1423.964	 29
    1424.132	  9
    1443.984	 51
    1443.994	 10
    1458.242	  7
    1460.146	  7
    1460.284	  7
    1460.428	  7
    1460.610	  7
    1460.812	  7
    1460.982	  7
    1461.202	  7
    1461.464	  7
    1461.640	  7
    1461.786	  7
    1461.952	  7
    1462.176	  7
    1462.478	  7
    1463.154	  7
    1463.290	  7
    1463.434	  7
    1463.588	  7
    1463.742	  7
    1463.900	  7
    1464.044	  7
    1464.196	  7
    1464.350	  7
    1464.514	  7
    1464.658	  7
    1464.800	  7
    1464.940	  7
    1465.086	  7
    1465.246	  7
    1465.378	  7
    1465.530	  7
    1465.704	  7
    1465.906	  7
    1466.150	  7
    1466.398	  7
    1466.724	  7
    1467.294	  7
    1467.782	  7
    1467.930	  7
    1468.074	  7
    1468.210	  7
    1468.346	  7
    1468.498	  7
    1468.620	  7
    1468.758	  7
    1468.908	  7
    1469.038	  7
    1469.168	  7
    1469.302	  7
    1469.436	  7
    1469.584	  7
    1469.748	  7
    1469.930	  7
    1470.498	  7
    1470.716	  7
    1470.948	  7
    1471.192	  7
    1471.598	  7
    1472.584	  7
    1473.378	  7
    1473.674	  7
    1473.822	  7
    1473.958	  7
    1474.088	  7
    1474.220	  7
    1474.358	  7
    1474.500	  7
    1474.670	  7
    1475.472	  7
    1475.620	  7
    1475.772	  7
    1476.474	  7
    1476.632	  7
    1476.932	  7
    1477.086	  7
    1477.224	  7
    1477.358	  7
    1477.496	  7
    1477.652	  7
    1477.794	  7
    1477.956	  7
    1478.158	  7
    1479.548	  7
    1480.174	  7
    1480.622	  7
    1481.200	  7
    1481.340	  7
    1481.480	  7
    1481.624	  7
    1481.760	  7
    1481.892	  7
    1482.032	  7
    1482.188	  7
    1482.312	  7
    1482.442	  7
    1482.582	  7
    1482.718	  7
    1482.880	  7
    1483.060	  7
    1483.264	  7
    1483.476	  7
    1483.674	  7
    1483.934	  7
    1484.294	  7
    1484.780	  7
    1485.382	  7
    1485.514	  7
    1487.254	  7
    1487.330	  7
    1494.290	  8
    1495.004	  8
    1501.836	  8
    1503.994	 53
    1508.326	  8
    1508.326	 20
    1508.326	 27
    1508.336	 28
    1508.336	 19
    1508.436	 29
    1508.604	  9
    1509.940	  8
    1528.456	 50
    1528.466	 18
    1547.608	  8
    1551.258	  8
    1551.844	  8
    1552.428	  8
    1554.752	  8
    1555.380	  8
    1555.414	  8
    1555.916	  8
    1556.348	  8
    1556.468	  8
    1557.488	  8
    1557.824	  8
    1558.252	  8
    1558.466	 53
    1558.898	  8
    1558.898	 20
    1558.898	 27
    1558.908	 28
    1558.908	 19
    1559.008	 29
    1559.102	  8
    1559.176	  9
    1579.028	 51
    1579.038	 10
    1597.206	  7
    1597.336	  7
    1597.476	  7
    1597.660	  7
    1597.864	  7
    1597.992	  7
    1598.184	  7
    1598.464	  7
    1598.614	  7
    1598.756	  7
    1598.916	  7
    1599.088	  7
    1599.266	  7
    1599.436	  7
    1599.902	  7
    1600.126	  7
    1600.742	  7
    1600.882	  7
    1601.158	  7
    1601.312	  7
    1601.770	  7
    1601.918	  7
    1602.060	  7
    1602.202	  7
    1602.344	  7
    1602.504	  7
    1602.676	  7
    1602.866	  7
    1604.420	  7
    1604.556	  7
    1604.692	  7
    1604.834	  7
    1604.974	  7
    1605.116	  7
    1605.258	  7
    1605.394	  7
    1605.532	  7
    1605.678	  7
    1605.912	  7
    1606.086	  7
    1606.272	  7
    1606.974	  7
    1607.158	  7
    1607.390	  7
    1607.980	  7
    1608.282	  7
    1608.438	  7
    1608.568	  7
    1608.730	  7
    1608.878	  7
    1609.030	  7
    1609.164	  7
    1609.298	  7
    1609.440	  7
    1609.574	  7
    1609.696	  7
    1609.828	  7
    1609.964	  7
    1610.114	  7
    1610.242	  7
    1610.370	  7
    1610.520	  7
    1610.680	  7
    1611.096	  7
    1611.278	  7
    1611.520	  7
    1611.732	  7
    1611.944	  7
    1612.266	  7
    1612.756	  7
    1612.904	  7
    1613.060	  7
    1613.210	  7
    1613.500	  7
    1613.646	  7
    1613.790	  7
    1613.930	  7
    1614.062	  7
    1614.202	  7
    1614.342	  7
    1614.502	  7
    1614.642	  7
    1614.776	  7
    1614.908	  7
    1615.042	  7
    1615.178	  7
    1615.324	  7
    1615.476	  7
    1615.672	  7
    1615.838	  7
    1616.058	  7
    1616.296	  7
    1616.502	  7
    1616.724	  7
    1617.050	  7
    1617.568	  7
    1617.700	  7
    1617.844	  7
    1618.276	  7
    1618.412	  7
    1618.578	  7
    1618.706	  7
    1618.836	  7
    1618.968	  7
    1619.106	  7
    1619.240	  7
    1619.374	  7
    1619.508	  7
    1619.646	  7
    1619.790	  7
    1619.962	  7
    1620.110	  7
    1620.262	  7
    1620.398	  7
    1620.522	  7
    1620.670	  7
    1620.956	  7
    1621.152	  7
    1621.336	  7
    1621.548	  7
    1621.790	  7
    1622.150	  7
    1622.682	  7
    1622.870	  7
    1623.104	  7
    1623.444	  7
    1624.838	  7
    1624.934	  7
    1625.074	  7
    1625.226	  7
    1625.362	  7
    1625.494	  7
    1625.630	  7
    1625.760	  7
    1625.906	  7
    1626.032	  7
    1626.170	  7
    1626.304	  7
    1626.428	  7
    1626.564	  7
    1626.706	  7
    1626.878	  7
    1627.018	  7
    1627.206	  7
    1627.888	  7
    1628.082	  7
    1628.372	  7
    1628.784	  7
    1628.980	  7
    1629.130	  7
    1630.414	  7
    1631.196	  7
    1631.334	  7
    1631.616	  7
    1631.888	  7
    1632.024	  7
    1632.184	  7
    1632.310	  7
    1632.442	  7
    1632.580	  7
    1632.718	  7
    1632.858	  7
    1633.008	  7
    1633.154	  7
    1633.298	  7
    1633.436	  7
    1633.580	  7
    1633.730	  7
    1633.866	  7
    1634.004	  7
    1634.138	  7
    1634.280	  7
    1634.436	  7
    1634.652	  7
    1634.860	  7
    1639.038	 53
    1641.062	  8
    1641.062	 20
    1641.062	 27
    1641.072	 28
    1641.072	 19
    1641.148	  8
    1641.172	 29
    1641.340	  9
    1642.372	  8
    1661.192	 50
    1661.202	 18
    1674.366	  8
    1675.168	  8
    1675.724	  8
    1675.812	  8
    1678.880	  8
    1679.466	  8
    1680.416	  8
    1680.680	  8
    1681.100	  8
    1681.518	  8
    1681.648	  8
    1682.170	  8
    1682.282	  8
    1682.518	  8
    1683.702	  8
    1683.860	  8
    1684.028	  8
    1684.594	  8
    1684.732	  8
    1685.182	  8
    1685.410	  8
    1686.470	  8
    1687.020	  8
    1687.644	  8
    1688.738	  8
    1688.998	  8
    1689.446	  8
    1689.566	  8
    1690.512	  8
    1691.202	 53
    1691.698	  8
    1691.698	 20
    1691.698	 27
    1691.708	 28
    1691.708	 19
    1691.808	 29
    1691.976	  9
    1711.828	 52
    1711.838	 17
    1738.362	  7
    1738.702	  7
    1738.910	  7
    1739.016	  7
    1739.552	  7
    1739.744	  7
    1739.856	  7
    1740.026	  7
    1740.366	  7
    1740.714	  7
    1740.922	  7
    1796.654	  8
    1805.860	  8
    1831.838	 53
    1831.848	 20
    1831.848	 27
    1851.868	 50
    1851.878	 18
    1852.370	  8
    1862.192	  8
    1862.844	  8
    1865.106	  8
    1865.614	  8
    1866.060	  8
    1869.012	  8
    1869.546	  8
    1870.122	  8
    1870.792	  8
    1873.050	  8
    1873.596	  8
    1874.288	  8
    1874.724	  8
    1875.148	  8
    1875.806	  8
    1876.338	  8
    1876.656	  8
    1878.346	  8
    1878.572	  8
    1878.878	  8
    1879.450	  8
    1879.840	  8
    1880.224	  8
    1880.524	  8
    1880.866	  8
    1881.878	 53
    1883.514	  8
    1883.514	 20
    1883.514	 27
    1883.524	 28
    1883.524	 19
    1883.624	 29
    1883.680	  8
    1883.792	  9
    1903.644	 50
    1903.654	 18
    1926.226	  8
    1926.608	  8
    1926.934	  8
    1927.490	  8
    1930.432	  8
    1930.914	  8
    1932.560	  8
    1932.894	  8
    1933.274	  8
    1933.654	 53
    1933.856	  8
    1933.856	 20
    1933.856	 27
    1933.866	 28
    1933.866	 19
    1933.966	 29
    1934.134	  9
    1953.986	 51
    1953.996	 10
    2003.274	  8
    2003.994	  8
    2004.400	  8
    2009.658	  8
    2010.590	  8
    2013.996	 53
    2014.960	  8
    2014.960	 20
    2014.960	 27
    2014.970	 28
    2014.970	 19
    2015.070	 29
    2015.238	  9
    2016.212	  8
    2035.090	 52
    2035.100	 17
    2040.898	  8
    2054.278	  8
    2058.966	  7
    2060.678	  7
    2060.946	  7
    2061.068	  7
    2061.226	  7
    2061.356	  7
    2063.160	  7
    2063.274	  7
    2063.464	  7
    2063.582	  7
    2063.784	  7
    2065.180	  7
    2065.278	  7
    2065.432	  7
    2065.628	  7
    2065.852	  7
    2066.592	  7
    2066.726	  7
    2066.886	  7
    2067.030	  7
    2067.192	  7
    2067.376	  7
    2067.576	  7
    2068.014	  7
    2068.142	  7
    2068.284	  7
    2068.422	  7
    2068.562	  7
    2068.716	  7
    2068.870	  7
    2069.010	  7
    2069.150	  7
    2069.290	  7
    2069.432	  7
    2069.568	  7
    2069.782	  7
    2069.896	  7
    2070.118	  7
    2070.398	  7
    2070.696	  7
    2071.472	  7
    2071.862	  7
    2072.004	  7
    2072.300	  7
    2072.436	  7
    2072.566	  7
    2072.708	  7
    2072.844	  7
    2072.980	  7
    2073.118	  7
    2073.254	  7
    2073.396	  7
    2073.542	  7
    2073.682	  7
    2073.836	  7
    2073.970	  7
    2074.124	  7
    2074.242	  7
    2074.374	  7
    2074.504	  7
    2074.634	  7
    2074.772	  7
    2074.900	  7
    2075.040	  7
    2075.204	  7
    2075.338	  7
    2075.486	  7
    2075.636	  7
    2075.806	  7
    2076.008	  7
    2076.402	  7
    2076.648	  7
    2077.054	  7
    2077.880	  7
    2078.142	  7
    2078.290	  7
    2078.432	  7
    2078.568	  7
    2078.694	  7
    2078.822	  7
    2078.954	  7
    2079.086	  7
    2079.228	  7
    2079.362	  7
    2079.492	  7
    2079.644	  7
    2079.782	  7
    2079.924	  7
    2080.076	  7
    2080.370	  7
    2080.514	  7
    2080.662	  7
    2080.794	  7
    2080.930	  7
    2081.064	  7
    2081.204	  7
    2081.368	  7
    2081.508	  7
    2081.652	  7
    2081.808	  7
    2081.990	  7
    2082.384	  7
    2082.602	  7
    2082.968	  7
    2083.206	  7
    2084.160	  7
    2084.280	  7
    2084.572	  7
    2084.728	  7
    2085.196	  7
    2085.504	  7
    2085.642	  7
    2085.780	  7
    2085.922	  7
    2086.068	  7
    2086.194	  7
    2086.346	  7
    2086.480	  7
    2086.612	  7
    2086.740	  7
    2086.882	  7
    2087.020	  7
    2087.158	  7
    2087.300	  7
    2087.424	  7
    2087.570	  7
    2087.716	  7
    2087.880	  7
    2088.022	  7
    2088.160	  7
    2088.282	  7
    2088.412	  7
    2088.550	  7
    2088.690	  7
    2088.838	  7
    2088.994	  7
    2089.160	  7
    2089.348	  7
    2089.544	  7
    2089.784	  7
    2090.004	  7
    2090.244	  7
    2092.828	  7
    2102.852	  7
    2104.018	  7
    2115.202	  7
    2115.744	  7
    2126.994	  8
    2127.182	  8
    2127.960	  8
    2128.786	  8
    2129.374	  8
    2131.200	  8
    2133.328	  8
    2135.080	  8
    2135.610	  8
    2135.742	  8
    2136.292	  8
    2136.606	  8
    2136.974	  8
    2137.406	  8
    2139.838	  8
    2140.204	  8
    2141.090	  8
    2141.326	  8
    2141.714	  8
    2142.654	  8
    2143.002	  8
    2143.440	  8
    2144.086	  8
    2144.270	  8
    2145.400	  8
    2145.606	  8
    2146.094	  8
    2146.488	  8
    2146.872	  8
    2147.474	  8
    2147.614	  8
    2148.144	  8
    2150.440	  8
    2150.694	  8
    2151.494	  8
    2151.720	  8
    2152.066	  8
    2152.330	  8
    2153.070	  8
    2153.854	  8
    2154.384	  8
    2155.100	 53
    2155.110	 20
    2155.110	 27
    2157.134	  8
    2157.984	  8
    2158.588	  8
    2173.560	  8
    2175.130	 50
    2175.140	 18
    2186.090	  8
    2186.290	  8
    2187.004	  8
    2189.500	  8
    2189.918	  8
    2190.012	  8
    2190.330	  8
    2190.850	  8
    2191.264	  8
    2192.644	  8
    2192.836	  8
    2193.424	  8
    2193.544	  8
    2195.434	  8
    2195.928	  8
    2196.508	  8
    2197.112	  8
    2197.786	  8
    2197.880	  8
    2198.574	  8
    2200.146	  8
    2201.108	  8
    2201.890	  8
    2202.152	  8
    2202.960	  8
    2203.110	  8
    2203.878	  8
    2204.508	  8
    2205.140	 53
    2206.042	  8
    2206.042	 20
    2206.042	 27
    2206.052	 28
    2206.052	 19
    2206.152	 29
    2206.278	  8
    2206.320	  9
    2226.172	 51
    2226.182	 10
    2242.522	  7
    2251.706	  8
    2260.328	  7
    2261.036	  7
    2261.772	  7
    2262.094	  7
    2262.954	  7
    2283.822	  8
    2284.396	  8
    2284.986	  8
    2285.152	  8
    2285.808	  8
    2286.182	 53
    2286.436	  8
    2286.436	 20
    2286.436	 27
    2286.446	 28
    2286.446	 19
    2286.546	 29
    2286.714	  9
    2306.566	 50
    2306.576	 18
    2327.536	  8
    2327.708	  8
    2328.030	  8
    2328.072	  8
    2328.666	  8
    2328.850	  8
    2329.044	  8
    2329.590	  8
    2331.040	  8
    2331.734	  8
    2332.658	  8
    2332.862	  8
    2333.204	  8
    2334.590	  8
    2334.792	  8
    2334.952	  8
    2335.148	  8
    2335.684	  8
    2335.846	  8
    2336.524	  8
    2336.576	 53
    2338.048	  8
    2338.048	 20
    2338.048	 27
    2338.058	 28
    2338.058	 19
    2338.158	 29
    2338.240	  8
    2338.326	  9
    2339.192	  8
    2358.178	 51
    2358.188	 10
    2370.716	  7
    2370.838	  7
    2370.990	  7
    2371.710	  7
    2371.880	  7
    2372.122	  7
    2372.300	  7
    2372.540	  7
    2372.754	  7
    2374.150	  7
    2374.274	  7
    2374.798	  7
    2375.702	  7
    2375.858	  7
    2376.222	  7
    2376.440	  7
    2378.472	  7
    2378.606	  7
    2387.668	  7
    2393.210	  7
    2393.422	  7
    2393.708	  7
    2394.082	  7
    2399.614	  7
    2399.906	  7
    2400.086	  7
    2400.362	  7
    2400.966	  7
    2408.204	  8
    2408.338	  8
    2408.818	  8
    2409.568	  8
    2410.076	  8
    2410.706	  8
    2411.190	  8
    2411.738	  8
    2413.038	  8
    2413.936	  8
    2414.560	  8
    2414.762	  8
    2415.304	  8
    2415.398	  8
    2415.668	  8
    2415.924	  8
    2416.768	  8
    2417.802	  8
    2418.188	 53
    2418.298	  8
    2418.298	 20
    2418.298	 27
    2418.308	 28
    2418.308	 19
    2418.408	 29
    2418.576	  9
    2438.428	 51
    2438.438	 10
    2463.158	  8
    2466.720	  8
    2467.756	  8
    2468.300	  8
    2468.634	  8
    2469.504	  8
    2479.734	  8
    2480.142	  8
    2483.222	  8
    2484.044	  8
    2484.368	  8
    2484.706	  8
    2486.044	  8
    2486.834	  8
    2487.342	  8
    2487.926	  8
    2488.286	  8
    2488.482	  8
    2489.344	  8
    2490.810	  8
    2491.034	  8
    2491.632	  8
    2491.912	  8
    2492.710	  8
    2492.950	  8
    2493.348	  8
    2493.858	  8
    2493.954	  8
    2494.238	  8
    2495.144	  8
    2495.274	  8
    2495.700	  8
    2498.006	  8
    2498.262	  8
    2498.438	 53
    2498.970	  8
    2498.970	 20
    2498.970	 27
    2498.980	 28
    2498.980	 19
    2499.080	 29
    2499.200	  8
    2499.248	  9
    2501.332	  8
    2519.100	 50
    2519.110	 18
    2537.652	  8
    2538.574	  8
    2540.982	  8
    2541.266	  8
    2542.434	  8
    2544.318	  8
    2544.762	  8
    2544.940	  8
    2545.528	  8
    2546.346	  8
    2546.966	  8
    2547.462	  8
    2549.110	 53
    2549.662	  8
    2549.662	 20
    2549.662	 27
    2549.672	 28
    2549.672	 19
    2549.772	 29
    2549.878	  8
    2549.940	  9
    2551.512	  8
    2551.542	  8
    2551.916	  8
    2569.792	 50
    2569.802	 18
    2589.976	  8
    2590.610	  8
    2591.270	  8
    2593.634	  8
    2593.970	  8
    2594.630	  8
    2595.050	  8
    2595.356	  8
    2597.332	  8
    2597.842	  8
    2598.076	  8
    2598.778	  8
    2599.162	  8
    2599.272	  8
    2599.802	 53
    2599.830	  8
    2599.830	 20
    2599.830	 27
    2599.840	 28
    2599.840	 19
    2599.940	 29
    2600.108	  9
    2619.960	 51
    2619.970	 10
    2640.280	  7
    2640.426	  7
    2640.744	  7
    2641.622	  7
    2642.076	  7
    2643.560	  7
    2643.672	  7
    2644.176	  7
    2644.702	  7
    2655.634	  7
    2665.778	  7
    2666.208	  7
    2668.828	  7
    2674.590	  7
    2674.802	  7
    2676.000	  7
    2676.600	  7
    2676.984	  7
    2677.718	  7
    2678.264	  7
    2679.970	 53
    2684.160	  8
    2684.160	 20
    2684.160	 27
    2684.170	 28
    2684.170	 19
    2684.270	 29
    2684.438	  9
    2704.290	 51
    2704.300	 10
    2724.356	  8
    2726.342	  8
    2726.722	  8
    2727.466	  8
    2727.714	  8
    2727.856	  8
    2728.414	  8
    2728.516	  8
    2729.084	  8
    2729.184	  8
    2730.196	  8
    2731.394	  8
    2731.674	  8
    2732.556	  8
    2732.910	  8
    2733.150	  8
    2733.568	  8
    2733.840	  8
    2734.160	  8
    2734.596	  8
    2735.106	  8
    2735.466	  8
    2736.278	  8
    2736.588	  8
    2737.142	  8
    2739.174	  8
    2739.432	  8
    2740.214	  8
    2740.532	  8
    2741.152	  8
    2741.412	  8
    2741.750	  8
    2741.892	  8
    2743.416	  8
    2743.732	  8
    2744.322	  8
    2745.364	  8
    2745.584	  8
    2745.960	  8
    2746.902	  8
    2747.406	  8
    2749.622	  8
    2750.024	  8
    2750.764	  8
    2751.508	  8
    2751.920	  8
    2752.216	  8
    2752.702	  8
    2752.816	  8
    2753.254	  8
    2753.624	  8
    2754.188	  8
    2754.720	  8
    2756.848	  8
    2756.896	  8
    2757.320	  8
    2759.340	  8
    2759.866	  8
    2760.390	  8
    2760.692	  8
    2760.988	  8
    2761.348	  8
    2761.490	  8
    2761.726	  8
    2761.852	  8
    2761.984	  8
    2762.516	  8
    2763.178	  8
    2763.494	  8
    2763.886	  8
    2764.250	  8
    2764.300	 53
    2764.592	  8
    2764.592	 20
    2764.592	 27
    2764.602	 28
    2764.602	 19
    2764.702	 29
    2764.788	  8
    2764.870	  9
    2784.722	 52
    2784.732	 17
    2798.032	  5
    2802.168	  7
    2803.616	  7
    2804.084	  7
    2804.406	  7
    2805.070	  7
    2809.514	  7
    2824.980	  7
    2826.416	  7
    2826.766	  7
    2839.020	  7
    2839.410	  7
    2839.778	  7
    2841.364	  7
    2841.760	  7
    2841.936	  7
    2842.664	  7
    2843.216	  7
    2845.248	  7
    2845.826	  7
    2852.280	  7
    2858.450	  7
    2858.652	  7
    2858.840	  7
    2859.116	  7
    2859.682	  7
    2864.108	  7
    2864.484	  7
    2864.736	  7
    2866.862	  7
    2867.098	  7
    2867.388	  7
    2867.974	  7
    2868.136	  7
    2868.340	  7
    2868.582	  7
    2868.834	  7
    2869.008	  7
    2869.134	  7
    2869.498	  7
    2870.106	  7
    2870.298	  7
    2877.642	  8
    2878.382	  8
    2883.684	  8
    2884.716	  8
    2886.184	  8
    2886.830	  8
    2895.990	  8
    2896.434	  8
    2898.874	  8
    2899.172	  8
    2899.758	  8
    2900.312	  8
    2900.862	  8
    2901.318	  8
    2901.596	  8
    2901.714	  8
    2901.758	  8
    2903.590	  8
    2904.006	  8
    2904.732	 53
    2904.742	 20
    2904.742	 27
    2905.378	  8
    2905.544	  8
    2905.872	  8
    2924.762	 50
    2924.772	 18
    2937.574	  8
    2937.920	  8
    2940.760	  8
    2941.326	  8
    2941.756	  8
    2942.208	  8
    2942.334	  8
    2942.928	  8
    2945.494	  8
    2945.800	  8
    2946.278	  8
    2947.032	  8
    2947.272	  8
    2947.512	  8
    2950.858	  8
    2951.104	  8
    2951.182	  8
    2951.280	  8
    2951.720	  8
    2952.642	  8
    2952.832	  8
    2954.772	 53
    2955.056	  8
    2955.056	 20
    2955.056	 27
    2955.066	 28
    2955.066	 19
    2955.166	 29
    2955.198	  8
    2955.334	  9
    2958.232	  8
    2975.186	 52
    2975.196	 17
    3027.898	  8
    3045.996	  8
    3050.868	  8
    3054.116	  8
    3058.190	  8
    3067.884	  8
    3071.312	  8
    3081.396	  8
    3081.430	  8
    3084.802	  8
    3086.984	  8
    3088.662	  8
    3090.018	  8
    3090.088	  8
    3090.702	  8
    3091.346	  8
    3091.698	  8
    3092.292	  8
    3092.994	  8
    3093.574	  8
    3093.982	  8
    3094.450	  8
    3094.794	  8
    3095.196	 53
    3095.206	 20
    3095.206	 27
    3115.226	 52
    3115.236	 17
    3131.692	  7
    3132.242	  7
    3132.566	  7
    3132.768	  7
    3132.922	  7
    3133.120	  7
    3133.334	  7
    3133.526	  7
    3134.088	  7
    3134.296	  7
    3134.448	  7
    3134.672	  7
    3135.206	  7
    3135.914	  7
    3137.030	  7
    3137.118	  7
    3137.516	  7
    3138.554	  7
    3144.922	  7
    3152.394	  7
    3152.676	  7
    3152.904	  7
    3153.246	  7
    3154.634	  7
    3160.912	  7
    3164.262	  7
    3164.476	  7
    3164.698	  7
    3165.002	  7
    3169.196	  7
    3169.502	  7
    3169.922	  7
    3171.446	  7
    3175.612	  7
    3175.988	  7
    3176.406	  7
    3178.940	  7
    3179.594	  7
    3179.902	  7
    3189.364	  8
    3190.770	  8
    3190.884	  8
    3192.314	  8
    3192.968	  8
    3193.128	  8
    3193.440	  8
    3193.960	  8
    3194.556	  8
    3194.600	  8
    3194.730	  8
    3195.206	  8
    3196.012	  8
    3204.324	  8
    3205.938	  8
    3206.270	  8
    3207.150	  8
    3207.372	  8
    3207.650	  8
    3208.018	  8
    3208.924	  8
    3209.192	  8
    3209.506	  8
    3210.368	  8
    3212.680	  8
    3212.936	  8
    3213.348	  8
    3213.574	  8
    3213.672	  8
    3214.246	  8
    3214.496	  8
    3214.834	  8
    3215.214	  8
    3215.822	  8
    3216.314	  8
    3216.582	  8
    3217.164	  8
    3217.378	  8
    3217.656	  8
    3217.848	  8
    3218.368	  8
    3218.780	  8
    3220.972	  8
    3221.538	  8
    3222.154	  8
    3222.586	  8
    3223.264	  8
    3223.800	  8
    3226.232	  8
    3226.960	  8
    3227.626	  8
    3227.822	  8
    3228.126	  8
    3228.546	  8
    3228.918	  8
    3229.400	  8
    3229.700	  8
    3231.156	  8
    3231.382	  8
    3231.918	  8
    3232.384	  8
    3233.034	  8
    3233.344	  8
    3233.844	  8
    3234.050	  8
    3235.236	 53
    3235.246	 20
    3235.246	 27
    3240.916	  8
    3255.266	 51
    3255.276	 10
    3264.406	  8
    3295.028	  8
    3295.240	  8
    3296.134	  8
    3297.508	  8
    3299.258	  8
    3299.660	  8
    3300.172	  8
    3301.486	  8
    3301.814	  8
    3302.314	  8
    3302.828	  8
    3303.006	  8
    3303.054	  8
    3303.322	  8
    3303.682	  8
    3303.964	  8
    3304.272	  8
    3304.758	  8
    3305.206	  8
    3307.010	  8
    3307.248	  8
    3307.540	  8
    3308.070	  8
    3308.376	  8
    3308.692	  8
    3309.144	  8
    3309.402	  8
    3309.690	  8
    3310.004	  8
    3310.950	  8
    3311.660	  8
    3312.106	  8
    3312.646	  8
    3312.952	  8
    3315.276	 53
    3315.452	  8
    3315.452	 20
    3315.452	 27
    3315.462	 28
    3315.462	 19
    3315.562	 29
    3315.652	  8
    3315.730	  9
    3335.582	 50
    3335.592	 18
    3357.552	  8
    3361.610	  8
    3362.028	  8
    3362.146	  8
    3362.876	  8
    3362.954	  8
    3363.086	  8
    3363.204	  8
    3365.106	  8
    3365.396	  8
    3365.592	 53
    3366.176	  8
    3366.176	 20
    3366.176	 27
    3366.186	 28
    3366.186	 19
    3366.286	 29
    3366.454	  9
    3366.496	  8
    3367.664	  8
    3386.306	 52
    3386.316	 17
    3406.824	  7
    3408.516	  7
    3409.902	  7
    3410.094	  7
    3410.464	  7
    3410.670	  7
    3410.936	  7
    3411.170	  7
    3411.448	  7
    3412.250	  7
    3412.492	  7
    3412.946	  7
    3414.160	  7
    3414.354	  7
    3414.602	  7
    3415.120	  7
    3415.284	  7
    3415.444	  7
    3415.608	  7
    3415.808	  7
    3416.062	  7
    3417.496	  7
    3418.722	  7
    3418.888	  7
    3419.046	  7
    3419.196	  7
    3419.332	  7
    3419.472	  7
    3419.624	  7
    3419.780	  7
    3419.952	  7
    3420.114	  7
    3420.266	  7
    3420.422	  7
    3420.568	  7
    3420.702	  7
    3420.846	  7
    3421.048	  7
    3421.280	  7
    3421.478	  7
    3421.690	  7
    3421.920	  7
    3422.186	  7
    3422.442	  7
    3422.822	  7
    3423.098	  7
    3424.024	  7
    3424.460	  7
    3424.650	  7
    3425.282	  7
    3425.410	  7
    3425.560	  7
    3425.706	  7
    3425.854	  7
    3425.986	  7
    3426.138	  7
    3426.302	  7
    3426.424	  7
    3426.556	  7
    3426.692	  7
    3426.826	  7
    3426.964	  7
    3427.100	  7
    3427.256	  7
    3427.418	  7
    3427.826	  7
    3428.176	  7
    3428.558	  7
    3428.930	  7
    3429.186	  7
    3429.798	  7
    3430.090	  7
    3430.572	  7
    3430.712	  7
    3430.872	  7
    3431.024	  7
    3431.170	  7
    3431.326	  7
    3431.490	  7
    3431.634	  7
    3431.770	  7
    3431.900	  7
    3432.040	  7
    3432.180	  7
    3432.320	  7
    3432.446	  7
    3432.600	  7
    3432.784	  7
    3433.016	  7
    3433.230	  7
    3433.464	  7
    3433.718	  7
    3434.480	  7
    3434.690	  7
    3435.588	  7
    3435.696	  7
    3435.840	  7
    3436.276	  7
    3436.418	  7
    3436.576	  7
    3436.722	  7
    3436.880	  7
    3437.028	  7
    3437.186	  7
    3437.312	  7
    3437.450	  7
    3437.596	  7
    3437.736	  7
    3437.878	  7
    3438.018	  7
    3438.164	  7
    3438.400	  7
    3438.558	  7
    3438.782	  7
    3439.242	  7
    3439.482	  7
    3439.696	  7
    3439.942	  7
    3440.512	  7
    3440.628	  7
    3440.784	  7
    3440.928	  7
    3441.070	  7
    3441.382	  7
    3441.530	  7
    3441.672	  7
    3441.816	  7
    3441.968	  7
    3442.114	  7
    3442.246	  7
    3442.376	  7
    3442.518	  7
    3442.660	  7
    3442.802	  7
    3442.940	  7
    3443.076	  7
    3443.210	  7
    3443.352	  7
    3443.510	  7
    3443.640	  7
    3443.772	  7
    3443.912	  7
    3444.044	  7
    3444.234	  7
    3445.114	  7
    3450.524	  7
    3455.722	  7
    3469.704	  7
    3475.286	  7
    3475.742	  7
    3475.966	  7
    3476.274	  7
    3476.722	  7
    3479.986	  7
    3480.218	  7
    3480.826	  7
    3480.964	  7
    3483.188	  7
    3483.490	  7
    3483.940	  7
    3492.546	  8
    3494.614	  8
    3495.390	  8
    3496.148	  8
    3497.164	  8
    3498.328	  8
    3498.706	  8
    3500.350	  8
    3500.530	  8
    3500.846	  8
    3501.622	  8
    3501.976	  8
    3502.592	  8
    3503.456	  8
    3503.668	  8
    3504.046	  8
    3504.236	  8
    3504.708	  8
    3504.876	  8
    3505.286	  8
    3506.316	 53
    3506.326	 20
    3506.326	 27
    3506.930	  8
    3507.378	  8
    3507.806	  8
    3508.200	  8
    3509.138	  8
    3509.534	  8
    3510.392	  8
    3526.346	 51
    3526.356	 10
    3547.904	  8
    3548.132	  8
    3551.544	  8
    3551.796	  8
    3553.404	  8
    3554.338	  8
    3554.484	  8
    3554.828	  8
    3554.938	  8
    3555.864	  8
    3556.142	  8
    3556.522	  8
    3557.074	  8
    3557.574	  8
    3558.040	  8
    3558.378	  8
    3558.878	  8
    3559.550	  8
    3559.844	  8
    3560.558	  8
    3560.956	  8
    3562.388	  8
    3562.590	  8
    3562.852	  8
    3563.372	  8
    3563.774	  8
    3564.078	  8
    3565.252	  8
    3565.604	  8
    3565.912	  8
    3566.080	  8
    3566.644	  8
    3566.906	  8
    3567.294	  8
    3567.940	  8
    3568.208	  8
    3568.808	  8
    3569.136	  8
    3570.964	  8
    3571.168	  8
    3571.690	  8
    3571.922	  8
    3572.198	  8
    3573.564	  8
    3574.100	  8
    3574.360	  8
    3574.838	  8
    3575.536	  8
    3575.902	  8
    3576.278	  8
    3576.748	  8
    3577.036	  8
    3577.412	  8
    3577.892	  8
    3578.142	  8
    3579.654	  8
    3579.912	  8
    3580.250	  8
    3580.876	  8
    3581.342	  8
    3581.786	  8
    3582.506	  8
    3583.372	  8
    3583.484	  8
    3585.552	  8
    3585.784	  8
    3586.214	  8
    3586.356	 53
    3586.398	  8
    3586.398	 20
    3586.398	 27
    3586.408	 28
    3586.408	 19
    3586.508	 29
    3586.646	  8
    3586.676	  9
    3589.294	  8
    3589.506	  8
    3606.528	 51
    3606.538	 10
    3621.022	  7
    3623.304	  7
    3628.094	  7
    3628.430	  7
    3628.638	  7
    3628.872	  7
    3629.262	  7
    3633.814	  7
    3646.064	  7
    3661.582	  7
    3662.168	  7
    3666.182	  8
    3666.538	 53
    3666.882	  8
    3666.882	 20
    3666.882	 27
    3666.892	 28
    3666.892	 19
    3666.992	 29
    3667.106	  8
    3667.160	  9
    3668.526	  8
    3668.750	  8
    3669.224	  8
    3669.574	  8
    3670.130	  8
    3671.644	  8
    3687.012	 51
    3687.022	 10
    3699.430	  7
    3713.206	  8
    3726.466	  8
    3728.982	  8
    3729.882	  8
    3731.412	  8
    3731.524	  8
    3732.182	  8
    3732.812	  8
    3733.146	  8
    3733.534	  8
    3734.770	  8
    3735.426	  8
    3736.042	  8
    3736.832	  8
    3737.300	  8
    3737.768	  8
    3738.196	  8
    3739.682	  8
    3739.854	  8
    3740.168	  8
    3740.544	  8
    3740.908	  8
    3741.642	  8
    3742.052	  8
    3742.518	  8
    3742.762	  8
    3743.112	  8
    3743.618	  8
    3744.182	  8
    3745.044	  8
    3746.862	  8
    3747.022	 53
    3747.066	  8
    3747.066	 20
    3747.066	 27
    3747.076	 28
    3747.076	 19
    3747.176	 29
    3747.262	  8
    3747.344	  9
    3748.980	  8
    3767.196	 51
    3767.206	 10
    3801.098	  8
    3815.012	  8
    3815.178	  8
    3819.804	  8
    3820.158	  8
    3821.104	  8
    3821.758	  8
    3821.800	  8
    3823.536	  8
    3823.932	  8
    3824.114	  8
    3825.164	  8
    3825.996	  8
    3826.226	  8
    3826.500	  8
    3826.834	  8
    3827.206	 53
    3827.524	  8
    3827.524	 20
    3827.524	 27
    3827.534	 28
    3827.534	 19
    3827.634	 29
    3827.762	  8
    3827.802	  9
    3847.654	 51
    3847.664	 10
    3852.306	  7
    3852.396	  7
    3852.682	  7
    3852.902	  7
    3852.998	  7
    3853.214	  7
    3853.396	  7
    3854.324	  7
    3854.496	  7
    3855.018	  7
    3855.548	  7
    3856.106	  7
    3856.270	  7
    3856.672	  7
    3856.868	  7
    3857.078	  7
    3857.330	  7
    3858.346	  7
    3858.542	  7
    3858.916	  7
    3859.430	  7
    3859.900	  7
    3860.122	  7
    3861.724	  7
    3861.874	  7
    3862.090	  7
    3862.348	  7
    3862.536	  7
    3862.672	  7
    3862.998	  7
    3863.144	  7
    3863.288	  7
    3863.434	  7
    3863.580	  7
    3863.716	  7
    3863.848	  7
    3863.982	  7
    3864.118	  7
    3864.264	  7
    3864.402	  7
    3864.774	  7
    3865.002	  7
    3865.236	  7
    3865.848	  7
    3866.658	  7
    3867.216	  7
    3867.350	  7
    3867.686	  7
    3867.840	  7
    3867.988	  7
    3868.130	  7
    3868.274	  7
    3868.410	  7
    3868.546	  7
    3868.702	  7
    3868.826	  7
    3868.968	  7
    3869.114	  7
    3869.260	  7
    3869.444	  7
    3869.652	  7
    3869.902	  7
    3870.166	  7
    3870.432	  7
    3870.812	  7
    3871.078	  7
    3871.490	  7
    3871.724	  7
    3871.970	  7
    3872.978	  7
    3873.112	  7
    3873.254	  7
    3873.398	  7
    3873.544	  7
    3873.716	  7
    3873.856	  7
    3873.988	  7
    3874.118	  7
    3874.252	  7
    3874.386	  7
    3874.520	  7
    3874.662	  7
    3874.802	  7
    3874.940	  7
    3875.100	  7
    3875.236	  7
    3875.372	  7
    3875.512	  7
    3875.668	  7
    3875.876	  7
    3876.072	  7
    3876.346	  7
    3876.510	  7
    3876.728	  7
    3876.970	  7
    3877.250	  7
    3877.500	  7
    3877.858	  7
    3878.202	  7
    3878.976	  7
    3879.262	  7
    3879.410	  7
    3879.728	  7
    3879.868	  7
    3880.002	  7
    3880.150	  7
    3880.292	  7
    3880.416	  7
    3880.552	  7
    3880.694	  7
    3880.844	  7
    3880.990	  7
    3881.172	  7
    3881.316	  7
    3881.508	  7
    3881.722	  7
    3882.242	  7
    3882.534	  7
    3882.966	  7
    3883.382	  7
    3883.644	  7
    3884.952	  7
    3885.090	  7
    3885.240	  7
    3885.388	  7
    3885.512	  7
    3885.640	  7
    3885.776	  7
    3885.920	  7
    3886.050	  7
    3886.182	  7
    3886.316	  7
    3886.458	  7
    3886.596	  7
    3886.728	  7
    3886.866	  7
    3887.024	  7
    3887.152	  7
    3887.292	  7
    3887.466	  7
    3887.652	  7
    3887.902	  7
    3888.318	  7
    3894.430	  8
    3895.034	  8
    3896.412	  8
    3896.950	  8
    3897.196	  8
    3897.700	  8
    3898.370	  8
    3898.546	  8
    3899.194	  8
    3899.616	  8
    3900.706	  8
    3900.958	  8
    3901.320	  8
    3901.814	  8
    3902.534	  8
    3903.342	  8
    3903.670	  8
    3903.944	  8
    3904.746	  8
    3905.156	  8
    3905.570	  8
    3905.618	  8
    3905.758	  8
    3906.016	  8
    3907.318	  8
    3907.522	  8
    3907.664	 53
    3907.790	  8
    3907.790	 20
    3907.790	 27
    3907.800	 28
    3907.800	 19
    3907.900	 29
    3908.012	  8
    3908.068	  9
    3927.920	 52
    3927.930	 17
    3996.600	  8
    3997.714	  8
    4014.542	  8
    4014.908	  8
    4015.236	  8
    4015.568	  8
    4031.086	  8
    4031.410	  8
    4031.662	  8
    4033.870	  8
    4034.778	  8
    4036.426	  8
    4038.072	  8
    4040.618	  8
    4041.154	  8
    4043.250	  8
    4045.556	  8
    4047.930	 53
    4047.940	 20
    4047.940	 27
    4067.960	 50
    4067.970	 18
    4085.270	  8
    4085.886	  8
    4086.920	  8
    4087.370	  8
    4088.002	  8
    4088.090	  8
    4088.238	  8
    4089.670	  8
    4090.652	  8
    4090.912	  8
    4091.076	  8
    4091.178	  8
    4091.500	  8
    4091.612	  8
    4091.982	  8
    4092.348	  8
    4092.712	  8
    4093.312	  8
    4093.840	  8
    4095.732	  8
    4095.878	  8
    4096.120	  8
    4097.088	  8
    4097.962	  8
    4097.970	 53
    4098.726	  8
    4098.726	 20
    4098.726	 27
    4098.736	 28
    4098.736	 19
    4098.836	 29
    4099.004	  9
    4101.304	  8
    4101.946	  8
    4118.856	 51
    4118.866	 10
    4175.818	  8
    4177.050	  8
    4177.144	  8
    4177.356	  8
    4177.998	  8
    4178.470	  8
    4178.866	 53
    4179.058	  8
    4179.058	 20
    4179.058	 27
    4179.068	 28
    4179.068	 19
    4179.168	 29
    4179.336	  9
    4180.986	  8
    4181.656	  8
    4182.052	  8
    4182.152	  8
    4182.602	  8
    4199.188	 50
    4199.198	 18
    4210.700	  8
    4210.858	  8
    4211.306	  8
    4211.422	  8
    4211.846	  8
    4212.562	  8
    4214.392	  8
    4215.136	  8
    4215.710	  8
    4216.180	  8
    4216.260	  8
    4216.532	  8
    4218.810	  8
    4219.216	  8
    4219.342	  8
    4219.742	  8
    4219.882	  8
    4220.092	  8
    4220.712	  8
    4221.256	  8
    4221.888	  8
    4224.576	  8
    4225.288	  8
    4225.486	  8
    4225.876	  8
    4226.168	  8
    4226.274	  8
    4226.490	  8
    4227.560	  8
    4228.342	  8
    4228.556	  8
    4229.198	 53
    4230.422	  8
    4230.422	 20
    4230.422	 27
    4230.432	 28
    4230.432	 19
    4230.532	 29
    4230.592	  8
    4230.700	  9
    4232.026	  8
    4232.672	  8
    4250.552	 52
    4250.562	 17
    4297.244	  5
    4299.522	  7
    4299.972	  7
    4300.774	  7
    4301.698	  7
    4302.244	  7
    4306.214	  7
    4327.356	  7
    4338.930	  7
    4339.006	  7
    4339.210	  7
    4339.462	  7
    4339.764	  7
    4340.394	  7
    4343.028	  7
    4343.228	  7
    4343.476	  7
    4354.660	  8
    4356.202	  8
    4356.262	  8
    4356.688	  8
    4357.280	  8
    4357.682	  8
    4358.534	  8
    4358.602	  8
    4359.058	  8
    4359.816	  8
    4361.550	  8
    4361.964	  8
    4362.400	  8
    4362.714	  8
    4362.956	  8
    4363.314	  8
    4363.544	  8
    4364.430	  8
    4364.982	  8
    4365.244	  8
    4365.512	  8
    4365.900	  8
    4367.740	  8
    4368.032	  8
    4369.142	  8
    4369.462	  8
    4369.592	  8
    4370.086	  8
    4370.558	  8
    4370.562	 53
    4370.572	 20
    4370.572	 27
    4371.022	  8
    4371.342	  8
    4390.592	 50
    4390.602	 18
    4404.790	  8
    4405.424	  8
    4406.098	  8
    4406.504	  8
    4407.368	  8
    4408.502	  8
    4408.868	  8
    4409.308	  8
    4409.590	  8
    4410.380	  8
    4411.134	  8
    4411.476	  8
    4412.378	  8
    4412.630	  8
    4414.234	  8
    4414.614	  8
    4414.750	  8
    4414.928	  8
    4415.198	  8
    4415.658	  8
    4416.112	  8
    4416.410	  8
    4416.710	  8
    4417.946	  8
    4419.090	  8
    4419.318	  8
    4420.602	 53
    4421.000	  8
    4421.000	 20
    4421.000	 27
    4421.010	 28
    4421.010	 19
    4421.110	 29
    4421.278	  9
    4421.286	  8
    4441.130	 50
    4441.140	 18
    4453.734	  8
    4460.836	  8
    4461.654	  8
    4462.050	  8
    4462.420	  8
    4463.136	  8
    4463.850	  8
    4465.438	  8
    4465.670	  8
    4466.330	  8
    4466.642	  8
    4467.254	  8
    4467.614	  8
    4468.338	  8
    4469.118	  8
    4471.072	  8
    4471.140	 53
    4471.308	  8
    4471.308	 20
    4471.308	 27
    4471.318	 28
    4471.318	 19
    4471.418	 29
    4471.502	  8
    4471.586	  9
    4473.392	  8
    4491.438	 50
    4491.448	 18
    4513.026	  8
    4513.550	  8
    4514.096	  8
    4514.880	  8
    4515.872	  8
    4517.510	  8
    4517.716	  8
    4517.888	  8
    4518.164	  8
    4518.248	  8
    4518.590	  8
    4520.220	  8
    4521.448	 53
    4521.490	  8
    4521.490	 20
    4521.490	 27
    4521.500	 28
    4521.500	 19
    4521.600	 29
    4521.768	  9
    4523.658	  8
    4524.260	  8
    4541.620	 51
    4541.630	 10
    4542.922	  8
    4550.404	  7
    4550.556	  7
    4550.766	  7
    4550.952	  7
    4551.316	  7
    4551.584	  7
    4554.036	  7
    4555.562	  7
    4555.804	  7
    4556.036	  7
    4556.540	  7
    4556.770	  7
    4557.004	  7
    4560.120	  7
    4562.044	  7
    4562.350	  7
    4562.544	  7
    4562.780	  7
    4563.122	  7
    4563.490	  7
    4570.952	  7
    4592.748	  8
    4593.316	  8
    4593.752	  8
    4594.660	  8
    4594.964	  8
    4595.194	  8
    4595.260	  8
    4595.660	  8
    4595.936	  8
    4596.734	  8
    4596.832	  8
    4597.330	  8
    4597.584	  8
    4598.026	  8
    4598.532	  8
    4599.320	  8
    4599.850	  8
    4600.918	  8
    4601.378	  8
    4601.630	 53
    4602.746	  8
    4602.746	 20
    4602.746	 27
    4602.756	 28
    4602.756	 19
    4602.856	 29
    4602.934	  8
    4603.024	  9
    4605.756	  8
    4622.876	 52
    4622.886	 17
    4673.974	  7
    4698.874	  8
    4699.178	  8
    4739.688	  8
    4742.886	 53
    4742.896	 20
    4742.896	 27
    4762.916	 51
    4762.926	 10
    4769.932	  8
    4792.286	  8
    4792.900	  8
    4804.194	  7
    4815.174	  7
    4815.622	  7
    4815.740	  7
    4815.852	  7
    4818.694	  7
    4820.024	  8
    4820.174	  8
    4820.766	  8
    4821.584	  8
    4822.096	  8
    4822.590	  8
    4822.926	 53
    4823.050	  8
    4823.050	 20
    4823.050	 27
    4823.060	 28
    4823.060	 19
    4823.160	 29
    4823.328	  9
    4825.538	  8
    4826.380	  8
    4827.270	  8
    4843.180	 51
    4843.190	 10
    4855.744	  7
    4878.906	  8
    4879.278	  8
    4880.026	  8
    4880.218	  8
    4880.750	  8
    4880.862	  8
    4881.782	  8
    4882.154	  8
    4882.700	  8
    4883.078	  8
    4883.970	  8
    4884.876	  8
    4885.382	  8
    4885.982	  8
    4886.598	  8
    4886.962	  8
    4887.974	  8
    4888.358	  8
    4888.744	  8
    4889.158	  8
    4889.642	  8
    4889.762	  8
    4890.370	  8
    4890.656	  8
    4890.898	  8
    4891.176	  8
    4891.508	  8
    4892.140	  8
    4892.616	  8
    4893.104	  8
    4893.820	  8
    4895.204	  8
    4895.402	  8
    4895.922	  8
    4896.346	  8
    4896.788	  8
    4897.582	  8
    4897.996	  8
    4898.160	  8
    4898.458	  8
    4898.560	  8
    4899.054	  8
    4899.642	  8
    4900.022	  8
    4900.720	  8
    4901.172	  8
    4901.512	  8
    4903.190	 53
    4903.346	  8
    4903.346	 20
    4903.346	 27
    4903.356	 28
    4903.356	 19
    4903.456	 29
    4903.526	  8
    4903.624	  9
    4905.714	  8
    4923.476	 50
    4923.486	 18
    4949.640	  8
    4949.826	  8
    4950.330	  8
    4950.880	  8
    4951.688	  8
    4952.284	  8
    4953.486	 53
    4954.160	  8
    4954.160	 20
    4954.160	 27
    4954.170	 28
    4954.170	 19
    4954.270	 29
    4954.336	  8
    4954.438	  9
    4974.290	 52
    4974.300	 17
    5006.138	  7
    5009.516	  7
    5013.888	  7
    5035.636	  7
    5041.430	  7
    5045.730	  7
    5048.254	  7
    5048.466	  7
    5049.122	  7
    5055.780	  7
    5056.066	  7
    5056.604	  7
    5066.116	  7
    5083.334	  7
    5089.482	  7
    5094.300	 53
    5094.310	 20
    5094.310	 27
    5100.422	  7
    5100.642	  7
    5100.884	  7
    5101.812	  7
    5101.996	  7
    5102.262	  7
    5102.788	  7
    5114.330	 52
    5114.340	 17
    5167.328	  7
    5168.078	  7
    5170.778	  7
    5171.092	  7
    5172.082	  7
    5176.414	  7
    5177.130	  7
    5178.854	  7
    5178.918	  7
    5179.270	  7
    5187.904	  7
    5188.284	  7
    5189.942	  7
    5191.976	  7
    5192.386	  7
    5193.644	  7
    5205.564	  7
    5205.648	  7
    5206.000	  7
    5212.246	  7
    5212.432	  7
    5212.924	  7
    5215.142	  7
    5218.022	  8
    5218.218	  8
    5218.672	  8
    5218.878	  8
    5219.266	  8
    5219.630	  8
    5219.918	  8
    5220.662	  8
    5221.302	  8
    5221.722	  8
    5221.986	  8
    5223.160	  8
    5223.610	  8
    5224.474	  8
    5225.074	  8
    5227.188	  8
    5227.408	  8
    5227.858	  8
    5228.122	  8
    5228.664	  8
    5230.174	  8
    5230.752	  8
    5231.428	  8
    5234.120	  8
    5234.340	 53
    5234.350	 20
    5234.350	 27
    5234.360	 61
