   10364.420	  8
   10364.576	  8
   10368.166	  8
   10368.324	  8
   10371.414	  7
   10371.772	  7
   10372.142	  7
   10372.508	  7
   10378.536	  8
   10378.612	  8
   10378.788	  8
       0.436	  8
       0.494	  8
       0.614	  8
       9.926	  8
      10.098	  8
      10.420	  8
      18.748	  7
      19.080	  7
      20.010	 51
      20.020	 18
      48.712	  8
      49.324	  8
      49.620	  8
      49.882	  8
      50.082	  8
      60.720	  8
      60.962	  8
      61.458	  8
      61.934	  8
      62.488	  8
      62.556	  8
      62.794	  8
      63.058	  8
      63.492	  8
      63.620	  8
      64.380	  8
      64.610	  8
      65.004	  8
      65.162	  8
      65.524	  8
      69.612	  8
      69.842	  8
      70.304	  8
      70.528	  8
      70.802	  8
      71.042	  8
      71.360	  8
      71.666	  8
      72.020	  8
      72.276	  8
      72.548	  8
      73.076	  8
      73.272	  8
      73.538	  8
      73.728	  8
      74.382	  8
      74.596	  8
      75.458	  8
      75.756	  8
      77.504	  8
      77.676	  8
      78.096	  8
      78.236	  8
      78.378	  8
      78.608	  8
      78.850	  8
      79.094	  8
      79.392	  8
      79.622	  8
      79.998	  8
      80.020	 53
      80.392	  8
      80.392	 20
      80.392	 27
      80.402	 28
      80.402	 19
      80.502	 29
      80.514	  8
      80.672	  9
      81.756	  8
     100.522	 52
     100.532	 17
     101.492	  8
     102.566	  8
     128.210	  8
     128.310	  8
     143.982	  7
     144.498	  7
     145.222	  7
     145.634	  7
     145.820	  7
     145.928	  7
     146.122	  7
     146.504	  7
     147.198	  7
     147.314	  7
     147.804	  7
     151.462	  8
     152.872	  8
     185.806	  8
     186.258	  8
     186.538	  8
     186.782	  8
     187.164	  8
     187.432	  8
     187.706	  8
     187.790	  8
     188.420	  8
     188.610	  8
     188.980	  8
     189.186	  8
     189.506	  8
     189.884	  8
     190.300	  8
     191.046	  8
     191.566	  8
     191.780	  8
     192.026	  8
     192.568	  8
     193.082	  8
     193.338	  8
     193.718	  8
     194.360	  8
     194.624	  8
     194.904	  8
     195.218	  8
     195.654	  8
     196.184	  8
     196.488	  8
     196.732	  8
     197.220	  8
     198.110	  8
     198.506	  8
     198.906	  8
     199.302	  8
     199.568	  8
     200.152	  8
     200.632	  8
     201.118	  8
     201.688	  8
     201.934	  8
     203.908	  8
     203.982	  8
     204.534	  8
     204.808	  8
     205.024	  8
     205.430	  8
     205.726	  8
     206.086	  8
     206.390	  8
     207.126	  8
     207.372	  8
     207.764	  8
     208.008	  8
     208.698	  8
     208.950	  8
     209.202	  8
     209.474	  8
     209.820	  8
     210.212	  8
     210.478	  8
     210.804	  8
     211.098	  8
     211.900	  8
     211.972	  8
     212.254	  8
     212.446	  8
     212.824	  8
     213.758	  8
     214.512	  8
     214.970	  8
     215.294	  8
     215.720	  8
     216.188	  8
     216.270	  8
     216.618	  8
     216.866	  8
     217.570	  8
     218.398	  8
     218.984	  8
     219.518	  8
     220.070	  8
     220.532	 53
     220.542	 20
     220.542	 27
     222.670	  8
     223.066	  8
     223.254	  8
     223.530	  8
     223.814	  8
     224.242	  8
     224.560	  8
     240.562	 51
     240.572	 18
     250.978	  8
     251.132	  8
     300.572	 53
     301.816	  8
     301.816	 20
     301.816	 27
     301.826	 28
     301.826	 19
     301.926	 29
     302.096	  9
     321.946	 50
     321.956	 10
     328.026	  8
     328.064	  8
     331.504	  8
     335.354	  8
     336.104	  8
     336.398	  8
     336.824	  8
     337.388	  8
     337.632	  8
     337.974	  8
     338.336	  8
     338.628	  8
     338.736	  8
     339.348	  8
     339.862	  8
     340.824	  8
     341.118	  8
     341.706	  8
     341.960	  8
     342.174	  8
     342.388	  8
     342.626	  8
     342.882	  8
     343.336	  8
     343.634	  8
     343.932	  8
     344.238	  8
     344.682	  8
     344.962	  8
     345.196	  8
     345.578	  8
     345.794	  8
     346.058	  8
     347.038	  8
     347.540	  8
     347.802	  8
     348.196	  8
     348.554	  8
     348.900	  8
     349.386	  8
     349.750	  8
     349.992	  8
     350.220	  8
     350.484	  8
     350.856	  8
     351.598	  8
     351.940	  8
     351.956	 53
     352.354	  8
     352.354	 20
     352.354	 27
     352.364	 28
     352.364	 19
     352.464	 29
     352.632	  9
     353.820	  8
     372.484	 51
     372.494	 18
     432.494	 53
     434.776	  8
     434.776	 20
     434.776	 27
     434.786	 28
     434.786	 19
     434.886	 29
     435.056	  9
     454.906	 51
     454.916	 18
     507.624	  8
     508.362	  8
     509.278	  8
     509.546	  8
     509.804	  8
     510.020	  8
     510.710	  8
     511.502	  8
     511.662	  8
     512.652	  8
     512.914	  8
     513.024	  8
     513.248	  8
     513.458	  8
     513.814	  8
     514.218	  8
     514.510	  8
     514.724	  8
     514.916	 53
     515.318	  8
     515.318	 20
     515.318	 27
     515.328	 28
     515.328	 19
     515.428	 29
     515.598	  9
     535.448	 50
     535.458	 10
     557.158	  8
     557.182	  8
     557.612	  8
     558.598	  8
     558.946	  8
     559.898	  8
     560.180	  8
     560.956	  8
     561.378	  8
     561.820	  8
     561.942	  8
     562.242	  8
     562.312	  8
     562.926	  8
     563.370	  8
     563.534	  8
     563.922	  8
     564.394	  8
     564.482	  8
     564.936	  8
     565.440	  8
     565.458	 53
     565.738	  8
     565.738	 20
     565.738	 27
     565.748	 28
     565.748	 19
     565.848	 29
     566.018	  9
     585.868	 51
     585.878	 18
     619.508	  8
     620.104	  8
     620.194	  8
     620.660	  8
     620.992	  8
     621.264	  8
     621.676	  8
     621.892	  8
     622.184	  8
     622.536	  8
     622.940	  8
     623.318	  8
     623.850	  8
     624.036	  8
     625.186	  8
     625.488	  8
     625.870	  8
     626.282	  8
     626.628	  8
     626.698	  8
     626.934	  8
     627.182	  8
     627.378	  8
     627.776	  8
     628.176	  8
     628.560	  8
     628.872	  8
     629.058	  8
     629.148	  8
     629.462	  8
     629.712	  8
     629.964	  8
     630.356	  8
     630.640	  8
     631.130	  8
     631.482	  8
     632.048	  8
     632.436	  8
     632.746	  8
     633.264	  8
     633.468	  8
     633.538	  8
     633.762	  8
     634.046	  8
     634.400	  8
     634.716	  8
     634.758	  8
     635.578	  8
     635.832	  8
     636.158	  8
     636.256	  8
     636.330	  8
     636.764	  8
     637.082	  8
     637.676	  8
     638.214	  8
     638.356	  8
     638.560	  8
     639.006	  8
     639.502	  8
     639.650	  8
     640.028	  8
     640.328	  8
     640.668	  8
     641.402	  8
     641.828	  8
     642.170	  8
     642.418	  8
     643.018	  8
     643.174	  8
     643.414	  8
     644.084	  8
     644.236	  8
     644.418	  8
     644.704	  8
     644.886	  8
     645.138	  8
     645.222	  8
     645.330	  8
     645.578	  8
     645.878	 53
     645.926	  8
     645.926	 20
     645.926	 27
     645.936	 28
     645.936	 19
     646.036	 29
     646.046	  8
     646.206	  9
     650.676	  8
     666.056	 51
     666.066	 18
     697.974	  8
     698.270	  8
     698.502	  8
     698.796	  8
     699.082	  8
     699.462	  8
     699.732	  8
     700.048	  8
     700.340	  8
     700.844	  8
     701.232	  8
     701.486	  8
     702.002	  8
     702.570	  8
     703.446	  8
     703.868	  8
     703.966	  8
     704.456	  8
     704.638	  8
     704.964	  8
     705.444	  8
     706.006	  8
     706.808	  8
     707.312	  8
     707.942	  8
     708.330	  8
     709.104	  8
     710.044	  8
     710.436	  8
     711.004	  8
     711.498	  8
     711.844	  8
     712.352	  8
     712.976	  8
     713.108	  8
     713.522	  8
     714.022	  8
     714.744	  8
     715.682	  8
     716.052	  8
     716.858	  8
     717.302	  8
     717.556	  8
     717.600	  8
     717.768	  8
     717.990	  8
     718.172	  8
     718.244	  8
     718.566	  8
     718.628	  8
     718.658	  8
     718.806	  8
     719.328	  8
     719.606	  8
     719.900	  8
     720.036	  8
     720.268	  8
     720.548	  8
     720.848	  8
     721.538	  8
     721.890	  8
     722.218	  8
     722.302	  8
     722.890	  8
     723.446	  8
     723.756	  8
     724.104	  8
     724.466	  8
     725.028	  8
     725.256	  8
     725.458	  8
     725.830	  8
     726.066	 53
     726.292	  8
     726.292	 20
     726.292	 27
     726.302	 28
     726.302	 19
     726.402	 29
     726.572	  9
     727.268	  8
     746.422	 52
     746.432	 17
     749.754	  8
     776.092	  8
     776.180	  8
     804.512	  7
     804.584	  7
     804.908	  7
     806.004	  7
     806.328	  7
     806.690	  7
     806.880	  7
     807.024	  7
     807.240	  7
     807.598	  7
     807.776	  7
     808.334	  7
     811.230	  8
     811.462	  8
     811.704	  8
     831.218	  8
     831.560	  8
     831.750	  8
     832.104	  8
     832.416	  8
     832.724	  8
     833.018	  8
     833.484	  8
     833.812	  8
     834.080	  8
     834.494	  8
     834.786	  8
     835.788	  8
     836.312	  8
     836.578	  8
     836.908	  8
     837.716	  8
     838.910	  8
     838.986	  8
     840.940	  8
     841.004	  8
     841.384	  8
     841.810	  8
     842.156	  8
     842.364	  8
     842.748	  8
     843.096	  8
     843.390	  8
     843.676	  8
     843.968	  8
     844.280	  8
     844.572	  8
     845.042	  8
     845.298	  8
     845.624	  8
     846.354	  8
     847.130	  8
     847.988	  8
     848.434	  8
     849.746	  8
     850.190	  8
     850.524	  8
     854.954	  8
     855.304	  8
     855.506	  8
     855.812	  8
     856.020	  8
     856.350	  8
     856.568	  8
     856.848	  8
     857.116	  8
     857.646	  8
     857.958	  8
     858.246	  8
     858.480	  8
     858.948	  8
     859.204	  8
     859.620	  8
     859.898	  8
     860.442	  8
     860.780	  8
     861.118	  8
     861.390	  8
     862.420	  8
     862.872	  8
     864.578	  8
     864.820	  8
     865.442	  8
     865.678	  8
     866.126	  8
     866.432	 53
     866.442	 20
     866.442	 27
     866.516	  8
     867.366	  8
     867.880	  8
     868.310	  8
     868.438	  8
     868.738	  8
     868.806	  8
     869.952	  8
     870.144	  8
     870.536	  8
     870.982	  8
     871.282	  8
     871.660	  8
     886.462	 50
     886.472	 10
     914.728	  8
     916.030	  8
     916.472	 53
     916.526	  8
     916.526	 20
     916.526	 27
     916.536	 28
     916.536	 19
     916.636	 29
     916.806	  9
     936.656	 52
     936.666	 17
     978.984	  8
     979.094	  8
     979.248	  8
     979.722	  8
     980.042	  8
     980.426	  8
     980.700	  8
     981.118	  8
     981.580	  8
     981.742	  8
     981.910	  8
     982.234	  8
     982.574	  8
     982.732	  8
     983.266	  8
     983.802	  8
     984.170	  8
     984.816	  8
     984.968	  8
     985.158	  8
     985.500	  8
     985.798	  8
     986.170	  8
     986.318	  8
     986.434	  8
     986.786	  8
     987.206	  8
     987.508	  8
     988.192	  8
     988.436	  8
     988.866	  8
     989.812	  8
     989.876	  8
     990.168	  8
     990.462	  8
     990.730	  8
     991.116	  8
     991.404	  8
     991.748	  8
     991.832	  8
     992.138	  8
     993.208	  8
     993.878	  8
     994.210	  8
     994.970	  8
     995.278	  8
     995.956	  8
     996.464	  8
     996.942	  8
     996.990	  8
     997.030	  8
     997.340	  8
     997.666	  8
     998.096	  8
     998.356	  8
     998.670	  8
     998.840	  8
     999.066	  8
     999.376	  8
     999.940	  8
    1000.134	  8
    1000.570	  8
    1001.130	  8
    1001.398	  8
    1001.968	  8
    1002.222	  8
    1002.736	  8
    1003.292	  8
    1003.572	  8
    1004.904	  8
    1005.390	  8
    1005.448	  8
    1005.884	  8
    1006.030	  8
    1006.358	  8
    1006.558	  8
    1006.788	  8
    1007.460	  8
    1008.768	  8
    1008.992	  8
    1009.234	  8
    1009.550	  8
    1009.664	  8
    1009.952	  8
    1010.166	  8
    1010.402	  8
    1010.618	  8
    1010.920	  8
    1011.354	  8
    1011.876	  8
    1012.210	  8
    1012.516	  8
    1013.064	  8
    1014.524	  8
    1015.000	  8
    1015.292	  8
    1015.644	  8
    1017.456	  8
    1017.752	  8
    1018.136	  8
    1018.330	  8
    1018.416	  8
    1018.662	  8
    1018.964	  8
    1019.346	  8
    1019.612	  8
    1019.892	  8
    1020.436	  8
    1021.002	  8
    1021.516	  8
    1022.068	  8
    1023.628	  8
    1024.546	  8
    1025.086	  8
    1025.564	  8
    1026.030	  8
    1026.158	  8
    1026.466	  8
    1026.736	  8
    1026.992	  8
    1027.222	  8
    1027.552	  8
    1027.724	  8
    1028.012	  8
    1028.360	  8
    1029.188	  8
    1029.486	  8
    1029.562	  8
    1029.882	  8
    1030.218	  8
    1030.698	  8
    1032.312	  8
    1032.878	  8
    1033.128	  8
    1033.486	  8
    1033.828	  8
    1034.090	  8
    1034.374	  8
    1034.756	  8
    1034.968	  8
    1035.062	  8
    1035.968	  8
    1036.268	  8
    1036.682	  8
    1036.846	  8
    1037.206	  8
    1037.624	  8
    1037.930	  8
    1038.490	  8
    1039.302	  8
    1039.772	  8
    1040.338	  8
    1041.622	  8
    1042.444	  8
    1042.748	  8
    1042.958	  8
    1043.106	  8
    1044.144	  8
    1044.686	  8
    1045.028	  8
    1045.510	  8
    1046.186	  8
    1046.374	  8
    1046.672	  8
    1046.966	  8
    1047.284	  8
    1047.746	  8
    1047.850	  8
    1047.972	  8
    1048.850	  8
    1049.256	  8
    1049.324	  8
    1049.636	  8
    1049.908	  8
    1050.518	  8
    1050.828	  8
    1051.274	  8
    1051.820	  8
    1052.438	  8
    1052.670	  8
    1052.908	  8
    1053.552	  8
    1054.730	  8
    1054.978	  8
    1055.236	  8
    1055.636	  8
    1056.030	  8
    1056.520	  8
    1056.666	 53
    1056.676	 20
    1056.676	 27
    1056.764	  8
    1058.336	  8
    1058.626	  8
    1059.268	  8
    1063.726	  8
    1064.170	  8
    1064.712	  8
    1076.642	  7
    1076.696	 52
    1076.706	 17
    1083.540	  7
    1083.642	  7
    1083.804	  7
    1083.960	  7
    1084.076	  7
    1084.550	  7
    1085.324	  7
    1085.448	  7
    1177.288	  8
    1177.952	  8
    1178.356	  8
    1178.606	  8
    1178.994	  8
    1179.484	  8
    1179.760	  8
    1180.208	  8
    1180.772	  8
    1181.182	  8
    1181.632	  8
    1181.912	  8
    1182.218	  8
    1182.654	  8
    1182.990	  8
    1183.382	  8
    1183.426	  8
    1184.042	  8
    1184.322	  8
    1184.682	  8
    1184.994	  8
    1185.398	  8
    1185.672	  8
    1185.874	  8
    1186.260	  8
    1186.774	  8
    1187.024	  8
    1187.538	  8
    1187.888	  8
    1188.488	  8
    1188.730	  8
    1189.042	  8
    1189.510	  8
    1189.696	  8
    1190.202	  8
    1190.542	  8
    1190.932	  8
    1191.300	  8
    1191.702	  8
    1191.868	  8
    1192.338	  8
    1193.010	  8
    1193.364	  8
    1193.534	  8
    1193.930	  8
    1194.218	  8
    1195.528	  8
    1195.934	  8
    1196.324	  8
    1196.706	 53
    1196.716	 20
    1196.716	 27
    1196.748	  8
    1197.922	  8
    1198.256	  8
    1216.736	 50
    1216.746	 10
    1233.686	  8
    1233.766	  8
    1234.638	  8
    1235.566	  8
    1235.782	  8
    1236.304	  8
    1236.640	  8
    1236.896	  8
    1237.540	  8
    1237.868	  8
    1238.032	  8
    1238.376	  8
    1238.670	  8
    1238.936	  8
    1239.420	  8
    1239.884	  8
    1240.180	  8
    1240.498	  8
    1240.654	  8
    1240.734	  8
    1241.468	  8
    1241.712	  8
    1241.764	  8
    1241.850	  8
    1242.240	  8
    1242.856	  8
    1243.554	  8
    1243.760	  8
    1243.992	  8
    1244.530	  8
    1244.810	  8
    1245.262	  8
    1245.626	  8
    1246.090	  8
    1246.328	  8
    1246.588	  8
    1246.746	 53
    1246.996	  8
    1246.996	 20
    1246.996	 27
    1247.006	 28
    1247.006	 19
    1247.106	 29
    1247.276	  9
    1267.126	 52
    1267.136	 17
    1321.488	  8
    1321.738	  8
    1322.026	  8
    1322.428	  8
    1322.828	  8
    1323.040	  8
    1323.352	  8
    1323.686	  8
    1324.092	  8
    1324.400	  8
    1325.208	  8
    1325.728	  8
    1326.184	  8
    1326.312	  8
    1326.610	  8
    1326.966	  8
    1327.296	  8
    1327.640	  8
    1327.918	  8
    1328.262	  8
    1328.828	  8
    1329.006	  8
    1329.358	  8
    1329.694	  8
    1329.930	  8
    1330.520	  8
    1330.832	  8
    1331.064	  8
    1331.306	  8
    1331.538	  8
    1331.808	  8
    1332.186	  8
    1332.632	  8
    1332.856	  8
    1333.112	  8
    1333.354	  8
    1333.800	  8
    1334.120	  8
    1334.480	  8
    1334.714	  8
    1335.028	  8
    1335.180	  8
    1335.366	  8
    1335.576	  8
    1335.836	  8
    1336.112	  8
    1336.310	  8
    1336.628	  8
    1336.836	  8
    1336.928	  8
    1337.750	  8
    1338.208	  8
    1338.922	  8
    1339.200	  8
    1339.580	  8
    1339.752	  8
    1341.382	  8
    1341.756	  8
    1342.322	  8
    1342.612	  8
    1342.920	  8
    1343.184	  8
    1343.432	  8
    1344.018	  8
    1344.470	  8
    1344.826	  8
    1345.102	  8
    1345.402	  8
    1345.844	  8
    1346.510	  8
    1346.654	  8
    1346.944	  8
    1347.440	  8
    1347.768	  8
    1348.172	  8
    1348.464	  8
    1349.012	  8
    1349.386	  8
    1349.734	  8
    1350.298	  8
    1350.596	  8
    1351.056	  8
    1351.348	  8
    1351.642	  8
    1351.806	  8
    1351.940	  8
    1352.194	  8
    1352.578	  8
    1353.208	  8
    1353.958	  8
    1354.364	  8
    1355.182	  8
    1358.118	  8
    1358.704	  8
    1358.784	  8
    1359.136	  8
    1359.416	  8
    1359.824	  8
    1360.128	  8
    1360.446	  8
    1360.652	  8
    1360.950	  8
    1361.256	  8
    1361.516	  8
    1361.762	  8
    1362.078	  8
    1362.370	  8
    1362.778	  8
    1363.332	  8
    1363.656	  8
    1363.966	  8
    1364.040	  8
    1364.344	  8
    1364.466	  8
    1364.842	  8
    1365.264	  8
    1365.644	  8
    1365.890	  8
    1366.108	  8
    1366.364	  8
    1366.726	  8
    1367.162	  8
    1367.282	  8
    1367.480	  8
    1367.808	  8
    1368.404	  8
    1368.982	  8
    1369.308	  8
    1369.548	  8
    1369.962	  8
    1370.270	  8
    1370.542	  8
    1371.098	  8
    1371.296	  8
    1371.636	  8
    1372.066	  8
    1372.938	  8
    1373.690	  8
    1373.942	  8
    1374.292	  8
    1375.768	  8
    1376.026	  8
    1376.364	  8
    1376.744	  8
    1377.174	  8
    1377.464	  8
    1377.776	  8
    1378.072	  8
    1378.356	  8
    1378.640	  8
    1379.104	  8
    1379.376	  8
    1379.598	  8
    1379.668	  8
    1380.080	  8
    1380.390	  8
    1380.504	  8
    1380.666	  8
    1380.762	  8
    1381.380	  8
    1381.804	  8
    1382.014	  8
    1382.090	  8
    1382.698	  8
    1383.278	  8
    1385.156	  8
    1385.350	  8
    1385.736	  8
    1386.380	  8
    1386.674	  8
    1386.974	  8
    1387.136	 53
    1387.146	 20
    1387.146	 27
    1387.372	  8
    1388.360	  8
    1388.856	  8
    1390.572	  8
    1399.492	  8
    1407.166	 51
    1407.176	 18
    1456.184	  8
    1456.704	  8
    1457.090	  8
    1457.536	  8
    1457.974	  8
    1458.196	  8
    1458.328	  8
    1458.618	  8
    1458.974	  8
    1459.402	  8
    1459.766	  8
    1460.318	  8
    1460.456	  8
    1460.950	  8
    1461.236	  8
    1461.596	  8
    1462.012	  8
    1462.396	  8
    1462.810	  8
    1463.144	  8
    1463.524	  8
    1463.798	  8
    1463.972	  8
    1464.156	  8
    1464.442	  8
    1465.062	  8
    1465.528	  8
    1466.012	  8
    1466.328	  8
    1466.476	  8
    1466.844	  8
    1467.092	  8
    1467.176	 53
    1467.408	  8
    1467.408	 20
    1467.408	 27
    1467.418	 28
    1467.418	 19
    1467.518	 29
    1467.688	  9
    1487.538	 51
    1487.548	 18
    1547.548	 53
    1572.556	  8
    1572.556	 20
    1572.556	 27
    1572.566	 28
    1572.566	 19
    1572.666	 29
    1572.828	  9
    1592.686	 50
    1592.696	 10
    1611.298	  8
    1612.184	  8
    1612.924	  8
    1613.078	  8
    1613.548	  8
    1613.756	  8
    1614.660	  8
    1615.038	  8
    1615.430	  8
    1616.030	  8
    1616.714	  8
    1616.960	  8
    1617.358	  8
    1617.792	  8
    1617.980	  8
    1618.432	  8
    1618.906	  8
    1619.358	  8
    1619.934	  8
    1620.192	  8
    1620.586	  8
    1620.902	  8
    1621.300	  8
    1621.578	  8
    1622.476	  8
    1622.696	 53
    1622.732	  8
    1622.732	 20
    1622.732	 27
    1622.742	 28
    1622.742	 19
    1622.842	 29
    1623.012	  9
    1642.862	 50
    1642.872	 10
    1662.862	  8
    1663.312	  8
    1663.910	  8
    1664.310	  8
    1664.532	  8
    1664.968	  8
    1665.274	  8
    1665.764	  8
    1666.074	  8
    1666.424	  8
    1666.968	  8
    1667.498	  8
    1667.896	  8
    1668.396	  8
    1668.908	  8
    1669.168	  8
    1669.518	  8
    1669.978	  8
    1670.432	  8
    1670.690	  8
    1671.334	  8
    1671.728	  8
    1671.964	  8
    1672.156	  8
    1672.484	  8
    1672.726	  8
    1672.872	 53
    1673.398	  8
    1673.398	 20
    1673.398	 27
    1673.408	 28
    1673.408	 19
    1673.508	 29
    1673.678	  9
    1674.254	  8
    1693.528	 51
    1693.538	 18
    1752.334	  8
    1752.760	  8
    1753.538	 53
    1753.580	  8
    1753.580	 20
    1753.580	 27
    1753.590	 28
    1753.590	 19
    1753.690	 29
    1753.860	  9
    1773.710	 50
    1773.720	 10
    1788.628	  8
    1789.048	  8
    1789.300	  8
    1789.614	  8
    1790.098	  8
    1790.438	  8
    1790.646	  8
    1790.924	  8
    1791.086	  8
    1791.388	  8
    1791.754	  8
    1792.556	  8
    1792.964	  8
    1793.180	  8
    1793.682	  8
    1793.906	  8
    1794.344	  8
    1794.696	  8
    1795.130	  8
    1795.390	  8
    1795.708	  8
    1796.018	  8
    1796.286	  8
    1796.634	  8
    1797.220	  8
    1797.406	  8
    1797.738	  8
    1798.286	  8
    1798.576	  8
    1799.068	  8
    1799.314	  8
    1799.592	  8
    1800.072	  8
    1800.430	  8
    1800.752	  8
    1801.198	  8
    1801.586	  8
    1802.658	  8
    1803.006	  8
    1803.720	 53
    1803.742	  8
    1803.742	 20
    1803.742	 27
    1803.752	 28
    1803.752	 19
    1803.852	 29
    1804.022	  9
    1823.872	 51
    1823.882	 18
    1875.026	  8
    1883.100	  8
    1883.594	  8
    1883.882	 53
    1883.912	  8
    1883.912	 20
    1883.912	 27
    1883.922	 28
    1883.922	 19
    1884.022	 29
    1884.192	  9
    1884.882	  8
    1904.042	 51
    1904.052	 18
    1964.052	 53
    1977.434	  8
    1977.434	 20
    1977.434	 27
    1977.444	 28
    1977.444	 19
    1977.544	 29
    1977.714	  9
    1997.564	 51
    1997.574	 18
    2042.182	  8
    2053.332	  8
    2053.938	  8
    2054.472	  8
    2054.814	  8
    2055.190	  8
    2055.500	  8
    2055.846	  8
    2056.228	  8
    2056.528	  8
    2056.948	  8
    2057.368	  8
    2057.574	 53
    2058.194	  8
    2058.194	 20
    2058.194	 27
    2058.204	 28
    2058.204	 19
    2058.304	 29
    2058.474	  9
    2078.324	 51
    2078.334	 18
    2138.334	 53
    2143.012	  8
    2143.012	 20
    2143.012	 27
    2143.022	 28
    2143.022	 19
    2143.122	 29
    2143.292	  9
    2144.784	  8
    2163.142	 52
    2163.152	 17
    2167.684	  8
    2169.084	  8
    2169.480	  8
    2170.242	  8
    2170.560	  8
    2170.928	  8
    2171.690	  8
    2172.678	  8
    2181.302	  7
    2181.794	  7
    2182.232	  7
    2182.660	  7
    2182.798	  7
    2183.512	  7
    2183.656	  7
    2183.820	  7
    2183.962	  7
    2184.108	  7
    2184.266	  7
    2184.406	  7
    2184.556	  7
    2184.774	  7
    2184.958	  7
    2185.126	  7
    2185.294	  7
    2185.440	  7
    2185.610	  7
    2185.754	  7
    2185.928	  7
    2186.074	  7
    2202.108	  7
    2205.610	  7
    2206.980	  7
    2248.428	  8
    2253.118	  8
    2253.398	  8
    2253.826	  8
    2254.910	  8
    2255.228	  8
    2255.402	  8
    2255.696	  8
    2256.050	  8
    2256.170	  8
    2256.488	  8
    2256.716	  8
    2257.108	  8
    2257.854	  8
    2258.250	  8
    2258.484	  8
    2259.360	  8
    2259.744	  8
    2260.328	  8
    2260.646	  8
    2261.040	  8
    2261.300	  8
    2261.670	  8
    2262.008	  8
    2262.296	  8
    2262.540	  8
    2262.644	  8
    2263.424	  8
    2263.854	  8
    2264.276	  8
    2264.748	  8
    2265.096	  8
    2265.422	  8
    2265.780	  8
    2266.192	  8
    2266.530	  8
    2266.908	  8
    2267.312	  8
    2267.708	  8
    2268.012	  8
    2268.142	  8
    2268.488	  8
    2268.892	  8
    2269.190	  8
    2269.276	  8
    2269.662	  8
    2269.854	  8
    2270.204	  8
    2270.902	  8
    2271.162	  8
    2271.654	  8
    2271.956	  8
    2272.196	  8
    2272.550	  8
    2272.896	  8
    2273.188	  8
    2273.450	  8
    2273.750	  8
    2274.340	  8
    2274.650	  8
    2274.912	  8
    2275.230	  8
    2276.124	  8
    2276.738	  8
    2277.108	  8
    2277.336	  8
    2277.960	  8
    2278.704	  8
    2279.100	  8
    2279.510	  8
    2279.696	  8
    2280.098	  8
    2280.516	  8
    2280.812	  8
    2281.358	  8
    2281.634	  8
    2281.958	  8
    2282.150	  8
    2282.276	  8
    2282.578	  8
    2282.834	  8
    2283.152	 53
    2283.162	 20
    2283.162	 27
    2283.474	  8
    2283.704	  8
    2283.810	  8
    2284.342	  8
    2284.638	  8
    2284.962	  8
    2285.452	  8
    2285.650	  8
    2285.686	  8
    2286.088	  8
    2286.470	  8
    2286.678	  8
    2287.150	  8
    2287.444	  8
    2287.682	  8
    2287.966	  8
    2288.244	  8
    2288.502	  8
    2289.744	  8
    2290.010	  8
    2290.290	  8
    2290.790	  8
    2291.688	  8
    2292.648	  8
    2292.986	  8
    2293.364	  8
    2293.730	  8
    2294.514	  8
    2294.718	  8
    2295.014	  8
    2295.228	  8
    2295.882	  8
    2296.280	  8
    2296.714	  8
    2297.202	  8
    2298.056	  8
    2298.852	  8
    2299.230	  8
    2299.316	  8
    2299.714	  8
    2300.472	  8
    2300.816	  8
    2301.084	  8
    2301.418	  8
    2301.744	  8
    2301.878	  8
    2302.200	  8
    2302.808	  8
    2303.182	 50
    2303.192	 10
    2303.306	  8
    2304.366	  8
    2306.156	  8
    2306.352	  8
    2306.640	  8
    2307.386	  8
    2308.070	  8
    2308.738	  8
    2309.666	  8
    2310.004	  8
    2310.274	  8
    2310.606	  8
    2310.978	  8
    2311.186	  8
    2311.540	  8
    2311.674	  8
    2311.970	  8
    2312.898	  8
    2313.888	  8
    2314.448	  8
    2314.722	  8
    2315.128	  8
    2315.362	  8
    2315.544	  8
    2315.772	  8
    2316.072	  8
    2316.484	  8
    2317.296	  8
    2317.366	  8
    2317.886	  8
    2318.448	  8
    2318.978	  8
    2319.784	  8
    2320.048	  8
    2320.932	  8
    2321.300	  8
    2321.518	  8
    2321.816	  8
    2322.390	  8
    2322.814	  8
    2323.120	  8
    2324.350	  8
    2324.856	  8
    2325.308	  8
    2325.640	  8
    2325.986	  8
    2326.202	  8
    2326.506	  8
    2326.674	  8
    2327.068	  8
    2327.186	  8
    2327.534	  8
    2327.974	  8
    2328.188	  8
    2328.570	  8
    2329.144	  8
    2329.662	  8
    2330.022	  8
    2330.412	  8
    2330.826	  8
    2330.998	  8
    2331.294	  8
    2332.362	  8
    2333.140	  8
    2333.192	 53
    2334.070	  8
    2334.070	 20
    2334.070	 27
    2334.080	 28
    2334.080	 19
    2334.180	 29
    2334.594	  9
    2354.200	 50
    2354.210	 10
    2364.042	  8
    2367.546	  8
    2367.910	  8
    2368.028	  8
    2368.250	  8
    2368.456	  8
    2368.672	  8
    2369.124	  8
    2369.472	  8
    2369.580	  8
    2369.700	  8
    2369.920	  8
    2370.002	  8
    2370.370	  8
    2370.606	  8
    2371.164	  8
    2371.474	  8
    2373.306	  8
    2373.458	  8
    2374.060	  8
    2374.238	  8
    2374.696	  8
    2374.954	  8
    2375.432	  8
    2375.740	  8
    2376.090	  8
    2376.368	  8
    2376.680	  8
    2377.302	  8
    2377.676	  8
    2378.096	  8
    2378.162	  8
    2378.500	  8
    2379.224	  8
    2379.680	  8
    2380.222	  8
    2380.500	  8
    2380.980	  8
    2382.024	  8
    2382.472	  8
    2382.870	  8
    2383.132	  8
    2383.388	  8
    2383.522	  8
    2384.100	  8
    2384.210	 53
    2384.512	  8
    2384.512	 20
    2384.512	 27
    2384.522	 28
    2384.522	 19
    2384.622	 29
    2384.792	  9
    2404.642	 51
    2404.652	 18
    2444.872	  8
    2445.224	  8
    2445.304	  8
    2445.612	  8
    2446.330	  8
    2446.616	  8
    2446.910	  8
    2447.286	  8
    2447.502	  8
    2447.754	  8
    2448.432	  8
    2448.806	  8
    2449.446	  8
    2449.736	  8
    2450.046	  8
    2450.538	  8
    2450.816	  8
    2451.180	  8
    2451.380	  8
    2451.848	  8
    2452.074	  8
    2452.420	  8
    2452.770	  8
    2453.068	  8
    2453.534	  8
    2453.862	  8
    2454.416	  8
    2454.920	  8
    2455.066	  8
    2455.382	  8
    2455.680	  8
    2456.092	  8
    2456.350	  8
    2457.236	  8
    2457.536	  8
    2457.892	  8
    2458.064	  8
    2458.846	  8
    2458.984	  8
    2459.272	  8
    2459.834	  8
    2460.038	  8
    2460.300	  8
    2460.652	  8
    2460.958	  8
    2460.988	  8
    2461.394	  8
    2461.548	  8
    2461.928	  8
    2462.522	  8
    2463.694	  8
    2464.066	  8
    2464.428	  8
    2464.620	  8
    2464.652	 53
    2464.840	  8
    2464.840	 20
    2464.840	 27
    2464.850	 28
    2464.850	 19
    2464.950	 29
    2465.120	  9
    2484.970	 51
    2484.980	 18
    2542.154	  8
    2542.738	  8
    2543.718	  8
    2544.018	  8
    2544.040	  8
    2544.088	  8
    2544.404	  8
    2544.616	  8
    2544.980	 53
    2545.006	  8
    2545.006	 20
    2545.006	 27
    2545.016	 28
    2545.016	 19
    2545.116	 29
    2545.286	  9
    2565.136	 51
    2565.146	 18
    2605.452	  8
    2605.734	  8
    2605.986	  8
    2606.554	  8
    2606.894	  8
    2607.238	  8
    2607.530	  8
    2607.982	  8
    2608.342	  8
    2608.640	  8
    2608.826	  8
    2609.144	  8
    2609.462	  8
    2610.076	  8
    2610.616	  8
    2610.998	  8
    2611.366	  8
    2612.000	  8
    2612.150	  8
    2612.594	  8
    2612.938	  8
    2613.142	  8
    2613.452	  8
    2613.786	  8
    2613.974	  8
    2614.500	  8
    2614.786	  8
    2614.956	  8
    2615.200	  8
    2615.474	  8
    2615.814	  8
    2616.064	  8
    2616.238	  8
    2616.298	  8
    2616.772	  8
    2617.302	  8
    2618.192	  8
    2618.876	  8
    2619.184	  8
    2619.554	  8
    2619.858	  8
    2620.376	  8
    2620.580	  8
    2621.168	  8
    2621.652	  8
    2621.756	  8
    2622.108	  8
    2622.486	  8
    2622.766	  8
    2623.120	  8
    2623.392	  8
    2623.866	  8
    2624.152	  8
    2624.352	  8
    2624.608	  8
    2624.890	  8
    2625.146	 53
    2625.384	  8
    2625.384	 20
    2625.384	 27
    2625.394	 28
    2625.394	 19
    2625.494	 29
    2625.664	  9
    2645.514	 50
    2645.524	 10
    2658.346	  8
    2658.696	  8
    2662.118	  8
    2663.054	  8
    2663.856	  8
    2664.294	  8
    2664.680	  8
    2664.908	  8
    2665.438	  8
    2665.778	  8
    2666.198	  8
    2666.538	  8
    2666.816	  8
    2667.224	  8
    2667.522	  8
    2668.138	  8
    2668.554	  8
    2668.920	  8
    2669.534	  8
    2669.744	  8
    2670.148	  8
    2670.388	  8
    2670.692	  8
    2671.614	  8
    2671.948	  8
    2672.308	  8
    2672.378	  8
    2672.940	  8
    2673.944	  8
    2674.302	  8
    2675.078	  8
    2675.524	 53
    2675.612	  8
    2675.612	 20
    2675.612	 27
    2675.622	 28
    2675.622	 19
    2675.722	 29
    2675.892	  9
    2677.816	  8
    2678.298	  8
    2678.536	  8
    2695.742	 50
    2695.752	 10
    2717.618	  8
    2717.874	  8
    2718.430	  8
    2718.848	  8
    2719.060	  8
    2719.434	  8
    2719.878	  8
    2720.298	  8
    2720.974	  8
    2721.150	  8
    2721.374	  8
    2722.170	  8
    2722.640	  8
    2722.768	  8
    2722.868	  8
    2723.272	  8
    2723.814	  8
    2724.232	  8
    2724.544	  8
    2725.048	  8
    2725.608	  8
    2725.752	 53
    2725.782	  8
    2725.782	 20
    2725.782	 27
    2725.792	 28
    2725.792	 19
    2725.892	 29
    2726.062	  9
    2745.912	 50
    2745.922	 10
    2754.850	  8
    2757.052	  8
    2758.078	  8
    2758.544	  8
    2759.384	  8
    2760.444	  8
    2760.710	  8
    2761.126	  8
    2761.440	  8
    2761.918	  8
    2765.298	  8
    2765.810	  8
    2766.450	  8
    2766.792	  8
    2767.452	  8
    2767.764	  8
    2768.040	  8
    2768.260	  8
    2768.806	  8
    2769.118	  8
    2769.606	  8
    2769.884	  8
    2770.148	  8
    2770.542	  8
    2770.894	  8
    2771.598	  8
    2772.716	  8
    2773.254	  8
    2773.648	  8
    2774.040	  8
    2774.690	  8
    2774.956	  8
    2775.220	  8
    2775.546	  8
    2775.834	  8
    2775.922	 53
    2776.096	  8
    2776.096	 20
    2776.096	 27
    2776.106	 28
    2776.106	 19
    2776.206	 29
    2776.376	  9
    2777.018	  8
    2796.226	 52
    2796.236	 17
    2806.974	  8
    2807.294	  8
    2887.386	  8
    2888.106	  8
    2888.510	  8
    2888.948	  8
    2889.304	  8
    2889.602	  8
    2889.784	  8
    2890.036	  8
    2890.424	  8
    2890.742	  8
    2891.056	  8
    2891.534	  8
    2891.688	  8
    2891.834	  8
    2892.072	  8
    2892.352	  8
    2892.644	  8
    2892.862	  8
    2893.470	  8
    2893.858	  8
    2894.054	  8
    2894.518	  8
    2894.586	  8
    2894.744	  8
    2895.026	  8
    2895.168	  8
    2895.446	  8
    2895.890	  8
    2896.188	  8
    2896.458	  8
    2896.862	  8
    2896.960	  8
    2897.492	  8
    2898.332	  8
    2900.444	  8
    2900.648	  8
    2901.032	  8
    2901.484	  8
    2901.758	  8
    2902.108	  8
    2902.328	  8
    2902.734	  8
    2902.948	  8
    2903.286	  8
    2903.520	  8
    2903.760	  8
    2904.022	  8
    2904.586	  8
    2904.990	  8
    2905.220	  8
    2905.762	  8
    2906.050	  8
    2906.380	  8
    2906.490	  8
    2906.686	  8
    2907.032	  8
    2907.114	  8
    2907.572	  8
    2907.916	  8
    2908.338	  8
    2908.582	  8
    2908.796	  8
    2908.992	  8
    2909.162	  8
    2909.514	  8
    2909.854	  8
    2909.948	  8
    2910.830	  8
    2911.272	  8
    2911.848	  8
    2912.120	  8
    2912.432	  8
    2912.768	  8
    2913.164	  8
    2913.476	  8
    2913.840	  8
    2914.150	  8
    2914.500	  8
    2914.770	  8
    2915.072	  8
    2915.118	  8
    2915.858	  8
    2916.118	  8
    2916.236	 53
    2916.246	 20
    2916.246	 27
    2917.286	  8
    2917.662	  8
    2917.786	  8
    2918.198	  8
    2918.440	  8
    2919.832	  8
    2920.178	  8
    2921.464	  8
    2936.266	 50
    2936.276	 10
    2951.144	  8
    2951.446	  8
    2951.720	  8
    2952.782	  8
    2955.312	  8
    2955.988	  8
    2956.760	  8
    2957.098	  8
    2958.002	  8
    2958.490	  8
    2958.952	  8
    2959.242	  8
    2959.552	  8
    2960.428	  8
    2960.690	  8
    2960.950	  8
    2961.650	  8
    2961.788	  8
    2962.270	  8
    2962.932	  8
    2963.442	  8
    2963.756	  8
    2964.140	  8
    2964.336	  8
    2964.716	  8
    2965.296	  8
    2965.622	  8
    2966.092	  8
    2966.276	 53
    2966.350	  8
    2966.350	 20
    2966.350	 27
    2966.360	 28
    2966.360	 19
    2966.460	 29
    2966.630	  9
    2986.480	 52
    2986.490	 17
    2995.068	  8
    3005.482	  7
    3006.250	  7
    3006.390	  7
    3006.568	  7
    3006.982	  7
    3008.054	  7
    3008.446	  7
    3008.774	  7
    3008.960	  7
    3009.124	  7
    3009.668	  7
    3010.230	  7
    3030.510	  8
    3060.340	  8
    3060.478	  8
    3104.852	  8
    3104.894	  8
    3105.162	  8
    3105.334	  8
    3105.656	  8
    3106.274	  8
    3106.490	 53
    3106.500	 20
    3106.500	 27
    3106.670	  8
    3107.952	  8
    3108.276	  8
    3108.518	  8
    3126.520	 52
    3126.530	 17
    3165.554	  8
    3165.876	  8
    3166.092	  8
    3166.404	  8
    3195.726	  8
    3195.970	  8
    3196.072	  8
    3196.254	  8
    3196.610	  8
    3196.928	  8
    3197.250	  8
    3197.508	  8
    3197.738	  8
    3198.398	  8
    3198.536	  8
    3198.754	  8
    3198.906	  8
    3199.538	  8
    3200.052	  8
    3200.158	  8
    3200.434	  8
    3200.696	  8
    3200.980	  8
    3201.334	  8
    3201.870	  8
    3202.376	  8
    3202.580	  8
    3202.810	  8
    3203.072	  8
    3203.326	  8
    3203.802	  8
    3204.050	  8
    3204.318	  8
    3204.592	  8
    3205.004	  8
    3205.276	  8
    3205.440	  8
    3205.552	  8
    3205.868	  8
    3206.124	  8
    3206.400	  8
    3206.602	  8
    3206.668	  8
    3207.034	  8
    3207.190	  8
    3207.468	  8
    3207.858	  8
    3208.172	  8
    3208.546	  8
    3209.158	  8
    3209.406	  8
    3209.948	  8
    3210.398	  8
    3210.700	  8
    3210.978	  8
    3211.246	  8
    3211.506	  8
    3211.814	  8
    3212.268	  8
    3213.122	  8
    3213.386	  8
    3213.706	  8
    3214.046	  8
    3214.170	  8
    3214.738	  8
    3215.558	  8
    3215.936	  8
    3216.234	  8
    3216.510	  8
    3216.894	  8
    3217.006	  8
    3217.416	  8
    3217.770	  8
    3217.960	  8
    3218.206	  8
    3218.332	  8
    3218.682	  8
    3218.708	  8
    3220.482	  8
    3220.992	  8
    3221.258	  8
    3221.742	  8
    3222.018	  8
    3222.292	  8
    3222.540	  8
    3222.934	  8
    3223.376	  8
    3224.288	  8
    3224.824	  8
    3224.900	  8
    3225.168	  8
    3226.350	  8
    3226.876	  8
    3227.228	  8
    3227.622	  8
    3228.694	  8
    3229.022	  8
    3229.214	  8
    3229.590	  8
    3230.256	  8
    3231.308	  8
    3231.582	  8
    3231.912	  8
    3232.110	  8
    3232.360	  8
    3232.826	  8
    3233.268	  8
    3233.802	  8
    3233.950	  8
    3234.206	  8
    3234.462	  8
    3234.728	  8
    3234.954	  8
    3235.552	  8
    3235.824	  8
    3236.114	  8
    3236.224	  8
    3236.886	  8
    3237.588	  8
    3238.150	  8
    3238.630	  8
    3238.742	  8
    3239.052	  8
    3239.400	  8
    3239.866	  8
    3240.158	  8
    3240.370	  8
    3240.716	  8
    3241.244	  8
    3241.482	  8
    3241.704	  8
    3241.740	  8
    3242.154	  8
    3242.592	  8
    3243.526	  8
    3243.766	  8
    3244.658	  8
    3244.978	  8
    3245.582	  8
    3246.022	  8
    3246.264	  8
    3246.530	 53
    3246.540	 20
    3246.540	 27
    3246.810	  8
    3247.524	  8
    3247.746	  8
    3248.190	  8
    3266.560	 50
    3266.570	 10
    3292.728	  8
    3293.880	  8
    3294.264	  8
    3294.680	  8
    3295.174	  8
    3295.308	  8
    3295.818	  8
    3296.570	 53
    3297.616	  8
    3297.616	 20
    3297.616	 27
    3297.626	 28
    3297.626	 19
    3297.726	 29
    3297.896	  9
    3317.746	 50
    3317.756	 10
    3329.648	  8
    3330.148	  8
    3330.444	  8
    3330.882	  8
    3331.214	  8
    3333.794	  8
    3334.136	  8
    3334.860	  8
    3336.224	  8
    3336.694	  8
    3336.948	  8
    3337.486	  8
    3337.730	  8
    3337.920	  8
    3338.278	  8
    3338.604	  8
    3338.976	  8
    3339.346	  8
    3339.636	  8
    3339.906	  8
    3340.174	  8
    3340.372	  8
    3340.722	  8
    3341.960	  8
    3342.444	  8
    3343.080	  8
    3343.444	  8
    3343.618	  8
    3344.064	  8
    3344.794	  8
    3344.894	  8
    3344.966	  8
    3345.376	  8
    3346.216	  8
    3346.508	  8
    3346.804	  8
    3347.590	  8
    3347.756	 53
    3347.830	  8
    3347.830	 20
    3347.830	 27
    3347.840	 28
    3347.840	 19
    3347.940	 29
    3348.110	  9
    3367.960	 52
    3367.970	 17
    3463.780	  8
    3464.024	  8
    3464.534	  8
    3464.828	  8
    3465.582	  8
    3466.012	  8
    3466.290	  8
    3467.112	  8
    3467.622	  8
    3468.048	  8
    3470.900	  8
    3471.508	  8
    3471.776	  8
    3472.110	  8
    3472.550	  8
    3473.050	  8
    3473.402	  8
    3473.650	  8
    3474.070	  8
    3474.322	  8
    3474.742	  8
    3475.064	  8
    3475.468	  8
    3476.626	  8
    3477.072	  8
    3477.522	  8
    3478.006	  8
    3480.990	  8
    3481.634	  8
    3481.906	  8
    3482.278	  8
    3482.554	  8
    3482.822	  8
    3483.204	  8
    3483.480	  8
    3483.814	  8
    3484.316	  8
    3484.380	  8
    3484.762	  8
    3484.950	  8
    3485.320	  8
    3485.818	  8
    3486.368	  8
    3486.838	  8
    3487.346	  8
    3487.648	  8
    3487.970	 53
    3487.980	 20
    3487.980	 27
    3488.050	  8
    3489.130	  8
    3508.000	 51
    3508.010	 18
    3527.648	  8
    3527.814	  8
    3528.240	  8
    3529.016	  8
    3529.648	  8
    3530.350	  8
    3544.510	  8
    3544.950	  8
    3545.572	  8
    3545.962	  8
    3546.294	  8
    3546.516	  8
    3546.782	  8
    3547.084	  8
    3547.320	  8
    3547.928	  8
    3548.350	  8
    3548.654	  8
    3548.950	  8
    3549.230	  8
    3549.368	  8
    3549.618	  8
    3550.580	  8
    3551.010	  8
    3551.500	  8
    3551.856	  8
    3552.350	  8
    3555.502	  8
    3555.760	  8
    3556.184	  8
    3556.482	  8
    3556.702	  8
    3556.980	  8
    3557.344	  8
    3557.782	  8
    3558.024	  8
    3558.404	  8
    3558.880	  8
    3559.136	  8
    3559.424	  8
    3560.016	  8
    3560.286	  8
    3560.590	  8
    3560.798	  8
    3560.990	  8
    3561.946	  8
    3562.248	  8
    3562.658	  8
    3562.902	  8
    3563.310	  8
    3563.572	  8
    3563.812	  8
    3564.084	  8
    3564.490	  8
    3564.788	  8
    3564.874	  8
    3564.970	  8
    3565.298	  8
    3565.510	  8
    3565.894	  8
    3566.346	  8
    3566.694	  8
    3566.914	  8
    3567.604	  8
    3567.830	  8
    3568.010	 53
    3568.012	  8
    3568.012	 20
    3568.012	 27
    3568.022	 28
    3568.022	 19
    3568.122	 29
    3568.292	  9
    3588.142	 51
    3588.152	 18
    3641.100	  8
    3648.152	 53
    3657.562	  8
    3657.562	 20
    3657.562	 27
    3657.572	 28
    3657.572	 19
    3657.672	 29
    3657.842	  9
    3677.692	 52
    3677.702	 17
    3681.392	  8
    3681.812	  8
    3682.090	  8
    3683.036	  8
    3696.208	  8
    3708.440	  7
    3709.032	  7
    3709.508	  7
    3709.922	  7
    3710.294	  7
    3711.224	  7
    3711.348	  7
    3711.490	  7
    3711.624	  7
    3711.758	  7
    3712.034	  7
    3712.188	  7
    3712.334	  7
    3712.478	  7
    3712.622	  7
    3712.774	  7
    3712.908	  7
    3713.066	  7
    3713.194	  7
    3713.330	  7
    3713.476	  7
    3713.624	  7
    3713.768	  7
    3713.918	  7
    3714.074	  7
    3714.234	  7
    3714.376	  7
    3714.586	  7
    3714.708	  7
    3714.870	  7
    3715.036	  7
    3715.206	  7
    3715.350	  7
    3715.494	  7
    3715.644	  7
    3715.828	  7
    3715.976	  7
    3716.138	  7
    3716.318	  7
    3716.478	  7
    3716.632	  7
    3716.836	  7
    3716.968	  7
    3717.146	  7
    3717.318	  7
    3717.474	  7
    3717.632	  7
    3717.854	  7
    3718.000	  7
    3718.166	  7
    3718.314	  7
    3718.478	  7
    3718.634	  7
    3718.808	  7
    3719.022	  7
    3719.216	  7
    3719.388	  7
    3719.550	  7
    3719.740	  7
    3719.902	  7
    3720.096	  7
    3720.230	  7
    3720.402	  7
    3720.542	  7
    3724.178	  7
    3724.310	  7
    3724.458	  7
    3728.674	  7
    3728.806	  7
    3728.960	  7
    3732.220	  7
    3732.354	  7
    3732.516	  7
    3732.686	  7
    3732.828	  7
    3733.030	  7
    3733.174	  7
    3733.398	  7
    3733.584	  7
    3736.118	  7
    3736.256	  7
    3736.396	  7
    3736.554	  7
    3736.714	  7
    3736.902	  7
    3737.058	  7
    3737.242	  7
    3737.390	  7
    3737.574	  7
    3737.828	  7
    3737.998	  7
    3738.152	  7
    3738.354	  7
    3738.508	  7
    3738.710	  7
    3738.924	  7
    3739.124	  7
    3739.306	  7
    3744.788	  7
    3744.940	  7
    3745.080	  7
    3745.262	  7
    3745.440	  7
    3745.588	  7
    3745.784	  7
    3746.866	  7
    3748.034	  7
    3751.324	  7
    3753.528	  7
    3753.662	  7
    3753.806	  7
    3754.816	  7
    3756.610	  7
    3756.774	  7
    3756.926	  7
    3757.104	  7
    3763.506	  8
    3764.136	  8
    3764.274	  8
    3764.484	  8
    3764.938	  8
    3786.966	  8
    3787.534	  8
    3788.016	  8
    3788.326	  8
    3788.850	  8
    3789.210	  8
    3789.606	  8
    3790.086	  8
    3790.348	  8
    3790.802	  8
    3791.306	  8
    3791.836	  8
    3792.076	  8
    3792.472	  8
    3792.876	  8
    3793.232	  8
    3793.642	  8
    3793.992	  8
    3794.442	  8
    3794.910	  8
    3795.342	  8
    3795.586	  8
    3796.088	  8
    3796.304	  8
    3796.758	  8
    3797.198	  8
    3797.702	 53
    3797.712	 20
    3797.712	 27
    3798.818	  8
    3798.996	  8
    3817.732	 52
    3817.742	 17
    3855.244	  8
    3855.622	  8
    3855.818	  8
    3856.218	  8
    3856.500	  8
    3856.952	  8
    3857.280	  8
    3857.600	  8
    3857.902	  8
    3858.458	  8
    3858.712	  8
    3858.948	  8
    3859.052	  8
    3859.344	  8
    3859.750	  8
    3860.076	  8
    3860.524	  8
    3860.856	  8
    3861.352	  8
    3861.724	  8
    3861.754	  8
    3861.842	  8
    3862.532	  8
    3863.224	  8
    3863.408	  8
    3863.812	  8
    3864.492	  8
    3864.616	  8
    3864.940	  8
    3865.306	  8
    3865.690	  8
    3866.024	  8
    3866.578	  8
    3866.978	  8
    3867.170	  8
    3867.466	  8
    3867.840	  8
    3868.088	  8
    3868.500	  8
    3868.916	  8
    3869.218	  8
    3869.506	  8
    3870.438	  8
    3870.548	  8
    3870.850	  8
    3871.364	  8
    3871.650	  8
    3872.248	  8
    3872.772	  8
    3873.090	  8
    3873.204	  8
    3873.770	  8
    3874.044	  8
    3874.898	  8
    3875.152	  8
    3875.452	  8
    3875.718	  8
    3876.092	  8
    3876.278	  8
    3876.844	  8
    3877.420	  8
    3877.620	  8
    3878.152	  8
    3878.430	  8
    3878.694	  8
    3879.416	  8
    3879.934	  8
    3880.098	  8
    3880.550	  8
    3881.014	  8
    3881.322	  8
    3881.646	  8
    3881.968	  8
    3882.336	  8
    3882.844	  8
    3883.142	  8
    3883.432	  8
    3883.870	  8
    3884.122	  8
    3884.592	  8
    3884.834	  8
    3885.164	  8
    3885.544	  8
    3885.874	  8
    3886.170	  8
    3886.312	  8
    3886.976	  8
    3887.298	  8
    3887.422	  8
    3889.260	  8
    3889.830	  8
    3890.490	  8
    3890.812	  8
    3891.976	  8
    3892.336	  8
    3892.966	  8
    3893.270	  8
    3893.432	  8
    3893.752	  8
    3894.050	  8
    3894.358	  8
    3894.560	  8
    3895.232	  8
    3895.606	  8
    3895.978	  8
    3896.174	  8
    3896.418	  8
    3896.694	  8
    3897.414	  8
    3897.728	  8
    3897.988	  8
    3899.634	  8
    3900.260	  8
    3900.580	  8
    3901.186	  8
    3901.534	  8
    3902.298	  8
    3902.512	  8
    3903.566	  8
    3904.072	  8
    3904.536	  8
    3904.856	  8
    3905.332	  8
    3909.728	  8
    3909.968	  8
    3910.418	  8
    3910.656	  8
    3911.004	  8
    3911.208	  8
    3911.506	  8
    3911.920	  8
    3912.226	  8
    3912.756	  8
    3913.098	  8
    3913.346	  8
    3913.640	  8
    3914.236	  8
    3914.606	  8
    3914.792	  8
    3915.096	  8
    3915.216	  8
    3915.684	  8
    3916.328	  8
    3916.648	  8
    3916.954	  8
    3918.396	  8
    3918.696	  8
    3918.786	  8
    3919.250	  8
    3919.376	  8
    3919.714	  8
    3920.098	  8
    3920.386	  8
    3920.690	  8
    3921.158	  8
    3921.818	  8
    3923.366	  8
    3923.926	  8
    3923.992	  8
    3924.634	  8
    3924.782	  8
    3925.074	  8
    3925.406	  8
    3925.768	  8
    3926.136	  8
    3926.640	  8
    3926.926	  8
    3927.456	  8
    3927.770	  8
    3928.102	  8
    3928.322	  8
    3928.630	  8
    3928.970	  8
    3929.392	  8
    3929.660	  8
    3930.224	  8
    3930.484	  8
    3930.720	  8
    3931.932	  8
    3932.608	  8
    3932.862	  8
    3933.282	  8
    3933.578	  8
    3933.892	  8
    3934.044	  8
    3934.348	  8
    3934.626	  8
    3935.026	  8
    3935.348	  8
    3937.028	  8
    3937.314	  8
    3937.560	  8
    3937.742	 53
    3937.752	 20
    3937.752	 27
    3937.802	  8
    3938.452	  8
    3943.414	  8
    3957.772	 50
    3957.782	 10
    3962.182	  8
    3962.546	  8
    3964.094	  8
    3964.390	  8
    3969.010	  8
    3969.196	  8
    3969.820	  8
    3970.482	  8
    3970.750	  8
    3971.312	  8
    3972.128	  8
    3972.508	  8
    3973.764	  8
    3974.106	  8
    3974.366	  8
    3974.658	  8
    3975.200	  8
    3975.544	  8
    3976.324	  8
    3976.824	  8
    3977.280	  8
    3977.570	  8
    3978.024	  8
    3978.424	  8
    3978.758	  8
    3978.980	  8
    3979.640	  8
    3980.272	  8
    3980.478	  8
    3980.770	  8
    3981.088	  8
    3981.502	  8
    3981.652	  8
    3982.166	  8
    3982.552	  8
    3983.202	  8
    3983.430	  8
    3983.700	  8
    3983.972	  8
    3984.422	  8
    3985.526	  8
    3985.580	  8
    3985.978	  8
    3986.308	  8
    3986.650	  8
    3986.788	  8
    3987.192	  8
    3987.692	  8
    3987.782	 53
    3988.318	  8
    3988.318	 20
    3988.318	 27
    3988.328	 28
    3988.328	 19
    3988.428	 29
    3988.598	  9
    4008.448	 51
    4008.458	 18
    4066.796	  8
    4068.458	 53
    4069.370	  8
    4069.370	 20
    4069.370	 27
    4069.380	 28
    4069.380	 19
    4069.480	 29
    4069.650	  9
    4089.500	 51
    4089.510	 18
    4149.510	 53
    4153.764	  8
    4153.764	 20
    4153.764	 27
    4153.774	 28
    4153.774	 19
    4153.824	  8
    4153.874	 29
    4154.044	  9
    4154.992	  8
    4173.894	 52
    4173.904	 17
    4186.320	  8
    4186.662	  8
    4189.150	  8
    4274.052	  8
    4274.310	  8
    4274.462	  8
    4274.704	  8
    4275.130	  8
    4275.634	  8
    4276.078	  8
    4276.576	  8
    4276.932	  8
    4277.170	  8
    4277.802	  8
    4278.130	  8
    4278.512	  8
    4278.572	  8
    4278.896	  8
    4279.348	  8
    4279.670	  8
    4279.948	  8
    4280.366	  8
    4280.728	  8
    4281.324	  8
    4281.752	  8
    4281.974	  8
    4282.482	  8
    4283.008	  8
    4283.342	  8
    4284.596	  8
    4285.012	  8
    4285.260	  8
    4285.694	  8
    4285.992	  8
    4286.624	  8
    4287.092	  8
    4287.366	  8
    4287.704	  8
    4287.976	  8
    4288.382	  8
    4289.072	  8
    4289.244	  8
    4289.564	  8
    4289.872	  8
    4290.100	  8
    4290.294	  8
    4290.762	  8
    4291.012	  8
    4291.276	  8
    4291.602	  8
    4292.062	  8
    4292.558	  8
    4293.296	  8
    4293.698	  8
    4293.904	 53
    4293.914	 20
    4293.914	 27
    4294.134	  8
    4294.716	  8
    4295.064	  8
    4295.302	  8
    4295.604	  8
    4301.758	  8
    4302.054	  8
    4313.934	 52
    4313.944	 17
    4408.016	  8
    4408.676	  8
    4409.634	  8
    4410.166	  8
    4410.566	  8
    4410.740	  8
    4411.118	  8
    4411.390	  8
    4412.262	  8
    4412.678	  8
    4413.096	  8
    4413.560	  8
    4414.030	  8
    4414.354	  8
    4415.358	  8
    4415.630	  8
    4415.696	  8
    4415.952	  8
    4416.526	  8
    4417.632	  8
    4418.004	  8
    4418.402	  8
    4418.656	  8
    4419.572	  8
    4420.024	  8
    4420.316	  8
    4420.672	  8
    4420.876	  8
    4421.626	  8
    4421.924	  8
    4422.202	  8
    4422.588	  8
    4423.120	  8
    4423.372	  8
    4423.480	  8
    4424.086	  8
    4424.758	  8
    4424.934	  8
    4425.312	  8
    4425.386	  8
    4425.584	  8
    4425.996	  8
    4426.276	  8
    4426.742	  8
    4426.972	  8
    4427.402	  8
    4427.678	  8
    4427.936	  8
    4428.362	  8
    4428.734	  8
    4429.058	  8
    4429.194	  8
    4429.620	  8
    4429.884	  8
    4430.390	  8
    4430.928	  8
    4431.202	  8
    4431.520	  8
    4431.694	  8
    4432.538	  8
    4432.996	  8
    4433.334	  8
    4433.556	  8
    4433.800	  8
    4433.944	 53
    4433.954	 20
    4433.954	 27
    4434.144	  8
    4435.126	  8
    4437.184	  8
    4437.530	  8
    4453.974	 50
    4453.984	 10
    4462.550	  8
    4462.684	  8
    4464.378	  8
    4464.776	  8
    4466.238	  8
    4466.718	  8
    4468.004	  8
    4468.292	  8
    4469.542	  8
    4469.946	  8
    4472.456	  8
    4473.060	  8
    4473.490	  8
    4473.756	  8
    4474.118	  8
    4474.486	  8
    4474.950	  8
    4475.250	  8
    4475.600	  8
    4476.002	  8
    4476.386	  8
    4476.884	  8
    4477.740	  8
    4478.280	  8
    4478.566	  8
    4479.016	  8
    4479.380	  8
    4480.290	  8
    4480.942	  8
    4481.264	  8
    4481.646	  8
    4482.754	  8
    4483.016	  8
    4483.520	  8
    4483.760	  8
    4483.984	 53
    4484.026	  8
    4484.026	 20
    4484.026	 27
    4484.036	 28
    4484.036	 19
    4484.136	 29
    4484.260	  9
    4504.156	 51
    4504.166	 18
    4564.166	 53
    4566.148	  8
    4566.148	 20
    4566.148	 27
    4566.158	 28
    4566.158	 19
    4566.258	 29
    4566.428	  9
    4586.278	 51
    4586.288	 18
    4641.058	  8
    4641.142	  8
    4643.600	  8
    4643.900	  8
    4644.136	  8
    4644.462	  8
    4644.814	  8
    4645.288	  8
    4645.664	  8
    4646.032	  8
    4646.288	 53
    4646.348	  8
    4646.348	 20
    4646.348	 27
    4646.358	 28
    4646.358	 19
    4646.458	 29
    4646.628	  9
    4666.478	 51
    4666.488	 18
    4724.284	  8
    4724.672	  8
    4725.024	  8
    4725.418	  8
    4725.828	  8
    4726.272	  8
    4726.488	 53
    4726.650	  8
    4726.650	 20
    4726.650	 27
    4726.660	 28
    4726.660	 19
    4726.760	 29
    4726.828	  8
    4726.930	  9
    4727.782	  8
    4746.780	 50
    4746.790	 10
    4760.362	  8
    4760.832	  8
    4761.120	  8
    4761.424	  8
    4761.816	  8
    4762.094	  8
    4762.550	  8
    4762.736	  8
    4763.362	  8
    4763.936	  8
    4764.320	  8
    4764.618	  8
    4764.838	  8
    4765.964	  8
    4766.306	  8
    4766.766	  8
    4767.088	  8
    4767.206	  8
    4767.584	  8
    4768.176	  8
    4768.420	  8
    4769.600	  8
    4770.146	  8
    4770.546	  8
    4770.988	  8
    4771.356	  8
    4772.392	  8
    4773.198	  8
    4773.542	  8
    4773.910	  8
    4774.214	  8
    4774.656	  8
    4774.916	  8
    4775.216	  8
    4775.586	  8
    4775.802	  8
    4776.044	  8
    4776.510	  8
    4776.790	 53
    4777.038	  8
    4777.038	 20
    4777.038	 27
    4777.048	 28
    4777.048	 19
    4777.148	 29
    4777.318	  9
    4778.460	  8
    4797.168	 52
    4797.178	 17
    4806.682	  8
    4810.620	  8
    4821.094	  7
    4821.450	  7
    4821.598	  7
    4822.080	  7
    4822.354	  7
    4822.700	  7
    4823.298	  7
    4826.266	  7
    4826.396	  7
    4829.232	  7
    4829.370	  7
    4829.678	  7
    4829.982	  7
    4830.174	  7
    4830.324	  7
    4830.480	  7
    4830.652	  7
    4830.820	  7
    4830.962	  7
    4831.160	  7
    4831.332	  7
    4831.496	  7
    4831.984	  7
    4832.168	  7
    4832.298	  7
    4832.478	  7
    4832.626	  7
    4832.804	  7
    4832.960	  7
    4833.148	  7
    4833.278	  7
    4833.564	  7
    4833.702	  7
    4833.882	  7
    4834.226	  7
    4834.436	  7
    4834.546	  7
    4834.766	  7
    4834.898	  7
    4835.112	  7
    4835.236	  7
    4835.450	  7
    4835.594	  7
    4884.504	  8
    4884.794	  8
    4888.240	  8
    4888.378	  8
    4888.862	  8
    4890.154	  8
    4917.178	 53
    4917.188	 20
    4917.188	 27
    4937.208	 50
    4937.218	 10
    4951.266	  8
    4951.894	  8
    4952.264	  8
    4952.358	  8
    4952.762	  8
    4953.106	  8
    4955.462	  8
    4955.724	  8
    4956.082	  8
    4956.408	  8
    4956.804	  8
    4957.096	  8
    4957.272	  8
    4957.622	  8
    4957.994	  8
    4958.172	  8
    4958.382	  8
    4958.858	  8
    4959.588	  8
    4959.824	  8
    4960.100	  8
    4960.400	  8
    4960.976	  8
    4961.192	  8
    4961.548	  8
    4962.010	  8
    4962.642	  8
    4963.084	  8
    4963.986	  8
    4964.666	  8
    4965.668	  8
    4966.376	  8
    4966.754	  8
    4967.218	 53
    4967.510	  8
    4967.510	 20
    4967.510	 27
    4967.520	 28
    4967.520	 19
    4967.620	 29
    4967.790	  9
    4987.640	 50
    4987.650	 10
    5000.768	  8
    5001.184	  8
    5002.878	  8
    5003.292	  8
    5003.654	  8
    5004.104	  8
    5004.292	  8
    5004.508	  8
    5005.322	  8
    5005.556	  8
    5005.924	  8
    5007.372	  8
    5007.716	  8
    5008.124	  8
    5008.360	  8
    5008.562	  8
    5008.678	  8
    5009.098	  8
    5009.468	  8
    5009.778	  8
    5010.234	  8
    5010.656	  8
    5011.248	  8
    5011.556	  8
    5012.040	  8
    5012.412	  8
    5013.072	  8
    5013.540	  8
    5013.972	  8
    5014.520	  8
    5014.946	  8
    5015.436	  8
    5015.938	  8
    5016.314	  8
    5016.906	  8
    5017.372	  8
    5017.650	 53
    5017.924	  8
    5017.924	 20
    5017.924	 27
    5017.934	 28
    5017.934	 19
    5018.034	 29
    5018.204	  9
    5018.784	  8
    5038.054	 52
    5038.064	 17
    5041.992	  8
    5073.464	  8
    5073.598	  8
    5074.836	  8
    5136.230	  8
    5136.294	  8
    5136.490	  8
    5136.946	  8
    5137.596	  8
    5144.326	  8
    5144.382	  8
    5144.676	  8
    5154.432	  8
    5154.608	  8
    5155.076	  8
    5155.552	  8
    5156.134	  8
    5156.408	  8
    5156.468	  8
    5158.064	 53
    5158.074	 20
    5158.074	 27
    5178.094	 50
    5178.104	 10
    5191.146	  8
    5208.104	 53
    5213.090	  8
    5213.090	 20
    5213.090	 27
    5213.100	 28
    5213.100	 19
    5213.200	 29
    5213.210	 61
