   62801.836	  8
   62802.266	  8
   62802.354	  8
   62802.758	  8
   62803.306	  8
   62804.498	  8
   62805.090	  8
   62806.076	  8
   62806.722	  8
   62806.828	  8
   62807.534	  8
   62808.222	  8
   62820.962	  8
   62821.176	  8
   62821.504	  8
      20.010	 52
      20.020	 18
      24.212	  8
      24.294	  8
      68.546	  8
      69.026	  8
      91.804	  8
     122.830	  8
     123.042	  8
     140.020	 53
     141.024	  8
     141.024	 20
     141.024	 27
     141.034	 28
     141.034	 19
     141.134	 29
     141.302	  9
     141.330	  8
     143.274	  8
     161.154	 52
     161.164	 18
     167.188	  6
     169.086	  8
     169.404	  8
     169.652	  8
     170.056	  8
     186.888	  8
     187.070	  8
     187.710	  8
     193.444	  8
     193.520	  8
     193.734	  8
     197.918	  8
     198.224	  8
     199.616	  8
     201.656	  8
     201.990	  8
     209.268	  8
     209.334	  8
     213.900	  8
     214.628	  8
     215.022	  8
     215.246	  8
     216.556	  8
     220.166	  8
     220.302	  8
     220.564	  8
     220.984	  8
     221.456	  8
     221.836	  8
     223.542	  8
     223.870	  8
     224.572	  8
     226.358	  8
     226.662	  8
     227.174	  8
     227.802	  8
     228.210	  8
     228.462	  8
     230.576	  8
     232.606	  8
     232.740	  8
     233.254	  8
     233.598	  8
     233.904	  8
     234.440	  8
     234.754	  8
     235.430	  8
     235.728	  8
     235.956	  8
     239.030	  8
     239.396	  8
     239.800	  8
     240.132	  8
     240.664	  8
     241.428	  8
     241.796	  8
     242.054	  8
     243.530	  8
     243.940	  8
     244.310	  8
     244.812	  8
     245.226	  8
     246.826	  8
     247.344	  8
     247.628	  8
     247.784	  8
     250.200	  8
     250.822	  8
     251.372	  8
     251.862	  8
     252.360	  8
     253.962	  8
     254.170	  8
     254.786	  8
     255.144	  8
     255.988	  8
     256.290	  8
     256.776	  8
     258.174	  8
     258.402	  8
     259.928	  8
     260.528	  8
     260.976	  8
     261.200	  8
     261.426	  8
     264.312	  8
     264.810	  8
     265.562	  8
     266.446	  8
     266.870	  8
     267.170	  8
     267.782	  8
     272.394	  8
     272.416	  8
     272.774	  8
     273.226	  8
     274.056	  8
     281.164	 53
     286.854	  8
     286.854	 20
     286.854	 27
     286.864	 28
     286.864	 19
     286.964	 29
     287.104	  8
     287.132	  9
     306.984	 50
     306.994	 10
     313.414	  8
     317.256	  8
     318.810	  8
     319.516	  8
     321.208	  8
     321.744	  8
     322.306	  8
     323.800	  8
     324.446	  8
     325.042	  8
     325.700	  8
     326.978	  8
     327.050	  8
     327.656	  8
     328.214	  8
     329.260	  8
     329.506	  8
     329.804	  8
     330.048	  8
     330.476	  8
     331.004	  8
     331.454	  8
     331.972	  8
     333.538	  8
     334.244	  8
     334.762	  8
     335.190	  8
     335.430	  8
     335.870	  8
     336.318	  8
     336.542	  8
     336.994	 53
     337.004	 20
     337.004	 27
     337.410	  8
     339.356	  8
     339.640	  8
     340.046	  8
     357.024	 50
     357.034	 10
     362.266	  8
     362.546	  8
     367.170	  8
     367.760	  8
     368.248	  8
     371.222	  8
     371.690	  8
     372.760	  8
     373.442	  8
     374.010	  8
     374.534	  8
     374.578	  8
     375.172	  8
     375.936	  8
     376.290	  8
     376.438	  8
     376.716	  8
     377.406	  8
     378.210	  8
     378.446	  8
     379.012	  8
     380.496	  8
     380.960	  8
     381.582	  8
     381.972	  8
     382.240	  8
     383.000	  8
     383.710	  8
     383.902	  8
     384.418	  8
     384.554	  8
     385.108	  8
     385.428	  8
     385.494	  8
     385.860	  8
     386.088	  8
     386.576	  8
     386.900	  8
     387.034	 53
     387.044	 20
     387.044	 27
     387.248	  8
     388.202	  8
     388.770	  8
     389.128	  8
     389.748	  8
     390.422	  8
     391.020	  8
     392.532	  8
     392.878	  8
     393.434	  8
     393.834	  8
     407.064	 51
     407.074	 17
     431.070	  8
     431.176	  8
     431.812	  8
     432.174	  8
     432.706	  8
     433.302	  8
     434.060	  8
     434.354	  8
     434.578	  8
     436.514	  8
     437.438	  8
     438.200	  8
     438.846	  8
     439.260	  8
     439.462	  8
     444.128	  8
     444.534	  8
     445.258	  8
     445.958	  8
     448.044	  8
     448.750	  8
     449.286	  8
     449.876	  8
     450.478	  8
     451.304	  8
     451.752	  8
     451.874	  8
     453.142	  8
     454.124	  8
     454.184	  8
     454.776	  8
     455.032	  8
     455.900	  8
     456.600	  8
     456.832	  8
     458.114	  8
     458.282	  8
     459.042	  8
     459.634	  8
     460.222	  8
     460.502	  8
     460.560	  8
     461.684	  8
     463.570	  8
     463.978	  8
     464.646	  8
     465.286	  8
     465.978	  8
     466.484	  8
     466.862	  8
     467.074	 53
     467.106	  8
     467.106	 20
     467.106	 27
     467.116	 28
     467.116	 19
     467.216	 29
     467.384	  9
     467.524	  8
     469.560	  8
     487.236	 51
     487.246	 17
     504.198	  8
     518.120	  8
     518.188	  8
     518.626	  8
     519.112	  8
     520.766	  8
     521.018	  8
     522.262	  8
     523.116	  8
     523.528	  8
     528.032	  8
     529.204	  8
     530.034	  8
     530.304	  8
     531.172	  8
     531.736	  8
     532.056	  8
     533.420	  8
     534.756	  8
     534.982	  8
     535.368	  8
     536.010	  8
     536.908	  8
     537.382	  8
     537.706	  8
     538.250	  8
     538.922	  8
     540.006	  8
     540.534	  8
     541.606	  8
     542.044	  8
     543.282	  8
     543.466	  8
     543.932	  8
     544.418	  8
     544.672	  8
     544.978	  8
     546.090	  8
     546.470	  8
     546.962	  8
     547.246	 53
     548.266	  8
     548.266	 20
     548.266	 27
     548.276	 28
     548.276	 19
     548.376	 29
     548.544	  9
     548.790	  8
     550.772	  8
     568.396	 51
     568.406	 17
     614.030	  8
     615.210	  8
     616.722	  8
     617.726	  8
     618.306	  8
     618.722	  8
     619.166	  8
     619.742	  8
     620.008	  8
     620.480	  8
     621.032	  8
     621.592	  8
     623.462	  8
     624.040	  8
     624.738	  8
     624.924	  8
     626.036	  8
     626.424	  8
     626.972	  8
     627.248	  8
     628.224	  8
     628.406	 53
     629.208	  8
     629.208	 20
     629.208	 27
     629.218	 28
     629.218	 19
     629.318	 29
     629.486	  9
     629.536	  8
     630.942	  8
     631.144	  8
     631.250	  8
     631.378	  8
     649.338	 50
     649.348	 10
     659.502	  8
     668.598	  8
     668.702	  8
     669.210	  8
     669.298	  8
     669.380	  8
     669.506	  8
     671.954	  8
     673.722	  8
     673.822	  8
     674.922	  8
     676.196	  8
     676.636	  8
     677.418	  8
     677.638	  8
     678.270	  8
     678.564	  8
     679.348	 53
     679.358	 20
     679.358	 27
     681.896	  8
     682.316	  8
     699.378	 51
     699.388	 17
     729.336	  8
     735.258	  8
     735.582	  8
     736.126	  8
     736.534	  8
     745.026	  8
     745.580	  8
     748.552	  8
     749.676	  8
     750.258	  8
     751.816	  8
     752.140	  8
     752.828	  8
     753.926	  8
     755.324	  8
     755.576	  8
     756.078	  8
     756.374	  8
     756.638	  8
     756.850	  8
     757.914	  8
     758.538	  8
     759.046	  8
     759.388	 53
     759.634	  8
     759.634	 20
     759.634	 27
     759.644	 28
     759.644	 19
     759.744	 29
     759.912	  9
     760.052	  8
     779.764	 52
     779.774	 18
     834.288	  8
     834.594	  8
     854.976	  8
     855.074	  8
     855.428	  8
     860.450	  8
     860.916	  8
     861.502	  8
     871.020	  8
     871.684	  8
     890.380	  8
     891.552	  8
     892.410	  8
     892.852	  8
     893.150	  8
     895.554	  8
     899.774	 53
     936.098	  8
     936.098	 20
     936.098	 27
     936.108	 28
     936.108	 19
     936.162	  8
     936.208	 29
     936.360	  8
     936.376	  9
     938.176	  8
     956.228	 51
     956.238	 17
     968.308	  8
     968.370	  8
    1014.462	  8
    1014.988	  8
    1015.664	  8
    1016.238	 53
    1016.416	  8
    1016.416	 20
    1016.416	 27
    1016.426	 28
    1016.426	 19
    1016.526	 29
    1016.668	  9
    1016.746	  8
    1036.546	 52
    1036.556	 18
    1062.476	  8
    1105.394	  8
    1108.736	  8
    1109.942	  8
    1120.270	  8
    1120.360	  8
    1121.682	  8
    1151.504	  8
    1156.556	 53
    1164.166	  8
    1164.166	 20
    1164.166	 27
    1164.176	 28
    1164.176	 19
    1164.194	  8
    1164.276	 29
    1164.404	  8
    1164.444	  9
    1165.134	  8
    1184.296	 52
    1184.306	 18
    1218.560	  8
    1218.778	  8
    1219.162	  8
    1242.020	  8
    1242.828	  8
    1243.482	  8
    1244.338	  8
    1244.616	  8
    1253.808	  8
    1257.484	  8
    1257.794	  8
    1261.032	  8
    1261.264	  8
    1266.886	  8
    1267.080	  8
    1267.596	  8
    1269.274	  8
    1269.810	  8
    1270.316	  8
    1271.220	  8
    1275.330	  8
    1275.826	  8
    1276.758	  8
    1277.786	  8
    1278.264	  8
    1281.672	  8
    1281.880	  8
    1282.422	  8
    1282.824	  8
    1289.402	  8
    1289.604	  8
    1290.892	  8
    1291.964	  8
    1292.946	  8
    1293.566	  8
    1294.290	  8
    1296.088	  8
    1297.106	  8
    1297.480	  8
    1299.726	  8
    1300.874	  8
    1301.030	  8
    1302.516	  8
    1302.832	  8
    1303.606	  8
    1304.212	  8
    1304.306	 53
    1305.392	  8
    1305.392	 20
    1305.392	 27
    1305.402	 28
    1305.402	 19
    1305.502	 29
    1305.670	  9
    1305.812	  8
    1325.522	 50
    1325.532	 10
    1333.392	  8
    1335.072	  8
    1338.262	  8
    1338.338	  8
    1340.180	  8
    1342.558	  8
    1342.924	  8
    1344.892	  8
    1345.028	  8
    1345.562	  8
    1346.194	  8
    1346.466	  8
    1347.108	  8
    1347.348	  8
    1347.808	  8
    1348.038	  8
    1349.274	  8
    1350.148	  8
    1350.592	  8
    1350.856	  8
    1351.312	  8
    1351.620	  8
    1352.446	  8
    1353.720	  8
    1354.032	  8
    1354.142	  8
    1354.864	  8
    1355.086	  8
    1355.532	 53
    1355.542	 20
    1355.542	 27
    1356.090	  8
    1356.690	  8
    1368.950	  8
    1369.478	  8
    1369.526	  8
    1370.336	  8
    1372.128	  8
    1372.536	  8
    1372.892	  8
    1373.248	  8
    1375.562	 51
    1375.572	 17
    1393.134	  8
    1394.152	  8
    1395.124	  8
    1395.522	  8
    1396.326	  8
    1397.114	  8
    1397.792	  8
    1398.970	  8
    1400.006	  8
    1400.230	  8
    1400.988	  8
    1401.302	  8
    1402.104	  8
    1402.568	  8
    1403.280	  8
    1404.014	  8
    1404.846	  8
    1405.336	  8
    1405.650	  8
    1406.172	  8
    1407.078	  8
    1408.092	  8
    1408.346	  8
    1409.454	  8
    1409.620	  8
    1410.072	  8
    1411.116	  8
    1411.586	  8
    1412.788	  8
    1413.178	  8
    1414.396	  8
    1414.558	  8
    1414.816	  8
    1415.114	  8
    1415.378	  8
    1416.294	  8
    1416.466	  8
    1416.914	  8
    1417.240	  8
    1417.978	  8
    1419.066	  8
    1419.334	  8
    1419.416	  8
    1420.028	  8
    1420.536	  8
    1421.006	  8
    1422.008	  8
    1422.374	  8
    1423.318	  8
    1423.666	  8
    1424.230	  8
    1424.776	  8
    1425.210	  8
    1425.534	  8
    1426.314	  8
    1426.466	  8
    1426.794	  8
    1429.224	  8
    1429.680	  8
    1430.366	  8
    1431.600	  8
    1432.136	  8
    1432.592	  8
    1432.888	  8
    1433.002	  8
    1433.510	  8
    1434.258	  8
    1434.732	  8
    1435.102	  8
    1435.348	  8
    1435.572	 53
    1435.620	  8
    1435.620	 20
    1435.620	 27
    1435.630	 28
    1435.630	 19
    1435.730	 29
    1435.898	  9
    1435.980	  8
    1437.632	  8
    1455.750	 52
    1455.760	 18
    1494.384	  8
    1494.508	  8
    1496.032	  8
    1497.534	  8
    1497.598	  8
    1509.864	  8
    1510.752	  8
    1512.638	  8
    1515.102	  8
    1520.336	  8
    1520.872	  8
    1521.382	  8
    1523.626	  8
    1525.006	  8
    1526.708	  8
    1527.520	  8
    1528.534	  8
    1529.428	  8
    1529.736	  8
    1529.800	  8
    1540.256	  8
    1540.782	  8
    1540.920	  8
    1541.124	  8
    1541.690	  8
    1542.330	  8
    1543.056	  8
    1543.882	  8
    1544.218	  8
    1545.430	  8
    1545.848	  8
    1547.144	  8
    1547.586	  8
    1547.996	  8
    1548.704	  8
    1549.306	  8
    1550.096	  8
    1555.736	  8
    1555.946	  8
    1556.678	  8
    1557.352	  8
    1557.958	  8
    1558.750	  8
    1559.548	  8
    1560.652	  8
    1560.910	  8
    1561.286	  8
    1563.464	  8
    1564.030	  8
    1568.688	  8
    1568.742	  8
    1569.466	  8
    1570.102	  8
    1570.896	  8
    1571.650	  8
    1572.766	  8
    1573.440	  8
    1574.120	  8
    1574.732	  8
    1574.978	  8
    1575.760	 53
    1576.070	  8
    1576.070	 20
    1576.070	 27
    1576.080	 28
    1576.080	 19
    1576.180	 29
    1576.348	  9
    1576.430	  8
    1579.958	  8
    1596.200	 52
    1596.210	 18
    1615.652	  8
    1648.088	  8
    1648.178	  8
    1649.190	  8
    1650.602	  8
    1665.280	  8
    1667.428	  8
    1668.126	  8
    1668.602	  8
    1669.188	  8
    1670.072	  8
    1671.268	  8
    1671.710	  8
    1672.260	  8
    1672.680	  8
    1673.276	  8
    1673.528	  8
    1674.210	  8
    1675.632	  8
    1676.438	  8
    1677.344	  8
    1677.680	  8
    1678.224	  8
    1678.836	  8
    1680.048	  8
    1680.358	  8
    1680.750	  8
    1680.842	  8
    1681.052	  8
    1681.694	  8
    1683.570	  8
    1684.734	  8
    1684.936	  8
    1685.402	  8
    1687.378	  8
    1689.970	  8
    1690.758	  8
    1691.630	  8
    1692.320	  8
    1693.012	  8
    1693.602	  8
    1694.916	  8
    1695.262	  8
    1695.864	  8
    1696.432	  8
    1697.018	  8
    1697.298	  8
    1698.100	  8
    1698.550	  8
    1699.144	  8
    1699.624	  8
    1700.446	  8
    1701.088	  8
    1701.688	  8
    1703.060	  8
    1703.296	  8
    1703.880	  8
    1704.600	  8
    1704.700	  8
    1706.240	  8
    1706.558	  8
    1706.764	  8
    1707.242	  8
    1707.428	  8
    1708.008	  8
    1708.534	  8
    1708.988	  8
    1709.408	  8
    1709.750	  8
    1710.610	  8
    1710.868	  8
    1711.296	  8
    1712.748	  8
    1713.104	  8
    1713.428	  8
    1714.796	  8
    1715.190	  8
    1715.566	  8
    1716.118	  8
    1716.210	 53
    1716.618	  8
    1716.618	 20
    1716.618	 27
    1716.628	 28
    1716.628	 19
    1716.728	 29
    1716.890	  8
    1716.896	  9
    1718.126	  8
    1736.748	 50
    1736.758	 10
    1741.522	  8
    1742.886	  8
    1766.758	 53
    1766.768	 20
    1766.768	 27
    1786.788	 50
    1786.798	 10
    1789.986	  8
    1791.382	  8
    1791.920	  8
    1792.656	  8
    1792.734	  8
    1793.006	  8
    1793.704	  8
    1794.508	  8
    1796.898	  8
    1796.974	  8
    1797.278	  8
    1797.944	  8
    1798.562	  8
    1799.718	  8
    1800.832	  8
    1801.364	  8
    1801.626	  8
    1802.268	  8
    1803.068	  8
    1803.362	  8
    1803.880	  8
    1804.804	  8
    1805.288	  8
    1805.766	  8
    1805.890	  8
    1806.528	  8
    1806.922	  8
    1807.424	  8
    1807.684	  8
    1808.452	  8
    1808.800	  8
    1809.656	  8
    1809.914	  8
    1810.374	  8
    1810.830	  8
    1811.052	  8
    1811.312	  8
    1811.644	  8
    1812.144	  8
    1812.748	  8
    1812.964	  8
    1813.218	  8
    1813.624	  8
    1814.040	  8
    1814.654	  8
    1815.080	  8
    1815.640	  8
    1815.726	  8
    1816.798	 53
    1816.808	 20
    1816.808	 27
    1817.250	  8
    1818.430	  8
    1818.994	  8
    1819.406	  8
    1836.828	 52
    1836.838	 18
    1851.300	  8
    1877.742	  8
    1877.936	  8
    1878.668	  8
    1879.228	  8
    1879.574	  8
    1881.276	  8
    1882.268	  8
    1883.426	  8
    1883.726	  8
    1884.284	  8
    1884.648	  8
    1885.690	  8
    1886.412	  8
    1888.806	  8
    1888.996	  8
    1889.532	  8
    1890.046	  8
    1890.740	  8
    1891.172	  8
    1891.546	  8
    1892.090	  8
    1892.648	  8
    1893.496	  8
    1893.724	  8
    1894.316	  8
    1895.090	  8
    1895.288	  8
    1895.594	  8
    1896.100	  8
    1896.406	  8
    1896.830	  8
    1896.864	  8
    1897.472	  8
    1897.770	  8
    1898.988	  8
    1899.226	  8
    1899.742	  8
    1900.198	  8
    1901.134	  8
    1901.510	  8
    1902.132	  8
    1902.474	  8
    1904.052	  8
    1904.340	  8
    1904.798	  8
    1905.518	  8
    1906.384	  8
    1907.722	  8
    1908.472	  8
    1908.720	  8
    1909.386	  8
    1909.658	  8
    1910.190	  8
    1910.268	  8
    1910.834	  8
    1911.832	  8
    1912.164	  8
    1912.802	  8
    1915.452	  8
    1915.962	  8
    1916.736	  8
    1917.232	  8
    1917.928	  8
    1918.388	  8
    1918.850	  8
    1919.184	  8
    1919.868	  8
    1920.312	  8
    1920.966	  8
    1921.194	  8
    1921.276	  8
    1922.310	  8
    1923.296	  8
    1923.556	  8
    1923.992	  8
    1925.316	  8
    1925.576	  8
    1925.994	  8
    1926.082	  8
    1927.306	  8
    1927.552	  8
    1927.976	  8
    1928.440	  8
    1928.720	  8
    1929.056	  8
    1929.288	  8
    1929.412	  8
    1930.090	  8
    1930.242	  8
    1930.756	  8
    1931.200	  8
    1931.980	  8
    1932.052	  8
    1932.262	  8
    1932.604	  8
    1933.384	  8
    1933.658	  8
    1933.862	  8
    1934.224	  8
    1935.234	  8
    1935.506	  8
    1936.008	  8
    1936.656	  8
    1936.938	  8
    1937.084	  8
    1938.248	  8
    1938.894	  8
    1939.344	  8
    1939.954	  8
    1940.428	  8
    1941.052	  8
    1942.408	  8
    1942.706	  8
    1943.176	  8
    1943.684	  8
    1944.300	  8
    1944.828	  8
    1945.480	  8
    1946.066	  8
    1946.610	  8
    1946.938	  8
    1947.478	  8
    1947.810	  8
    1948.452	  8
    1949.918	  8
    1950.540	  8
    1950.986	  8
    1952.062	  8
    1953.208	  8
    1953.724	  8
    1954.968	  8
    1955.354	  8
    1955.796	  8
    1956.356	  8
    1956.838	 53
    1957.192	  8
    1957.192	 20
    1957.192	 27
    1957.202	 28
    1957.202	 19
    1957.302	 29
    1957.470	  9
    1957.516	  8
    1960.138	  8
    1960.766	  8
    1977.322	 50
    1977.332	 10
    1994.012	  8
    1994.130	  8
    1996.892	  8
    1997.632	  8
    2004.252	  8
    2004.582	  8
    2007.332	 53
    2007.342	 20
    2007.342	 27
    2014.164	  8
    2014.362	  8
    2027.362	 51
    2027.372	 17
    2037.612	  5
    2042.534	  8
    2043.664	  8
    2044.356	  8
    2064.622	  8
    2065.102	  8
    2065.454	  8
    2066.322	  8
    2066.498	  8
    2067.224	  8
    2067.614	  8
    2068.444	  8
    2068.938	  8
    2069.384	  8
    2069.810	  8
    2070.316	  8
    2071.074	  8
    2071.456	  8
    2072.124	  8
    2072.614	  8
    2073.146	  8
    2073.926	  8
    2074.254	  8
    2074.558	  8
    2074.856	  8
    2076.236	  8
    2076.644	  8
    2076.974	  8
    2078.522	  8
    2078.712	  8
    2078.862	  8
    2079.642	  8
    2079.918	  8
    2080.156	  8
    2080.428	  8
    2081.762	  8
    2082.192	  8
    2082.258	  8
    2082.678	  8
    2083.128	  8
    2083.998	  8
    2084.274	  8
    2084.544	  8
    2085.006	  8
    2085.302	  8
    2085.844	  8
    2086.606	  8
    2087.150	  8
    2087.372	 53
    2088.296	  8
    2088.296	 20
    2088.296	 27
    2088.306	 28
    2088.306	 19
    2088.406	 29
    2088.574	  9
    2088.604	  8
    2091.004	  8
    2108.426	 52
    2108.436	 18
    2141.248	  8
    2141.318	  8
    2169.082	  8
    2169.162	  8
    2170.040	  8
    2187.316	  8
    2187.898	  8
    2189.304	  8
    2190.844	  8
    2191.790	  8
    2191.858	  8
    2192.510	  8
    2192.990	  8
    2193.754	  8
    2194.770	  8
    2195.268	  8
    2195.744	  8
    2195.826	  8
    2197.048	  8
    2197.548	  8
    2198.398	  8
    2209.642	  8
    2209.724	  8
    2210.382	  8
    2210.462	  8
    2211.246	  8
    2212.574	  8
    2213.610	  8
    2214.970	  8
    2215.690	  8
    2217.040	  8
    2217.412	  8
    2218.228	  8
    2219.372	  8
    2219.814	  8
    2220.224	  8
    2220.426	  8
    2220.820	  8
    2221.340	  8
    2222.030	  8
    2222.178	  8
    2222.850	  8
    2223.290	  8
    2223.710	  8
    2223.920	  8
    2224.666	  8
    2225.586	  8
    2226.096	  8
    2226.594	  8
    2226.926	  8
    2227.594	  8
    2227.928	  8
    2228.348	  8
    2228.436	 53
    2229.042	  8
    2229.042	 20
    2229.042	 27
    2229.052	 28
    2229.052	 19
    2229.152	 29
    2229.320	  9
    2229.476	  8
    2249.172	 52
    2249.182	 18
    2303.868	  8
    2350.146	  8
    2351.420	  8
    2351.846	  8
    2352.564	  8
    2353.222	  8
    2353.988	  8
    2355.094	  8
    2355.932	  8
    2356.328	  8
    2357.490	  8
    2358.536	  8
    2358.920	  8
    2359.590	  8
    2360.278	  8
    2361.542	  8
    2362.124	  8
    2362.184	  8
    2363.474	  8
    2364.112	  8
    2364.720	  8
    2365.840	  8
    2366.368	  8
    2366.676	  8
    2366.832	  8
    2368.808	  8
    2368.956	  8
    2369.182	 53
    2369.490	  8
    2369.490	 20
    2369.490	 27
    2369.500	 28
    2369.500	 19
    2369.600	 29
    2369.768	  9
    2369.852	  8
    2389.620	 50
    2389.630	 10
    2402.454	  8
    2405.300	  8
    2407.494	  8
    2409.298	  8
    2411.070	  8
    2411.176	  8
    2412.468	  8
    2412.552	  8
    2412.852	  8
    2413.364	  8
    2414.438	  8
    2414.708	  8
    2415.432	  8
    2416.108	  8
    2416.844	  8
    2418.592	  8
    2419.026	  8
    2419.220	  8
    2419.630	 53
    2419.640	 20
    2419.640	 27
    2420.224	  8
    2439.660	 52
    2439.670	 18
    2491.712	  8
    2492.588	  8
    2493.666	  8
    2494.310	  8
    2495.812	  8
    2496.744	  8
    2497.972	  8
    2501.620	  8
    2503.192	  8
    2503.580	  8
    2504.424	  8
    2504.546	  8
    2505.774	  8
    2506.170	  8
    2506.794	  8
    2507.326	  8
    2507.902	  8
    2508.788	  8
    2509.088	  8
    2509.178	  8
    2509.726	  8
    2510.630	  8
    2510.924	  8
    2511.720	  8
    2512.334	  8
    2513.024	  8
    2513.578	  8
    2514.844	  8
    2515.180	  8
    2515.568	  8
    2516.102	  8
    2516.564	  8
    2517.054	  8
    2518.138	  8
    2518.410	  8
    2518.960	  8
    2519.896	  8
    2520.542	  8
    2520.728	  8
    2521.366	  8
    2522.298	  8
    2522.818	  8
    2523.096	  8
    2523.910	  8
    2524.104	  8
    2525.536	  8
    2525.762	  8
    2526.212	  8
    2526.948	  8
    2527.434	  8
    2527.892	  8
    2528.762	  8
    2529.036	  8
    2529.492	  8
    2530.068	  8
    2530.390	  8
    2531.238	  8
    2531.670	  8
    2532.284	  8
    2532.756	  8
    2534.832	  8
    2535.050	  8
    2536.272	  8
    2537.100	  8
    2538.312	  8
    2539.184	  8
    2540.196	  8
    2540.964	  8
    2541.876	  8
    2541.978	  8
    2543.730	  8
    2543.992	  8
    2544.490	  8
    2545.346	  8
    2545.984	  8
    2546.422	  8
    2547.010	  8
    2547.464	  8
    2548.148	  8
    2548.712	  8
    2548.740	  8
    2549.044	  8
    2549.516	  8
    2549.982	  8
    2551.282	  8
    2551.514	  8
    2552.236	  8
    2552.818	  8
    2553.434	  8
    2554.050	  8
    2554.550	  8
    2555.006	  8
    2556.276	  8
    2556.518	  8
    2556.966	  8
    2557.142	  8
    2557.472	  8
    2557.742	  8
    2558.196	  8
    2558.814	  8
    2559.670	 53
    2559.718	  8
    2559.718	 20
    2559.718	 27
    2559.728	 28
    2559.728	 19
    2559.828	 29
    2559.996	  9
    2560.090	  8
    2564.352	  8
    2579.848	 51
    2579.858	 17
    2602.672	  8
    2620.174	  8
    2623.940	  8
    2626.446	  8
    2626.778	  8
    2627.398	  8
    2628.072	  8
    2628.118	  8
    2628.318	  8
    2628.450	  8
    2629.526	  8
    2630.118	  8
    2630.770	  8
    2631.050	  8
    2631.748	  8
    2632.252	  8
    2632.672	  8
    2632.878	  8
    2633.282	  8
    2634.250	  8
    2634.830	  8
    2635.122	  8
    2636.282	  8
    2636.522	  8
    2638.524	  8
    2638.666	  8
    2638.956	  8
    2639.858	 53
    2640.252	  8
    2640.252	 20
    2640.252	 27
    2640.262	 28
    2640.262	 19
    2640.362	 29
    2640.530	  9
    2640.604	  8
    2660.382	 50
    2660.392	 10
    2683.196	  8
    2684.574	  8
    2685.710	  8
    2686.354	  8
    2686.872	  8
    2687.260	  8
    2690.392	 53
    2690.402	 20
    2690.402	 27
    2691.168	  8
    2691.328	  8
    2710.422	 51
    2710.432	 17
    2722.050	  8
    2723.702	  8
    2724.022	  8
    2724.078	  8
    2725.060	  8
    2725.738	  8
    2726.532	  8
    2727.246	  8
    2729.500	  8
    2731.018	  8
    2732.480	  8
    2732.884	  8
    2734.286	  8
    2734.720	  8
    2735.466	  8
    2736.508	  8
    2736.802	  8
    2736.910	  8
    2737.320	  8
    2737.442	  8
    2737.966	  8
    2738.630	  8
    2738.768	  8
    2739.094	  8
    2739.746	  8
    2741.352	  8
    2742.104	  8
    2742.632	  8
    2743.036	  8
    2743.486	  8
    2743.802	  8
    2744.220	  8
    2745.494	  8
    2745.840	  8
    2746.254	  8
    2746.440	  8
    2746.928	  8
    2748.532	  8
    2749.072	  8
    2749.718	  8
    2750.176	  8
    2751.112	  8
    2751.448	  8
    2752.886	  8
    2753.120	  8
    2753.556	  8
    2754.884	  8
    2755.142	  8
    2755.442	  8
    2755.840	  8
    2756.250	  8
    2756.764	  8
    2756.966	  8
    2757.636	  8
    2758.084	  8
    2758.346	  8
    2758.460	  8
    2758.782	  8
    2759.858	  8
    2760.184	  8
    2761.558	  8
    2761.858	  8
    2762.632	  8
    2763.084	  8
    2763.336	  8
    2763.868	  8
    2764.508	  8
    2764.736	  8
    2765.594	  8
    2765.830	  8
    2766.258	  8
    2766.702	  8
    2767.126	  8
    2767.666	  8
    2768.220	  8
    2768.948	  8
    2770.432	 53
    2770.456	  8
    2770.456	 20
    2770.456	 27
    2770.466	 28
    2770.466	 19
    2770.566	 29
    2770.734	  9
    2770.748	  8
    2790.586	 52
    2790.596	 18
    2887.362	  8
    2887.824	  8
    2888.700	  8
    2890.150	  8
    2891.758	  8
    2891.918	  8
    2892.728	  8
    2893.262	  8
    2893.496	  8
    2893.650	  8
    2896.184	  8
    2896.830	  8
    2897.456	  8
    2898.016	  8
    2899.426	  8
    2899.836	  8
    2899.880	  8
    2901.020	  8
    2901.464	  8
    2902.030	  8
    2902.272	  8
    2902.876	  8
    2903.252	  8
    2903.870	  8
    2904.870	  8
    2905.964	  8
    2906.658	  8
    2906.934	  8
    2907.990	  8
    2908.362	  8
    2910.596	 53
    2911.372	  8
    2911.372	 20
    2911.372	 27
    2911.382	 28
    2911.382	 19
    2911.482	 29
    2911.650	  9
    2911.692	  8
    2912.306	  8
    2913.120	  8
    2918.134	  8
    2931.502	 51
    2931.512	 17
    2984.916	  8
    2985.104	  8
    2985.584	  8
    2986.272	  8
    2986.764	  8
    2987.160	  8
    2987.234	  8
    2987.724	  8
    2987.966	  8
    2988.422	  8
    2988.642	  8
    2989.114	  8
    2989.722	  8
    2990.502	  8
    2991.140	  8
    2991.380	  8
    2991.512	 53
    2992.426	  8
    2992.426	 20
    2992.426	 27
    2992.436	 28
    2992.436	 19
    2992.536	 29
    2992.704	  9
    2992.782	  8
    2995.452	  8
    3012.556	 51
    3012.566	 17
    3058.158	  8
    3061.052	  8
    3063.650	  8
    3065.164	  8
    3065.450	  8
    3065.920	  8
    3066.232	  8
    3068.070	  8
    3068.226	  8
    3069.068	  8
    3069.488	  8
    3070.492	  8
    3070.866	  8
    3071.544	  8
    3071.822	  8
    3072.566	 53
    3073.418	  8
    3073.418	 20
    3073.418	 27
    3073.428	 28
    3073.428	 19
    3073.528	 29
    3073.696	  9
    3073.722	  8
    3075.114	  8
    3076.152	  8
    3093.548	 50
    3093.558	 10
    3123.254	  8
    3123.420	  8
    3123.558	 53
    3123.568	 20
    3123.568	 27
    3124.352	  8
    3124.396	  8
    3126.760	  8
    3143.588	 50
    3143.598	 10
    3147.198	  8
    3153.288	  8
    3153.326	  8
    3153.740	  8
    3154.514	  8
    3154.772	  8
    3155.322	  8
    3155.508	  8
    3155.802	  8
    3156.142	  8
    3156.792	  8
    3157.184	  8
    3157.854	  8
    3168.256	  8
    3173.598	 53
    3173.608	 20
    3173.608	 27
    3193.628	 51
    3193.638	 17
    3223.436	  8
    3223.494	  8
    3225.954	  8
    3226.054	  8
    3226.700	  8
    3227.224	  8
    3228.052	  8
    3229.022	  8
    3229.618	  8
    3230.296	  8
    3231.080	  8
    3231.694	  8
    3232.146	  8
    3233.138	  8
    3234.788	  8
    3235.588	  8
    3235.866	  8
    3236.196	  8
    3236.410	  8
    3237.576	  8
    3237.882	  8
    3239.110	  8
    3239.390	  8
    3240.200	  8
    3240.592	  8
    3241.200	  8
    3241.842	  8
    3242.934	  8
    3243.170	  8
    3243.990	  8
    3244.432	  8
    3244.828	  8
    3245.194	  8
    3245.878	  8
    3245.988	  8
    3246.480	  8
    3246.744	  8
    3247.440	  8
    3248.422	  8
    3248.862	  8
    3249.606	  8
    3249.872	  8
    3250.370	  8
    3250.982	  8
    3251.536	  8
    3252.658	  8
    3253.154	  8
    3253.494	  8
    3253.638	 53
    3253.890	  8
    3253.890	 20
    3253.890	 27
    3253.900	 28
    3253.900	 19
    3254.000	 29
    3254.168	  9
    3254.276	  8
    3274.020	 52
    3274.030	 18
    3350.770	  8
    3351.196	  8
    3353.410	  8
    3354.846	  8
    3355.500	  8
    3357.412	  8
    3358.798	  8
    3359.474	  8
    3360.104	  8
    3360.280	  8
    3361.042	  8
    3362.468	  8
    3364.028	  8
    3365.074	  8
    3365.760	  8
    3366.402	  8
    3367.184	  8
    3368.110	  8
    3369.108	  8
    3369.852	  8
    3371.818	  8
    3372.474	  8
    3373.334	  8
    3374.022	  8
    3374.800	  8
    3375.346	  8
    3375.886	  8
    3377.294	  8
    3378.154	  8
    3378.904	  8
    3379.428	  8
    3379.542	  8
    3381.260	  8
    3381.994	  8
    3382.678	  8
    3383.032	  8
    3383.324	  8
    3383.978	  8
    3385.144	  8
    3385.310	  8
    3385.464	  8
    3386.030	  8
    3386.864	  8
    3388.098	  8
    3388.466	  8
    3389.014	  8
    3389.588	  8
    3390.582	  8
    3391.290	  8
    3391.374	  8
    3392.134	  8
    3392.992	  8
    3394.030	 53
    3394.592	  8
    3394.592	 20
    3394.592	 27
    3394.602	 28
    3394.602	 19
    3394.702	 29
    3394.870	  9
    3395.032	  8
    3396.446	  8
    3414.722	 50
    3414.732	 10
    3417.388	  8
    3417.682	  8
    3418.216	  8
    3444.732	 53
    3444.742	 20
    3444.742	 27
    3464.762	 52
    3464.772	 18
    3521.258	  8
    3522.346	  8
    3522.634	  8
    3571.804	  8
    3584.772	 53
    3667.476	  8
    3667.476	 20
    3667.476	 27
    3667.486	 28
    3667.486	 19
    3667.586	 29
    3667.628	  8
    3667.754	  9
    3671.148	  8
    3679.834	  8
    3687.606	 51
    3687.616	 17
    3715.364	  8
    3718.222	  8
    3725.260	  8
    3725.770	  8
    3727.646	  8
    3728.292	  8
    3729.444	  8
    3731.446	  8
    3732.374	  8
    3732.992	  8
    3733.422	  8
    3734.552	  8
    3736.144	  8
    3737.204	  8
    3739.100	  8
    3739.880	  8
    3740.272	  8
    3741.098	  8
    3741.874	  8
    3742.078	  8
    3742.412	  8
    3743.560	  8
    3743.654	  8
    3744.124	  8
    3744.800	  8
    3745.740	  8
    3745.856	  8
    3746.310	  8
    3746.556	  8
    3747.616	 53
    3747.940	  8
    3747.940	 20
    3747.940	 27
    3747.950	 28
    3747.950	 19
    3748.050	 29
    3748.218	  9
    3748.338	  8
    3768.070	 51
    3768.080	 17
    3792.230	  8
    3796.228	  8
    3796.712	  8
    3798.126	  8
    3798.498	  8
    3801.258	  8
    3802.272	  8
    3803.146	  8
    3804.422	  8
    3805.464	  8
    3805.564	  8
    3806.612	  8
    3806.906	  8
    3807.864	  8
    3808.164	  8
    3808.456	  8
    3809.086	  8
    3810.450	  8
    3810.950	  8
    3811.256	  8
    3811.644	  8
    3812.786	  8
    3813.026	  8
    3813.576	  8
    3814.968	  8
    3815.250	  8
    3816.354	  8
    3817.020	  8
    3817.630	  8
    3818.022	  8
    3819.434	  8
    3819.882	  8
    3820.316	  8
    3820.878	  8
    3822.152	  8
    3822.462	  8
    3822.674	  8
    3822.958	  8
    3823.402	  8
    3823.888	  8
    3824.162	  8
    3824.208	  8
    3824.724	  8
    3824.982	  8
    3825.378	  8
    3825.634	  8
    3826.796	  8
    3827.336	  8
    3827.896	  8
    3828.080	 53
    3829.428	  8
    3829.428	 20
    3829.428	 27
    3829.438	 28
    3829.438	 19
    3829.538	 29
    3829.706	  9
    3829.758	  8
    3832.116	  8
    3832.604	  8
    3832.748	  8
    3849.558	 51
    3849.568	 17
    3870.724	  8
    3872.640	  8
    3875.890	  8
    3876.044	  8
    3878.478	  8
    3878.548	  8
    3879.282	  8
    3879.874	  8
    3881.308	  8
    3881.846	  8
    3882.168	  8
    3882.738	  8
    3884.000	  8
    3884.032	  8
    3885.642	  8
    3886.150	  8
    3887.162	  8
    3887.434	  8
    3888.238	  8
    3889.362	  8
    3889.496	  8
    3890.086	  8
    3890.538	  8
    3892.046	  8
    3892.262	  8
    3892.642	  8
    3892.828	  8
    3892.954	  8
    3893.274	  8
    3894.220	  8
    3895.638	  8
    3896.242	  8
    3896.914	  8
    3897.136	  8
    3898.072	  8
    3898.732	  8
    3899.302	  8
    3899.552	  8
    3899.902	  8
    3900.452	  8
    3900.906	  8
    3901.864	  8
    3902.320	  8
    3902.594	  8
    3902.704	  8
    3903.036	  8
    3903.324	  8
    3904.172	  8
    3904.844	  8
    3905.888	  8
    3906.462	  8
    3906.720	  8
    3906.896	  8
    3907.358	  8
    3907.612	  8
    3908.296	  8
    3908.650	  8
    3909.568	 53
    3909.766	  8
    3909.766	 20
    3909.766	 27
    3909.776	 28
    3909.776	 19
    3909.876	 29
    3910.044	  9
    3910.182	  8
    3929.896	 50
    3929.906	 10
    3938.888	  8
    3942.164	  8
    3952.398	  8
    3952.754	  8
    3953.560	  8
    3955.624	  8
    3959.424	  8
    3959.906	 53
    3959.916	 20
    3959.916	 27
    3960.638	  8
    3960.912	  8
    3961.118	  8
    3979.936	 50
    3979.946	 10
    3989.608	  8
    4000.778	  8
    4000.890	  8
    4009.946	 53
    4009.956	 20
    4009.956	 27
    4029.976	 50
    4029.986	 10
    4047.956	  8
    4059.986	 53
    4059.996	 20
    4059.996	 27
    4080.016	 51
    4080.026	 17
    4088.674	  8
    4088.742	  8
    4089.028	  8
    4089.122	  8
    4091.164	  8
    4091.578	  8
    4121.196	  8
    4123.384	  8
    4124.414	  8
    4125.156	  8
    4125.850	  8
    4126.912	  8
    4127.548	  8
    4128.212	  8
    4129.716	  8
    4130.080	  8
    4130.624	  8
    4131.254	  8
    4132.774	  8
    4133.890	  8
    4134.662	  8
    4135.234	  8
    4135.808	  8
    4135.930	  8
    4136.296	  8
    4136.660	  8
    4136.896	  8
    4137.264	  8
    4138.230	  8
    4139.260	  8
    4139.482	  8
    4139.748	  8
    4139.898	  8
    4140.026	 53
    4140.284	  8
    4140.284	 20
    4140.284	 27
    4140.294	 28
    4140.294	 19
    4140.394	 29
    4140.562	  9
    4140.668	  8
    4142.046	  8
    4142.830	  8
    4160.414	 50
    4160.424	 10
    4186.756	  8
    4190.424	 53
    4190.434	 20
    4190.434	 27
    4210.454	 50
    4210.464	 10
    4240.464	 53
    4240.474	 20
    4240.474	 27
    4260.494	 51
    4260.504	 17
    4269.330	  8
    4269.504	  8
    4274.928	  8
    4276.038	  8
    4277.800	  8
    4278.002	  8
    4280.198	  8
    4282.248	  8
    4283.332	  8
    4284.722	  8
    4285.564	  8
    4285.904	  8
    4287.116	  8
    4287.304	  8
    4287.618	  8
    4288.140	  8
    4288.460	  8
    4288.984	  8
    4289.124	  8
    4289.568	  8
    4290.904	  8
    4291.140	  8
    4291.464	  8
    4292.790	  8
    4294.058	  8
    4294.896	  8
    4295.756	  8
    4296.216	  8
    4296.478	  8
    4296.566	  8
    4297.108	  8
    4297.556	  8
    4297.852	  8
    4298.964	  8
    4299.180	  8
    4299.542	  8
    4300.400	  8
    4300.784	  8
    4301.498	  8
    4301.994	  8
    4302.610	  8
    4302.714	  8
    4302.996	  8
    4303.294	  8
    4303.520	  8
    4304.202	  8
    4304.572	  8
    4305.552	  8
    4306.196	  8
    4307.018	  8
    4307.650	  8
    4308.894	  8
    4309.402	  8
    4309.664	  8
    4309.932	  8
    4310.226	  8
    4311.240	  8
    4311.508	  8
    4311.674	  8
    4312.456	  8
    4313.552	  8
    4313.794	  8
    4314.128	  8
    4314.284	  8
    4314.528	  8
    4314.878	  8
    4315.508	  8
    4316.300	  8
    4316.654	  8
    4317.546	  8
    4318.108	  8
    4318.940	  8
    4319.638	  8
    4319.766	  8
    4320.098	  8
    4320.504	 53
    4321.256	  8
    4321.256	 20
    4321.256	 27
    4321.266	 28
    4321.266	 19
    4321.366	 29
    4321.534	  9
    4321.616	  8
    4322.634	  8
    4341.386	 50
    4341.396	 10
    4371.396	 53
    4371.406	 20
    4371.406	 27
    4391.426	 52
    4391.436	 18
    4475.840	  8
    4476.000	  8
    4477.320	  8
    4478.256	  8
    4479.370	  8
    4511.436	 53
    4556.328	  8
    4556.328	 20
    4556.328	 27
    4556.338	 28
    4556.338	 19
    4556.438	 29
    4556.536	  8
    4556.606	  9
    4576.458	 51
    4576.468	 17
    4625.840	  8
    4633.288	  8
    4636.468	 53
    4639.424	  8
    4639.424	 20
    4639.424	 27
    4639.434	 28
    4639.434	 19
    4639.534	 29
    4639.702	  9
    4639.768	  8
    4640.808	  8
    4641.256	  8
    4647.604	  8
    4659.554	 50
    4659.564	 10
    4669.864	  8
    4671.724	  8
    4684.878	  8
    4685.568	  8
    4686.166	  8
    4686.428	  8
    4686.556	  8
    4687.976	  8
    4688.072	  8
    4689.564	 53
    4689.574	 20
    4689.574	 27
    4709.594	 52
    4709.604	 18
    4758.462	  8
    4758.894	  8
    4759.590	  8
    4759.754	  8
    4759.850	  8
    4759.878	  8
    4760.772	  8
    4762.170	  8
    4763.128	  8
    4763.852	  8
    4765.028	  8
    4765.570	  8
    4766.336	  8
    4766.852	  8
    4767.278	  8
    4767.818	  8
    4768.380	  8
    4770.608	  8
    4771.126	  8
    4771.702	  8
    4772.212	  8
    4772.938	  8
    4774.056	  8
    4774.590	  8
    4775.290	  8
    4775.596	  8
    4776.210	  8
    4776.908	  8
    4777.774	  8
    4777.816	  8
    4778.024	  8
    4778.672	  8
    4778.986	  8
    4779.506	  8
    4779.784	  8
    4780.414	  8
    4780.690	  8
    4781.466	  8
    4782.202	  8
    4782.608	  8
    4782.920	  8
    4783.230	  8
    4783.480	  8
    4783.766	  8
    4784.112	  8
    4784.870	  8
    4786.424	  8
    4786.728	  8
    4787.536	  8
    4788.174	  8
    4788.764	  8
    4789.182	  8
    4789.878	  8
    4790.982	  8
    4792.128	  8
    4792.264	  8
    4792.540	  8
    4793.416	  8
    4794.528	  8
    4795.446	  8
    4797.190	  8
    4797.730	  8
    4798.240	  8
    4798.866	  8
    4799.280	  8
    4799.938	  8
    4800.184	  8
    4800.710	  8
    4801.390	  8
    4801.876	  8
    4802.536	  8
    4803.010	  8
    4803.516	  8
    4803.820	  8
    4804.370	  8
    4805.944	  8
    4806.038	  8
    4806.710	  8
    4807.284	  8
    4807.790	  8
    4808.490	  8
    4808.982	  8
    4809.996	  8
    4811.342	  8
    4811.546	  8
    4811.906	  8
    4813.458	  8
    4814.056	  8
    4815.016	  8
    4815.506	  8
    4815.986	  8
    4816.542	  8
    4816.620	  8
    4817.206	  8
    4817.238	  8
    4817.988	  8
    4818.444	  8
    4819.054	  8
    4819.636	  8
    4820.226	  8
    4822.112	  8
    4822.414	  8
    4822.896	  8
    4823.490	  8
    4823.996	  8
    4825.116	  8
    4825.538	  8
    4826.274	  8
    4826.720	  8
    4827.462	  8
    4829.250	  8
    4829.604	 53
    4829.990	  8
    4829.990	 20
    4829.990	 27
    4830.000	 28
    4830.000	 19
    4830.100	 29
    4830.268	  9
    4830.404	  8
    4850.120	 52
    4850.130	 18
    4891.758	  8
    4892.316	  8
    4892.612	  8
    4892.782	  8
    4893.492	  8
    4893.732	  8
    4904.444	  8
    4909.540	  8
    4917.792	  8
    4918.122	  8
    4919.934	  8
    4920.362	  8
    4920.846	  8
    4924.670	  8
    4925.464	  8
    4927.010	  8
    4927.908	  8
    4928.852	  8
    4928.918	  8
    4929.384	  8
    4929.974	  8
    4931.464	  8
    4934.356	  8
    4934.642	  8
    4934.730	  8
    4935.982	  8
    4936.460	  8
    4936.996	  8
    4937.744	  8
    4938.672	  8
    4940.344	  8
    4940.878	  8
    4941.772	  8
    4942.450	  8
    4942.854	  8
    4943.662	  8
    4944.268	  8
    4944.690	  8
    4945.208	  8
    4947.568	  8
    4947.796	  8
    4948.332	  8
    4948.876	  8
    4949.482	  8
    4949.934	  8
    4950.440	  8
    4951.328	  8
    4951.508	  8
    4952.168	  8
    4952.510	  8
    4953.112	  8
    4953.420	  8
    4954.078	  8
    4954.318	  8
    4955.090	  8
    4955.426	  8
    4955.822	  8
    4957.134	  8
    4957.636	  8
    4958.440	  8
    4958.732	  8
    4959.684	  8
    4960.586	  8
    4960.962	  8
    4961.062	  8
    4961.514	  8
    4962.156	  8
    4962.654	  8
    4963.190	  8
    4963.560	  8
    4963.846	  8
    4965.504	  8
    4966.200	  8
    4966.480	  8
    4967.218	  8
    4967.526	  8
    4969.208	  8
    4969.654	  8
    4970.130	 53
    4970.684	  8
    4970.684	 20
    4970.684	 27
    4970.694	 28
    4970.694	 19
    4970.794	 29
    4970.962	  9
    4971.078	  8
    4975.194	  8
    4990.814	 52
    4990.824	 18
    5033.226	  8
    5033.448	  8
    5053.310	  8
    5053.410	  8
    5053.564	  8
    5086.346	  8
    5110.824	 53
    5133.768	  8
    5133.768	 20
    5133.768	 27
    5133.778	 28
    5133.778	 19
    5133.878	 29
    5133.918	  8
    5134.046	  9
    5134.860	  8
    5153.898	 50
    5153.908	 10
    5162.780	  8
    5181.402	  8
    5183.158	  8
    5183.908	 53
    5183.918	 20
    5183.918	 27
    5184.508	  8
    5203.938	 50
    5203.948	 10
    5207.298	  8
    5207.600	  8
    5208.548	  8
    5208.636	  8
    5208.740	  8
    5220.008	  8
    5224.020	  8
    5224.372	  8
    5224.468	  8
    5225.726	  8
    5233.948	 53
    5233.958	 20
    5233.958	 27
    5253.978	 51
    5253.988	 17
    5278.938	  8
    5281.086	  8
    5283.864	  8
    5285.222	  8
    5286.164	  8
    5288.330	  8
    5289.258	  8
    5289.804	  8
    5290.142	  8
    5290.862	  8
    5291.822	  8
    5292.524	  8
    5292.950	  8
    5293.732	  8
    5294.744	  8
    5296.132	  8
    5296.708	  8
    5297.632	  8
    5297.936	  8
    5298.204	  8
    5298.800	  8
    5300.182	  8
    5300.670	  8
    5300.936	  8
    5301.870	  8
    5302.140	  8
    5303.290	  8
    5304.186	  8
    5306.174	  8
    5306.386	  8
    5307.204	  8
    5307.440	  8
    5308.264	  8
    5308.950	  8
    5309.396	  8
    5309.528	  8
    5310.086	  8
    5310.470	  8
    5312.560	  8
    5313.748	  8
    5313.988	 53
    5314.088	  8
    5314.088	 20
    5314.088	 27
    5314.098	 28
    5314.098	 19
    5314.198	 29
    5314.366	  9
    5314.406	  8
    5334.218	 50
    5334.228	 10
    5364.228	 53
    5364.238	 20
    5364.238	 27
    5384.258	 50
    5384.268	 10
    5414.268	 53
    5414.278	 20
    5414.278	 27
    5414.288	 61
