      20.010	 51
      20.020	 10
      26.420	  8
      26.590	  8
      42.256	  8
      42.806	  8
      45.368	  8
      48.344	  6
      53.492	  8
      53.706	  8
      54.258	  8
      54.462	  8
      54.824	  8
      55.214	  8
      75.356	  8
      75.592	  8
      80.020	 53
      80.030	 20
      80.030	 27
      81.246	  5
      81.494	  5
      88.692	  8
      88.928	  8
      89.150	  8
     100.050	 51
     100.060	 10
     116.626	  8
     116.876	  8
     116.944	  8
     117.202	  8
     119.104	  8
     119.280	  8
     119.880	  8
     120.258	  8
     120.966	  8
     121.352	  8
     123.704	  8
     124.036	  8
     124.288	  8
     124.442	  8
     124.824	  8
     126.342	  8
     126.692	  8
     126.714	  8
     126.898	  8
     128.804	  8
     129.576	  8
     129.928	  8
     130.524	  8
     130.642	  8
     131.956	  8
     132.042	  8
     132.466	  8
     132.746	  8
     135.266	  8
     135.312	  8
     135.632	  8
     135.696	  8
     135.988	  8
     136.386	  8
     136.584	  8
     138.056	  8
     138.386	  8
     138.680	  8
     139.000	  8
     139.362	  8
     140.712	  8
     140.958	  8
     141.226	  8
     141.468	  8
     142.760	  8
     143.306	  8
     143.514	  8
     143.704	  8
     144.422	  8
     145.192	  8
     145.610	  8
     146.612	  8
     146.692	  8
     146.944	  8
     147.938	  8
     148.208	  8
     148.390	  8
     149.118	  8
     150.004	  8
     150.766	  8
     151.060	  8
     151.238	  8
     151.704	  8
     154.402	  8
     154.620	  8
     154.924	  8
     155.122	  8
     155.920	  8
     156.284	  8
     156.562	  8
     156.934	  8
     157.224	  8
     158.104	  8
     158.222	  8
     158.628	  8
     158.750	  8
     159.194	  8
     160.060	 53
     160.070	 20
     160.070	 27
     161.088	  8
     162.050	  8
     162.154	  8
     163.364	  8
     163.460	  8
     163.834	  8
     163.918	  8
     165.092	  8
     165.454	  8
     180.090	 52
     180.100	 17
     260.208	  8
     260.278	  8
     260.406	  8
     260.682	  8
     261.938	  8
     264.528	  8
     264.890	  8
     273.374	  8
     296.036	  8
     296.154	  8
     296.766	  8
     298.644	  8
     299.848	  8
     300.100	 53
     300.590	  8
     300.590	 20
     300.590	 27
     300.600	 28
     300.600	 19
     300.700	 29
     300.864	  9
     320.720	 51
     320.730	 10
     356.966	  8
     357.160	  8
     357.730	  8
     357.826	  8
     358.168	  8
     359.684	  8
     360.118	  8
     360.652	  8
     360.718	  8
     361.028	  8
     361.398	  8
     362.414	  8
     362.662	  8
     363.052	  8
     363.386	  8
     363.456	  8
     363.534	  8
     364.102	  8
     364.694	  8
     364.998	  8
     365.234	  8
     365.538	  8
     366.208	  8
     366.608	  8
     366.836	  8
     368.482	  8
     368.526	  8
     368.872	  8
     369.664	  8
     370.058	  8
     370.720	  8
     370.758	  8
     371.014	  8
     371.234	  8
     371.636	  8
     372.504	  8
     373.184	  8
     374.174	  8
     374.432	  8
     374.778	  8
     376.568	  8
     376.674	  8
     376.988	  8
     377.408	  8
     377.968	  8
     378.354	  8
     380.730	 53
     380.740	 20
     380.740	 27
     381.086	  8
     400.760	 52
     400.770	 17
     453.808	  8
     454.010	  8
     454.450	  8
     486.614	  8
     486.662	  8
     489.394	  8
     489.752	  8
     490.592	  8
     490.640	  8
     490.904	  8
     490.982	  8
     491.526	  8
     491.956	  8
     492.256	  8
     492.562	  8
     494.194	  8
     494.400	  8
     494.458	  8
     494.924	  8
     495.022	  8
     495.294	  8
     495.556	  8
     496.042	  8
     496.122	  8
     497.682	  8
     498.434	  8
     498.618	  8
     499.834	  8
     500.302	  8
     500.772	  8
     500.820	  8
     501.130	  8
     501.472	  8
     501.772	  8
     503.200	  8
     503.244	  8
     503.450	  8
     503.722	  8
     504.242	  8
     504.476	  8
     505.624	  8
     505.732	  8
     506.660	  8
     508.038	  8
     508.382	  8
     508.520	  8
     508.678	  8
     509.748	  8
     510.074	  8
     511.070	  8
     511.376	  8
     511.546	  8
     511.794	  8
     512.142	  8
     512.516	  8
     512.768	  8
     517.202	  8
     517.482	  8
     517.824	  8
     518.128	  8
     518.422	  8
     518.756	  8
     519.498	  8
     520.252	  8
     520.330	  8
     520.770	 53
     521.258	  8
     521.258	 20
     521.258	 27
     521.268	 28
     521.268	 19
     521.302	  8
     521.368	 29
     521.496	  8
     521.532	  9
     541.388	 52
     541.398	 17
     617.252	  8
     618.338	  8
     618.656	  8
     619.638	  8
     620.460	  8
     620.958	  8
     621.384	  8
     622.384	  8
     622.884	  8
     623.046	  8
     623.282	  8
     623.344	  8
     624.148	  8
     625.648	  8
     626.472	  8
     626.642	  8
     627.040	  8
     627.440	  8
     627.812	  8
     628.094	  8
     629.272	  8
     630.418	  8
     631.794	  8
     633.406	  8
     633.762	  8
     634.120	  8
     634.276	  8
     635.736	  8
     636.118	  8
     636.596	  8
     637.096	  8
     637.492	  8
     638.670	  8
     639.756	  8
     640.066	  8
     640.566	  8
     640.848	  8
     641.924	  8
     642.082	  8
     642.104	  8
     642.452	  8
     642.858	  8
     643.536	  8
     643.586	  8
     643.848	  8
     645.146	  8
     646.064	  8
     647.310	  8
     647.800	  8
     648.130	  8
     648.614	  8
     649.096	  8
     649.872	  8
     650.756	  8
     650.936	  8
     651.332	  8
     652.710	  8
     653.526	  8
     653.884	  8
     654.428	  8
     655.140	  8
     655.240	  8
     656.134	  8
     656.590	  8
     657.350	  8
     657.466	  8
     658.422	  8
     658.698	  8
     658.964	  8
     659.472	  8
     659.688	  8
     661.084	  8
     661.298	  8
     661.398	 53
     661.738	  8
     661.738	 20
     661.738	 27
     661.748	 28
     661.748	 19
     661.848	 29
     662.012	  9
     681.868	 51
     681.878	 10
     714.342	  8
     721.320	  8
     721.766	  8
     721.888	  8
     722.096	  8
     722.716	  8
     723.096	  8
     723.882	  8
     724.440	  8
     724.806	  8
     725.280	  8
     725.846	  8
     726.442	  8
     726.826	  8
     727.476	  8
     727.904	  8
     728.756	  8
     729.110	  8
     729.962	  8
     730.378	  8
     730.660	  8
     731.628	  8
     731.938	  8
     734.126	  8
     734.490	  8
     734.580	  8
     734.960	  8
     735.288	  8
     735.636	  8
     736.010	  8
     736.086	  8
     736.874	  8
     737.634	  8
     738.296	  8
     738.614	  8
     739.038	  8
     739.552	  8
     739.592	  8
     739.880	  8
     739.978	  8
     740.006	  8
     740.222	  8
     740.352	  8
     741.878	 53
     741.888	 20
     741.888	 27
     741.952	  8
     761.908	 52
     761.918	 17
     811.390	  8
     811.886	  8
     815.846	  8
     816.822	  8
     817.238	  8
     817.388	  8
     842.474	  8
     842.750	  8
     843.656	  8
     843.926	  8
     844.614	  8
     844.706	  8
     845.782	  8
     846.132	  8
     846.578	  8
     847.200	  8
     848.082	  8
     848.534	  8
     848.600	  8
     849.070	  8
     849.188	  8
     849.498	  8
     850.180	  8
     850.650	  8
     853.386	  8
     853.536	  8
     854.210	  8
     855.140	  8
     855.248	  8
     856.146	  8
     856.344	  8
     856.686	  8
     856.826	  8
     857.180	  8
     857.272	  8
     858.504	  8
     860.134	  8
     860.468	  8
     860.516	  8
     862.258	  8
     862.850	  8
     862.914	  8
     863.206	  8
     863.336	  8
     867.436	  8
     868.490	  8
     868.886	  8
     869.432	  8
     871.366	  8
     871.814	  8
     873.828	  8
     874.352	  8
     874.702	  8
     875.224	  8
     876.156	  8
     876.436	  8
     878.808	  8
     880.094	  8
     880.420	  8
     880.956	  8
     881.918	 53
     882.128	  8
     882.128	 20
     882.128	 27
     882.138	 28
     882.138	 19
     882.238	 29
     882.402	  9
     902.258	 50
     902.268	 18
     932.268	 53
     942.216	  8
     942.216	 20
     942.216	 27
     942.226	 28
     942.226	 19
     942.326	 29
     942.490	  9
     962.346	 52
     962.356	 17
    1033.530	  8
    1034.694	  8
    1038.400	  8
    1039.466	  8
    1039.636	  8
    1040.176	  8
    1040.342	  8
    1042.498	  8
    1043.574	  8
    1043.966	  8
    1045.200	  8
    1045.344	  8
    1045.956	  8
    1046.980	  8
    1047.272	  8
    1047.940	  8
    1048.602	  8
    1049.158	  8
    1050.664	  8
    1051.298	  8
    1052.630	  8
    1052.994	  8
    1053.474	  8
    1053.806	  8
    1054.740	  8
    1054.814	  8
    1055.086	  8
    1055.702	  8
    1055.996	  8
    1057.404	  8
    1059.292	  8
    1060.266	  8
    1060.860	  8
    1061.218	  8
    1061.352	  8
    1061.488	  8
    1061.684	  8
    1062.986	  8
    1063.486	  8
    1063.918	  8
    1064.276	  8
    1065.546	  8
    1065.698	  8
    1066.188	  8
    1066.718	  8
    1067.046	  8
    1067.242	  8
    1067.470	  8
    1067.560	  8
    1067.946	  8
    1069.358	  8
    1069.550	  8
    1069.972	  8
    1071.196	  8
    1071.844	  8
    1072.978	  8
    1073.300	  8
    1073.536	  8
    1073.758	  8
    1074.816	  8
    1076.002	  8
    1076.360	  8
    1076.622	  8
    1077.950	  8
    1078.284	  8
    1078.798	  8
    1080.486	  8
    1080.774	  8
    1081.042	  8
    1081.926	  8
    1082.176	  8
    1082.356	 53
    1082.712	  8
    1082.712	 20
    1082.712	 27
    1082.722	 28
    1082.722	 19
    1082.822	 29
    1082.986	  9
    1102.842	 50
    1102.852	 18
    1132.852	 53
    1151.560	  8
    1151.560	 20
    1151.560	 27
    1151.570	 28
    1151.570	 19
    1151.670	 29
    1151.834	  9
    1171.690	 52
    1171.700	 17
    1243.690	  8
    1246.782	  8
    1247.700	  8
    1248.308	  8
    1249.168	  8
    1253.232	  8
    1253.932	  8
    1255.710	  8
    1256.036	  8
    1256.776	  8
    1256.796	  8
    1257.154	  8
    1257.574	  8
    1257.984	  8
    1258.214	  8
    1259.244	  8
    1259.970	  8
    1262.260	  8
    1263.326	  8
    1263.882	  8
    1264.736	  8
    1264.904	  8
    1267.154	  8
    1268.338	  8
    1268.406	  8
    1269.116	  8
    1272.010	  8
    1272.218	  8
    1274.580	  8
    1274.650	  8
    1275.012	  8
    1275.334	  8
    1276.024	  8
    1277.844	  8
    1278.576	  8
    1278.968	  8
    1279.290	  8
    1279.868	  8
    1280.110	  8
    1281.096	  8
    1281.286	  8
    1281.598	  8
    1285.516	  8
    1285.846	  8
    1286.286	  8
    1288.358	  8
    1288.492	  8
    1288.584	  8
    1288.640	  8
    1290.384	  8
    1290.458	  8
    1290.782	  8
    1291.490	  8
    1291.700	 53
    1292.020	  8
    1292.020	 20
    1292.020	 27
    1292.030	 28
    1292.030	 19
    1292.130	 29
    1292.294	  9
    1312.150	 52
    1312.160	 17
    1381.990	  8
    1382.254	  8
    1384.316	  8
    1384.864	  8
    1387.146	  8
    1388.280	  8
    1388.668	  8
    1388.682	  8
    1389.452	  8
    1389.650	  8
    1390.256	  8
    1390.452	  8
    1390.650	  8
    1390.866	  8
    1391.778	  8
    1392.040	  8
    1392.410	  8
    1393.308	  8
    1393.426	  8
    1393.784	  8
    1394.350	  8
    1396.396	  8
    1396.832	  8
    1396.880	  8
    1397.454	  8
    1397.532	  8
    1398.106	  8
    1398.470	  8
    1399.372	  8
    1401.232	  8
    1401.806	  8
    1402.284	  8
    1402.668	  8
    1403.570	  8
    1403.862	  8
    1404.756	  8
    1405.284	  8
    1405.650	  8
    1406.222	  8
    1406.278	  8
    1406.352	  8
    1406.592	  8
    1407.314	  8
    1407.424	  8
    1407.824	  8
    1408.246	  8
    1408.490	  8
    1410.200	  8
    1410.558	  8
    1410.588	  8
    1410.818	  8
    1411.088	  8
    1411.536	  8
    1413.008	  8
    1413.486	  8
    1413.834	  8
    1414.222	  8
    1414.514	  8
    1414.978	  8
    1416.708	  8
    1417.288	  8
    1417.728	  8
    1417.880	  8
    1418.532	  8
    1419.852	  8
    1420.154	  8
    1420.626	  8
    1421.050	  8
    1421.576	  8
    1421.838	  8
    1423.772	  8
    1423.874	  8
    1423.930	  8
    1424.282	  8
    1424.508	  8
    1424.742	  8
    1425.118	  8
    1425.946	  8
    1426.196	  8
    1427.204	  8
    1427.442	  8
    1427.732	  8
    1429.306	  8
    1429.442	  8
    1429.876	  8
    1430.700	  8
    1431.508	  8
    1431.920	  8
    1432.116	  8
    1432.160	 53
    1432.304	  8
    1432.304	 20
    1432.304	 27
    1432.314	 28
    1432.314	 19
    1432.414	 29
    1432.578	  9
    1452.434	 52
    1452.444	 17
    1533.472	  8
    1533.510	  8
    1534.210	  8
    1535.134	  8
    1536.428	  8
    1536.904	  8
    1537.664	  8
    1538.192	  8
    1538.936	  8
    1539.480	  8
    1539.854	  8
    1541.236	  8
    1541.474	  8
    1541.570	  8
    1542.024	  8
    1542.256	  8
    1542.586	  8
    1542.780	  8
    1543.250	  8
    1543.568	  8
    1543.992	  8
    1544.826	  8
    1544.886	  8
    1545.296	  8
    1547.382	  8
    1547.912	  8
    1549.162	  8
    1549.602	  8
    1550.442	  8
    1550.946	  8
    1551.016	  8
    1552.780	  8
    1553.220	  8
    1554.404	  8
    1554.936	  8
    1555.312	  8
    1555.744	  8
    1556.162	  8
    1556.518	  8
    1558.080	  8
    1558.570	  8
    1559.230	  8
    1559.874	  8
    1560.740	  8
    1561.548	  8
    1563.394	  8
    1563.758	  8
    1565.248	  8
    1565.768	  8
    1566.162	  8
    1566.348	  8
    1566.478	  8
    1567.260	  8
    1567.330	  8
    1568.144	  8
    1568.460	  8
    1568.552	  8
    1570.184	  8
    1570.948	  8
    1571.234	  8
    1572.444	 53
    1572.734	  8
    1572.734	 20
    1572.734	 27
    1572.744	 28
    1572.744	 19
    1572.844	 29
    1572.848	  9
    1573.514	  8
    1592.864	 51
    1592.874	 10
    1616.286	  8
    1616.368	  8
    1617.920	  8
    1618.348	  8
    1618.852	  8
    1635.504	  8
    1635.772	  8
    1637.034	  8
    1637.958	  8
    1638.850	  8
    1639.244	  8
    1639.604	  8
    1640.032	  8
    1640.858	  8
    1641.408	  8
    1641.768	  8
    1642.134	  8
    1642.640	  8
    1642.936	  8
    1643.986	  8
    1644.620	  8
    1644.756	  8
    1644.878	  8
    1646.018	  8
    1646.550	  8
    1646.886	  8
    1647.260	  8
    1647.442	  8
    1647.670	  8
    1648.496	  8
    1648.892	  8
    1649.480	  8
    1650.272	  8
    1650.346	  8
    1650.564	  8
    1651.214	  8
    1651.306	  8
    1651.576	  8
    1652.750	  8
    1652.874	 53
    1652.884	 20
    1652.884	 27
    1652.966	  8
    1653.064	  8
    1655.432	  8
    1655.700	  8
    1655.750	  8
    1658.034	  8
    1672.904	 51
    1672.914	 10
    1674.744	  8
    1675.416	  8
    1695.194	  8
    1695.414	  8
    1695.508	  8
    1696.056	  8
    1696.186	  8
    1696.548	  8
    1697.094	  8
    1697.280	  8
    1697.442	  8
    1697.782	  8
    1697.936	  8
    1698.122	  8
    1698.220	  8
    1698.456	  8
    1698.632	  8
    1699.062	  8
    1699.348	  8
    1699.450	  8
    1700.142	  8
    1701.418	  8
    1701.482	  8
    1702.288	  8
    1702.414	  8
    1702.876	  8
    1703.204	  8
    1703.232	  8
    1703.928	  8
    1704.460	  8
    1705.552	  8
    1705.902	  8
    1705.986	  8
    1706.566	  8
    1706.890	  8
    1707.830	  8
    1708.234	  8
    1708.406	  8
    1709.344	  8
    1709.658	  8
    1710.646	  8
    1710.894	  8
    1711.202	  8
    1712.196	  8
    1712.394	  8
    1714.492	  8
    1714.762	  8
    1715.750	  8
    1716.112	  8
    1716.460	  8
    1717.852	  8
    1717.946	  8
    1718.434	  8
    1718.638	  8
    1719.144	  8
    1719.648	  8
    1720.500	  8
    1720.598	  8
    1720.936	  8
    1721.710	  8
    1722.430	  8
    1722.672	  8
    1723.056	  8
    1723.500	  8
    1724.188	  8
    1724.274	  8
    1724.870	  8
    1725.134	  8
    1725.730	  8
    1726.108	  8
    1726.384	  8
    1726.576	  8
    1726.914	  8
    1727.276	  8
    1727.482	  8
    1727.848	  8
    1728.616	  8
    1729.888	  8
    1730.218	  8
    1730.632	  8
    1731.184	  8
    1731.658	  8
    1732.446	  8
    1732.828	  8
    1732.914	 53
    1732.924	 20
    1732.924	 27
    1733.072	  8
    1734.890	  8
    1736.188	  8
    1736.340	  8
    1736.488	  8
    1752.944	 50
    1752.954	 18
    1767.748	  8
    1768.012	  8
    1768.544	  8
    1769.182	  8
    1769.630	  8
    1770.484	  8
    1770.530	  8
    1770.764	  8
    1771.194	  8
    1771.684	  8
    1772.488	  8
    1772.634	  8
    1772.930	  8
    1773.644	  8
    1774.404	  8
    1774.716	  8
    1775.894	  8
    1776.162	  8
    1777.628	  8
    1777.894	  8
    1778.108	  8
    1778.180	  8
    1778.544	  8
    1779.440	  8
    1780.076	  8
    1781.672	  8
    1781.726	  8
    1782.254	  8
    1782.566	  8
    1782.954	 53
    1782.956	  8
    1782.956	 20
    1782.956	 27
    1782.966	 28
    1782.966	 19
    1783.066	 29
    1783.230	  9
    1803.086	 50
    1803.096	 18
    1833.096	 53
    1850.076	  8
    1850.076	 20
    1850.076	 27
    1850.086	 28
    1850.086	 19
    1850.186	 29
    1850.350	  9
    1870.206	 52
    1870.216	 17
    1957.504	  8
    1958.178	  8
    1959.094	  8
    1960.320	  8
    1960.640	  8
    1961.068	  8
    1961.660	  8
    1962.206	  8
    1962.392	  8
    1963.338	  8
    1963.870	  8
    1964.492	  8
    1964.880	  8
    1965.566	  8
    1966.482	  8
    1966.732	  8
    1967.616	  8
    1968.042	  8
    1968.082	  8
    1969.662	  8
    1970.304	  8
    1970.676	  8
    1970.914	  8
    1971.466	  8
    1971.884	  8
    1972.052	  8
    1973.180	  8
    1973.416	  8
    1976.198	  8
    1976.382	  8
    1976.668	  8
    1976.900	  8
    1977.442	  8
    1977.768	  8
    1979.444	  8
    1979.784	  8
    1980.134	  8
    1980.480	  8
    1982.788	  8
    1982.876	  8
    1983.212	  8
    1983.566	  8
    1983.664	  8
    1984.060	  8
    1986.088	  8
    1986.716	  8
    1987.726	  8
    1988.106	  8
    1988.322	  8
    1988.610	  8
    1988.834	  8
    1988.916	  8
    1989.726	  8
    1990.216	 53
    1990.290	  8
    1990.290	 20
    1990.290	 27
    1990.300	 28
    1990.300	 19
    1990.400	 29
    1990.564	  9
    2010.420	 51
    2010.430	 10
    2068.362	  8
    2070.430	 53
    2070.440	 20
    2070.440	 27
    2071.066	  8
    2090.460	 51
    2090.470	 10
    2118.846	  8
    2119.024	  8
    2119.652	  8
    2120.036	  8
    2120.360	  8
    2121.032	  8
    2121.472	  8
    2122.028	  8
    2122.350	  8
    2122.426	  8
    2123.254	  8
    2124.044	  8
    2124.734	  8
    2125.132	  8
    2125.720	  8
    2126.018	  8
    2126.308	  8
    2126.504	  8
    2126.822	  8
    2127.356	  8
    2127.788	  8
    2127.832	  8
    2128.076	  8
    2128.416	  8
    2128.472	  8
    2128.762	  8
    2129.062	  8
    2129.928	  8
    2130.192	  8
    2130.816	  8
    2131.034	  8
    2131.238	  8
    2131.736	  8
    2132.426	  8
    2132.698	  8
    2133.246	  8
    2134.118	  8
    2134.346	  8
    2134.598	  8
    2136.032	  8
    2136.122	  8
    2136.318	  8
    2136.534	  8
    2136.878	  8
    2137.556	  8
    2137.734	  8
    2137.792	  8
    2138.120	  8
    2138.378	  8
    2139.182	  8
    2139.220	  8
    2139.446	  8
    2139.698	  8
    2139.966	  8
    2141.024	  8
    2141.568	  8
    2141.920	  8
    2142.422	  8
    2142.764	  8
    2144.222	  8
    2144.656	  8
    2144.938	  8
    2145.480	  8
    2145.656	  8
    2146.322	  8
    2147.220	  8
    2147.460	  8
    2147.898	  8
    2148.392	  8
    2148.734	  8
    2149.706	  8
    2150.140	  8
    2150.470	 53
    2150.480	 20
    2150.480	 27
    2150.626	  8
    2153.554	  8
    2154.172	  8
    2154.770	  8
    2155.180	  8
    2155.912	  8
    2156.356	  8
    2156.676	  8
    2157.594	  8
    2158.094	  8
    2170.500	 51
    2170.510	 10
    2188.498	  8
    2195.556	  8
    2195.790	  8
    2196.516	  8
    2196.890	  8
    2197.068	  8
    2197.392	  8
    2198.416	  8
    2198.582	  8
    2198.738	  8
    2202.408	  8
    2203.474	  8
    2203.572	  8
    2203.896	  8
    2204.414	  8
    2204.712	  8
    2204.962	  8
    2205.134	  8
    2205.312	  8
    2205.494	  8
    2205.580	  8
    2205.870	  8
    2206.168	  8
    2206.208	  8
    2206.284	  8
    2207.020	  8
    2207.272	  8
    2207.714	  8
    2208.098	  8
    2208.182	  8
    2208.282	  8
    2208.700	  8
    2208.880	  8
    2209.210	  8
    2209.278	  8
    2209.626	  8
    2209.898	  8
    2209.996	  8
    2210.126	  8
    2210.310	  8
    2210.696	  8
    2212.142	  8
    2212.690	  8
    2213.818	  8
    2214.144	  8
    2214.454	  8
    2215.570	  8
    2216.144	  8
    2216.540	  8
    2216.840	  8
    2217.198	  8
    2219.336	  8
    2220.000	  8
    2221.218	  8
    2221.294	  8
    2221.388	  8
    2221.834	  8
    2222.108	  8
    2222.318	  8
    2222.564	  8
    2222.834	  8
    2223.024	  8
    2223.850	  8
    2223.948	  8
    2224.524	  8
    2224.788	  8
    2225.296	  8
    2226.296	  8
    2226.728	  8
    2228.236	  8
    2228.444	  8
    2228.496	  8
    2228.784	  8
    2229.498	  8
    2229.696	  8
    2229.998	  8
    2230.510	 53
    2230.520	 20
    2230.520	 27
    2230.786	  8
    2233.286	  8
    2233.714	  8
    2233.824	  8
    2234.308	  8
    2234.526	  8
    2235.276	  8
    2235.570	  8
    2236.168	  8
    2236.454	  8
    2236.706	  8
    2237.160	  8
    2237.940	  8
    2238.444	  8
    2245.014	  8
    2245.446	  8
    2246.358	  8
    2246.876	  8
    2250.540	 52
    2250.550	 17
    2309.816	  8
    2310.038	  8
    2311.610	  8
    2313.952	  8
    2314.686	  8
    2315.220	  8
    2315.548	  8
    2316.632	  8
    2316.960	  8
    2317.084	  8
    2320.320	  8
    2321.082	  8
    2321.478	  8
    2322.244	  8
    2323.258	  8
    2325.758	  8
    2325.838	  8
    2326.714	  8
    2327.448	  8
    2329.420	  8
    2329.656	  8
    2329.796	  8
    2330.134	  8
    2330.490	  8
    2330.946	  8
    2331.044	  8
    2331.388	  8
    2332.188	  8
    2336.102	  8
    2336.880	  8
    2337.808	  8
    2339.498	  8
    2339.876	  8
    2339.964	  8
    2340.312	  8
    2340.472	  8
    2343.518	  8
    2344.076	  8
    2344.588	  8
    2345.874	  8
    2346.102	  8
    2346.414	  8
    2347.290	  8
    2349.116	  8
    2349.346	  8
    2349.564	  8
    2351.100	  8
    2351.670	  8
    2352.030	  8
    2352.112	  8
    2352.310	  8
    2353.496	  8
    2354.564	  8
    2354.902	  8
    2356.578	  8
    2356.882	  8
    2357.250	  8
    2357.444	  8
    2357.992	  8
    2358.378	  8
    2358.554	  8
    2358.666	  8
    2358.928	  8
    2359.074	  8
    2360.408	  8
    2360.714	  8
    2361.292	  8
    2361.542	  8
    2361.648	  8
    2361.740	  8
    2362.104	  8
    2362.290	  8
    2362.380	  8
    2362.408	  8
    2363.138	  8
    2363.524	  8
    2363.740	  8
    2365.356	  8
    2365.778	  8
    2366.280	  8
    2366.494	  8
    2367.062	  8
    2367.090	  8
    2367.168	  8
    2367.278	  8
    2368.348	  8
    2369.124	  8
    2369.344	  8
    2370.232	  8
    2370.550	 53
    2370.676	  8
    2370.676	 20
    2370.676	 27
    2370.686	 28
    2370.686	 19
    2370.786	 29
    2370.950	  9
    2390.806	 51
    2390.816	 10
    2427.248	  8
    2427.386	  8
    2441.474	  8
    2441.728	  8
    2450.816	 53
    2450.826	 20
    2450.826	 27
    2470.846	 50
    2470.856	 18
    2488.490	  8
    2489.036	  8
    2489.148	  8
    2489.474	  8
    2490.026	  8
    2490.084	  8
    2490.336	  8
    2490.752	  8
    2491.292	  8
    2491.602	  8
    2492.020	  8
    2492.660	  8
    2493.094	  8
    2493.576	  8
    2493.640	  8
    2493.920	  8
    2494.404	  8
    2494.954	  8
    2495.028	  8
    2495.574	  8
    2495.652	  8
    2495.780	  8
    2496.072	  8
    2497.076	  8
    2497.224	  8
    2497.318	  8
    2497.862	  8
    2498.210	  8
    2498.654	  8
    2498.988	  8
    2499.118	  8
    2499.770	  8
    2499.962	  8
    2500.856	 53
    2500.952	  8
    2500.952	 20
    2500.952	 27
    2500.962	 28
    2500.962	 19
    2501.062	 29
    2501.226	  9
    2521.082	 51
    2521.092	 10
    2574.694	  8
    2577.882	  8
    2578.476	  8
    2579.054	  8
    2579.682	  8
    2581.092	 53
    2581.102	 20
    2581.102	 27
    2601.122	 50
    2601.132	 18
    2612.468	  8
    2613.056	  8
    2613.606	  8
    2614.324	  8
    2614.434	  8
    2615.082	  8
    2615.910	  8
    2616.568	  8
    2617.008	  8
    2617.520	  8
    2618.584	  8
    2619.890	  8
    2620.050	  8
    2620.276	  8
    2620.426	  8
    2621.612	  8
    2622.398	  8
    2622.962	  8
    2623.174	  8
    2623.488	  8
    2624.718	  8
    2624.860	  8
    2625.152	  8
    2625.840	  8
    2626.386	  8
    2626.442	  8
    2626.762	  8
    2626.992	  8
    2627.658	  8
    2628.074	  8
    2628.874	  8
    2630.184	  8
    2630.490	  8
    2630.742	  8
    2631.132	 53
    2631.750	  8
    2631.750	 20
    2631.750	 27
    2631.760	 28
    2631.760	 19
    2631.860	 29
    2631.974	  8
    2632.024	  9
    2651.880	 52
    2651.890	 17
    2708.014	  8
    2766.530	  8
    2766.754	  8
    2769.688	  8
    2771.162	  8
    2771.554	  8
    2771.646	  8
    2771.890	 53
    2772.690	  8
    2772.690	 20
    2772.690	 27
    2772.700	 28
    2772.700	 19
    2772.800	 29
    2772.816	  8
    2772.964	  9
    2792.820	 52
    2792.830	 17
    2838.054	  8
    2838.242	  8
    2857.914	  8
    2862.338	  8
    2862.832	  8
    2866.222	  8
    2869.894	  8
    2870.474	  8
    2872.490	  8
    2873.436	  8
    2875.416	  8
    2877.084	  8
    2877.228	  8
    2878.294	  8
    2878.696	  8
    2883.296	  8
    2884.888	  8
    2885.172	  8
    2886.188	  8
    2886.654	  8
    2888.338	  8
    2888.662	  8
    2889.444	  8
    2889.642	  8
    2891.196	  8
    2891.468	  8
    2893.260	  8
    2895.288	  8
    2895.554	  8
    2896.924	  8
    2897.092	  8
    2897.440	  8
    2897.642	  8
    2898.776	  8
    2898.908	  8
    2899.270	  8
    2899.718	  8
    2900.428	  8
    2900.734	  8
    2901.308	  8
    2901.384	  8
    2903.214	  8
    2903.464	  8
    2904.966	  8
    2905.422	  8
    2905.900	  8
    2906.312	  8
    2906.712	  8
    2907.266	  8
    2907.474	  8
    2907.620	  8
    2907.788	  8
    2909.146	  8
    2909.560	  8
    2910.428	  8
    2911.640	  8
    2911.962	  8
    2912.246	  8
    2912.444	  8
    2912.572	  8
    2912.830	 53
    2914.282	  8
    2914.282	 20
    2914.282	 27
    2914.292	 28
    2914.292	 19
    2914.392	 29
    2914.556	  9
    2934.412	 52
    2934.422	 17
    2989.302	  8
    2994.918	  8
    2995.364	  8
    2995.590	  8
    3013.496	  8
    3014.404	  8
    3016.000	  8
    3016.326	  8
    3017.416	  8
    3017.660	  8
    3018.130	  8
    3021.414	  8
    3022.878	  8
    3024.148	  8
    3024.424	  8
    3026.988	  8
    3027.802	  8
    3028.766	  8
    3029.194	  8
    3032.822	  8
    3033.458	  8
    3033.558	  8
    3033.752	  8
    3034.642	  8
    3035.180	  8
    3035.442	  8
    3036.592	  8
    3036.636	  8
    3037.066	  8
    3037.406	  8
    3037.884	  8
    3041.686	  8
    3041.928	  8
    3042.526	  8
    3042.700	  8
    3043.212	  8
    3043.944	  8
    3044.544	  8
    3045.120	  8
    3046.164	  8
    3046.522	  8
    3047.468	  8
    3048.674	  8
    3049.030	  8
    3050.678	  8
    3051.450	  8
    3051.654	  8
    3052.052	  8
    3052.430	  8
    3052.736	  8
    3053.684	  8
    3054.228	  8
    3054.422	 53
    3054.706	  8
    3054.706	 20
    3054.706	 27
    3054.716	 28
    3054.716	 19
    3054.816	 29
    3054.980	  9
    3074.836	 50
    3074.846	 18
    3104.846	 53
    3108.958	  8
    3108.958	 20
    3108.958	 27
    3108.968	 28
    3108.968	 19
    3109.068	 29
    3109.232	  9
    3129.088	 52
    3129.098	 17
    3196.166	  8
    3212.716	  8
    3213.520	  8
    3214.344	  8
    3219.082	  8
    3219.908	  8
    3220.582	  8
    3221.752	  8
    3227.424	  8
    3227.586	  8
    3228.110	  8
    3231.668	  8
    3231.946	  8
    3232.826	  8
    3233.290	  8
    3233.350	  8
    3234.452	  8
    3235.152	  8
    3236.566	  8
    3236.848	  8
    3238.694	  8
    3241.808	  8
    3242.652	  8
    3243.324	  8
    3244.226	  8
    3245.330	  8
    3247.418	  8
    3247.488	  8
    3247.820	  8
    3249.098	 53
    3249.544	  8
    3249.544	 20
    3249.544	 27
    3249.554	 28
    3249.554	 19
    3249.654	 29
    3249.818	  9
    3269.674	 51
    3269.684	 10
    3323.404	  8
    3326.116	  8
    3326.448	  8
    3326.898	  8
    3329.296	  8
    3329.684	 53
    3329.694	 20
    3329.694	 27
    3329.938	  8
    3349.714	 50
    3349.724	 18
    3377.078	  8
    3377.306	  8
    3377.578	  8
    3377.714	  8
    3377.894	  8
    3377.974	  8
    3378.360	  8
    3378.622	  8
    3379.096	  8
    3379.196	  8
    3379.426	  8
    3379.484	  8
    3379.724	 53
    3379.926	  8
    3379.926	 20
    3379.926	 27
    3379.936	 28
    3379.936	 19
    3380.036	 29
    3380.200	  9
    3400.056	 51
    3400.066	 10
    3444.070	  8
    3444.720	  8
    3444.990	  8
    3446.376	  8
    3446.896	  8
    3447.572	  8
    3447.874	  8
    3448.162	  8
    3448.668	  8
    3449.246	  8
    3450.512	  8
    3451.036	  8
    3453.080	  8
    3453.560	  8
    3454.124	  8
    3454.550	  8
    3455.110	  8
    3455.456	  8
    3455.772	  8
    3456.526	  8
    3457.110	  8
    3458.076	  8
    3458.662	  8
    3458.714	  8
    3459.436	  8
    3460.066	 53
    3460.076	 20
    3460.076	 27
    3460.160	  8
    3480.096	 50
    3480.106	 18
    3484.794	  8
    3488.376	  8
    3489.000	  8
    3489.324	  8
    3489.774	  8
    3490.224	  8
    3490.630	  8
    3490.968	  8
    3492.150	  8
    3492.664	  8
    3492.810	  8
    3493.482	  8
    3493.844	  8
    3493.902	  8
    3494.194	  8
    3495.018	  8
    3495.498	  8
    3497.046	  8
    3497.752	  8
    3498.576	  8
    3499.160	  8
    3499.714	  8
    3500.296	  8
    3501.434	  8
    3501.838	  8
    3502.278	  8
    3503.514	  8
    3504.930	  8
    3505.188	  8
    3506.200	  8
    3506.568	  8
    3506.932	  8
    3506.992	  8
    3508.020	  8
    3508.378	  8
    3508.608	  8
    3509.612	  8
    3509.946	  8
    3510.014	  8
    3510.106	 53
    3510.170	  8
    3510.170	 20
    3510.170	 27
    3510.180	 28
    3510.180	 19
    3510.280	 29
    3510.432	  8
    3510.444	  9
    3511.288	  8
    3530.300	 50
    3530.310	 18
    3560.310	 53
    3563.534	  8
    3563.534	 20
    3563.534	 27
    3563.544	 28
    3563.544	 19
    3563.644	 29
    3563.808	  9
    3583.664	 50
    3583.674	 18
    3612.340	  8
    3613.674	 53
    3614.302	  8
    3614.302	 20
    3614.302	 27
    3614.312	 28
    3614.312	 19
    3614.336	  8
    3614.412	 29
    3614.576	  9
    3634.432	 51
    3634.442	 10
    3660.226	  8
    3660.278	  8
    3660.760	  8
    3661.004	  8
    3683.652	  8
    3683.786	  8
    3683.960	  8
    3684.378	  8
    3684.688	  8
    3684.892	  8
    3684.996	  8
    3685.132	  8
    3685.882	  8
    3686.396	  8
    3687.838	  8
    3688.266	  8
    3689.786	  8
    3690.180	  8
    3691.014	  8
    3691.728	  8
    3692.028	  8
    3692.348	  8
    3692.892	  8
    3693.110	  8
    3693.442	  8
    3693.804	  8
    3694.442	 53
    3694.452	 20
    3694.452	 27
    3694.480	  8
    3696.262	  8
    3714.472	 50
    3714.482	 18
    3737.100	  8
    3737.666	  8
    3737.814	  8
    3739.070	  8
    3739.578	  8
    3740.058	  8
    3740.260	  8
    3740.774	  8
    3741.444	  8
    3741.624	  8
    3742.114	  8
    3743.060	  8
    3743.398	  8
    3744.256	  8
    3744.290	  8
    3744.482	 53
    3744.790	  8
    3744.790	 20
    3744.790	 27
    3744.800	 28
    3744.800	 19
    3744.900	 29
    3745.064	  9
    3764.920	 52
    3764.930	 17
    3821.892	  8
    3823.882	  8
    3824.030	  8
    3824.160	  8
    3824.364	  8
    3842.400	  8
    3870.924	  8
    3871.588	  8
    3872.372	  8
    3873.280	  8
    3874.828	  8
    3875.386	  8
    3875.750	  8
    3876.136	  8
    3876.832	  8
    3876.904	  8
    3876.964	  8
    3877.084	  8
    3878.826	  8
    3881.740	  8
    3882.570	  8
    3883.094	  8
    3883.556	  8
    3884.930	 53
    3885.038	  8
    3885.038	 20
    3885.038	 27
    3885.048	 28
    3885.048	 19
    3885.148	 29
    3885.312	  9
    3905.168	 51
    3905.178	 10
    3939.306	  8
    3940.174	  8
    3948.324	  8
    3949.398	  8
    3950.778	  8
    3950.956	  8
    3952.130	  8
    3952.454	  8
    3952.908	  8
    3954.960	  8
    3955.738	  8
    3956.412	  8
    3956.488	  8
    3956.940	  8
    3957.424	  8
    3957.798	  8
    3957.868	  8
    3959.682	  8
    3960.174	  8
    3960.452	  8
    3960.728	  8
    3962.298	  8
    3962.622	  8
    3962.928	  8
    3963.264	  8
    3963.474	  8
    3963.568	  8
    3963.634	  8
    3964.142	  8
    3964.210	  8
    3964.452	  8
    3964.712	  8
    3964.738	  8
    3965.178	 53
    3965.188	 20
    3965.188	 27
    3965.336	  8
    3965.828	  8
    3965.930	  8
    3966.328	  8
    3966.704	  8
    3985.208	 50
    3985.218	 18
    3988.272	  8
    3988.864	  8
    3990.020	  8
    3991.074	  8
    3991.560	  8
    3992.556	  8
    3993.450	  8
    3994.382	  8
    3996.236	  8
    3997.530	  8
    3998.508	  8
    3998.902	  8
    3999.772	  8
    4000.154	  8
    4000.426	  8
    4001.106	  8
    4001.696	  8
    4001.878	  8
    4002.734	  8
    4003.084	  8
    4003.526	  8
    4004.328	  8
    4005.692	  8
    4005.952	  8
    4006.296	  8
    4006.406	  8
    4007.002	  8
    4007.104	  8
    4007.232	  8
    4008.078	  8
    4009.320	  8
    4009.890	  8
    4010.160	  8
    4010.946	  8
    4011.290	  8
    4011.626	  8
    4013.024	  8
    4013.328	  8
    4013.568	  8
    4013.648	  8
    4013.896	  8
    4014.980	  8
    4015.218	 53
    4015.402	  8
    4015.402	 20
    4015.402	 27
    4015.412	 28
    4015.412	 19
    4015.512	 29
    4015.676	  9
    4035.532	 51
    4035.542	 10
    4091.848	  8
    4092.392	  8
    4092.546	  8
    4092.752	  8
    4093.238	  8
    4093.620	  8
    4093.968	  8
    4094.306	  8
    4094.566	  8
    4094.974	  8
    4095.508	  8
    4095.542	 53
    4095.552	 20
    4095.552	 27
    4095.572	  8
    4096.494	  8
    4096.810	  8
    4097.902	  8
    4098.930	  8
    4099.686	  8
    4115.572	 52
    4115.582	 17
    4155.712	  8
    4162.290	  8
    4190.788	  8
    4191.126	  8
    4191.144	  8
    4192.380	  8
    4206.678	  8
    4207.444	  8
    4207.866	  8
    4209.270	  8
    4209.876	  8
    4210.622	  8
    4214.518	  8
    4214.672	  8
    4214.878	  8
    4215.282	  8
    4222.154	  8
    4223.374	  8
    4224.048	  8
    4227.242	  8
    4227.788	  8
    4229.518	  8
    4229.820	  8
    4230.496	  8
    4232.582	  8
    4233.098	  8
    4233.186	  8
    4234.888	  8
    4235.142	  8
    4235.442	  8
    4235.582	 53
    4236.464	  8
    4236.464	 20
    4236.464	 27
    4236.474	 28
    4236.474	 19
    4236.574	 29
    4236.738	  9
    4256.594	 50
    4256.604	 18
    4280.224	  8
    4282.092	  8
    4283.114	  8
    4284.568	  8
    4285.706	  8
    4285.954	  8
    4286.604	 53
    4286.658	  8
    4286.658	 20
    4286.658	 27
    4286.668	 28
    4286.668	 19
    4286.768	 29
    4286.854	  8
    4286.932	  9
    4289.572	  8
    4306.788	 52
    4306.798	 17
    4364.422	  8
    4369.552	  8
    4369.662	  8
    4370.640	  8
    4377.912	  8
    4378.472	  8
    4379.324	  8
    4379.870	  8
    4380.322	  8
    4381.760	  8
    4381.970	  8
    4383.000	  8
    4385.210	  8
    4385.768	  8
    4386.856	  8
    4387.106	  8
    4387.392	  8
    4392.048	  8
    4393.108	  8
    4393.484	  8
    4393.546	  8
    4395.406	  8
    4397.332	  8
    4397.790	  8
    4398.304	  8
    4398.930	  8
    4400.454	  8
    4400.660	  8
    4401.300	  8
    4401.624	  8
    4402.522	  8
    4403.762	  8
    4404.020	  8
    4404.302	  8
    4404.512	  8
    4404.932	  8
    4406.038	  8
    4406.540	  8
    4406.606	  8
    4406.978	  8
    4407.596	  8
    4407.926	  8
    4410.966	  8
    4411.154	  8
    4411.580	  8
    4411.874	  8
    4412.206	  8
    4412.502	  8
    4413.142	  8
    4413.570	  8
    4414.228	  8
    4415.988	  8
    4416.212	  8
    4416.542	  8
    4416.622	  8
    4417.922	  8
    4418.926	  8
    4419.024	  8
    4419.118	  8
    4420.076	  8
    4420.338	  8
    4420.428	  8
    4421.290	  8
    4421.586	  8
    4422.444	  8
    4422.898	  8
    4423.242	  8
    4425.346	  8
    4425.580	  8
    4426.116	  8
    4426.434	  8
    4426.700	  8
    4426.798	 53
    4426.862	  8
    4426.862	 20
    4426.862	 27
    4426.872	 28
    4426.872	 19
    4426.972	 29
    4427.136	  9
    4446.992	 52
    4447.002	 17
    4507.848	  8
    4508.834	  8
    4509.622	  8
    4510.336	  8
    4510.670	  8
    4512.002	  8
    4513.530	  8
    4518.900	  8
    4519.874	  8
    4520.212	  8
    4520.686	  8
    4522.640	  8
    4523.320	  8
    4523.896	  8
    4524.980	  8
    4526.670	  8
    4526.896	  8
    4527.372	  8
    4527.928	  8
    4528.372	  8
    4528.636	  8
    4530.014	  8
    4531.378	  8
    4531.856	  8
    4532.136	  8
    4532.860	  8
    4533.420	  8
    4534.950	  8
    4536.024	  8
    4536.292	  8
    4536.776	  8
    4537.676	  8
    4538.322	  8
    4539.440	  8
    4539.690	  8
    4540.056	  8
    4540.322	  8
    4541.452	  8
    4542.082	  8
    4542.216	  8
    4543.228	  8
    4543.282	  8
    4543.566	  8
    4545.074	  8
    4545.132	  8
    4545.394	  8
    4545.674	  8
    4546.000	  8
    4546.356	  8
    4546.888	  8
    4547.138	  8
    4548.574	  8
    4549.200	  8
    4551.396	  8
    4551.548	  8
    4551.700	  8
    4552.574	  8
    4553.062	  8
    4553.168	  8
    4553.384	  8
    4553.610	  8
    4553.990	  8
    4554.046	  8
    4554.358	  8
    4555.336	  8
    4555.672	  8
    4556.362	  8
    4556.798	  8
    4557.182	  8
    4557.228	  8
    4558.688	  8
    4559.178	  8
    4559.290	  8
    4559.700	  8
    4559.984	  8
    4560.634	  8
    4560.840	  8
    4560.866	  8
    4561.438	  8
    4561.468	  8
    4561.876	  8
    4562.358	  8
    4562.954	  8
    4563.252	  8
    4563.462	  8
    4563.684	  8
    4564.238	  8
    4564.578	  8
    4565.084	  8
    4566.476	  8
    4567.002	 53
    4567.212	  8
    4567.212	 20
    4567.212	 27
    4567.222	 28
    4567.222	 19
    4567.322	 29
    4567.486	  9
    4587.342	 50
    4587.352	 18
    4614.842	  8
    4616.936	  8
    4617.352	 53
    4619.688	  8
    4619.688	 20
    4619.688	 27
    4619.698	 28
    4619.698	 19
    4619.798	 29
    4619.962	  9
    4639.818	 52
    4639.828	 17
    4700.728	  8
    4701.512	  8
    4706.086	  8
    4706.868	  8
    4714.226	  8
    4716.802	  8
    4718.218	  8
    4720.138	  8
    4721.206	  8
    4724.594	  8
    4725.276	  8
    4726.000	  8
    4726.056	  8
    4730.148	  8
    4732.782	  8
    4736.074	  8
    4736.414	  8
    4736.734	  8
    4737.338	  8
    4737.742	  8
    4738.116	  8
    4738.582	  8
    4739.118	  8
    4739.180	  8
    4739.758	  8
    4740.130	  8
    4740.586	  8
    4740.892	  8
    4742.130	  8
    4742.476	  8
    4742.558	  8
    4742.952	  8
    4743.994	  8
    4744.238	  8
    4744.550	  8
    4745.974	  8
    4746.394	  8
    4746.888	  8
    4747.304	  8
    4748.702	  8
    4749.302	  8
    4749.624	  8
    4750.220	  8
    4750.750	  8
    4751.288	  8
    4753.520	  8
    4754.540	  8
    4754.870	  8
    4755.146	  8
    4755.530	  8
    4756.126	  8
    4757.434	  8
    4758.578	  8
    4759.040	  8
    4759.194	  8
    4759.618	  8
    4759.828	 53
    4760.138	  8
    4760.138	 20
    4760.138	 27
    4760.148	 28
    4760.148	 19
    4760.248	 29
    4760.286	  8
    4760.412	  9
    4780.268	 52
    4780.278	 17
    4850.412	  8
    4850.958	  8
    4852.072	  8
    4852.338	  8
    4852.706	  8
    4852.908	  8
    4854.494	  8
    4854.646	  8
    4855.484	  8
    4855.868	  8
    4856.450	  8
    4856.734	  8
    4857.238	  8
    4857.522	  8
    4858.474	  8
    4858.658	  8
    4859.066	  8
    4860.116	  8
    4861.086	  8
    4862.094	  8
    4863.518	  8
    4863.728	  8
    4864.044	  8
    4864.998	  8
    4865.224	  8
    4865.636	  8
    4865.920	  8
    4866.472	  8
    4867.232	  8
    4867.354	  8
    4868.354	  8
    4869.126	  8
    4869.438	  8
    4869.882	  8
    4870.462	  8
    4870.552	  8
    4870.594	  8
    4871.004	  8
    4872.502	  8
    4872.720	  8
    4872.808	  8
    4873.520	  8
    4874.898	  8
    4875.692	  8
    4876.030	  8
    4876.814	  8
    4879.638	  8
    4880.286	  8
    4880.712	  8
    4881.120	  8
    4881.544	  8
    4882.142	  8
    4882.472	  8
    4882.736	  8
    4883.122	  8
    4883.418	  8
    4883.794	  8
    4884.000	  8
    4884.110	  8
    4886.188	  8
    4886.610	  8
    4886.978	  8
    4887.534	  8
    4889.058	  8
    4889.400	  8
    4889.626	  8
    4890.076	  8
    4890.330	  8
    4891.054	  8
    4892.224	  8
    4892.570	  8
    4892.926	  8
    4894.454	  8
    4895.600	  8
    4895.686	  8
    4895.978	  8
    4896.684	  8
    4898.562	  8
    4898.798	  8
    4899.336	  8
    4899.998	  8
    4900.278	 53
    4900.584	  8
    4900.584	 20
    4900.584	 27
    4900.594	 28
    4900.594	 19
    4900.694	 29
    4900.858	  9
    4901.846	  8
    4920.714	 51
    4920.724	 10
    4977.398	  8
    4977.584	  8
    4977.890	  8
    4978.702	  8
    4978.944	  8
    4979.714	  8
    4980.672	  8
    4980.724	 53
    4980.734	 20
    4980.734	 27
    5000.754	 52
    5000.764	 17
    5051.614	  8
    5065.066	  8
    5067.412	  8
    5067.552	  8
    5067.646	  8
    5067.876	  8
    5068.716	  8
    5069.410	  8
    5069.668	  8
    5070.196	  8
    5071.868	  8
    5076.188	  8
    5076.618	  8
    5076.664	  8
    5077.308	  8
    5077.414	  8
    5078.090	  8
    5079.384	  8
    5080.364	  8
    5082.010	  8
    5086.066	  8
    5086.998	  8
    5087.384	  8
    5087.606	  8
    5087.708	  8
    5087.938	  8
    5088.162	  8
    5089.284	  8
    5089.678	  8
    5090.034	  8
    5091.318	  8
    5091.522	  8
    5092.272	  8
    5092.452	  8
    5092.552	  8
    5092.656	  8
    5092.770	  8
    5092.868	  8
    5098.656	  8
    5099.128	  8
    5099.658	  8
    5100.128	  8
    5100.454	  8
    5100.520	  8
    5101.172	  8
    5102.840	  8
    5103.218	  8
    5103.606	  8
    5104.016	  8
    5104.324	  8
    5104.540	  8
    5105.598	  8
    5106.586	  8
    5106.904	  8
    5111.376	  8
    5111.864	  8
    5112.068	  8
    5112.294	  8
    5112.758	  8
    5114.070	  8
    5114.732	  8
    5115.150	  8
    5115.480	  8
    5117.866	  8
    5119.106	  8
    5119.418	  8
    5119.844	  8
    5120.232	  8
    5120.764	 53
    5122.598	  8
    5122.598	 20
    5122.598	 27
    5122.608	 28
    5122.608	 19
    5122.708	 29
    5122.864	  8
    5122.872	  9
    5123.542	  8
    5142.728	 52
    5142.738	 17
    5216.210	  8
    5216.362	  8
    5217.078	  8
    5217.226	  8
    5217.284	  8
    5217.318	  8
    5217.454	  8
    5219.230	  8
    5223.060	  8
    5223.622	  8
    5223.930	  8
    5224.196	  8
    5224.524	  8
    5224.946	  8
    5225.994	  8
    5226.714	  8
    5231.812	  8
    5232.174	  8
    5232.610	  8
    5234.436	  8
    5234.778	  8
    5235.864	  8
    5236.286	  8
    5238.384	  8
    5239.428	  8
    5240.282	  8
    5245.902	  8
    5245.978	  8
    5246.082	  8
    5247.022	  8
    5248.634	  8
    5249.044	  8
    5249.734	  8
    5252.022	  8
    5253.102	  8
    5254.858	  8
    5255.192	  8
    5255.930	  8
    5256.272	  8
    5257.744	  8
    5258.572	  8
    5259.608	  8
    5259.742	  8
    5260.140	  8
    5261.226	  8
    5261.706	  8
    5262.738	 53
    5263.128	  8
    5263.128	 20
    5263.128	 27
    5263.138	 28
    5263.138	 19
    5263.238	 29
    5263.380	  8
    5263.402	  9
    5283.258	 52
    5283.268	 17
    5342.746	  8
    5352.424	  8
    5352.930	  8
    5376.490	  8
    5377.328	  8
    5377.400	  8
    5377.770	  8
    5378.256	  8
    5379.012	  8
    5379.422	  8
    5381.114	  8
    5383.308	  8
    5384.568	  8
    5387.468	  8
    5387.934	  8
    5389.794	  8
    5391.370	  8
    5391.944	  8
    5392.452	  8
    5392.912	  8
    5393.216	  8
    5394.374	  8
    5395.354	  8
    5395.436	  8
    5395.978	  8
    5399.646	  8
    5399.940	  8
    5400.074	  8
    5400.280	  8
    5400.620	  8
    5401.212	  8
    5401.524	  8
    5401.902	  8
    5402.158	  8
    5402.514	  8
    5402.562	  8
    5403.066	  8
    5403.152	  8
    5403.268	 53
    5403.860	  8
    5403.860	 20
    5403.860	 27
    5403.870	 28
    5403.870	 19
    5403.970	 29
    5404.134	  9
    5404.156	  8
    5423.990	 50
    5424.000	 18
    5447.450	  8
    5447.518	  8
    5449.998	  8
    5451.372	  8
    5451.716	  8
    5452.146	  8
    5452.390	  8
    5454.000	 53
    5454.626	  8
    5454.626	 20
    5454.626	 27
    5454.636	 28
    5454.636	 19
    5454.736	 29
    5454.900	  9
    5474.756	 51
    5474.766	 10
    5525.972	  8
    5526.160	  8
    5527.078	  8
    5527.456	  8
    5527.940	  8
    5528.020	  8
    5528.330	  8
    5528.932	  8
    5530.126	  8
    5530.502	  8
    5531.566	  8
    5532.140	  8
    5532.248	  8
    5532.514	  8
    5533.032	  8
    5533.480	  8
    5533.920	  8
    5534.766	 53
    5534.776	 20
    5534.776	 27
    5554.796	 52
    5554.806	 17
    5674.806	 53
    5677.752	  8
    5677.752	 20
    5677.752	 27
    5677.762	 28
    5677.762	 19
    5677.862	 29
    5677.910	  8
    5678.026	  9
    5697.882	 52
    5697.892	 17
    5786.886	  8
    5817.852	  8
    5817.892	 53
    5818.382	  8
    5818.382	 20
    5818.382	 27
    5818.392	 28
    5818.392	 19
    5818.492	 29
    5818.656	  9
    5838.512	 52
    5838.522	 17
    5908.890	  8
    5909.446	  8
    5910.918	  8
    5911.718	  8
    5911.830	  8
    5913.052	  8
    5913.134	  8
    5914.594	  8
    5914.636	  8
    5914.704	  8
    5916.172	  8
    5923.290	  8
    5924.420	  8
    5925.056	  8
    5925.122	  8
    5925.154	  8
    5926.426	  8
    5926.586	  8
    5928.080	  8
    5928.866	  8
    5931.416	  8
    5935.404	  8
    5936.168	  8
    5936.514	  8
    5937.240	  8
    5937.450	  8
    5938.818	  8
    5940.576	  8
    5940.824	  8
    5942.372	  8
    5943.736	  8
    5945.238	  8
    5945.444	  8
    5952.346	  8
    5953.518	  8
    5954.392	  8
    5955.278	  8
    5955.762	  8
    5956.728	  8
    5956.754	  8
    5956.840	  8
    5957.468	  8
    5958.522	 53
    5958.846	  8
    5958.846	 20
    5958.846	 27
    5958.856	 28
    5958.856	 19
    5958.956	 29
    5958.966	 61
