   62727.244	  8
      20.010	 51
      20.020	 18
      66.262	  8
      66.356	  8
      66.910	  8
      72.200	  8
      78.720	  8
      78.800	  8
      80.020	 53
      84.172	  8
      84.172	 20
      84.172	 27
      84.182	 28
      84.182	 19
      84.282	 29
      84.452	  9
      86.468	  8
      86.858	  8
     104.302	 51
     104.312	 18
     138.932	  8
     139.500	  8
     140.120	  8
     140.472	  8
     140.736	  8
     141.012	  8
     141.206	  8
     141.728	  8
     142.116	  8
     142.228	  8
     142.624	  8
     143.174	  8
     143.850	  8
     144.152	  8
     144.404	  8
     144.926	  8
     145.856	  8
     146.386	  8
     146.608	  8
     149.016	  8
     149.818	  8
     150.098	  8
     150.554	  8
     150.724	  8
     151.214	  8
     151.360	  8
     153.204	  8
     153.242	  8
     153.470	  8
     153.708	  8
     153.994	  8
     154.354	  8
     154.766	  8
     155.126	  8
     155.322	  8
     155.502	  8
     155.906	  8
     156.050	  8
     156.164	  8
     156.692	  8
     156.992	  8
     157.204	  8
     157.400	  8
     157.518	  8
     157.818	  8
     158.236	  8
     158.618	  8
     159.910	  8
     160.124	  8
     160.474	  8
     160.750	  8
     161.302	  8
     161.594	  8
     162.030	  8
     162.236	  8
     162.352	  8
     162.610	  8
     162.998	  8
     164.312	 53
     165.300	  8
     165.300	 20
     165.300	 27
     165.310	 28
     165.310	 19
     165.410	 29
     165.580	  9
     185.430	 50
     185.440	 10
     188.804	  8
     188.924	  8
     193.156	  8
     193.546	  8
     193.982	  8
     195.868	  8
     196.136	  8
     196.518	  8
     196.826	  8
     197.216	  8
     199.572	  8
     200.240	  8
     200.942	  8
     201.228	  8
     201.796	  8
     202.054	  8
     202.374	  8
     202.900	  8
     204.518	  8
     204.574	  8
     204.728	  8
     205.186	  8
     205.594	  8
     206.056	  8
     206.564	  8
     206.790	  8
     207.066	  8
     207.256	  8
     207.568	  8
     207.912	  8
     207.964	  8
     208.570	  8
     209.130	  8
     209.538	  8
     209.878	  8
     210.196	  8
     210.982	  8
     211.416	  8
     211.758	  8
     211.936	  8
     212.658	  8
     213.494	  8
     213.984	  8
     214.144	  8
     214.636	  8
     214.986	  8
     215.200	  8
     215.440	 53
     215.450	 20
     215.450	 27
     215.700	  8
     216.854	  8
     217.048	  8
     217.972	  8
     235.470	 50
     235.480	 10
     240.232	  8
     240.714	  8
     245.242	  8
     245.494	  8
     247.862	  8
     248.170	  8
     248.518	  8
     251.986	  8
     252.430	  8
     252.486	  8
     252.928	  8
     253.952	  8
     254.316	  8
     254.556	  8
     255.404	  8
     256.684	  8
     257.126	  8
     257.530	  8
     257.806	  8
     258.006	  8
     258.072	  8
     258.384	  8
     258.842	  8
     259.090	  8
     259.328	  8
     259.652	  8
     260.022	  8
     260.436	  8
     260.824	  8
     261.094	  8
     261.420	  8
     263.550	  8
     263.860	  8
     264.058	  8
     264.398	  8
     264.612	  8
     265.000	  8
     265.346	  8
     265.480	 53
     265.490	 20
     265.490	 27
     266.300	  8
     266.840	  8
     267.266	  8
     267.546	  8
     267.824	  8
     268.120	  8
     271.076	  8
     271.336	  8
     271.570	  8
     271.864	  8
     272.180	  8
     272.412	  8
     272.818	  8
     280.866	  7
     280.950	  7
     281.154	  7
     285.510	 50
     285.520	 10
     295.964	  8
     296.120	  8
     296.394	  8
     296.624	  8
     300.886	  8
     301.264	  8
     304.184	  8
     304.828	  8
     305.666	  8
     306.018	  8
     306.290	  8
     306.580	  8
     306.974	  8
     307.382	  8
     307.828	  8
     310.734	  8
     311.228	  8
     311.626	  8
     311.878	  8
     312.132	  8
     312.506	  8
     312.798	  8
     313.184	  8
     313.852	  8
     314.232	  8
     314.636	  8
     314.968	  8
     315.382	  8
     315.520	 53
     315.530	 20
     315.530	 27
     315.778	  8
     316.732	  8
     326.730	  5
     331.464	  8
     331.542	  8
     331.792	  8
     332.090	  8
     334.250	  7
     334.350	  7
     334.484	  7
     334.650	  7
     335.076	  7
     335.208	  7
     335.358	  7
     335.550	 52
     335.560	 17
     335.956	  7
     336.120	  7
     336.252	  7
     337.118	  7
     337.406	  7
     337.604	  7
     337.752	  7
     337.944	  7
     338.112	  7
     338.318	  7
     338.646	  7
     338.870	  7
     339.048	  7
     339.430	  7
     339.636	  7
     339.796	  7
     346.188	  5
     412.546	  8
     413.586	  8
     414.142	  8
     414.592	  8
     415.096	  8
     415.446	  8
     415.580	  8
     415.882	  8
     416.204	  8
     416.516	  8
     416.904	  8
     417.342	  8
     417.598	  8
     418.032	  8
     418.512	  8
     418.852	  8
     419.368	  8
     419.864	  8
     420.072	  8
     420.152	  8
     420.532	  8
     420.798	  8
     421.162	  8
     421.542	  8
     421.934	  8
     422.272	  8
     422.606	  8
     423.256	  8
     424.260	  8
     424.868	  8
     425.204	  8
     425.660	  8
     426.080	  8
     426.766	  8
     428.776	  8
     429.094	  8
     429.274	  8
     429.508	  8
     429.916	  8
     430.200	  8
     430.438	  8
     430.718	  8
     431.126	  8
     431.546	  8
     431.938	  8
     432.224	  8
     432.686	  8
     432.852	  8
     433.106	  8
     433.468	  8
     433.710	  8
     433.768	  8
     434.200	  8
     434.512	  8
     435.240	  8
     435.840	  8
     436.100	  8
     436.370	  8
     436.632	  8
     436.950	  8
     437.136	  8
     437.548	  8
     437.860	  8
     438.458	  8
     438.544	  8
     438.824	  8
     439.272	  8
     439.414	  8
     439.746	  8
     440.026	  8
     440.492	  8
     440.982	  8
     441.312	  8
     441.450	  8
     441.926	  8
     443.498	  8
     443.858	  8
     444.276	  8
     444.772	  8
     445.116	  8
     445.400	  8
     445.634	  8
     445.930	  8
     446.328	  8
     446.676	  8
     447.102	  8
     447.466	  8
     448.316	  8
     448.652	  8
     448.864	  8
     449.160	  8
     449.650	  8
     450.154	  8
     451.014	  8
     451.248	  8
     451.548	  8
     452.116	  8
     452.608	  8
     454.016	  8
     454.926	  8
     455.560	 53
     456.016	  8
     456.016	 20
     456.016	 27
     456.026	 28
     456.026	 19
     456.126	 29
     456.296	  9
     476.146	 50
     476.156	 10
     500.204	  8
     504.032	  8
     505.316	  8
     505.820	  8
     505.958	  8
     506.156	 53
     506.166	 20
     506.166	 27
     506.380	  8
     526.186	 51
     526.196	 18
     562.216	  8
     568.830	  8
     569.112	  8
     584.644	  8
     585.116	  8
     585.604	  8
     585.890	  8
     586.196	 53
     586.316	  8
     586.316	 20
     586.316	 27
     586.326	 28
     586.326	 19
     586.426	 29
     586.596	  9
     587.052	  8
     606.446	 52
     606.456	 17
     686.260	  8
     716.534	  8
     716.966	  8
     717.278	  8
     721.320	  8
     721.544	  8
     722.066	  8
     722.318	  8
     722.572	  8
     722.978	  8
     723.198	  8
     723.252	  8
     723.660	  8
     723.988	  8
     724.502	  8
     725.032	  8
     725.308	  8
     725.606	  8
     725.780	  8
     725.858	  8
     726.282	  8
     726.456	 53
     726.676	  8
     726.676	 20
     726.676	 27
     726.686	 28
     726.686	 19
     726.786	 29
     727.444	  9
     746.806	 52
     746.816	 17
     768.284	  8
     768.376	  8
     808.756	  8
     809.256	  8
     809.480	  8
     820.428	  8
     821.246	  8
     821.682	  8
     822.158	  8
     822.524	  8
     822.828	  8
     823.474	  8
     823.748	  8
     824.082	  8
     824.362	  8
     824.820	  8
     825.494	  8
     825.598	  8
     826.020	  8
     826.328	  8
     827.382	  8
     827.978	  8
     828.218	  8
     828.590	  8
     828.776	  8
     829.136	  8
     829.508	  8
     829.814	  8
     831.290	  8
     831.688	  8
     832.072	  8
     832.380	  8
     832.762	  8
     833.010	  8
     833.298	  8
     833.416	  8
     833.744	  8
     834.222	  8
     834.982	  8
     835.242	  8
     835.636	  8
     836.188	  8
     836.514	  8
     837.076	  8
     837.282	  8
     837.826	  8
     838.006	  8
     838.400	  8
     838.874	  8
     839.214	  8
     839.612	  8
     839.958	  8
     840.380	  8
     840.664	  8
     840.930	  8
     841.512	  8
     841.804	  8
     842.060	  8
     842.362	  8
     842.564	  8
     843.224	  8
     843.750	  8
     844.608	  8
     845.042	  8
     845.722	  8
     846.356	  8
     846.526	  8
     846.806	  8
     847.128	  8
     847.188	  8
     847.454	  8
     847.864	  8
     848.278	  8
     848.940	  8
     850.344	  8
     850.898	  8
     851.138	  8
     851.204	  8
     851.312	  8
     851.640	  8
     852.028	  8
     852.434	  8
     852.724	  8
     853.036	  8
     853.480	  8
     853.786	  8
     854.366	  8
     854.954	  8
     855.204	  8
     856.136	  8
     858.036	  8
     858.504	  8
     858.800	  8
     859.028	  8
     859.354	  8
     860.340	  8
     860.808	  8
     861.824	  8
     861.930	  8
     862.240	  8
     862.478	  8
     862.838	  8
     863.104	  8
     863.358	  8
     864.136	  8
     864.384	  8
     864.624	  8
     865.094	  8
     865.518	  8
     865.858	  8
     866.122	  8
     866.582	  8
     866.816	 53
     866.876	  8
     866.876	 20
     866.876	 27
     866.886	 28
     866.886	 19
     866.986	 29
     867.156	  9
     867.932	  8
     868.064	  8
     887.006	 51
     887.016	 18
     939.720	  8
     939.840	  8
     940.128	  8
     940.324	  8
     940.568	  8
     940.818	  8
     941.104	  8
     941.570	  8
     941.868	  8
     942.158	  8
     942.750	  8
     943.716	  8
     943.938	  8
     944.636	  8
     945.548	  8
     945.990	  8
     946.456	  8
     946.970	  8
     947.016	 53
     947.192	  8
     947.192	 20
     947.192	 27
     947.202	 28
     947.202	 19
     947.302	 29
     947.472	  9
     967.322	 52
     967.332	 17
     978.570	  7
     978.640	  7
     978.944	  7
    1042.354	  8
    1078.852	  8
    1079.930	  8
    1080.362	  8
    1080.754	  8
    1081.106	  8
    1081.598	  8
    1082.072	  8
    1082.368	  8
    1082.666	  8
    1082.952	  8
    1083.520	  8
    1083.642	  8
    1083.840	  8
    1084.124	  8
    1084.438	  8
    1084.820	  8
    1085.350	  8
    1085.796	  8
    1086.082	  8
    1086.628	  8
    1087.186	  8
    1087.332	 53
    1087.636	  8
    1087.636	 20
    1087.636	 27
    1087.646	 28
    1087.646	 19
    1087.746	 29
    1087.916	  9
    1088.892	  8
    1107.766	 52
    1107.776	 17
    1179.062	  8
    1179.398	  8
    1179.514	  8
    1179.692	  8
    1179.982	  8
    1185.340	  8
    1185.720	  8
    1185.760	  8
    1185.842	  8
    1216.652	  8
    1216.798	  8
    1217.218	  8
    1217.734	  8
    1218.520	  8
    1218.670	  8
    1219.094	  8
    1219.302	  8
    1219.738	  8
    1220.226	  8
    1220.608	  8
    1220.984	  8
    1221.306	  8
    1221.636	  8
    1221.960	  8
    1222.254	  8
    1222.544	  8
    1222.802	  8
    1223.116	  8
    1223.420	  8
    1223.736	  8
    1224.128	  8
    1224.440	  8
    1224.860	  8
    1225.552	  8
    1225.894	  8
    1226.068	  8
    1226.402	  8
    1226.974	  8
    1227.586	  8
    1227.776	 53
    1227.976	  8
    1227.976	 20
    1227.976	 27
    1227.986	 28
    1227.986	 19
    1228.086	 29
    1228.124	  8
    1228.256	  9
    1248.106	 51
    1248.116	 18
    1259.438	  7
    1259.732	  7
    1259.852	  7
    1260.002	  7
    1260.706	  7
    1260.846	  7
    1261.028	  7
    1261.178	  7
    1261.352	  7
    1266.934	  7
    1268.648	  7
    1268.796	  7
    1268.960	  7
    1269.100	  7
    1269.280	  7
    1269.432	  7
    1270.530	  7
    1270.684	  7
    1270.848	  7
    1271.026	  7
    1273.664	  7
    1273.812	  7
    1277.634	  7
    1277.776	  7
    1278.542	  7
    1278.718	  7
    1278.854	  7
    1279.054	  7
    1279.212	  7
    1279.372	  7
    1281.510	  7
    1281.670	  7
    1281.838	  7
    1281.996	  7
    1282.140	  7
    1282.272	  7
    1282.446	  7
    1282.644	  7
    1283.560	  7
    1283.882	  7
    1284.008	  7
    1284.152	  7
    1284.310	  7
    1284.464	  7
    1284.618	  7
    1284.774	  7
    1284.954	  7
    1285.092	  7
    1285.264	  7
    1286.058	  7
    1286.224	  7
    1286.372	  7
    1287.928	  8
    1288.410	  8
    1288.912	  8
    1289.236	  8
    1289.518	  8
    1289.824	  8
    1290.094	  8
    1291.052	  8
    1291.216	  8
    1291.550	  8
    1291.926	  8
    1292.682	  8
    1292.930	  8
    1293.072	  8
    1293.210	  8
    1293.530	  8
    1293.884	  8
    1294.090	  8
    1294.470	  8
    1294.834	  8
    1295.118	  8
    1295.450	  8
    1295.680	  8
    1295.932	  8
    1296.198	  8
    1296.658	  8
    1296.950	  8
    1297.162	  8
    1297.488	  8
    1297.750	  8
    1298.086	  8
    1298.406	  8
    1298.776	  8
    1299.006	  8
    1299.204	  8
    1299.402	  8
    1299.554	  8
    1299.968	  8
    1300.024	  8
    1300.338	  8
    1300.534	  8
    1300.850	  8
    1301.150	  8
    1301.642	  8
    1301.978	  8
    1302.684	  8
    1303.028	  8
    1303.402	  8
    1303.554	  8
    1303.886	  8
    1304.184	  8
    1304.464	  8
    1304.526	  8
    1304.844	  8
    1305.440	  8
    1305.802	  8
    1306.166	  8
    1306.840	  8
    1307.374	  8
    1307.636	  8
    1308.116	 53
    1308.414	  8
    1308.414	 20
    1308.414	 27
    1308.424	 28
    1308.424	 19
    1308.524	 29
    1308.694	  9
    1328.544	 52
    1328.554	 17
    1410.018	  8
    1410.086	  8
    1410.702	  8
    1410.988	  8
    1411.362	  8
    1447.786	  8
    1447.898	  8
    1448.004	  8
    1448.554	 53
    1448.590	  8
    1448.590	 20
    1448.590	 27
    1448.600	 28
    1448.600	 19
    1448.700	 29
    1448.870	  9
    1449.718	  8
    1468.720	 52
    1468.730	 17
    1525.266	  8
    1525.496	  8
    1525.704	  8
    1525.986	  8
    1526.240	  8
    1526.544	  8
    1526.888	  8
    1527.262	  8
    1528.054	  8
    1528.222	  8
    1528.412	  8
    1528.884	  8
    1529.570	  8
    1529.978	  8
    1530.264	  8
    1530.736	  8
    1531.104	  8
    1531.522	  8
    1532.016	  8
    1532.372	  8
    1532.768	  8
    1533.050	  8
    1533.424	  8
    1533.822	  8
    1534.394	  8
    1534.714	  8
    1534.884	  8
    1535.274	  8
    1535.976	  8
    1536.410	  8
    1536.662	  8
    1537.098	  8
    1537.552	  8
    1537.862	  8
    1538.414	  8
    1539.080	  8
    1539.302	  8
    1539.472	  8
    1539.812	  8
    1540.102	  8
    1540.532	  8
    1540.820	  8
    1541.120	  8
    1541.538	  8
    1541.898	  8
    1542.496	  8
    1542.820	  8
    1543.134	  8
    1543.438	  8
    1543.708	  8
    1544.474	  8
    1544.830	  8
    1544.972	  8
    1545.270	  8
    1545.684	  8
    1546.776	  8
    1547.438	  8
    1547.736	  8
    1548.220	  8
    1549.156	  8
    1549.422	  8
    1549.714	  8
    1550.058	  8
    1550.418	  8
    1550.704	  8
    1550.958	  8
    1551.294	  8
    1551.800	  8
    1552.340	  8
    1552.722	  8
    1552.986	  8
    1553.424	  8
    1553.774	  8
    1554.468	  8
    1554.590	  8
    1554.896	  8
    1555.058	  8
    1556.194	  8
    1556.834	  8
    1557.306	  8
    1557.512	  8
    1557.816	  8
    1558.772	  8
    1558.898	  8
    1559.178	  8
    1559.524	  8
    1559.850	  8
    1560.148	  8
    1560.418	  8
    1560.818	  8
    1561.226	  8
    1561.400	  8
    1561.768	  8
    1562.438	  8
    1564.022	  8
    1564.418	  8
    1564.754	  8
    1565.010	  8
    1565.486	  8
    1565.824	  8
    1566.542	  8
    1566.772	  8
    1567.000	  8
    1567.046	  8
    1567.638	  8
    1567.934	  8
    1568.186	  8
    1568.468	  8
    1569.300	  8
    1571.322	  8
    1571.616	  8
    1572.082	  8
    1572.564	  8
    1572.888	  8
    1573.268	  8
    1574.388	  8
    1574.704	  8
    1575.124	  8
    1575.358	  8
    1575.538	  8
    1575.890	  8
    1576.376	  8
    1576.680	  8
    1577.138	  8
    1577.580	  8
    1577.772	  8
    1581.614	  8
    1582.042	  8
    1582.156	  8
    1582.632	  8
    1582.834	  8
    1583.286	  8
    1583.502	  8
    1583.900	  8
    1584.300	  8
    1584.714	  8
    1585.114	  8
    1585.390	  8
    1585.706	  8
    1585.960	  8
    1586.458	  8
    1586.982	  8
    1587.232	  8
    1588.730	 53
    1589.424	  8
    1589.424	 20
    1589.424	 27
    1589.434	 28
    1589.434	 19
    1589.534	 29
    1589.948	  9
    1609.554	 51
    1609.564	 18
    1667.672	  8
    1668.614	  8
    1669.406	  8
    1669.564	 53
    1669.774	  8
    1669.774	 20
    1669.774	 27
    1669.784	 28
    1669.784	 19
    1669.884	 29
    1670.054	  9
    1689.904	 50
    1689.914	 10
    1698.814	  8
    1699.010	  8
    1699.324	  8
    1706.028	  8
    1706.536	  8
    1706.856	  8
    1707.150	  8
    1707.444	  8
    1708.044	  8
    1708.570	  8
    1708.932	  8
    1709.934	  8
    1710.360	  8
    1710.710	  8
    1710.994	  8
    1711.458	  8
    1711.802	  8
    1712.228	  8
    1712.952	  8
    1714.140	  8
    1714.794	  8
    1715.594	  8
    1716.050	  8
    1716.316	  8
    1716.930	  8
    1717.138	  8
    1717.808	  8
    1717.890	  8
    1718.030	  8
    1718.480	  8
    1719.128	  8
    1719.504	  8
    1719.914	 53
    1719.924	 20
    1719.924	 27
    1720.158	  8
    1720.934	  8
    1721.260	  8
    1721.692	  8
    1722.308	  8
    1739.944	 51
    1739.954	 18
    1753.662	  8
    1753.760	  8
    1758.614	  8
    1758.726	  8
    1759.384	  8
    1759.658	  8
    1777.582	  8
    1778.112	  8
    1779.324	  8
    1779.916	  8
    1780.240	  8
    1780.658	  8
    1781.058	  8
    1781.530	  8
    1781.870	  8
    1782.312	  8
    1783.026	  8
    1783.384	  8
    1783.892	  8
    1784.194	  8
    1784.510	  8
    1785.328	  8
    1785.788	  8
    1786.216	  8
    1786.600	  8
    1786.794	  8
    1787.116	  8
    1787.208	  8
    1788.212	  8
    1788.530	  8
    1789.004	  8
    1789.364	  8
    1789.842	  8
    1790.542	  8
    1791.038	  8
    1791.306	  8
    1799.954	 53
    1800.174	  8
    1800.174	 20
    1800.174	 27
    1800.184	 28
    1800.184	 19
    1800.234	  8
    1800.284	 29
    1800.454	  9
    1820.304	 51
    1820.314	 18
    1856.662	  8
    1856.718	  8
    1857.238	  8
    1857.682	  8
    1858.408	  8
    1858.648	  8
    1858.712	  8
    1859.070	  8
    1859.400	  8
    1859.698	  8
    1859.950	  8
    1860.240	  8
    1860.540	  8
    1860.956	  8
    1861.504	  8
    1862.050	  8
    1862.202	  8
    1862.978	  8
    1864.184	  8
    1864.492	  8
    1864.662	  8
    1864.914	  8
    1865.350	  8
    1868.350	  8
    1868.838	  8
    1869.378	  8
    1869.562	  8
    1869.946	  8
    1870.326	  8
    1870.710	  8
    1870.944	  8
    1871.258	  8
    1871.502	  8
    1871.664	  8
    1871.782	  8
    1872.202	  8
    1872.640	  8
    1873.338	  8
    1873.596	  8
    1874.104	  8
    1874.374	  8
    1874.924	  8
    1875.316	  8
    1875.746	  8
    1875.844	  8
    1876.344	  8
    1876.612	  8
    1877.318	  8
    1877.974	  8
    1878.240	  8
    1878.552	  8
    1878.850	  8
    1880.264	  8
    1880.314	 53
    1880.674	  8
    1880.674	 20
    1880.674	 27
    1880.684	 28
    1880.684	 19
    1880.784	 29
    1880.832	  8
    1880.954	  9
    1882.086	  8
    1883.122	  8
    1883.860	  8
    1884.792	  8
    1900.804	 50
    1900.814	 10
    1911.866	  8
    1914.440	  8
    1914.782	  8
    1915.050	  8
    1917.656	  8
    1917.760	  8
    1918.098	  8
    1918.570	  8
    1918.798	  8
    1919.078	  8
    1919.406	  8
    1919.670	  8
    1920.076	  8
    1920.554	  8
    1920.888	  8
    1921.416	  8
    1922.002	  8
    1922.794	  8
    1923.304	  8
    1923.740	  8
    1924.044	  8
    1925.102	  8
    1925.370	  8
    1925.862	  8
    1926.148	  8
    1926.466	  8
    1926.868	  8
    1927.146	  8
    1927.702	  8
    1928.026	  8
    1928.396	  8
    1928.450	  8
    1929.200	  8
    1930.132	  8
    1930.814	 53
    1930.824	 20
    1930.824	 27
    1931.018	  8
    1931.828	  8
    1939.486	  8
    1950.844	 50
    1950.854	 10
    1952.016	  8
    1956.870	  8
    1957.316	  8
    1960.198	  8
    1960.526	  8
    1960.802	  8
    1980.854	 53
    1980.864	 20
    1980.864	 27
    1985.280	  8
    1985.388	  8
    1985.824	  8
    1986.164	  8
    1986.380	  8
    1986.764	  8
    1987.134	  8
    1987.492	  8
    1987.904	  8
    1988.192	  8
    1988.538	  8
    1988.714	  8
    1988.956	  8
    1989.402	  8
    1989.912	  8
    2000.884	 52
    2000.894	 17
    2118.076	  8
    2118.576	  8
    2119.168	  8
    2119.524	  8
    2119.812	  8
    2120.074	  8
    2120.378	  8
    2120.710	  8
    2120.894	 53
    2121.044	  8
    2121.044	 20
    2121.044	 27
    2121.054	 28
    2121.054	 19
    2121.154	 29
    2121.164	  8
    2121.324	  9
    2122.630	  8
    2141.174	 50
    2141.184	 10
    2164.396	  8
    2165.334	  8
    2165.624	  8
    2166.342	  8
    2167.592	  8
    2168.526	  8
    2168.708	  8
    2168.978	  8
    2169.564	  8
    2170.562	  8
    2171.152	  8
    2171.184	 53
    2171.194	 20
    2171.194	 27
    2172.032	  8
    2172.752	  8
    2173.316	  8
    2173.836	  8
    2174.252	  8
    2174.870	  8
    2175.340	  8
    2178.168	  8
    2178.800	  8
    2179.114	  8
    2179.568	  8
    2188.864	  7
    2188.978	  7
    2189.116	  7
    2189.260	  7
    2189.408	  7
    2190.364	  7
    2190.512	  7
    2190.684	  7
    2191.034	  7
    2191.198	  7
    2191.214	 51
    2191.224	 18
    2191.348	  7
    2191.496	  7
    2191.636	  7
    2191.964	  7
    2192.110	  7
    2192.676	  7
    2192.822	  7
    2192.992	  7
    2193.118	  7
    2193.436	  7
    2193.594	  7
    2193.752	  7
    2197.084	  7
    2197.264	  7
    2197.414	  7
    2197.612	  7
    2197.774	  7
    2197.922	  7
    2198.128	  7
    2198.300	  7
    2198.448	  7
    2221.052	  8
    2221.652	  8
    2222.166	  8
    2222.438	  8
    2222.818	  8
    2223.022	  8
    2223.304	  8
    2223.518	  8
    2223.994	  8
    2224.378	  8
    2224.578	  8
    2225.038	  8
    2225.200	  8
    2225.292	  8
    2225.564	  8
    2225.786	  8
    2226.452	  8
    2226.504	  8
    2226.822	  8
    2227.306	  8
    2228.412	  8
    2228.980	  8
    2229.366	  8
    2229.652	  8
    2230.032	  8
    2230.320	  8
    2230.592	  8
    2231.102	  8
    2231.374	  8
    2231.542	  8
    2231.998	  8
    2232.434	  8
    2232.740	  8
    2233.156	  8
    2233.544	  8
    2234.226	  8
    2234.468	  8
    2234.712	  8
    2234.770	  8
    2234.990	  8
    2236.410	  8
    2236.504	  8
    2236.734	  8
    2236.888	  8
    2237.048	  8
    2237.534	  8
    2237.808	  8
    2238.026	  8
    2238.392	  8
    2238.744	  8
    2239.094	  8
    2239.206	  8
    2239.570	  8
    2240.278	  8
    2240.506	  8
    2240.884	  8
    2241.168	  8
    2241.384	  8
    2242.694	  8
    2242.940	  8
    2243.276	  8
    2243.622	  8
    2244.322	  8
    2244.412	  8
    2244.582	  8
    2244.678	  8
    2244.922	  8
    2245.316	  8
    2246.456	  8
    2247.088	  8
    2247.958	  8
    2248.364	  8
    2249.078	  8
    2249.196	  8
    2249.422	  8
    2249.846	  8
    2251.224	 53
    2260.442	  8
    2260.442	 20
    2260.442	 27
    2260.452	 28
    2260.452	 19
    2260.502	  8
    2260.552	 29
    2260.722	  9
    2262.126	  8
    2280.572	 50
    2280.582	 10
    2302.230	  8
    2302.484	  8
    2302.610	  8
    2302.834	  8
    2303.436	  8
    2306.344	  8
    2306.488	  8
    2306.674	  8
    2306.990	  8
    2307.430	  8
    2307.822	  8
    2308.508	  8
    2309.112	  8
    2310.582	 53
    2310.592	 20
    2310.592	 27
    2310.858	  8
    2311.774	  8
    2312.132	  8
    2312.408	  8
    2312.732	  8
    2312.976	  8
    2313.062	  8
    2325.430	  8
    2325.548	  8
    2325.880	  8
    2330.612	 51
    2330.622	 18
    2390.622	 53
    2398.932	  8
    2398.932	 20
    2398.932	 27
    2398.942	 28
    2398.942	 19
    2399.042	 29
    2399.212	  9
    2400.312	  8
    2419.062	 50
    2419.072	 10
    2445.462	  8
    2445.960	  8
    2446.422	  8
    2446.764	  8
    2448.018	  8
    2448.348	  8
    2448.540	  8
    2449.072	 53
    2449.082	 20
    2449.082	 27
    2449.172	  8
    2449.874	  8
    2450.300	  8
    2469.102	 52
    2469.112	 17
    2535.472	  8
    2536.050	  8
    2536.980	  8
    2537.322	  8
    2537.618	  8
    2537.938	  8
    2538.456	  8
    2538.896	  8
    2539.390	  8
    2540.240	  8
    2540.526	  8
    2541.232	  8
    2541.528	  8
    2542.040	  8
    2542.494	  8
    2542.754	  8
    2543.080	  8
    2543.708	  8
    2544.124	  8
    2544.656	  8
    2544.950	  8
    2545.238	  8
    2545.558	  8
    2545.724	  8
    2545.964	  8
    2546.376	  8
    2546.652	  8
    2546.938	  8
    2547.188	  8
    2547.456	  8
    2547.756	  8
    2548.032	  8
    2548.602	  8
    2549.666	  8
    2550.074	  8
    2550.672	  8
    2550.976	  8
    2551.322	  8
    2551.496	  8
    2554.240	  8
    2554.534	  8
    2554.846	  8
    2555.226	  8
    2555.538	  8
    2555.780	  8
    2556.168	  8
    2556.536	  8
    2556.918	  8
    2557.254	  8
    2557.658	  8
    2557.974	  8
    2558.646	  8
    2559.012	  8
    2559.390	  8
    2559.582	  8
    2559.716	  8
    2559.816	  8
    2560.234	  8
    2560.518	  8
    2560.898	  8
    2561.118	  8
    2561.314	  8
    2563.644	  8
    2563.922	  8
    2564.184	  8
    2564.408	  8
    2564.730	  8
    2565.012	  8
    2565.332	  8
    2565.974	  8
    2566.388	  8
    2566.786	  8
    2567.232	  8
    2567.746	  8
    2568.306	  8
    2568.542	  8
    2569.368	  8
    2569.468	  8
    2569.760	  8
    2572.732	  8
    2573.260	  8
    2573.588	  8
    2583.948	  8
    2584.596	  8
    2587.338	  8
    2587.398	  8
    2587.796	  8
    2588.122	  8
    2588.756	  8
    2589.062	  8
    2589.112	 53
    2589.502	  8
    2589.502	 20
    2589.502	 27
    2589.512	 28
    2589.512	 19
    2589.560	  8
    2589.612	 29
    2589.782	  9
    2590.438	  8
    2609.632	 52
    2609.642	 17
    2611.898	  8
    2691.228	  8
    2691.598	  8
    2692.050	  8
    2692.432	  8
    2692.734	  8
    2693.398	  8
    2693.854	  8
    2694.126	  8
    2694.458	  8
    2695.186	  8
    2696.318	  8
    2696.668	  8
    2696.764	  8
    2697.188	  8
    2697.490	  8
    2697.974	  8
    2698.692	  8
    2698.786	  8
    2699.322	  8
    2699.668	  8
    2724.546	  8
    2725.086	  8
    2725.748	  8
    2726.532	  8
    2727.362	  8
    2728.176	  8
    2728.378	  8
    2728.512	  8
    2728.624	  8
    2729.002	  8
    2729.442	  8
    2729.642	 53
    2729.728	  8
    2729.728	 20
    2729.728	 27
    2729.738	 28
    2729.738	 19
    2729.838	 29
    2729.862	  8
    2730.008	  9
    2749.858	 51
    2749.868	 18
    2796.002	  8
    2796.096	  8
    2796.600	  8
    2796.972	  8
    2797.340	  8
    2797.702	  8
    2798.030	  8
    2798.296	  8
    2798.530	  8
    2798.840	  8
    2799.762	  8
    2800.124	  8
    2800.176	  8
    2800.890	  8
    2801.230	  8
    2801.864	  8
    2802.378	  8
    2802.876	  8
    2803.248	  8
    2803.590	  8
    2803.812	  8
    2804.022	  8
    2804.340	  8
    2804.702	  8
    2804.968	  8
    2805.184	  8
    2805.466	  8
    2805.802	  8
    2806.168	  8
    2806.410	  8
    2807.138	  8
    2807.552	  8
    2807.750	  8
    2808.004	  8
    2808.294	  8
    2808.920	  8
    2809.358	  8
    2809.728	  8
    2809.868	 53
    2810.286	  8
    2810.286	 20
    2810.286	 27
    2810.296	 28
    2810.296	 19
    2810.396	 29
    2810.566	  9
    2811.318	  8
    2830.416	 52
    2830.426	 17
    2840.202	  8
    2876.412	  8
    2876.478	  8
    2913.290	  8
    2913.600	  8
    2913.722	  8
    2914.048	  8
    2914.406	  8
    2914.674	  8
    2915.198	  8
    2915.554	  8
    2915.832	  8
    2916.154	  8
    2916.436	  8
    2916.772	  8
    2917.030	  8
    2917.378	  8
    2917.722	  8
    2918.212	  8
    2918.560	  8
    2919.266	  8
    2919.676	  8
    2920.014	  8
    2920.152	  8
    2920.808	  8
    2921.118	  8
    2921.700	  8
    2922.014	  8
    2922.192	  8
    2922.440	  8
    2923.482	  8
    2923.798	  8
    2924.508	  8
    2924.884	  8
    2925.236	  8
    2925.452	  8
    2930.124	  8
    2930.442	  8
    2930.848	  8
    2931.264	  8
    2931.860	  8
    2932.132	  8
    2932.600	  8
    2932.912	  8
    2933.586	  8
    2933.672	  8
    2934.790	  8
    2934.920	  8
    2935.764	  8
    2936.792	  8
    2937.318	  8
    2937.578	  8
    2937.786	  8
    2937.828	  8
    2938.362	  8
    2938.730	  8
    2939.054	  8
    2939.432	  8
    2939.870	  8
    2940.370	  8
    2940.986	  8
    2941.986	  8
    2942.254	  8
    2942.662	  8
    2943.054	  8
    2943.898	  8
    2944.160	  8
    2944.584	  8
    2944.674	  8
    2944.896	  8
    2945.142	  8
    2945.464	  8
    2945.770	  8
    2946.234	  8
    2946.630	  8
    2946.912	  8
    2947.202	  8
    2947.500	  8
    2947.828	  8
    2948.110	  8
    2948.432	  8
    2948.792	  8
    2949.040	  8
    2949.370	  8
    2949.718	  8
    2950.426	 53
    2950.564	  8
    2950.564	 20
    2950.564	 27
    2950.574	 28
    2950.574	 19
    2950.674	 29
    2950.844	  9
    2951.968	  8
    2970.694	 51
    2970.704	 18
    3013.824	  8
    3014.218	  8
    3014.340	  8
    3014.842	  8
    3015.244	  8
    3015.558	  8
    3015.764	  8
    3016.276	  8
    3016.548	  8
    3017.228	  8
    3017.714	  8
    3018.602	  8
    3019.490	  8
    3019.584	  8
    3019.890	  8
    3020.472	  8
    3020.780	  8
    3021.166	  8
    3021.492	  8
    3021.794	  8
    3022.152	  8
    3022.428	  8
    3023.090	  8
    3023.382	  8
    3023.812	  8
    3024.144	  8
    3024.566	  8
    3024.834	  8
    3025.232	  8
    3025.330	  8
    3025.780	  8
    3026.218	  8
    3026.364	  8
    3026.858	  8
    3027.062	  8
    3027.546	  8
    3027.842	  8
    3028.056	  8
    3028.252	  8
    3028.790	  8
    3029.312	  8
    3029.894	  8
    3030.170	  8
    3030.666	  8
    3030.704	 53
    3031.004	  8
    3031.004	 20
    3031.004	 27
    3031.014	 28
    3031.014	 19
    3031.114	 29
    3031.284	  9
    3051.134	 52
    3051.144	 17
    3067.906	  8
    3068.184	  8
    3122.730	  8
    3131.184	  8
    3131.530	  8
    3132.322	  8
    3133.284	  8
    3133.956	  8
    3134.320	  8
    3134.648	  8
    3135.232	  8
    3135.648	  8
    3136.094	  8
    3136.444	  8
    3136.928	  8
    3137.562	  8
    3138.762	  8
    3139.084	  8
    3139.620	  8
    3139.954	  8
    3141.096	  8
    3141.732	  8
    3142.052	  8
    3142.548	  8
    3142.852	  8
    3143.466	  8
    3143.628	  8
    3144.346	  8
    3144.792	  8
    3145.042	  8
    3145.330	  8
    3145.612	  8
    3145.948	  8
    3146.210	  8
    3146.428	  8
    3147.030	  8
    3147.612	  8
    3148.182	  8
    3148.976	  8
    3149.104	  8
    3149.450	  8
    3149.886	  8
    3150.220	  8
    3150.344	  8
    3150.740	  8
    3151.198	  8
    3151.400	  8
    3151.510	  8
    3152.170	  8
    3153.334	  8
    3153.478	  8
    3153.790	  8
    3153.956	  8
    3154.394	  8
    3155.020	  8
    3155.346	  8
    3155.608	  8
    3155.920	  8
    3156.384	  8
    3156.660	  8
    3157.074	  8
    3157.662	  8
    3157.888	  8
    3158.452	  8
    3159.908	  8
    3159.940	  8
    3160.332	  8
    3160.766	  8
    3161.506	  8
    3161.870	  8
    3162.170	  8
    3162.524	  8
    3162.892	  8
    3163.214	  8
    3163.608	  8
    3163.814	  8
    3164.128	  8
    3164.462	  8
    3164.922	  8
    3165.496	  8
    3165.858	  8
    3166.472	  8
    3166.868	  8
    3167.162	  8
    3167.490	  8
    3168.006	  8
    3168.846	  8
    3169.712	  8
    3170.526	  8
    3170.850	  8
    3171.144	 53
    3171.318	  8
    3171.318	 20
    3171.318	 27
    3171.328	 28
    3171.328	 19
    3171.428	 29
    3171.598	  9
    3191.448	 51
    3191.458	 18
    3244.390	  8
    3245.104	  8
    3251.458	 53
    3257.726	  8
    3257.726	 20
    3257.726	 27
    3257.736	 28
    3257.736	 19
    3257.836	 29
    3257.842	  8
    3258.006	  9
    3277.856	 50
    3277.866	 10
    3290.846	  8
    3302.078	  8
    3302.780	  8
    3303.366	  8
    3303.394	  8
    3303.700	  8
    3305.000	  8
    3305.518	  8
    3305.998	  8
    3306.308	  8
    3306.444	  8
    3306.778	  8
    3306.808	  8
    3307.260	  8
    3307.866	 53
    3307.876	 20
    3307.876	 27
    3307.934	  8
    3308.852	  8
    3309.296	  8
    3309.730	  8
    3310.098	  8
    3310.156	  8
    3327.896	 52
    3327.906	 17
    3367.146	  8
    3368.152	  8
    3368.268	  8
    3374.366	  8
    3374.992	  8
    3375.460	  8
    3379.962	  8
    3380.082	  8
    3380.312	  8
    3380.496	  8
    3380.822	  8
    3381.206	  8
    3381.474	  8
    3383.132	  8
    3383.550	  8
    3384.656	  8
    3385.514	  8
    3411.040	  8
    3411.134	  8
    3411.680	  8
    3412.012	  8
    3412.354	  8
    3412.704	  8
    3413.102	  8
    3413.602	  8
    3414.316	  8
    3414.634	  8
    3415.668	  8
    3416.002	  8
    3417.012	  8
    3417.342	  8
    3417.764	  8
    3418.236	  8
    3418.634	  8
    3418.910	  8
    3419.382	  8
    3419.926	  8
    3420.346	  8
    3420.708	  8
    3420.970	  8
    3421.124	  8
    3421.500	  8
    3421.946	  8
    3422.330	  8
    3422.488	  8
    3422.808	  8
    3423.084	  8
    3423.214	  8
    3423.394	  8
    3423.790	  8
    3423.924	  8
    3424.572	  8
    3424.794	  8
    3425.364	  8
    3425.658	  8
    3425.946	  8
    3426.094	  8
    3426.188	  8
    3426.598	  8
    3426.948	  8
    3427.286	  8
    3427.720	  8
    3427.826	  8
    3427.874	  8
    3428.876	  8
    3429.166	  8
    3429.520	  8
    3429.768	  8
    3430.858	  8
    3431.230	  8
    3431.656	  8
    3432.184	  8
    3432.572	  8
    3433.048	  8
    3433.334	  8
    3433.664	  8
    3433.984	  8
    3434.222	  8
    3434.532	  8
    3434.904	  8
    3435.274	  8
    3435.634	  8
    3435.962	  8
    3436.192	  8
    3436.320	  8
    3436.696	  8
    3437.272	  8
    3437.942	  8
    3438.274	  8
    3438.394	  8
    3438.686	  8
    3439.136	  8
    3440.404	  8
    3440.596	  8
    3440.700	  8
    3441.008	  8
    3441.684	  8
    3442.066	  8
    3442.324	  8
    3442.636	  8
    3443.822	  8
    3444.068	  8
    3444.442	  8
    3444.944	  8
    3445.248	  8
    3445.462	  8
    3446.382	  8
    3446.580	  8
    3446.822	  8
    3447.264	  8
    3447.514	  8
    3447.906	 53
    3448.496	  8
    3448.496	 20
    3448.496	 27
    3448.506	 28
    3448.506	 19
    3448.606	 29
    3448.776	  9
    3453.946	  8
    3468.626	 50
    3468.636	 10
    3475.824	  8
    3476.114	  8
    3477.510	  8
    3479.984	  8
    3482.442	  8
    3482.968	  8
    3485.286	  8
    3485.722	  8
    3486.258	  8
    3486.860	  8
    3487.596	  8
    3487.792	  8
    3487.994	  8
    3489.396	  8
    3489.964	  8
    3490.202	  8
    3490.400	  8
    3490.898	  8
    3491.136	  8
    3491.522	  8
    3491.782	  8
    3492.064	  8
    3492.474	  8
    3492.864	  8
    3493.714	  8
    3494.210	  8
    3495.182	  8
    3495.352	  8
    3495.678	  8
    3496.222	  8
    3496.574	  8
    3498.004	  8
    3498.272	  8
    3498.636	 53
    3498.646	 20
    3498.646	 27
    3499.830	  8
    3500.092	  8
    3500.438	  8
    3500.752	  8
    3501.654	  8
    3501.948	  8
    3502.376	  8
    3508.554	  8
    3508.616	  8
    3509.214	  8
    3518.666	 51
    3518.676	 18
    3528.266	  7
    3528.930	  7
    3534.322	  8
    3534.402	  8
    3536.016	  8
    3537.782	  8
    3545.594	  8
    3558.002	  8
    3558.694	  8
    3559.528	  8
    3560.032	  8
    3561.806	  8
    3561.940	  8
    3562.900	  8
    3563.364	  8
    3566.920	  8
    3567.430	  8
    3567.760	  8
    3568.076	  8
    3568.514	  8
    3568.778	  8
    3569.100	  8
    3569.412	  8
    3569.604	  8
    3569.958	  8
    3571.100	  8
    3571.670	  8
    3572.040	  8
    3572.388	  8
    3572.774	  8
    3573.286	  8
    3573.750	  8
    3574.106	  8
    3574.950	  8
    3575.484	  8
    3575.508	  8
    3576.264	  8
    3576.710	  8
    3577.278	  8
    3577.738	  8
    3578.290	  8
    3578.676	 53
    3578.924	  8
    3578.924	 20
    3578.924	 27
    3578.934	 28
    3578.934	 19
    3579.034	 29
    3579.448	  9
    3599.054	 51
    3599.064	 18
    3648.792	  8
    3649.212	  8
    3649.620	  8
    3649.952	  8
    3650.248	  8
    3650.654	  8
    3650.988	  8
    3651.206	  8
    3651.524	  8
    3652.256	  8
    3652.418	  8
    3652.866	  8
    3653.342	  8
    3653.706	  8
    3654.596	  8
    3655.162	  8
    3655.794	  8
    3655.898	  8
    3656.166	  8
    3656.644	  8
    3657.432	  8
    3657.642	  8
    3657.998	  8
    3658.334	  8
    3658.594	  8
    3658.852	  8
    3659.064	 53
    3659.208	  8
    3659.208	 20
    3659.208	 27
    3659.218	 28
    3659.218	 19
    3659.318	 29
    3659.488	  9
    3679.338	 51
    3679.348	 18
    3721.862	  8
    3721.912	  8
    3722.230	  8
    3722.464	  8
    3722.952	  8
    3723.322	  8
    3723.842	  8
    3724.282	  8
    3724.794	  8
    3725.486	  8
    3725.938	  8
    3726.372	  8
    3726.738	  8
    3726.946	  8
    3727.180	  8
    3727.666	  8
    3728.154	  8
    3728.432	  8
    3729.398	  8
    3730.076	  8
    3730.604	  8
    3730.958	  8
    3731.550	  8
    3731.862	  8
    3732.036	  8
    3732.618	  8
    3732.910	  8
    3733.108	  8
    3733.616	  8
    3734.006	  8
    3734.684	  8
    3734.986	  8
    3735.656	  8
    3736.110	  8
    3736.494	  8
    3736.872	  8
    3737.072	  8
    3737.380	  8
    3738.354	  8
    3738.972	  8
    3739.348	 53
    3739.400	  8
    3739.400	 20
    3739.400	 27
    3739.410	 28
    3739.410	 19
    3739.510	 29
    3739.924	  9
    3759.530	 52
    3759.540	 17
    3782.008	  8
    3784.730	  8
    3784.862	  8
    3868.640	  8
    3869.372	  8
    3870.092	  8
    3870.928	  8
    3871.266	  8
    3871.784	  8
    3872.310	  8
    3872.758	  8
    3873.514	  8
    3873.906	  8
    3874.050	  8
    3874.870	  8
    3875.162	  8
    3875.626	  8
    3876.104	  8
    3876.498	  8
    3877.192	  8
    3877.624	  8
    3878.124	  8
    3878.886	  8
    3879.248	  8
    3879.540	 53
    3879.682	  8
    3879.682	 20
    3879.682	 27
    3879.692	 28
    3879.692	 19
    3879.792	 29
    3879.962	  9
    3899.812	 52
    3899.822	 17
    3906.786	  8
    3940.154	  7
    3940.708	  7
    3941.092	  7
    3947.286	  8
    3948.106	  8
    3948.296	  8
    3948.860	  8
    3950.062	  8
    3950.502	  8
    3950.988	  8
    3952.720	  8
    3953.018	  8
    3953.802	  8
    3954.328	  8
    3974.486	  8
    3975.194	  8
    3975.596	  8
    3976.502	  8
    3976.838	  8
    3977.076	  8
    3977.668	  8
    3978.044	  8
    3978.634	  8
    3979.122	  8
    3979.374	  8
    3979.832	  8
    3981.064	  8
    3981.294	  8
    3981.858	  8
    3983.022	  8
    3983.088	  8
    3983.498	  8
    3984.218	  8
    3985.050	  8
    3985.284	  8
    3985.694	  8
    3986.118	  8
    3986.582	  8
    3986.832	  8
    3987.408	  8
    3987.736	  8
    3988.016	  8
    3988.290	  8
    3988.448	  8
    3988.952	  8
    3989.126	  8
    3989.250	  8
    3990.208	  8
    3990.530	  8
    3990.806	  8
    3991.270	  8
    3991.540	  8
    3991.888	  8
    3992.144	  8
    3992.884	  8
    3993.208	  8
    3993.492	  8
    3993.974	  8
    3994.426	  8
    3994.504	  8
    3995.426	  8
    3995.930	  8
    3996.362	  8
    3996.774	  8
    3997.056	  8
    3997.494	  8
    3997.882	  8
    3998.244	  8
    3998.856	  8
    3999.964	  8
    4000.450	  8
    4000.498	  8
    4000.790	  8
    4001.100	  8
    4001.370	  8
    4001.644	  8
    4002.066	  8
    4003.482	  8
    4004.234	  8
    4004.792	  8
    4005.082	  8
    4005.428	  8
    4006.278	  8
    4006.848	  8
    4007.200	  8
    4007.844	  8
    4008.248	  8
    4008.584	  8
    4008.714	  8
    4009.154	  8
    4009.370	  8
    4009.782	  8
    4010.080	  8
    4010.446	  8
    4010.676	  8
    4011.068	  8
    4011.366	  8
    4011.748	  8
    4012.130	  8
    4012.456	  8
    4012.564	  8
    4012.906	  8
    4013.198	  8
    4013.452	  8
    4013.776	  8
    4014.084	  8
    4014.524	  8
    4015.006	  8
    4016.312	  8
    4017.264	  8
    4017.602	  8
    4017.838	  8
    4018.374	  8
    4018.928	  8
    4019.274	  8
    4019.388	  8
    4019.620	  8
    4019.822	 53
    4020.022	  8
    4020.022	 20
    4020.022	 27
    4020.032	 28
    4020.032	 19
    4020.132	 29
    4020.302	  9
    4040.152	 52
    4040.162	 17
    4042.712	  8
    4059.406	  8
    4059.994	  8
    4060.618	  8
    4077.986	  8
    4078.096	  8
    4078.314	  8
    4078.868	  8
    4079.010	  8
    4079.936	  8
    4080.410	  8
    4081.530	  8
    4082.018	  8
    4082.716	  8
    4087.404	  8
    4087.698	  8
    4088.162	  8
    4089.084	  8
    4089.634	  8
    4090.090	  8
    4090.696	  8
    4091.076	  8
    4091.502	  8
    4091.614	  8
    4092.430	  8
    4093.464	  8
    4093.874	  8
    4094.586	  8
    4094.798	  8
    4095.076	  8
    4096.218	  8
    4096.580	  8
    4096.934	  8
    4097.602	  8
    4098.000	  8
    4098.366	  8
    4098.974	  8
    4099.508	  8
    4100.014	  8
    4100.406	  8
    4100.776	  8
    4101.260	  8
    4101.482	  8
    4101.812	  8
    4102.148	  8
    4102.528	  8
    4102.822	  8
    4103.284	  8
    4103.734	  8
    4104.552	  8
    4105.122	  8
    4105.690	  8
    4105.990	  8
    4106.422	  8
    4106.798	  8
    4107.662	  8
    4107.826	  8
    4108.118	  8
    4108.272	  8
    4108.626	  8
    4108.786	  8
    4109.682	  8
    4110.114	  8
    4110.462	  8
    4111.172	  8
    4111.496	  8
    4111.838	  8
    4112.102	  8
    4112.570	  8
    4112.892	  8
    4113.188	  8
    4113.494	  8
    4114.010	  8
    4114.160	  8
    4114.702	  8
    4114.960	  8
    4115.296	  8
    4115.668	  8
    4116.026	  8
    4116.510	  8
    4116.860	  8
    4117.018	  8
    4118.618	  8
    4118.840	  8
    4119.188	  8
    4119.554	  8
    4119.762	  8
    4120.228	  8
    4120.518	  8
    4121.450	  8
    4121.804	  8
    4122.126	  8
    4122.342	  8
    4122.626	  8
    4122.858	  8
    4123.124	  8
    4123.492	  8
    4124.034	  8
    4124.284	  8
    4124.562	  8
    4124.868	  8
    4125.150	  8
    4125.838	  8
    4126.528	  8
    4126.954	  8
    4127.206	  8
    4127.400	  8
    4127.950	  8
    4128.206	  8
    4128.536	  8
    4128.908	  8
    4129.176	  8
    4129.950	  8
    4130.796	  8
    4131.078	  8
    4132.174	  8
    4132.830	  8
    4133.106	  8
    4133.436	  8
    4133.888	  8
    4134.030	  8
    4134.194	  8
    4134.546	  8
    4134.888	  8
    4135.788	  8
    4136.240	  8
    4136.830	  8
    4137.256	  8
    4137.698	  8
    4137.808	  8
    4139.668	  8
    4140.178	  8
    4140.566	  8
    4140.976	  8
    4141.232	  8
    4141.514	  8
    4141.832	  8
    4142.292	  8
    4142.592	  8
    4142.804	  8
    4143.160	  8
    4143.372	  8
    4143.452	  8
    4143.752	  8
    4144.034	  8
    4144.334	  8
    4144.716	  8
    4145.140	  8
    4145.764	  8
    4146.814	  8
    4146.992	  8
    4147.634	  8
    4148.708	  8
    4148.822	  8
    4149.144	  8
    4150.392	  8
    4151.118	  8
    4151.896	  8
    4152.186	  8
    4152.430	  8
    4153.222	  8
    4153.752	  8
    4154.206	  8
    4154.928	  8
    4155.302	  8
    4157.058	  8
    4157.186	  8
    4157.606	  8
    4157.910	  8
    4158.380	  8
    4158.762	  8
    4159.156	  8
    4159.412	  8
    4159.694	  8
    4160.162	 53
    4160.464	  8
    4160.464	 20
    4160.464	 27
    4160.474	 28
    4160.474	 19
    4160.574	 29
    4160.680	  8
    4160.744	  9
    4180.594	 51
    4180.604	 18
    4240.006	  8
    4240.576	  8
    4240.604	 53
    4240.796	  8
    4240.796	 20
    4240.796	 27
    4240.806	 28
    4240.806	 19
    4240.906	 29
    4241.076	  9
    4260.926	 51
    4260.936	 18
    4307.222	  8
    4307.784	  8
    4308.006	  8
    4308.430	  8
    4308.756	  8
    4309.512	  8
    4310.314	  8
    4310.806	  8
    4311.278	  8
    4311.566	  8
    4311.962	  8
    4312.154	  8
    4312.598	  8
    4313.510	  8
    4313.812	  8
    4314.420	  8
    4314.546	  8
    4315.340	  8
    4315.810	  8
    4316.052	  8
    4316.394	  8
    4316.556	  8
    4316.848	  8
    4316.892	  8
    4317.728	  8
    4318.398	  8
    4319.172	  8
    4319.436	  8
    4319.852	  8
    4320.080	  8
    4320.854	  8
    4320.936	 53
    4321.456	  8
    4321.456	 20
    4321.456	 27
    4321.466	 28
    4321.466	 19
    4321.566	 29
    4321.736	  9
    4322.524	  8
    4341.586	 51
    4341.596	 18
    4396.630	  8
    4397.244	  8
    4397.678	  8
    4398.152	  8
    4398.442	  8
    4398.474	  8
    4398.764	  8
    4399.022	  8
    4399.276	  8
    4399.706	  8
    4400.222	  8
    4400.468	  8
    4400.532	  8
    4401.126	  8
    4401.476	  8
    4401.596	 53
    4402.142	  8
    4402.142	 20
    4402.142	 27
    4402.152	 28
    4402.152	 19
    4402.252	 29
    4402.422	  9
    4422.272	 51
    4422.282	 18
    4479.354	  8
    4480.190	  8
    4480.532	  8
    4480.840	  8
    4481.178	  8
    4481.628	  8
    4482.106	  8
    4482.282	 53
    4482.390	  8
    4482.390	 20
    4482.390	 27
    4482.400	 28
    4482.400	 19
    4482.500	 29
    4482.914	  9
    4484.024	  8
    4502.520	 51
    4502.530	 18
    4553.160	  8
    4557.838	  8
    4558.168	  8
    4558.590	  8
    4558.942	  8
    4559.260	  8
    4559.560	  8
    4560.020	  8
    4560.368	  8
    4560.624	  8
    4561.104	  8
    4561.904	  8
    4562.244	  8
    4562.530	 53
    4562.614	  8
    4562.614	 20
    4562.614	 27
    4562.624	 28
    4562.624	 19
    4562.724	 29
    4562.894	  9
    4582.744	 52
    4582.754	 17
    4592.322	  8
    4592.832	  8
    4618.470	  7
    4620.666	  7
    4632.302	  8
    4632.812	  8
    4633.318	  8
    4633.722	  8
    4634.186	  8
    4668.550	  8
    4669.192	  8
    4669.702	  8
    4670.230	  8
    4671.000	  8
    4671.366	  8
    4671.864	  8
    4672.052	  8
    4672.228	  8
    4672.982	  8
    4673.314	  8
    4673.730	  8
    4674.380	  8
    4674.702	  8
    4675.122	  8
    4675.630	  8
    4676.162	  8
    4676.596	  8
    4676.792	  8
    4677.064	  8
    4677.494	  8
    4677.872	  8
    4678.242	  8
    4678.544	  8
    4678.838	  8
    4679.032	  8
    4679.286	  8
    4680.204	  8
    4680.534	  8
    4680.930	  8
    4681.336	  8
    4682.178	  8
    4682.600	  8
    4682.852	  8
    4683.302	  8
    4683.592	  8
    4683.972	  8
    4684.436	  8
    4684.748	  8
    4684.904	  8
    4685.084	  8
    4685.286	  8
    4685.698	  8
    4686.004	  8
    4686.470	  8
    4686.986	  8
    4687.426	  8
    4687.750	  8
    4688.044	  8
    4688.350	  8
    4688.892	  8
    4689.252	  8
    4689.536	  8
    4689.832	  8
    4690.224	  8
    4690.622	  8
    4690.940	  8
    4691.448	  8
    4691.778	  8
    4692.498	  8
    4692.788	  8
    4693.648	  8
    4693.908	  8
    4694.652	  8
    4694.720	  8
    4695.072	  8
    4695.458	  8
    4695.694	  8
    4696.050	  8
    4696.406	  8
    4696.850	  8
    4697.230	  8
    4697.484	  8
    4697.860	  8
    4698.432	  8
    4698.832	  8
    4699.032	  8
    4699.442	  8
    4700.232	  8
    4701.658	  8
    4701.938	  8
    4702.682	  8
    4702.754	 53
    4703.444	  8
    4703.444	 20
    4703.444	 27
    4703.454	 28
    4703.454	 19
    4703.554	 29
    4703.968	  9
    4723.574	 50
    4723.584	 10
    4733.130	  8
    4733.326	  8
    4737.548	  8
    4741.226	  8
    4741.810	  8
    4742.284	  8
    4742.800	  8
    4743.278	  8
    4743.776	  8
    4750.054	  8
    4750.394	  8
    4751.064	  8
    4751.378	  8
    4751.842	  8
    4752.134	  8
    4752.566	  8
    4753.364	  8
    4753.584	 53
    4753.594	 20
    4753.594	 27
    4754.710	  8
    4756.118	  8
    4756.904	  8
    4773.614	 52
    4773.624	 17
    4810.486	  8
    4810.726	  8
    4823.514	  8
    4823.772	  8
    4823.854	  8
    4830.918	  8
    4831.022	  8
    4831.684	  8
    4832.708	  8
    4833.818	  8
    4834.240	  8
    4834.900	  8
    4835.618	  8
    4836.130	  8
    4836.792	  8
    4836.900	  8
    4837.062	  8
    4837.788	  8
    4838.374	  8
    4838.908	  8
    4839.304	  8
    4839.656	  8
    4839.936	  8
    4840.492	  8
    4840.956	  8
    4841.884	  8
    4842.140	  8
    4842.508	  8
    4843.176	  8
    4843.808	  8
    4844.142	  8
    4844.472	  8
    4845.292	  8
    4845.756	  8
    4846.192	  8
    4846.676	  8
    4846.960	  8
    4847.318	  8
    4847.646	  8
    4848.356	  8
    4848.984	  8
    4849.360	  8
    4849.916	  8
    4850.076	  8
    4850.386	  8
    4850.700	  8
    4851.164	  8
    4851.492	  8
    4852.134	  8
    4852.440	  8
    4852.782	  8
    4853.128	  8
    4853.452	  8
    4854.182	  8
    4854.388	  8
    4854.494	  8
    4855.540	  8
    4855.874	  8
    4857.522	  8
    4858.042	  8
    4858.210	  8
    4858.548	  8
    4858.716	  8
    4859.024	  8
    4859.344	  8
    4859.526	  8
    4859.884	  8
    4860.338	  8
    4860.610	  8
    4860.926	  8
    4861.200	  8
    4861.434	  8
    4861.718	  8
    4862.008	  8
    4862.322	  8
    4862.646	  8
    4862.794	  8
    4863.102	  8
    4863.400	  8
    4863.702	  8
    4864.022	  8
    4864.792	  8
    4865.252	  8
    4865.536	  8
    4865.900	  8
    4866.318	  8
    4866.918	  8
    4867.340	  8
    4867.946	  8
    4868.724	  8
    4869.024	  8
    4869.310	  8
    4869.520	  8
    4869.760	  8
    4870.046	  8
    4870.080	  8
    4870.498	  8
    4870.814	  8
    4871.650	  8
    4872.066	  8
    4872.414	  8
    4872.790	  8
    4872.868	  8
    4872.992	  8
    4873.282	  8
    4873.450	  8
    4874.038	  8
    4874.366	  8
    4874.668	  8
    4875.030	  8
    4875.130	  8
    4876.158	  8
    4876.434	  8
    4877.230	  8
    4878.302	  8
    4878.652	  8
    4879.206	  8
    4880.046	  8
    4880.312	  8
    4880.626	  8
    4880.882	  8
    4881.474	  8
    4882.128	  8
    4882.406	  8
    4882.768	  8
    4883.100	  8
    4883.756	  8
    4884.754	  8
    4884.886	  8
    4886.146	  8
    4886.388	  8
    4886.698	  8
    4886.970	  8
    4887.348	  8
    4887.546	  8
    4888.070	  8
    4888.350	  8
    4888.578	  8
    4889.152	  8
    4889.512	  8
    4889.924	  8
    4890.516	  8
    4890.740	  8
    4890.826	  8
    4891.284	  8
    4891.638	  8
    4891.722	  8
    4891.926	  8
    4892.004	  8
    4892.710	  8
    4893.624	 53
    4894.004	  8
    4894.004	 20
    4894.004	 27
    4894.014	 28
    4894.014	 19
    4894.114	 29
    4894.284	  9
    4914.134	 51
    4914.144	 18
    4960.332	  8
    4970.642	  8
    4971.354	  8
    4971.848	  8
    4972.204	  8
    4972.478	  8
    4972.802	  8
    4973.624	  8
    4974.048	  8
    4974.144	 53
    4974.396	  8
    4974.396	 20
    4974.396	 27
    4974.406	 28
    4974.406	 19
    4974.506	 29
    4974.676	  9
    4994.526	 52
    4994.536	 17
    5062.444	  8
    5063.382	  8
    5068.392	  8
    5069.536	  8
    5070.912	  8
    5072.042	  8
    5072.962	  8
    5073.876	  8
    5074.492	  8
    5074.878	  8
    5075.286	  8
    5075.752	  8
    5077.440	  8
    5077.950	  8
    5078.934	  8
    5079.104	  8
    5079.556	  8
    5080.008	  8
    5080.492	  8
    5080.982	  8
    5081.580	  8
    5081.978	  8
    5082.566	  8
    5082.826	  8
    5083.378	  8
    5083.782	  8
    5084.604	  8
    5084.958	  8
    5085.240	  8
    5085.706	  8
    5086.360	  8
    5086.768	  8
    5087.398	  8
    5087.706	  8
    5088.116	  8
    5088.456	  8
    5088.770	  8
    5089.210	  8
    5089.458	  8
    5090.060	  8
    5090.248	  8
    5091.012	  8
    5091.394	  8
    5092.294	  8
    5092.892	  8
    5093.058	  8
    5093.940	  8
    5094.522	  8
    5094.836	  8
    5095.324	  8
    5095.656	  8
    5095.838	  8
    5096.150	  8
    5096.570	  8
    5097.164	  8
    5097.676	  8
    5098.246	  8
    5098.462	  8
    5098.800	  8
    5098.956	  8
    5099.456	  8
    5099.696	  8
    5100.082	  8
    5100.710	  8
    5101.390	  8
    5101.718	  8
    5102.000	  8
    5102.318	  8
    5102.736	  8
    5103.098	  8
    5103.600	  8
    5103.986	  8
    5104.330	  8
    5104.466	  8
    5104.650	  8
    5105.166	  8
    5105.314	  8
    5107.652	  8
    5107.928	  8
    5107.994	  8
    5108.534	  8
    5108.860	  8
    5109.262	  8
    5109.612	  8
    5109.796	  8
    5110.758	  8
    5111.200	  8
    5111.892	  8
    5113.794	  8
    5114.172	  8
    5114.536	 53
    5114.702	  8
    5114.702	 20
    5114.702	 27
    5114.712	 28
    5114.712	 19
    5114.812	 29
    5114.982	  9
    5115.644	  8
    5134.832	 52
    5134.842	 17
    5136.978	  8
    5216.572	  8
    5216.730	  8
    5217.246	  8
    5217.572	  8
    5218.574	  8
    5219.034	  8
    5220.074	  8
    5220.754	  8
    5221.012	  8
    5221.354	  8
    5222.524	  8
    5222.762	  8
    5223.066	  8
    5223.344	  8
    5223.952	  8
    5224.282	  8
    5224.696	  8
    5224.764	  8
    5225.432	  8
    5225.738	  8
    5226.024	  8
    5226.324	  8
    5226.638	  8
    5226.984	  8
    5227.306	  8
    5227.732	  8
    5228.206	  8
    5228.880	  8
    5229.240	  8
    5229.538	  8
    5230.012	  8
    5230.440	  8
    5230.646	  8
    5230.930	  8
    5231.364	  8
    5231.476	  8
    5231.666	  8
    5232.038	  8
    5232.562	  8
    5233.052	  8
    5233.382	  8
    5233.896	  8
    5234.378	  8
    5234.674	  8
    5235.242	  8
    5235.770	  8
    5236.200	  8
    5236.520	  8
    5236.712	  8
    5237.160	  8
    5237.822	  8
    5238.120	  8
    5238.792	  8
    5239.116	  8
    5239.568	  8
    5239.870	  8
    5240.046	  8
    5240.348	  8
    5240.740	  8
    5241.200	  8
    5241.828	  8
    5242.696	  8
    5242.804	  8
    5243.080	  8
    5243.352	  8
    5243.636	  8
    5243.918	  8
    5244.316	  8
    5244.510	  8
    5244.798	  8
    5245.408	  8
    5245.716	  8
    5245.902	  8
    5246.074	  8
    5246.384	  8
    5246.708	  8
    5247.012	  8
    5247.386	  8
    5247.906	  8
    5248.140	  8
    5248.392	  8
    5248.442	  8
    5249.584	  8
    5250.068	  8
    5250.380	  8
    5250.728	  8
    5251.290	  8
    5251.602	  8
    5252.000	  8
    5252.586	  8
    5253.040	  8
    5253.516	  8
    5253.710	  8
    5253.882	  8
    5254.050	  8
    5254.674	  8
    5254.842	 53
    5255.464	  8
    5255.464	 20
    5255.464	 27
    5255.474	 28
    5255.474	 19
    5255.574	 29
    5255.744	  9
    5275.594	 51
    5275.604	 18
    5317.736	  8
    5319.154	  8
    5319.498	  8
    5319.994	  8
    5320.330	  8
    5321.026	  8
    5321.688	  8
    5322.452	  8
    5323.278	  8
    5323.970	  8
    5324.418	  8
    5324.558	  8
    5324.998	  8
    5325.080	  8
    5325.348	  8
    5325.606	  8
    5325.944	  8
    5326.156	  8
    5326.602	  8
    5327.002	  8
    5327.226	  8
    5327.650	  8
    5327.824	  8
    5328.052	  8
    5328.546	  8
    5328.764	  8
    5328.866	  8
    5329.696	  8
    5330.190	  8
    5330.584	  8
    5331.128	  8
    5331.528	  8
    5331.742	  8
    5332.304	  8
    5332.718	  8
    5333.566	  8
    5333.892	  8
    5334.750	  8
    5335.224	  8
    5335.604	 53
    5335.702	  8
    5335.702	 20
    5335.702	 27
    5335.712	 28
    5335.712	 19
    5335.754	  8
    5335.812	 29
    5335.982	  9
    5336.780	  8
    5355.832	 51
    5355.842	 18
    5401.876	  8
    5404.260	  8
    5404.768	  8
    5405.096	  8
    5405.398	  8
    5405.612	  8
    5405.738	  8
    5406.022	  8
    5406.438	  8
    5406.766	  8
    5407.082	  8
    5407.406	  8
    5407.730	  8
    5408.422	  8
    5409.240	  8
    5409.458	  8
    5409.758	  8
    5410.012	  8
    5410.402	  8
    5410.686	  8
    5410.860	  8
    5410.998	  8
    5411.312	  8
    5412.088	  8
    5412.944	  8
    5413.486	  8
    5413.766	  8
    5414.386	  8
    5414.812	  8
    5415.204	  8
    5415.622	  8
    5415.842	 53
    5416.042	  8
    5416.042	 20
    5416.042	 27
    5416.052	 28
    5416.052	 19
    5416.152	 29
    5416.322	  9
    5417.212	  8
    5436.172	 52
    5436.182	 17
    5442.776	  8
    5458.866	  7
    5459.008	  7
    5459.186	  7
    5459.306	  7
    5459.474	  7
    5459.614	  7
    5459.768	  7
    5459.928	  7
    5460.082	  7
    5460.222	  7
    5460.374	  7
    5462.856	  7
    5462.978	  7
    5463.138	  7
    5463.330	  7
    5463.450	  7
    5465.736	  7
    5465.926	  7
    5466.094	  7
    5466.244	  7
    5466.402	  7
    5466.880	  7
    5467.040	  7
    5467.210	  7
    5467.364	  7
    5470.974	  7
    5471.128	  7
    5471.284	  7
    5471.440	  7
    5471.666	  7
    5471.830	  7
    5471.982	  7
    5472.214	  7
    5472.370	  7
    5472.524	  7
    5472.674	  7
    5472.838	  7
    5473.030	  7
    5473.166	  7
    5473.336	  7
    5473.494	  7
    5473.680	  7
    5473.858	  7
    5474.028	  7
    5474.210	  7
    5476.116	  7
    5476.264	  7
    5476.426	  7
    5476.582	  7
    5476.768	  7
    5476.946	  7
    5477.130	  7
    5477.278	  7
    5477.450	  7
    5477.612	  7
    5477.780	  7
    5477.974	  7
    5478.176	  7
    5478.336	  7
    5478.518	  7
    5482.038	  7
    5482.204	  7
    5482.354	  7
    5482.514	  7
    5482.680	  7
    5483.050	  7
    5483.216	  7
    5483.392	  7
    5483.584	  7
    5485.928	  7
    5486.088	  7
    5486.260	  7
    5486.430	  7
    5486.608	  7
    5486.788	  7
    5486.970	  7
    5487.138	  7
    5487.300	  7
    5487.490	  7
    5487.670	  7
    5488.310	  7
    5488.472	  7
    5488.620	  7
    5488.852	  7
    5489.014	  7
    5489.164	  7
    5489.320	  7
    5489.640	  7
    5489.802	  7
    5489.964	  7
    5490.164	  7
    5490.324	  7
    5490.486	  7
    5490.654	  7
    5490.816	  7
    5491.028	  7
    5491.214	  7
    5491.352	  7
    5491.530	  7
    5491.696	  7
    5491.898	  7
    5492.068	  7
    5492.214	  7
    5492.396	  7
    5492.570	  7
    5492.796	  7
    5492.946	  7
    5493.110	  7
    5493.270	  7
    5493.436	  7
    5493.610	  7
    5493.772	  7
    5493.942	  7
    5494.116	  7
    5494.296	  7
    5494.462	  7
    5494.626	  7
    5494.814	  7
    5494.968	  7
    5495.150	  7
    5495.322	  7
    5495.510	  7
    5495.680	  7
    5495.866	  7
    5496.008	  7
    5496.182	  7
    5496.266	  7
    5496.342	  7
    5496.516	  7
    5496.718	  7
    5496.752	  7
    5496.908	  7
    5497.074	  7
    5497.236	  7
    5497.388	  7
    5497.542	  7
    5497.690	  7
    5497.848	  7
    5498.006	  7
    5498.098	  7
    5498.418	  7
    5498.554	  7
    5498.920	  7
    5499.088	  7
    5499.258	  7
    5499.442	  7
    5499.618	  7
    5499.784	  7
    5499.938	  7
    5500.312	  7
    5500.456	  7
    5501.468	  7
    5504.188	  7
    5504.352	  7
    5504.516	  7
    5504.676	  7
    5504.840	  7
    5505.004	  7
    5507.540	  7
    5507.632	  7
    5507.820	  7
    5507.984	  7
    5508.164	  7
    5508.248	  7
    5508.282	  7
    5508.816	  7
    5508.970	  7
    5509.132	  7
    5514.010	  8
    5514.380	  8
    5514.802	  8
    5515.550	  8
    5516.698	  8
    5516.954	  8
    5517.328	  8
    5517.794	  8
    5518.326	  8
    5518.828	  8
    5519.310	  8
    5519.760	  8
    5520.138	  8
    5520.324	  8
    5520.446	  8
    5520.808	  8
    5521.820	  8
    5522.292	  8
    5522.776	  8
    5523.574	  8
    5524.110	  8
    5524.306	  8
    5524.782	  8
    5525.366	  8
    5525.708	  8
    5525.976	  8
    5526.648	  8
    5527.178	  8
    5527.506	  8
    5527.564	  8
    5528.078	  8
    5528.272	  8
    5529.206	  8
    5529.598	  8
    5530.232	  8
    5530.512	  8
    5530.686	  8
    5531.256	  8
    5531.546	  8
    5531.842	  8
    5532.504	  8
    5532.790	  8
    5533.244	  8
    5533.656	  8
    5534.272	  8
    5534.666	  8
    5535.110	  8
    5535.408	  8
    5535.772	  8
    5536.186	  8
    5536.274	  8
    5536.602	  8
    5536.696	  8
    5537.372	  8
    5537.672	  8
    5537.962	  8
    5538.274	  8
    5538.836	  8
    5539.716	  8
    5540.182	  8
    5540.730	  8
    5541.208	  8
    5541.492	  8
    5541.880	  8
    5542.064	  8
    5542.348	  8
    5542.506	  8
    5542.892	  8
    5543.196	  8
    5544.464	  8
    5544.812	  8
    5545.256	  8
    5545.556	  8
    5545.994	  8
    5546.068	  8
    5546.508	  8
    5547.320	  8
    5547.710	  8
    5547.982	  8
    5548.400	  8
    5549.102	  8
    5549.472	  8
    5549.966	  8
    5550.178	  8
    5550.548	  8
    5551.056	  8
    5551.700	  8
    5551.884	  8
    5552.190	  8
    5552.402	  8
    5553.006	  8
    5553.342	  8
    5553.776	  8
    5553.960	  8
    5554.086	  8
    5554.406	  8
    5554.862	  8
    5555.106	  8
    5555.404	  8
    5555.686	  8
    5556.034	  8
    5556.182	 53
    5556.510	  8
    5556.510	 20
    5556.510	 27
    5556.520	 28
    5556.520	 19
    5556.620	 29
    5556.790	  9
    5576.640	 52
    5576.650	 17
    5579.272	  8
    5586.562	  8
    5586.856	  8
    5620.104	  8
    5627.558	  8
    5627.804	  8
    5662.944	  8
    5663.204	  8
    5664.004	  8
    5664.258	  8
    5664.636	  8
    5665.028	  8
    5665.754	  8
    5666.718	  8
    5667.044	  8
    5667.660	  8
    5667.978	  8
    5668.064	  8
    5668.888	  8
    5669.452	  8
    5669.602	  8
    5670.948	  8
    5671.382	  8
    5671.994	  8
    5672.232	  8
    5672.466	  8
    5672.854	  8
    5674.116	  8
    5674.308	  8
    5674.914	  8
    5676.200	  8
    5676.436	  8
    5676.988	  8
    5677.426	  8
    5677.620	  8
    5678.236	  8
    5678.384	  8
    5678.522	  8
    5678.970	  8
    5678.992	  8
    5679.316	  8
    5679.938	  8
    5680.748	  8
    5681.584	  8
    5681.906	  8
    5682.230	  8
    5682.582	  8
    5682.942	  8
    5684.336	  8
    5684.566	  8
    5685.096	  8
    5685.318	  8
    5685.684	  8
    5685.984	  8
    5686.316	  8
    5686.516	  8
    5687.066	  8
    5687.544	  8
    5687.898	  8
    5688.170	  8
    5688.562	  8
    5689.066	  8
    5689.524	  8
    5689.822	  8
    5690.430	  8
    5690.744	  8
    5691.174	  8
    5691.714	  8
    5692.040	  8
    5692.298	  8
    5692.584	  8
    5693.026	  8
    5693.190	  8
    5693.454	  8
    5693.816	  8
    5694.158	  8
    5694.364	  8
    5694.962	  8
    5695.308	  8
    5695.416	  8
    5695.716	  8
    5696.034	  8
    5696.384	  8
    5696.650	 53
    5696.758	  8
    5696.758	 20
    5696.758	 27
    5696.768	 28
    5696.768	 19
    5696.868	 29
    5697.038	  9
    5698.536	  8
    5716.888	 50
    5716.898	 10
    5726.028	  8
    5740.056	  8
    5741.518	  8
    5742.128	  8
    5742.400	  8
    5743.182	  8
    5743.868	  8
    5744.506	  8
    5744.894	  8
    5745.268	  8
    5746.898	 53
    5746.908	 20
    5746.908	 27
    5746.918	 61
