   41782.120	  7
      20.010	 52
      20.020	 18
      49.144	  8
      81.432	  8
      81.622	  8
      85.904	  8
      86.162	  8
      86.284	  8
      94.934	  8
     125.368	  8
     138.122	  8
     138.368	  8
     138.606	  8
     140.020	 53
     140.030	 20
     140.030	 27
     154.982	  8
     155.244	  8
     155.632	  8
     155.802	  8
     158.882	  8
     159.050	  8
     159.324	  8
     160.050	 51
     160.060	 10
     165.422	  8
     167.406	  7
     167.544	  7
     167.876	  7
     168.016	  7
     168.188	  7
     168.390	  7
     168.578	  7
     168.746	  7
     168.964	  7
     169.112	  7
     169.312	  7
     170.906	  8
     171.440	  8
     173.600	  8
     174.056	  8
     176.990	  8
     177.258	  8
     187.366	  8
     187.774	  8
     191.554	  8
     194.276	  8
     194.670	  8
     196.988	  8
     197.334	  8
     220.060	 53
     220.746	  8
     220.746	 20
     220.746	 27
     220.756	 28
     220.756	 19
     220.856	 29
     220.962	  8
     221.024	  9
     222.578	  8
     240.876	 52
     240.886	 18
     282.064	  8
     298.190	  8
     303.020	  8
     311.874	  8
     322.258	  8
     322.434	  8
     322.910	  8
     328.472	  8
     328.672	  8
     329.118	  8
     329.252	  8
     332.466	  8
     332.640	  8
     332.760	  8
     348.534	  8
     348.710	  8
     352.286	  8
     352.520	  8
     358.812	  8
     359.076	  8
     360.886	 53
     360.896	 20
     360.896	 27
     365.854	  8
     366.016	  8
     366.524	  8
     370.228	  8
     370.750	  8
     371.056	  8
     379.690	  8
     379.868	  8
     380.916	 52
     380.926	 18
     390.506	  8
     391.704	  8
     391.864	  8
     414.738	  8
     415.084	  8
     415.326	  8
     415.532	  8
     415.776	  8
     416.102	  8
     421.208	  8
     421.416	  8
     427.236	  8
     427.406	  8
     427.606	  8
     427.888	  8
     432.232	  8
     432.418	  8
     438.056	  8
     438.254	  8
     442.750	  8
     442.914	  8
     443.138	  8
     443.482	  8
     443.788	  8
     444.942	  8
     445.252	  8
     446.372	  8
     446.700	  8
     446.916	  8
     447.034	  8
     448.466	  8
     448.856	  8
     449.190	  8
     449.444	  8
     449.992	  8
     452.054	  8
     452.396	  8
     455.694	  8
     455.996	  8
     456.250	  8
     456.618	  8
     457.052	  8
     460.016	  8
     460.476	  8
     460.798	  8
     461.092	  8
     461.578	  8
     462.312	  8
     462.498	  8
     462.962	  8
     465.598	  8
     465.902	  8
     466.334	  8
     467.698	  8
     468.336	  8
     471.004	  8
     471.228	  8
     471.732	  8
     472.084	  8
     474.904	  8
     476.346	  8
     476.858	  8
     477.346	  8
     478.382	  8
     478.582	  8
     478.922	  8
     481.612	  8
     481.994	  8
     482.476	  8
     482.910	  8
     483.260	  8
     483.638	  8
     486.726	  8
     486.884	  8
     487.382	  8
     491.184	  8
     491.498	  8
     492.294	  8
     493.072	  8
     494.874	  8
     497.982	  8
     498.204	  8
     498.564	  8
     500.644	  7
     500.762	  7
     500.926	 53
     500.936	 20
     500.936	 27
     506.496	  8
     506.744	  8
     507.176	  8
     510.638	  8
     511.026	  8
     520.956	 50
     520.966	 17
     540.854	  8
     541.044	  8
     541.438	  8
     541.598	  8
     541.862	  8
     542.120	  8
     542.848	  8
     543.096	  8
     543.404	  8
     543.916	  8
     544.916	  8
     545.298	  8
     545.942	  8
     546.110	  8
     547.772	  8
     548.358	  8
     548.762	  8
     549.130	  8
     549.180	  8
     549.602	  8
     550.318	  8
     550.966	 53
     552.742	  8
     552.742	 20
     552.742	 27
     552.752	 28
     552.752	 19
     552.852	 29
     552.870	  8
     553.020	  9
     555.210	  8
     572.872	 51
     572.882	 10
     595.278	  8
     629.476	  8
     632.882	 53
     685.522	  8
     685.522	 20
     685.522	 27
     685.532	 28
     685.532	 19
     685.632	 29
     685.800	  9
     705.652	 51
     705.662	 10
     739.610	  8
     742.036	  8
     742.538	  8
     742.928	  8
     742.964	  8
     743.506	  8
     745.308	  8
     745.384	  8
     745.738	  8
     748.144	  8
     748.586	  8
     751.576	  8
     751.798	  8
     752.570	  8
     753.592	  8
     753.906	  8
     754.516	  8
     755.210	  8
     755.746	  8
     759.590	  8
     759.984	  8
     761.098	  8
     761.454	  8
     762.118	  8
     762.518	  8
     762.786	  8
     763.430	  8
     765.662	 53
     765.712	  8
     765.712	 20
     765.712	 27
     765.722	 28
     765.722	 19
     765.822	 29
     765.966	  8
     765.990	  9
     767.598	  8
     785.842	 51
     785.852	 10
     809.464	  8
     815.958	  8
     824.910	  7
     825.414	  7
     825.534	  7
     825.660	  7
     825.802	  7
     825.950	  7
     826.094	  7
     826.246	  7
     826.386	  7
     826.524	  7
     826.664	  7
     826.814	  7
     826.946	  7
     827.098	  7
     827.236	  7
     827.386	  7
     827.530	  7
     827.672	  7
     827.838	  7
     827.970	  7
     828.114	  7
     828.262	  7
     828.402	  7
     828.546	  7
     828.684	  7
     828.866	  7
     828.998	  7
     829.150	  7
     829.296	  7
     829.444	  7
     829.602	  7
     829.756	  7
     829.936	  7
     830.082	  7
     830.236	  7
     830.380	  7
     830.522	  7
     830.674	  7
     830.844	  7
     830.980	  7
     831.134	  7
     831.282	  7
     831.434	  7
     831.596	  7
     831.750	  7
     831.914	  7
     832.062	  7
     832.212	  7
     832.356	  7
     832.498	  7
     832.654	  7
     832.808	  7
     832.962	  7
     833.126	  7
     833.274	  7
     833.422	  7
     833.570	  7
     833.726	  7
     833.894	  7
     834.036	  7
     834.202	  7
     834.360	  7
     834.528	  7
     834.682	  7
     834.848	  7
     835.000	  7
     835.150	  7
     835.308	  7
     835.458	  7
     835.618	  7
     835.770	  7
     835.934	  7
     836.088	  7
     836.268	  7
     836.402	  7
     836.558	  7
     836.714	  7
     836.876	  7
     837.026	  7
     837.184	  7
     837.340	  7
     837.490	  7
     837.638	  7
     837.800	  7
     837.972	  7
     838.116	  7
     838.260	  7
     838.404	  7
     838.554	  7
     838.704	  7
     838.862	  7
     839.014	  7
     839.174	  7
     839.314	  7
     839.468	  7
     839.624	  7
     839.770	  7
     839.952	  7
     840.096	  7
     840.238	  7
     840.388	  7
     840.530	  7
     840.684	  7
     840.846	  7
     841.004	  7
     841.166	  7
     841.314	  7
     841.478	  7
     841.650	  7
     841.800	  7
     841.946	  7
     842.088	  7
     842.236	  7
     842.384	  7
     842.538	  7
     842.690	  7
     842.844	  7
     842.998	  7
     843.146	  7
     843.308	  7
     843.462	  7
     843.620	  7
     843.762	  7
     843.912	  7
     844.064	  7
     844.216	  7
     844.362	  7
     844.516	  7
     844.676	  7
     844.824	  7
     844.978	  7
     845.146	  7
     845.272	  7
     845.424	  7
     845.574	  7
     845.722	  7
     845.852	 53
     845.864	  7
     846.016	  7
     846.164	  7
     846.326	  7
     846.464	  7
     846.620	  7
     846.754	  7
     846.900	  7
     847.044	  7
     847.184	  7
     847.332	  7
     847.480	  7
     847.630	  7
     847.776	  7
     847.920	  7
     848.058	  7
     848.208	  7
     848.358	  7
     848.494	  7
     848.642	  7
     848.786	  7
     848.934	  7
     849.080	  7
     849.222	  7
     849.360	  7
     849.510	  7
     849.674	  7
     849.822	  7
     849.988	  7
     850.128	  7
     850.278	  7
     850.424	  7
     850.576	  7
     850.722	  7
     850.874	  7
     851.020	  7
     851.178	  7
     851.320	  7
     851.472	  7
     851.614	  7
     851.768	  7
     851.890	  7
     852.034	  7
     852.172	  7
     852.310	  7
     852.450	  7
     852.598	  7
     852.742	  7
     852.884	  7
     853.032	  7
     853.184	  7
     853.332	  7
     853.492	  7
     853.626	  7
     853.780	  7
     853.916	  7
     854.064	  7
     854.206	  7
     854.348	  7
     854.492	  7
     854.630	  7
     854.774	  7
     854.948	  7
     855.072	  7
     855.240	  7
     855.384	  7
     855.524	  7
     855.658	  7
     855.808	  7
     855.958	  7
     856.122	  7
     856.272	  7
     856.422	  7
     856.564	  7
     856.718	  7
     856.848	  7
     856.996	  7
     857.138	  7
     857.286	  7
     857.436	  7
     857.574	  7
     857.714	  7
     857.858	  7
     858.000	  7
     858.144	  7
     858.290	  7
     858.430	  7
     858.606	  7
     858.734	  7
     858.888	  7
     859.034	  7
     859.174	  7
     859.320	  7
     859.466	  7
     859.622	  7
     859.768	  7
     859.920	  7
     860.082	  7
     860.366	  7
     861.884	  7
     862.008	  7
     862.202	  7
     862.492	  7
     863.938	  8
     863.938	 20
     863.938	 27
     863.948	 28
     863.948	 19
     864.048	 29
     864.130	  8
     864.216	  9
     884.068	 52
     884.078	 18
     922.488	  8
     974.460	  8
     974.942	  8
     975.244	  8
     975.698	  8
     976.018	  8
     977.838	  8
     978.134	  8
     978.424	  8
     978.666	  8
     980.886	  8
     981.050	  8
     981.504	  8
     984.352	  8
     984.646	  8
    1004.078	 53
    1004.088	 20
    1004.088	 27
    1016.490	  8
    1016.664	  8
    1017.082	  8
    1017.346	  8
    1017.688	  8
    1024.108	 50
    1024.118	 17
    1034.926	  8
    1035.132	  8
    1035.416	  8
    1035.828	  8
    1036.488	  8
    1036.762	  8
    1037.190	  8
    1037.722	  8
    1039.090	  8
    1039.764	  8
    1040.490	  8
    1040.724	  8
    1041.016	  8
    1042.162	  8
    1042.510	  8
    1043.040	  8
    1043.374	  8
    1045.716	  8
    1045.850	  8
    1046.448	  8
    1047.016	  8
    1047.554	  8
    1048.308	  8
    1048.802	  8
    1049.292	  8
    1049.440	  8
    1050.342	  8
    1052.514	  8
    1052.688	  8
    1053.084	  8
    1053.308	  8
    1053.858	  8
    1054.118	 53
    1054.280	  8
    1054.280	 20
    1054.280	 27
    1054.290	 28
    1054.290	 19
    1054.390	 29
    1054.558	  9
    1054.564	  8
    1055.850	  8
    1074.410	 52
    1074.420	 18
    1124.284	  8
    1124.732	  8
    1124.952	  8
    1137.918	  7
    1194.420	 53
    1194.430	 20
    1194.430	 27
    1202.564	  8
    1202.760	  8
    1214.450	 50
    1214.460	 17
    1222.400	  8
    1222.714	  8
    1223.052	  8
    1223.108	  8
    1226.282	  8
    1226.792	  8
    1227.444	  8
    1229.028	  8
    1229.350	  8
    1229.840	  8
    1230.074	  8
    1230.278	  8
    1230.682	  8
    1232.198	  8
    1232.536	  8
    1233.094	  8
    1233.500	  8
    1233.800	  8
    1234.154	  8
    1236.856	  8
    1237.352	  8
    1238.260	  8
    1239.508	  8
    1240.658	  8
    1241.032	  8
    1241.394	  8
    1241.952	  8
    1244.022	  8
    1244.380	  8
    1244.460	 53
    1245.286	  8
    1245.286	 20
    1245.286	 27
    1245.296	 28
    1245.296	 19
    1245.396	 29
    1245.564	  9
    1247.024	  8
    1265.416	 52
    1265.426	 18
    1293.156	  8
    1350.578	  8
    1350.856	  8
    1354.252	  8
    1354.996	  8
    1364.110	  8
    1364.378	  8
    1368.796	  8
    1374.388	  8
    1374.628	  8
    1379.618	  8
    1379.996	  8
    1380.060	  8
    1384.474	  8
    1384.926	  8
    1385.398	  8
    1385.426	 53
    1385.436	 20
    1385.436	 27
    1388.360	  8
    1388.642	  8
    1394.220	  8
    1394.538	  8
    1400.972	  8
    1401.384	  8
    1401.770	  8
    1405.456	 51
    1405.466	 10
    1411.118	  8
    1411.672	  8
    1412.084	  8
    1412.212	  8
    1412.820	  8
    1413.688	  8
    1414.060	  8
    1416.402	  8
    1417.138	  8
    1417.664	  8
    1418.432	  8
    1418.836	  8
    1419.540	  8
    1420.460	  8
    1423.176	  8
    1423.714	  8
    1424.348	  8
    1425.290	  8
    1428.054	  8
    1430.030	  8
    1430.368	  8
    1430.448	  8
    1431.460	  8
    1431.922	  8
    1433.406	  8
    1433.934	  8
    1434.480	  8
    1434.776	  8
    1435.142	  8
    1435.582	  8
    1436.416	  8
    1436.494	  8
    1437.540	  8
    1437.944	  8
    1438.182	  8
    1438.328	  8
    1438.984	  8
    1439.052	  8
    1439.558	  8
    1440.650	  8
    1442.424	  8
    1442.508	  8
    1443.202	  8
    1443.598	  8
    1443.894	  8
    1444.192	  8
    1444.342	  8
    1446.348	  8
    1446.612	  8
    1447.994	  8
    1448.040	  8
    1448.366	  8
    1449.616	  8
    1450.668	  8
    1450.998	  8
    1451.196	  8
    1451.560	  8
    1452.008	  8
    1452.306	  8
    1452.614	  8
    1454.882	  8
    1455.082	  8
    1455.298	  8
    1455.880	  8
    1456.468	  8
    1457.054	  8
    1457.328	  8
    1457.624	  8
    1458.002	  8
    1459.630	  8
    1459.916	  8
    1460.334	  8
    1460.942	  8
    1461.222	  8
    1461.482	  8
    1463.334	  8
    1463.762	  8
    1464.338	  8
    1465.466	 53
    1465.786	  8
    1465.786	 20
    1465.786	 27
    1465.796	 28
    1465.796	 19
    1465.896	 29
    1466.064	  9
    1485.916	 50
    1485.926	 17
    1509.586	  8
    1509.860	  8
    1511.750	  8
    1512.092	  8
    1512.344	  8
    1512.870	  8
    1513.860	  8
    1514.182	  8
    1514.834	  8
    1515.388	  8
    1515.838	  8
    1515.926	 53
    1516.950	  8
    1516.950	 20
    1516.950	 27
    1516.960	 28
    1516.960	 19
    1517.060	 29
    1517.228	  9
    1517.316	  8
    1537.080	 52
    1537.090	 18
    1610.134	  8
    1615.706	  8
    1616.222	  8
    1616.564	  8
    1616.690	  8
    1622.294	  8
    1622.368	  8
    1622.736	  8
    1627.312	  8
    1627.428	  8
    1644.330	  8
    1644.498	  8
    1645.492	  8
    1650.318	  8
    1657.090	 53
    1657.100	 20
    1657.100	 27
    1660.854	  7
    1660.992	  7
    1661.190	  7
    1661.312	  7
    1661.680	  7
    1661.848	  7
    1662.232	  7
    1662.624	  7
    1662.810	  7
    1662.990	  7
    1663.582	  7
    1664.264	  7
    1665.662	  7
    1665.930	  7
    1667.122	  7
    1667.538	  7
    1667.662	  7
    1668.134	  7
    1668.316	  7
    1668.992	  7
    1669.226	  7
    1669.344	  7
    1669.496	  7
    1669.630	  7
    1669.766	  7
    1669.926	  7
    1670.054	  7
    1670.210	  7
    1670.544	  7
    1670.694	  7
    1670.986	  7
    1671.288	  7
    1671.750	  7
    1671.908	  7
    1672.052	  7
    1672.194	  7
    1672.348	  7
    1672.504	  7
    1672.684	  7
    1672.816	  7
    1672.996	  7
    1673.164	  7
    1673.306	  7
    1673.462	  7
    1673.770	  7
    1673.930	  7
    1674.080	  7
    1674.248	  7
    1674.398	  7
    1674.564	  7
    1674.732	  7
    1674.900	  7
    1675.030	  7
    1675.204	  7
    1675.350	  7
    1675.496	  7
    1675.658	  7
    1675.808	  7
    1675.974	  7
    1676.136	  7
    1676.306	  7
    1676.458	  7
    1676.614	  7
    1676.770	  7
    1676.930	  7
    1677.100	  7
    1677.120	 51
    1677.130	 10
    1677.242	  7
    1677.370	  7
    1677.528	  7
    1677.676	  7
    1677.840	  7
    1677.994	  7
    1678.152	  7
    1678.306	  7
    1678.470	  7
    1678.620	  7
    1678.776	  7
    1678.946	  7
    1679.096	  7
    1679.240	  7
    1679.392	  7
    1679.560	  7
    1679.722	  7
    1679.880	  7
    1680.046	  7
    1680.190	  7
    1680.354	  7
    1680.524	  7
    1680.688	  7
    1680.844	  7
    1681.010	  7
    1681.176	  7
    1681.330	  7
    1681.488	  7
    1681.644	  7
    1681.806	  7
    1681.948	  7
    1682.134	  7
    1682.294	  7
    1682.450	  7
    1682.614	  7
    1682.772	  7
    1682.926	  7
    1683.084	  7
    1683.240	  7
    1683.372	  7
    1683.534	  7
    1683.702	  7
    1683.888	  7
    1684.010	  7
    1684.164	  7
    1684.310	  7
    1684.462	  7
    1684.616	  7
    1684.776	  7
    1684.926	  7
    1685.100	  7
    1685.246	  7
    1685.566	  7
    1685.718	  7
    1685.886	  7
    1686.022	  7
    1686.190	  7
    1686.340	  7
    1686.486	  7
    1686.624	  7
    1686.782	  7
    1686.946	  7
    1687.092	  7
    1687.238	  7
    1687.404	  7
    1687.584	  7
    1687.728	  7
    1687.874	  7
    1688.016	  7
    1688.168	  7
    1688.308	  7
    1688.458	  7
    1688.612	  7
    1688.936	  7
    1689.092	  7
    1689.230	  7
    1689.392	  7
    1689.540	  7
    1689.714	  7
    1689.848	  7
    1690.012	  7
    1690.162	  7
    1690.336	  7
    1690.518	  7
    1690.806	  7
    1690.970	  7
    1691.126	  7
    1691.318	  7
    1691.636	  7
    1691.806	  7
    1691.958	  7
    1692.092	  7
    1692.240	  7
    1692.376	  7
    1692.522	  7
    1692.668	  7
    1692.812	  7
    1692.972	  7
    1693.118	  7
    1693.270	  7
    1693.420	  7
    1693.720	  7
    1693.896	  7
    1694.030	  7
    1694.478	  7
    1694.626	  7
    1694.778	  7
    1694.942	  7
    1695.084	  7
    1695.250	  7
    1695.410	  7
    1695.570	  7
    1695.726	  7
    1695.892	  7
    1696.060	  7
    1696.216	  7
    1696.368	  7
    1696.534	  7
    1696.698	  7
    1697.060	  7
    1697.364	  7
    1697.522	  7
    1697.692	  7
    1697.852	  7
    1697.988	  7
    1698.128	  7
    1698.276	  7
    1698.422	  7
    1698.568	  7
    1698.716	  7
    1698.862	  7
    1699.008	  7
    1699.176	  7
    1699.312	  7
    1699.468	  7
    1699.610	  7
    1699.776	  7
    1699.908	  7
    1700.070	  7
    1700.244	  7
    1700.390	  7
    1700.538	  7
    1700.692	  7
    1700.848	  7
    1700.992	  7
    1701.150	  7
    1701.300	  7
    1701.444	  7
    1701.602	  7
    1701.732	  7
    1701.890	  7
    1702.042	  7
    1702.194	  7
    1702.342	  7
    1702.494	  7
    1702.648	  7
    1702.940	  7
    1703.112	  7
    1703.278	  7
    1703.422	  7
    1703.572	  7
    1703.726	  7
    1703.900	  7
    1704.036	  7
    1704.192	  7
    1704.334	  7
    1704.492	  7
    1704.642	  7
    1704.806	  7
    1704.956	  7
    1705.106	  7
    1705.248	  7
    1705.394	  7
    1705.536	  7
    1705.686	  7
    1705.852	  7
    1705.992	  7
    1706.148	  7
    1706.276	  7
    1706.426	  7
    1706.570	  7
    1706.724	  7
    1706.876	  7
    1707.026	  7
    1707.184	  7
    1707.328	  7
    1707.472	  7
    1707.618	  7
    1707.776	  7
    1707.946	  7
    1708.090	  7
    1708.248	  7
    1708.384	  7
    1708.548	  7
    1708.702	  7
    1708.864	  7
    1709.012	  7
    1709.162	  7
    1709.480	  7
    1709.624	  7
    1709.794	  7
    1710.076	  7
    1710.230	  7
    1710.388	  7
    1710.552	  7
    1710.688	  7
    1710.842	  7
    1710.996	  7
    1711.166	  7
    1711.320	  7
    1711.826	  7
    1711.988	  7
    1712.126	  7
    1712.282	  7
    1712.926	  7
    1714.612	  8
    1714.780	  8
    1715.494	  8
    1716.022	  8
    1717.984	  8
    1718.344	  8
    1718.908	  8
    1719.408	  8
    1719.962	  8
    1721.798	  8
    1722.218	  8
    1722.746	  8
    1723.204	  8
    1725.942	  8
    1726.334	  8
    1726.702	  8
    1727.224	  8
    1727.732	  8
    1728.390	  8
    1730.486	  8
    1730.920	  8
    1731.938	  8
    1732.560	  8
    1734.854	  8
    1735.166	  8
    1735.776	  8
    1736.420	  8
    1736.806	  8
    1737.130	 53
    1737.780	  8
    1737.780	 20
    1737.780	 27
    1737.790	 28
    1737.790	 19
    1737.890	 29
    1738.058	  9
    1739.662	  8
    1757.910	 51
    1757.920	 10
    1769.114	  8
    1775.598	  7
    1776.008	  7
    1776.486	  7
    1777.004	  7
    1777.170	  7
    1777.308	  7
    1777.554	  7
    1777.702	  7
    1777.880	  7
    1778.022	  7
    1778.176	  7
    1778.510	  7
    1778.660	  7
    1778.804	  7
    1778.950	  7
    1779.118	  7
    1779.274	  7
    1779.452	  7
    1779.598	  7
    1779.748	  7
    1780.094	  7
    1780.278	  7
    1780.414	  7
    1780.598	  7
    1780.732	  7
    1780.906	  7
    1781.074	  7
    1781.242	  7
    1781.414	  7
    1781.556	  7
    1781.720	  7
    1781.876	  7
    1782.020	  7
    1782.188	  7
    1782.330	  7
    1782.482	  7
    1782.636	  7
    1782.800	  7
    1782.954	  7
    1783.118	  7
    1783.258	  7
    1783.410	  7
    1783.576	  7
    1783.752	  7
    1783.914	  7
    1784.070	  7
    1784.242	  7
    1784.406	  7
    1784.540	  7
    1784.700	  7
    1784.864	  7
    1785.022	  7
    1785.190	  7
    1785.368	  7
    1785.528	  7
    1785.684	  7
    1785.842	  7
    1785.998	  7
    1786.152	  7
    1786.316	  7
    1786.482	  7
    1786.620	  7
    1786.776	  7
    1786.920	  7
    1787.060	  7
    1787.204	  7
    1787.346	  7
    1787.492	  7
    1787.618	  7
    1787.760	  7
    1787.904	  7
    1788.058	  7
    1788.192	  7
    1788.348	  7
    1788.498	  7
    1788.650	  7
    1788.804	  7
    1788.964	  7
    1789.124	  7
    1789.270	  7
    1789.408	  7
    1789.558	  7
    1789.724	  7
    1789.864	  7
    1790.022	  7
    1790.158	  7
    1790.314	  7
    1790.466	  7
    1790.618	  7
    1790.778	  7
    1790.942	  7
    1791.106	  7
    1791.282	  7
    1791.486	  7
    1791.644	  7
    1791.784	  7
    1791.958	  7
    1792.114	  7
    1792.290	  7
    1792.444	  7
    1792.602	  7
    1792.764	  7
    1792.908	  7
    1793.060	  7
    1793.210	  7
    1793.360	  7
    1793.508	  7
    1793.668	  7
    1793.808	  7
    1793.958	  7
    1794.110	  7
    1794.256	  7
    1794.420	  7
    1794.560	  7
    1794.718	  7
    1794.872	  7
    1795.026	  7
    1795.170	  7
    1795.308	  7
    1795.452	  7
    1795.604	  7
    1795.760	  7
    1795.918	  7
    1796.082	  7
    1796.220	  7
    1796.372	  7
    1796.522	  7
    1796.784	  7
    1796.928	  7
    1797.082	  7
    1797.226	  7
    1797.374	  7
    1797.524	  7
    1797.672	  7
    1797.828	  7
    1797.954	  7
    1798.100	  7
    1798.256	  7
    1798.402	  7
    1798.556	  7
    1798.710	  7
    1798.856	  7
    1799.016	  7
    1799.174	  7
    1799.332	  7
    1799.486	  7
    1799.646	  7
    1799.812	  7
    1799.980	  7
    1800.116	  7
    1800.260	  7
    1800.410	  7
    1800.558	  7
    1800.700	  7
    1800.842	  7
    1800.990	  7
    1801.136	  7
    1801.288	  7
    1801.436	  7
    1801.584	  7
    1801.732	  7
    1801.878	  7
    1802.034	  7
    1802.182	  7
    1802.340	  7
    1802.478	  7
    1802.622	  7
    1802.762	  7
    1802.910	  7
    1803.060	  7
    1803.204	  7
    1803.356	  7
    1803.506	  7
    1803.648	  7
    1803.794	  7
    1803.958	  7
    1804.098	  7
    1804.242	  7
    1804.392	  7
    1804.546	  7
    1804.820	  7
    1804.968	  7
    1805.110	  7
    1805.264	  7
    1805.412	  7
    1805.566	  7
    1805.696	  7
    1805.844	  7
    1805.998	  7
    1806.144	  7
    1806.292	  7
    1806.448	  7
    1806.594	  7
    1806.748	  7
    1806.920	  7
    1807.062	  7
    1807.214	  7
    1807.370	  7
    1807.522	  7
    1807.672	  7
    1807.820	  7
    1807.972	  7
    1808.134	  7
    1808.318	  7
    1808.448	  7
    1808.588	  7
    1808.736	  7
    1808.880	  7
    1809.024	  7
    1809.174	  7
    1809.320	  7
    1809.466	  7
    1809.634	  7
    1809.766	  7
    1809.914	  7
    1810.062	  7
    1810.208	  7
    1810.356	  7
    1810.504	  7
    1810.664	  7
    1810.812	  7
    1810.974	  7
    1811.112	  7
    1811.266	  7
    1811.416	  7
    1811.568	  7
    1811.740	  7
    1811.878	  7
    1812.026	  7
    1812.176	  7
    1812.340	  7
    1812.486	  7
    1812.660	  7
    1812.792	  7
    1812.944	  7
    1813.102	  7
    1813.254	  7
    1813.396	  7
    1813.546	  7
    1813.684	  7
    1813.838	  7
    1813.980	  7
    1814.138	  7
    1814.268	  7
    1814.416	  7
    1814.584	  7
    1814.714	  7
    1814.870	  7
    1815.020	  7
    1815.162	  7
    1815.308	  7
    1815.456	  7
    1815.610	  7
    1815.746	  7
    1815.912	  7
    1816.046	  7
    1816.196	  7
    1816.344	  7
    1816.498	  7
    1816.654	  7
    1816.808	  7
    1816.960	  7
    1817.258	  7
    1817.392	  7
    1817.572	  7
    1817.710	  7
    1817.920	 53
    1818.202	  7
    1818.328	  7
    1818.470	  7
    1818.618	  7
    1818.760	  7
    1818.904	  7
    1819.048	  7
    1819.190	  7
    1819.332	  7
    1819.476	  7
    1819.606	  7
    1819.748	  7
    1819.890	  7
    1820.036	  7
    1820.178	  7
    1820.328	  7
    1820.478	  7
    1820.630	  7
    1820.774	  7
    1820.942	  7
    1821.078	  7
    1821.218	  7
    1821.370	  7
    1821.516	  7
    1821.660	  7
    1821.806	  7
    1821.946	  7
    1822.092	  7
    1822.234	  7
    1822.502	  7
    1822.656	  7
    1822.790	  7
    1822.942	  7
    1823.088	  7
    1823.234	  7
    1823.378	  7
    1823.518	  7
    1823.664	  7
    1823.812	  7
    1823.988	  7
    1824.126	  7
    1824.272	  7
    1824.432	  7
    1824.582	  7
    1824.742	  7
    1824.928	  7
    1825.072	  7
    1825.226	  7
    1825.376	  7
    1825.524	  7
    1825.674	  7
    1825.818	  7
    1825.966	  7
    1826.136	  7
    1826.262	  7
    1826.420	  7
    1826.574	  7
    1826.724	  7
    1826.872	  7
    1827.026	  7
    1827.182	  7
    1827.324	  7
    1827.490	  7
    1827.618	  7
    1827.770	  7
    1827.914	  7
    1828.066	  7
    1828.212	  7
    1828.358	  7
    1828.494	  7
    1828.638	  7
    1828.780	  7
    1828.924	  7
    1829.064	  7
    1829.212	  7
    1829.376	  7
    1829.502	  7
    1829.652	  7
    1829.794	  7
    1829.934	  7
    1830.084	  7
    1830.234	  7
    1830.408	  7
    1830.554	  7
    1830.722	  7
    1830.852	  7
    1831.004	  7
    1831.156	  7
    1831.298	  7
    1831.438	  7
    1831.576	  7
    1831.728	  7
    1831.878	  7
    1832.020	  7
    1832.164	  7
    1832.320	  7
    1832.452	  7
    1832.594	  7
    1832.740	  7
    1832.884	  7
    1833.030	  7
    1833.172	  7
    1833.314	  7
    1833.464	  7
    1833.734	  7
    1833.866	  7
    1834.006	  7
    1834.150	  7
    1834.294	  7
    1834.442	  7
    1834.584	  7
    1834.724	  7
    1834.884	  7
    1835.010	  7
    1835.158	  7
    1835.320	  7
    1835.462	  7
    1835.612	  7
    1835.758	  7
    1835.914	  7
    1836.068	  7
    1836.216	  7
    1836.384	  7
    1836.516	  7
    1836.664	  7
    1836.808	  7
    1836.966	  7
    1837.108	  7
    1837.256	  7
    1837.402	  7
    1837.544	  7
    1837.688	  7
    1837.834	  7
    1838.002	  7
    1838.128	  7
    1838.266	  7
    1838.410	  7
    1838.548	  7
    1838.700	  7
    1838.844	  7
    1838.986	  7
    1839.136	  7
    1839.298	  7
    1839.446	  7
    1839.598	  7
    1839.730	  7
    1839.878	  7
    1840.026	  7
    1840.178	  7
    1840.334	  7
    1840.504	  7
    1840.656	  7
    1841.152	  7
    1841.300	  7
    1842.998	  8
    1842.998	 20
    1842.998	 27
    1843.008	 28
    1843.008	 19
    1843.108	 29
    1843.174	  8
    1843.276	  9
    1844.792	  8
    1863.128	 50
    1863.138	 17
    1892.202	  8
    1893.088	  8
    1893.138	 53
    1895.610	  8
    1895.610	 20
    1895.610	 27
    1895.620	 28
    1895.620	 19
    1895.720	 29
    1895.806	  8
    1895.888	  9
    1897.070	  8
    1915.740	 52
    1915.750	 18
    2012.904	  8
    2013.122	  8
    2014.046	  8
    2017.020	  8
    2017.320	  8
    2018.502	  8
    2029.096	  8
    2029.538	  8
    2035.750	 53
    2035.760	 20
    2035.760	 27
    2041.172	  8
    2041.682	  8
    2055.332	  8
    2055.548	  8
    2055.780	 50
    2055.790	 17
    2056.160	  8
    2056.470	  8
    2058.570	  8
    2058.878	  8
    2059.290	  8
    2059.530	  8
    2059.794	  8
    2062.674	  8
    2063.012	  8
    2063.722	  8
    2067.922	  8
    2068.294	  8
    2069.812	  8
    2070.256	  8
    2070.334	  8
    2071.560	  8
    2072.338	  8
    2072.590	  8
    2073.108	  8
    2075.208	  8
    2075.678	  8
    2076.170	  8
    2076.350	  8
    2076.646	  8
    2077.032	  8
    2077.358	  8
    2077.874	  8
    2078.228	  8
    2078.962	  8
    2079.446	  8
    2079.542	  8
    2080.622	  8
    2080.936	  8
    2082.462	  8
    2082.958	  8
    2084.298	  8
    2084.820	  8
    2084.944	  8
    2085.192	  8
    2085.762	  8
    2085.790	 53
    2086.018	  8
    2086.018	 20
    2086.018	 27
    2086.028	 28
    2086.028	 19
    2086.128	 29
    2086.296	  9
    2087.424	  8
    2106.148	 52
    2106.158	 18
    2195.230	  8
    2195.588	  8
    2203.298	  8
    2203.962	  8
    2204.844	  8
    2205.154	  8
    2209.762	  8
    2210.296	  8
    2215.304	  8
    2215.666	  8
    2222.574	  8
    2223.276	  8
    2223.582	  8
    2224.082	  8
    2224.560	  8
    2226.158	 53
    2226.168	 20
    2226.168	 27
    2228.014	  8
    2228.594	  8
    2229.646	  8
    2230.204	  8
    2231.540	  8
    2232.382	  8
    2232.802	  8
    2233.418	  8
    2236.670	  8
    2237.420	  8
    2237.652	  8
    2238.158	  8
    2238.544	  8
    2239.850	  8
    2242.892	  8
    2243.076	  8
    2243.416	  8
    2244.108	  8
    2246.188	 51
    2246.198	 10
    2246.416	  8
    2247.108	  8
    2248.646	  8
    2248.852	  8
    2249.218	  8
    2249.790	  8
    2250.258	  8
    2253.220	  8
    2254.084	  8
    2254.182	  8
    2254.984	  8
    2255.516	  8
    2256.296	  8
    2257.156	  8
    2257.230	  8
    2257.466	  8
    2259.406	  8
    2260.068	  8
    2260.616	  8
    2261.184	  8
    2261.528	  8
    2262.074	  8
    2262.680	  8
    2263.324	  8
    2266.208	  8
    2266.738	  8
    2267.422	  8
    2267.896	  8
    2268.516	  8
    2269.352	  8
    2271.278	  8
    2271.888	  8
    2272.538	  8
    2273.756	  8
    2274.924	  8
    2275.664	  8
    2277.710	  8
    2278.266	  8
    2281.214	  8
    2281.418	  8
    2281.584	  8
    2282.164	  8
    2282.240	  8
    2282.884	  8
    2283.496	  8
    2284.414	  8
    2284.916	  8
    2285.564	  8
    2286.394	  8
    2287.272	  8
    2287.332	  8
    2288.734	  8
    2289.194	  8
    2289.974	  8
    2290.720	  8
    2291.592	  8
    2291.736	  8
    2294.888	  8
    2295.448	  8
    2296.490	  8
    2297.746	  8
    2298.006	  8
    2298.232	  8
    2299.744	  8
    2299.966	  8
    2300.932	  8
    2301.578	  8
    2302.118	  8
    2302.986	  8
    2303.338	  8
    2305.178	  8
    2305.986	  8
    2306.198	 53
    2307.476	  8
    2307.476	 20
    2307.476	 27
    2307.486	 28
    2307.486	 19
    2307.586	 29
    2307.656	  8
    2307.998	  9
    2327.606	 51
    2327.616	 10
    2342.246	  7
    2342.912	  7
    2343.136	  7
    2343.294	  7
    2343.628	  7
    2343.794	  7
    2343.932	  7
    2344.070	  7
    2344.232	  7
    2344.390	  7
    2344.538	  7
    2344.700	  7
    2344.988	  7
    2345.138	  7
    2345.284	  7
    2345.428	  7
    2345.594	  7
    2345.752	  7
    2345.902	  7
    2346.076	  7
    2346.222	  7
    2346.366	  7
    2346.520	  7
    2346.666	  7
    2346.840	  7
    2347.006	  7
    2347.168	  7
    2347.298	  7
    2347.450	  7
    2347.610	  7
    2347.772	  7
    2347.928	  7
    2348.076	  7
    2348.242	  7
    2348.398	  7
    2348.548	  7
    2348.694	  7
    2348.842	  7
    2348.990	  7
    2349.146	  7
    2349.296	  7
    2349.446	  7
    2349.604	  7
    2349.758	  7
    2349.936	  7
    2350.078	  7
    2350.236	  7
    2350.416	  7
    2350.584	  7
    2350.730	  7
    2350.882	  7
    2351.040	  7
    2351.200	  7
    2351.372	  7
    2351.516	  7
    2351.678	  7
    2351.810	  7
    2351.958	  7
    2352.108	  7
    2352.246	  7
    2352.396	  7
    2352.564	  7
    2352.710	  7
    2352.880	  7
    2353.036	  7
    2353.222	  7
    2353.364	  7
    2353.530	  7
    2353.666	  7
    2353.820	  7
    2353.974	  7
    2354.130	  7
    2354.286	  7
    2354.448	  7
    2354.598	  7
    2354.756	  7
    2354.906	  7
    2355.080	  7
    2355.218	  7
    2355.362	  7
    2355.512	  7
    2355.660	  7
    2355.810	  7
    2355.958	  7
    2356.108	  7
    2356.262	  7
    2356.414	  7
    2356.558	  7
    2356.724	  7
    2356.872	  7
    2357.066	  7
    2357.198	  7
    2357.348	  7
    2357.504	  7
    2357.650	  7
    2357.798	  7
    2357.960	  7
    2358.114	  7
    2358.256	  7
    2358.408	  7
    2358.560	  7
    2358.728	  7
    2358.866	  7
    2359.018	  7
    2359.176	  7
    2359.334	  7
    2359.496	  7
    2359.658	  7
    2359.812	  7
    2359.992	  7
    2360.126	  7
    2360.292	  7
    2360.434	  7
    2360.586	  7
    2361.208	  7
    2361.354	  7
    2362.080	  7
    2362.592	  7
    2362.768	  7
    2366.806	  8
    2367.048	  8
    2367.602	  8
    2368.242	  8
    2368.690	  8
    2370.552	  8
    2371.222	  8
    2371.710	  8
    2372.634	  8
    2372.758	  8
    2373.020	  8
    2373.518	  8
    2374.038	  8
    2375.864	  8
    2376.228	  8
    2376.634	  8
    2376.706	  8
    2377.734	  8
    2377.888	  8
    2379.226	  8
    2381.350	  8
    2381.836	  8
    2382.842	  8
    2383.410	  8
    2384.242	  8
    2384.460	  8
    2384.542	  8
    2384.674	  8
    2384.708	  8
    2385.912	  8
    2386.626	  8
    2387.558	  8
    2387.616	 53
    2388.094	  8
    2388.094	 20
    2388.094	 27
    2388.104	 28
    2388.104	 19
    2388.204	 29
    2388.616	  9
    2408.224	 51
    2408.234	 10
    2446.756	  8
    2451.044	  8
    2455.414	  8
    2455.500	  8
    2455.784	  8
    2456.090	  8
    2456.926	  8
    2458.662	  8
    2458.958	  8
    2462.522	  8
    2462.888	  8
    2463.646	  8
    2463.686	  8
    2466.312	  8
    2466.436	  8
    2467.146	  8
    2467.682	  8
    2468.234	 53
    2468.894	  8
    2468.894	 20
    2468.894	 27
    2468.904	 28
    2468.904	 19
    2469.004	 29
    2469.168	  8
    2469.172	  9
    2470.672	  8
    2489.024	 51
    2489.034	 10
    2522.810	  8
    2522.964	  8
    2523.292	  8
    2523.464	  8
    2523.514	  8
    2526.610	  8
    2527.034	  8
    2527.908	  8
    2530.078	  8
    2530.386	  8
    2532.158	  8
    2532.694	  8
    2534.834	  8
    2535.064	  8
    2535.578	  8
    2536.604	  8
    2537.576	  8
    2537.938	  8
    2538.548	  8
    2538.612	  8
    2539.148	  8
    2539.770	  8
    2541.498	  8
    2542.242	  8
    2542.798	  8
    2543.366	  8
    2544.192	  8
    2544.442	  8
    2545.198	  8
    2546.016	  8
    2546.060	  8
    2546.628	  8
    2547.314	  8
    2547.888	  8
    2548.600	  8
    2549.034	 53
    2551.394	  8
    2551.394	 20
    2551.394	 27
    2551.404	 28
    2551.404	 19
    2551.504	 29
    2551.672	  9
    2553.070	  8
    2571.524	 51
    2571.534	 10
    2612.622	  8
    2613.672	  8
    2614.252	  8
    2614.368	  8
    2615.066	  8
    2616.752	  8
    2616.962	  8
    2617.532	  8
    2620.508	  8
    2621.342	  8
    2621.842	  8
    2623.166	  8
    2623.338	  8
    2624.106	  8
    2626.882	  8
    2627.710	  8
    2628.488	  8
    2629.132	  8
    2630.006	  8
    2630.382	  8
    2630.732	  8
    2630.982	  8
    2631.484	  8
    2631.534	 53
    2631.870	  8
    2631.870	 20
    2631.870	 27
    2631.880	 28
    2631.880	 19
    2631.980	 29
    2632.148	  9
    2633.704	  8
    2652.000	 52
    2652.010	 18
    2764.668	  8
    2764.718	  8
    2765.072	  8
    2765.508	  8
    2772.010	 53
    2772.020	 20
    2772.020	 27
    2773.436	  8
    2773.746	  8
    2774.008	  8
    2789.810	  8
    2792.040	 51
    2792.050	 10
    2811.600	  8
    2811.822	  8
    2815.410	  8
    2815.556	  8
    2815.938	  8
    2816.276	  8
    2816.780	  8
    2817.078	  8
    2818.992	  8
    2819.186	  8
    2819.524	  8
    2821.946	  8
    2823.130	  8
    2823.314	  8
    2825.366	  8
    2825.624	  8
    2825.770	  8
    2826.298	  8
    2826.906	  8
    2827.752	  8
    2828.602	  8
    2829.770	  8
    2830.982	  8
    2831.534	  8
    2832.018	  8
    2835.234	  8
    2835.572	  8
    2836.302	  8
    2838.038	  8
    2838.726	  8
    2839.404	  8
    2840.444	  8
    2840.928	  8
    2841.330	  8
    2842.104	  8
    2842.734	  8
    2843.416	  8
    2843.664	  8
    2844.014	  8
    2844.572	  8
    2845.486	  8
    2845.594	  8
    2846.678	  8
    2846.960	  8
    2847.420	  8
    2848.354	  8
    2849.348	  8
    2849.994	  8
    2850.358	  8
    2850.582	  8
    2850.756	  8
    2851.328	  8
    2852.050	 53
    2852.642	  8
    2852.642	 20
    2852.642	 27
    2852.652	 28
    2852.652	 19
    2852.752	 29
    2852.864	  8
    2852.912	  9
    2872.772	 52
    2872.782	 18
    2952.714	  8
    2953.020	  8
    2980.864	  8
    2991.022	  8
    2991.272	  8
    2991.542	  8
    2991.946	  8
    2992.120	  8
    2992.782	 53
    2992.792	 20
    2992.792	 27
    2997.048	  8
    2997.472	  8
    3003.470	  8
    3003.592	  8
    3004.060	  8
    3009.904	  8
    3010.246	  8
    3010.776	  8
    3011.044	  8
    3012.812	 52
    3012.822	 18
    3015.102	  8
    3027.670	  8
    3034.440	  8
    3034.558	  8
    3035.438	  8
    3035.676	  8
    3036.136	  8
    3041.026	  8
    3041.282	  8
    3043.022	  8
    3043.780	  8
    3045.618	  8
    3046.460	  8
    3047.044	  8
    3048.084	  8
    3052.288	  8
    3052.574	  8
    3053.118	  8
    3056.826	  8
    3057.414	  8
    3057.906	  8
    3061.076	  8
    3067.718	  7
    3068.480	  7
    3069.568	  7
    3069.902	  7
    3070.244	  7
    3070.580	  7
    3070.934	  7
    3078.492	  8
    3079.264	  8
    3079.822	  8
    3081.396	  8
    3081.694	  8
    3084.494	  8
    3084.790	  8
    3100.090	  8
    3100.226	  8
    3100.274	  8
    3100.340	  8
    3101.012	  8
    3109.164	  8
    3110.016	  8
    3116.474	  8
    3117.050	  8
    3117.380	  8
    3121.032	  8
    3121.312	  8
    3126.626	  8
    3127.014	  8
    3127.492	  8
    3127.890	  8
    3128.364	  8
    3132.822	 53
    3132.832	 20
    3132.832	 27
    3149.522	  8
    3149.810	  8
    3150.030	  8
    3150.542	  8
    3152.852	 50
    3152.862	 17
    3163.328	  8
    3163.598	  8
    3164.342	  8
    3166.128	  8
    3166.778	  8
    3167.338	  8
    3173.324	  8
    3173.878	  8
    3174.076	  8
    3176.780	  8
    3177.642	  8
    3178.084	  8
    3178.802	  8
    3179.828	  8
    3180.188	  8
    3180.746	  8
    3181.090	  8
    3181.318	  8
    3182.282	  8
    3182.724	  8
    3182.862	 53
    3183.338	  8
    3183.338	 20
    3183.338	 27
    3183.348	 28
    3183.348	 19
    3183.448	 29
    3183.616	  9
    3203.468	 51
    3203.478	 10
    3222.382	  7
    3223.258	  7
    3223.394	  7
    3223.552	  7
    3223.694	  7
    3223.854	  7
    3224.028	  7
    3224.166	  7
    3224.332	  7
    3224.466	  7
    3224.626	  7
    3224.790	  7
    3224.890	  7
    3225.386	  7
    3225.578	  7
    3225.738	  7
    3225.888	  7
    3226.048	  7
    3226.204	  7
    3226.376	  7
    3226.540	  7
    3226.686	  7
    3226.826	  7
    3226.982	  7
    3227.150	  7
    3227.302	  7
    3227.492	  7
    3227.630	  7
    3227.780	  7
    3227.946	  7
    3228.106	  7
    3228.262	  7
    3228.428	  7
    3228.576	  7
    3228.742	  7
    3228.880	  7
    3229.080	  7
    3229.236	  7
    3229.394	  7
    3229.544	  7
    3229.706	  7
    3229.870	  7
    3230.038	  7
    3230.202	  7
    3230.382	  7
    3230.554	  7
    3230.726	  7
    3230.944	  7
    3231.094	  7
    3231.260	  7
    3231.422	  7
    3231.572	  7
    3231.730	  7
    3231.900	  7
    3232.066	  7
    3232.236	  7
    3232.394	  7
    3232.566	  7
    3232.732	  7
    3232.866	  7
    3233.050	  7
    3233.194	  7
    3233.354	  7
    3233.504	  7
    3233.666	  7
    3233.810	  7
    3233.982	  7
    3234.132	  7
    3234.288	  7
    3234.454	  7
    3234.608	  7
    3234.748	  7
    3234.914	  7
    3235.058	  7
    3235.204	  7
    3235.356	  7
    3235.512	  7
    3235.668	  7
    3235.824	  7
    3235.990	  7
    3236.158	  7
    3236.322	  7
    3236.460	  7
    3236.618	  7
    3236.764	  7
    3236.912	  7
    3237.082	  7
    3237.220	  7
    3237.370	  7
    3237.532	  7
    3237.676	  7
    3237.836	  7
    3237.992	  7
    3238.152	  7
    3238.316	  7
    3238.490	  7
    3238.658	  7
    3238.810	  7
    3238.972	  7
    3239.124	  7
    3239.300	  7
    3239.448	  7
    3239.612	  7
    3239.764	  7
    3239.924	  7
    3240.074	  7
    3240.252	  7
    3240.452	  7
    3240.590	  7
    3240.736	  7
    3240.878	  7
    3241.020	  7
    3241.168	  7
    3241.318	  7
    3241.466	  7
    3241.622	  7
    3241.758	  7
    3241.910	  7
    3242.072	  7
    3242.228	  7
    3242.380	  7
    3242.552	  7
    3242.702	  7
    3242.854	  7
    3243.000	  7
    3243.170	  7
    3243.514	  7
    3243.666	  7
    3243.798	  7
    3243.946	  7
    3244.088	  7
    3244.236	  7
    3244.380	  7
    3244.530	  7
    3244.680	  7
    3244.834	  7
    3244.984	  7
    3245.136	  7
    3245.318	  7
    3245.482	  7
    3245.626	  7
    3245.796	  7
    3245.948	  7
    3246.114	  7
    3246.274	  7
    3246.428	  7
    3246.578	  7
    3246.730	  7
    3246.882	  7
    3247.044	  7
    3247.170	  7
    3247.312	  7
    3247.460	  7
    3247.602	  7
    3247.746	  7
    3247.882	  7
    3248.024	  7
    3248.172	  7
    3248.328	  7
    3248.474	  7
    3248.634	  7
    3248.764	  7
    3248.916	  7
    3249.064	  7
    3249.216	  7
    3249.364	  7
    3249.508	  7
    3249.670	  7
    3249.958	  7
    3250.104	  7
    3250.254	  7
    3250.412	  7
    3250.544	  7
    3250.686	  7
    3250.828	  7
    3250.964	  7
    3251.112	  7
    3251.256	  7
    3251.398	  7
    3251.544	  7
    3251.684	  7
    3251.828	  7
    3252.000	  7
    3252.124	  7
    3252.274	  7
    3252.418	  7
    3252.562	  7
    3252.708	  7
    3252.878	  7
    3253.010	  7
    3253.154	  7
    3253.296	  7
    3253.450	  7
    3253.584	  7
    3253.734	  7
    3253.872	  7
    3254.022	  7
    3254.174	  7
    3254.316	  7
    3254.468	  7
    3254.618	  7
    3254.770	  7
    3254.932	  7
    3255.102	  7
    3255.234	  7
    3255.404	  7
    3255.690	  7
    3255.848	  7
    3255.998	  7
    3256.142	  7
    3256.324	  7
    3256.470	  7
    3256.940	  7
    3257.098	  7
    3257.260	  7
    3257.442	  7
    3257.892	  7
    3258.038	  7
    3258.208	  7
    3258.390	  7
    3258.550	  7
    3258.860	  7
    3259.026	  7
    3259.180	  7
    3259.326	  7
    3259.486	  7
    3259.628	  7
    3259.772	  7
    3259.936	  7
    3260.062	  7
    3260.210	  7
    3260.356	  7
    3260.504	  7
    3260.644	  7
    3260.790	  7
    3260.934	  7
    3261.072	  7
    3261.214	  7
    3261.358	  7
    3261.522	  7
    3261.652	  7
    3261.804	  7
    3261.954	  7
    3262.106	  7
    3262.252	  7
    3262.402	  7
    3262.548	  7
    3262.828	  7
    3262.966	  7
    3263.118	  7
    3263.276	  7
    3263.406	  7
    3263.478	 53
    3263.554	  7
    3263.694	  7
    3263.842	  7
    3263.984	  7
    3264.132	  7
    3264.278	  7
    3264.422	  7
    3264.568	  7
    3264.712	  7
    3264.890	  7
    3265.016	  7
    3265.172	  7
    3265.318	  7
    3265.470	  7
    3265.608	  7
    3265.754	  7
    3265.904	  7
    3266.058	  7
    3266.198	  7
    3266.350	  7
    3266.486	  7
    3266.628	  7
    3266.786	  7
    3266.920	  7
    3267.064	  7
    3267.208	  7
    3267.354	  7
    3267.500	  7
    3267.642	  7
    3267.788	  7
    3267.938	  7
    3268.088	  7
    3268.496	  7
    3268.628	  7
    3268.784	  7
    3268.956	  7
    3269.092	  7
    3269.242	  7
    3269.386	  7
    3269.530	  7
    3269.670	  7
    3269.814	  7
    3269.958	  7
    3270.098	  7
    3270.238	  7
    3270.382	  7
    3270.528	  7
    3270.680	  7
    3270.824	  7
    3270.986	  7
    3271.116	  7
    3271.264	  7
    3271.418	  7
    3271.568	  7
    3271.720	  7
    3271.868	  7
    3272.020	  7
    3272.168	  7
    3272.316	  7
    3272.482	  7
    3272.616	  7
    3272.772	  7
    3272.920	  7
    3273.078	  7
    3273.228	  7
    3273.382	  7
    3273.530	  7
    3273.674	  7
    3273.816	  7
    3273.954	  7
    3274.098	  7
    3274.242	  7
    3274.386	  7
    3274.538	  7
    3274.672	  7
    3274.816	  7
    3274.964	  7
    3275.106	  7
    3275.252	  7
    3275.404	  7
    3275.558	  7
    3275.706	  7
    3275.858	  7
    3276.006	  7
    3276.170	  7
    3276.306	  7
    3276.454	  7
    3276.602	  7
    3276.750	  7
    3276.898	  7
    3277.044	  7
    3277.192	  7
    3277.336	  7
    3277.478	  7
    3277.624	  7
    3277.782	  7
    3277.912	  7
    3278.060	  7
    3278.214	  7
    3278.362	  7
    3278.498	  7
    3278.638	  7
    3278.776	  7
    3278.924	  7
    3279.068	  7
    3279.214	  7
    3279.358	  7
    3279.510	  7
    3279.636	  7
    3279.784	  7
    3279.926	  7
    3280.076	  7
    3280.220	  7
    3280.366	  7
    3280.518	  7
    3280.664	  7
    3280.820	  7
    3280.964	  7
    3281.126	  7
    3281.260	  7
    3281.410	  7
    3281.568	  7
    3281.724	  7
    3281.878	  7
    3282.024	  7
    3282.172	  7
    3282.320	  7
    3282.466	  7
    3282.612	  7
    3282.758	  7
    3282.902	  7
    3283.068	  7
    3283.198	  7
    3283.344	  7
    3283.490	  7
    3283.640	  7
    3283.788	  7
    3283.936	  7
    3284.082	  7
    3284.242	  7
    3284.396	  7
    3284.566	  7
    3284.706	  7
    3284.858	  7
    3285.010	  7
    3285.170	  7
    3285.318	  7
    3285.466	  7
    3285.616	  7
    3285.760	  7
    3285.906	  7
    3286.050	  7
    3286.210	  7
    3286.346	  7
    3286.488	  7
    3286.640	  7
    3286.782	  7
    3286.932	  7
    3287.076	  7
    3287.228	  7
    3287.368	  7
    3287.518	  7
    3287.650	  7
    3287.794	  7
    3287.936	  7
    3288.078	  7
    3288.220	  7
    3288.364	  7
    3288.510	  7
    3288.654	  7
    3288.802	  7
    3288.948	  7
    3289.094	  7
    3289.250	  7
    3289.388	  7
    3289.536	  7
    3289.678	  7
    3289.824	  7
    3289.968	  7
    3290.110	  7
    3290.256	  7
    3290.394	  7
    3290.536	  7
    3290.686	  7
    3290.826	  7
    3290.976	  7
    3291.126	  7
    3291.278	  7
    3291.418	  7
    3291.560	  7
    3291.696	  7
    3291.848	  7
    3292.000	  7
    3292.158	  7
    3292.308	  7
    3292.460	  7
    3292.614	  7
    3292.768	  7
    3292.916	  7
    3293.060	  7
    3293.222	  7
    3293.356	  7
    3293.508	  7
    3293.658	  7
    3293.810	  7
    3293.960	  7
    3294.118	  7
    3294.280	  7
    3294.428	  7
    3294.588	  7
    3294.750	  7
    3294.924	  7
    3295.078	  7
    3295.242	  7
    3295.392	  7
    3295.542	  7
    3295.690	  7
    3295.848	  7
    3295.984	  7
    3296.132	  7
    3296.282	  7
    3296.428	  7
    3296.572	  7
    3296.722	  7
    3297.096	  7
    3297.244	  7
    3297.386	  7
    3297.552	  7
    3297.680	  7
    3297.828	  7
    3297.978	  7
    3298.122	  7
    3298.260	  7
    3298.404	  7
    3298.548	  7
    3298.696	  7
    3298.840	  7
    3298.988	  7
    3299.150	  7
    3299.276	  7
    3299.426	  7
    3299.570	  7
    3299.688	  7
    3299.832	  7
    3299.984	  7
    3300.136	  7
    3300.288	  7
    3300.454	  7
    3300.592	  7
    3300.742	  7
    3300.886	  7
    3301.034	  7
    3301.194	  7
    3301.334	  7
    3301.480	  7
    3301.630	  7
    3301.774	  7
    3301.930	  7
    3302.092	  7
    3302.228	  7
    3302.380	  7
    3302.528	  7
    3302.670	  7
    3302.820	  7
    3302.970	  7
    3303.118	  7
    3303.276	  7
    3303.432	  7
    3303.722	  7
    3303.898	  7
    3304.034	  7
    3304.190	  7
    3304.348	  7
    3304.488	  7
    3304.642	  7
    3305.110	  7
    3308.192	  8
    3308.192	 20
    3308.192	 27
    3308.202	 28
    3308.202	 19
    3308.302	 29
    3308.470	  9
    3310.218	  8
    3328.322	 50
    3328.332	 17
    3358.332	 53
    3363.736	  8
    3363.736	 20
    3363.736	 27
    3363.746	 28
    3363.746	 19
    3363.846	 29
    3364.014	  9
    3383.866	 50
    3383.876	 17
    3405.852	  8
    3406.606	  8
    3408.794	  8
    3409.556	  8
    3410.340	  8
    3410.780	  8
    3412.386	  8
    3412.994	  8
    3413.876	 53
    3413.938	  8
    3413.938	 20
    3413.938	 27
    3413.948	 28
    3413.948	 19
    3414.048	 29
    3414.216	  9
    3415.786	  8
    3434.068	 50
    3434.078	 17
    3457.146	  8
    3457.356	  8
    3458.842	  8
    3459.598	  8
    3460.086	  8
    3461.446	  8
    3462.262	  8
    3462.872	  8
    3463.570	  8
    3464.078	 53
    3464.272	  8
    3464.272	 20
    3464.272	 27
    3464.282	 28
    3464.282	 19
    3464.382	 29
    3464.550	  9
    3484.402	 52
    3484.412	 18
    3604.412	 53
    3604.422	 20
    3604.422	 27
    3620.728	  8
    3624.442	 51
    3624.452	 10
    3671.752	  8
    3671.886	  8
    3672.174	  8
    3672.426	  8
    3672.744	  8
    3673.840	  8
    3674.310	  8
    3676.410	  8
    3676.786	  8
    3677.150	  8
    3677.616	  8
    3678.102	  8
    3678.744	  8
    3679.040	  8
    3679.518	  8
    3679.946	  8
    3681.118	  8
    3681.438	  8
    3682.182	  8
    3683.158	  8
    3683.630	  8
    3684.142	  8
    3684.452	 53
    3685.340	  8
    3685.340	 20
    3685.340	 27
    3685.350	 28
    3685.350	 19
    3685.450	 29
    3685.542	  8
    3685.618	  9
    3705.470	 50
    3705.480	 17
    3727.424	  8
    3728.708	  8
    3729.936	  8
    3730.296	  8
    3731.056	  8
    3731.398	  8
    3732.384	  8
    3733.400	  8
    3735.228	  8
    3735.480	 53
    3735.486	  8
    3735.486	 20
    3735.486	 27
    3735.496	 28
    3735.496	 19
    3735.596	 29
    3735.764	  9
    3755.616	 50
    3755.626	 17
    3785.626	 53
    3790.062	  8
    3790.062	 20
    3790.062	 27
    3790.072	 28
    3790.072	 19
    3790.172	 29
    3790.340	  9
    3810.192	 50
    3810.202	 17
    3839.492	  8
    3839.706	  8
    3840.106	  8
    3840.202	 53
    3840.744	  8
    3840.744	 20
    3840.744	 27
    3840.754	 28
    3840.754	 19
    3840.854	 29
    3841.022	  9
    3860.874	 51
    3860.884	 10
    3888.544	  7
    3888.962	  7
    3889.878	  7
    3889.942	  7
    3889.998	  7
    3890.172	  7
    3890.484	  7
    3890.622	  7
    3890.766	  7
    3890.920	  7
    3891.076	  7
    3891.224	  7
    3891.348	  7
    3891.498	  7
    3891.648	  7
    3891.798	  7
    3891.954	  7
    3892.110	  7
    3892.270	  7
    3892.410	  7
    3892.578	  7
    3892.730	  7
    3892.878	  7
    3893.050	  7
    3893.180	  7
    3893.338	  7
    3893.520	  7
    3893.662	  7
    3893.816	  7
    3893.964	  7
    3894.134	  7
    3894.286	  7
    3894.440	  7
    3894.610	  7
    3894.752	  7
    3894.914	  7
    3895.066	  7
    3895.218	  7
    3895.374	  7
    3895.532	  7
    3895.696	  7
    3895.844	  7
    3895.994	  7
    3896.162	  7
    3896.316	  7
    3896.470	  7
    3896.622	  7
    3896.784	  7
    3896.938	  7
    3897.086	  7
    3897.246	  7
    3897.404	  7
    3897.560	  7
    3897.766	  7
    3897.906	  7
    3898.052	  7
    3898.194	  7
    3898.362	  7
    3898.514	  7
    3898.674	  7
    3898.826	  7
    3898.976	  7
    3899.132	  7
    3899.280	  7
    3899.428	  7
    3899.598	  7
    3899.730	  7
    3899.886	  7
    3900.040	  7
    3900.186	  7
    3900.344	  7
    3900.488	  7
    3900.638	  7
    3900.790	  7
    3900.944	  7
    3901.098	  7
    3901.240	  7
    3901.390	  7
    3901.546	  7
    3901.708	  7
    3901.886	  7
    3902.036	  7
    3902.188	  7
    3902.332	  7
    3902.494	  7
    3902.656	  7
    3902.800	  7
    3902.964	  7
    3903.128	  7
    3903.288	  7
    3903.446	  7
    3903.618	  7
    3903.766	  7
    3903.936	  7
    3904.086	  7
    3904.240	  7
    3904.398	  7
    3904.550	  7
    3904.712	  7
    3904.878	  7
    3905.032	  7
    3905.194	  7
    3905.344	  7
    3905.492	  7
    3905.642	  7
    3905.812	  7
    3905.954	  7
    3906.098	  7
    3906.242	  7
    3906.392	  7
    3906.538	  7
    3906.696	  7
    3906.852	  7
    3907.004	  7
    3907.094	  7
    3907.240	  7
    3907.390	  7
    3907.546	  7
    3907.698	  7
    3907.852	  7
    3907.988	  7
    3908.136	  7
    3908.286	  7
    3908.432	  7
    3908.574	  7
    3908.710	  7
    3908.848	  7
    3909.008	  7
    3909.140	  7
    3909.280	  7
    3909.420	  7
    3909.556	  7
    3909.708	  7
    3909.830	  7
    3909.982	  7
    3910.134	  7
    3910.284	  7
    3910.430	  7
    3910.586	  7
    3910.744	  7
    3910.894	  7
    3911.044	  7
    3911.196	  7
    3911.346	  7
    3911.506	  7
    3911.664	  7
    3911.816	  7
    3911.986	  7
    3912.124	  7
    3912.284	  7
    3912.432	  7
    3912.578	  7
    3912.736	  7
    3912.898	  7
    3913.064	  7
    3913.214	  7
    3913.360	  7
    3913.512	  7
    3913.656	  7
    3913.796	  7
    3913.942	  7
    3914.084	  7
    3914.234	  7
    3914.352	  7
    3914.492	  7
    3914.632	  7
    3914.774	  7
    3915.034	  7
    3915.172	  7
    3915.318	  7
    3915.474	  7
    3915.622	  7
    3915.788	  7
    3915.928	  7
    3916.080	  7
    3916.238	  7
    3916.380	  7
    3916.524	  7
    3916.670	  7
    3916.812	  7
    3916.950	  7
    3917.090	  7
    3917.230	  7
    3917.364	  7
    3917.510	  7
    3917.632	  7
    3917.770	  7
    3917.914	  7
    3918.048	  7
    3918.184	  7
    3918.318	  7
    3918.454	  7
    3918.596	  7
    3918.740	  7
    3918.898	  7
    3919.018	  7
    3919.162	  7
    3919.306	  7
    3919.446	  7
    3919.590	  7
    3919.734	  7
    3919.870	  7
    3920.002	  7
    3920.162	  7
    3920.274	  7
    3920.418	  7
    3920.566	  7
    3920.708	  7
    3920.852	  7
    3920.884	 53
    3920.996	  7
    3921.140	  7
    3921.292	  7
    3921.436	  7
    3921.592	  7
    3921.748	  7
    3921.888	  7
    3922.032	  7
    3922.178	  7
    3922.330	  7
    3922.470	  7
    3922.612	  7
    3922.752	  7
    3922.892	  7
    3923.038	  7
    3923.196	  7
    3923.328	  7
    3923.474	  7
    3923.618	  7
    3923.766	  7
    3923.910	  7
    3924.062	  7
    3924.238	  7
    3924.380	  7
    3924.528	  7
    3924.676	  7
    3924.822	  7
    3924.972	  7
    3925.114	  7
    3925.254	  7
    3925.384	  7
    3925.524	  7
    3925.666	  7
    3925.806	  7
    3925.950	  7
    3926.090	  7
    3926.232	  7
    3926.380	  7
    3926.528	  7
    3926.686	  7
    3926.802	  7
    3926.954	  7
    3927.106	  7
    3927.246	  7
    3927.402	  7
    3927.542	  7
    3927.686	  7
    3927.830	  7
    3927.972	  7
    3928.110	  7
    3928.270	  7
    3928.394	  7
    3928.540	  7
    3928.684	  7
    3928.822	  7
    3928.966	  7
    3929.110	  7
    3929.256	  7
    3929.458	  7
    3929.614	  7
    3929.752	  7
    3929.906	  7
    3930.046	  7
    3930.196	  7
    3930.346	  7
    3930.502	  7
    3930.656	  7
    3930.940	  7
    3931.066	  7
    3931.216	  7
    3931.392	  7
    3931.530	  7
    3931.672	  7
    3931.810	  7
    3931.972	  7
    3932.306	  7
    3932.438	  7
    3932.584	  7
    3932.742	  7
    3932.890	  7
    3933.034	  7
    3933.186	  7
    3933.334	  7
    3933.482	  7
    3933.628	  7
    3933.988	  7
    3934.124	  7
    3934.272	  7
    3934.412	  7
    3934.562	  7
    3934.844	  7
    3934.982	  7
    3935.142	  7
    3935.288	  7
    3935.432	  7
    3935.580	  7
    3935.728	  7
    3935.878	  7
    3936.040	  7
    3936.170	  7
    3936.324	  7
    3936.474	  7
    3936.628	  7
    3936.770	  7
    3936.916	  7
    3937.078	  7
    3937.224	  7
    3937.376	  7
    3937.550	  7
    3937.688	  7
    3937.846	  7
    3937.996	  7
    3938.158	  7
    3938.324	  7
    3938.494	  7
    3938.650	  7
    3938.842	  7
    3938.978	  7
    3939.132	  7
    3939.288	  7
    3939.440	  7
    3939.580	  7
    3939.712	  7
    3939.860	  7
    3939.990	  7
    3940.132	  7
    3940.278	  7
    3940.424	  7
    3940.564	  7
    3940.712	  7
    3940.862	  7
    3941.022	  7
    3941.154	  7
    3941.304	  7
    3941.440	  7
    3941.598	  7
    3941.730	  7
    3942.138	  7
    3942.262	  7
    3942.398	  7
    3942.562	  7
    3942.912	  7
    3943.036	  7
    3943.180	  7
    3943.326	  7
    3943.488	  7
    3943.620	  7
    3943.766	  7
    3943.902	  7
    3944.042	  7
    3944.184	  7
    3944.334	  7
    3944.470	  7
    3944.620	  7
    3944.772	  7
    3944.942	  7
    3945.060	  7
    3945.206	  7
    3945.352	  7
    3945.496	  7
    3945.638	  7
    3945.786	  7
    3945.930	  7
    3946.080	  7
    3946.228	  7
    3946.380	  7
    3946.510	  7
    3946.664	  7
    3946.802	  7
    3946.944	  7
    3947.096	  7
    3947.236	  7
    3947.378	  7
    3947.530	  7
    3947.672	  7
    3947.834	  7
    3947.962	  7
    3948.102	  7
    3948.250	  7
    3948.396	  7
    3948.550	  7
    3948.706	  7
    3948.848	  7
    3949.488	  7
    3949.614	  7
    3949.774	  7
    3950.656	  7
    3950.808	  7
    3950.998	  7
    3953.472	  8
    3953.472	 20
    3953.472	 27
    3953.482	 28
    3953.482	 19
    3953.582	 29
    3953.684	  8
    3953.750	  9
    3954.824	  8
    3973.602	 50
    3973.612	 17
    3996.166	  8
    3996.790	  8
    3999.732	  8
    4000.210	  8
    4001.000	  8
    4001.630	  8
    4002.418	  8
    4002.926	  8
    4003.250	  8
    4003.612	 53
    4003.786	  8
    4003.786	 20
    4003.786	 27
    4003.796	 28
    4003.796	 19
    4003.896	 29
    4004.308	  9
    4006.124	  8
    4023.916	 52
    4023.926	 18
    4067.932	  8
    4143.926	 53
    4143.936	 20
    4143.936	 27
    4163.956	 50
    4163.966	 17
    4183.914	  8
    4185.158	  8
    4185.500	  8
    4186.006	  8
    4186.698	  8
    4187.424	  8
    4187.458	  8
    4187.536	  8
    4187.988	  8
    4189.494	  8
    4189.792	  8
    4190.292	  8
    4190.794	  8
    4191.408	  8
    4192.056	  8
    4193.108	  8
    4193.752	  8
    4193.966	 53
    4194.810	  8
    4194.810	 20
    4194.810	 27
    4194.820	 28
    4194.820	 19
    4194.920	 29
    4195.054	  8
    4195.088	  9
    4195.962	  8
    4214.940	 52
    4214.950	 18
    4291.480	  8
    4291.680	  8
    4334.950	 53
    4334.960	 20
    4334.960	 27
    4348.680	  8
    4349.044	  8
    4354.980	 50
    4354.990	 17
    4360.900	  7
    4361.026	  7
    4361.188	  7
    4361.350	  7
    4361.540	  7
    4367.576	  8
    4367.858	  8
    4370.548	  8
    4371.950	  8
    4373.018	  8
    4374.434	  8
    4375.020	  8
    4375.584	  8
    4376.586	  8
    4377.504	  8
    4377.700	  8
    4379.076	  8
    4379.398	  8
    4380.044	  8
    4380.626	  8
    4382.244	  8
    4382.474	  8
    4383.568	  8
    4384.516	  8
    4384.990	 53
    4385.034	  8
    4385.034	 20
    4385.034	 27
    4385.044	 28
    4385.044	 19
    4385.144	 29
    4385.262	  8
    4385.312	  9
    4387.642	  8
    4388.004	  8
    4405.164	 50
    4405.174	 17
    4427.868	  8
    4428.658	  8
    4429.538	  8
    4430.934	  8
    4431.440	  8
    4431.982	  8
    4432.654	  8
    4433.444	  8
    4434.034	  8
    4434.714	  8
    4435.174	 53
    4435.272	  8
    4435.272	 20
    4435.272	 27
    4435.282	 28
    4435.282	 19
    4435.382	 29
    4435.550	  9
    4438.664	  8
    4438.736	  8
    4455.402	 51
    4455.412	 10
    4471.190	  7
    4473.856	  7
    4474.440	  7
    4475.266	  7
    4476.096	  7
    4476.642	  7
    4476.934	  7
    4477.102	  7
    4477.258	  7
    4477.470	  7
    4477.672	  7
    4477.870	  7
    4478.688	  7
    4478.920	  7
    4479.046	  7
    4479.160	  7
    4479.358	  7
    4479.522	  7
    4479.702	  7
    4479.828	  7
    4480.152	  7
    4480.310	  7
    4480.490	  7
    4480.656	  7
    4480.792	  7
    4480.958	  7
    4481.110	  7
    4481.274	  7
    4481.416	  7
    4481.566	  7
    4481.726	  7
    4481.892	  7
    4482.228	  7
    4482.378	  7
    4482.532	  7
    4482.706	  7
    4482.860	  7
    4483.018	  7
    4483.158	  7
    4483.314	  7
    4483.452	  7
    4483.604	  7
    4483.752	  7
    4483.902	  7
    4484.064	  7
    4484.210	  7
    4484.534	  7
    4485.016	  7
    4485.140	  7
    4485.280	  7
    4485.434	  7
    4486.856	  7
    4487.014	  7
    4487.172	  7
    4488.196	  7
    4488.334	  7
    4488.490	  7
    4488.658	  7
    4488.828	  7
    4488.996	  7
    4489.306	  7
    4489.606	  7
    4489.770	  7
    4490.244	  7
    4490.394	  7
    4490.550	  7
    4490.874	  7
    4491.282	  7
    4491.424	  7
    4491.582	  7
    4491.750	  7
    4491.902	  7
    4492.062	  7
    4492.236	  7
    4492.422	  7
    4492.566	  7
    4492.726	  7
    4492.872	  7
    4493.028	  7
    4493.170	  7
    4493.458	  7
    4493.620	  7
    4493.908	  7
    4501.028	  8
    4501.242	  8
    4501.666	  8
    4505.058	  8
    4505.206	  8
    4505.958	  8
    4507.836	  8
    4508.810	  8
    4509.668	  8
    4510.728	  8
    4511.342	  8
    4511.944	  8
    4512.330	  8
    4512.850	  8
    4513.020	  8
    4513.606	  8
    4514.672	  8
    4515.088	  8
    4515.412	 53
    4515.590	  8
    4515.590	 20
    4515.590	 27
    4515.600	 28
    4515.600	 19
    4515.700	 29
    4515.868	  9
    4535.720	 51
    4535.730	 10
    4595.730	 53
    4599.626	  8
    4599.626	 20
    4599.626	 27
    4599.636	 28
    4599.636	 19
    4599.736	 29
    4599.820	  8
    4599.904	  9
    4619.756	 52
    4619.766	 18
    4710.610	  8
    4739.766	 53
    4739.776	 20
    4739.776	 27
    4759.796	 52
    4759.806	 18
    4775.366	  8
    4775.556	  8
    4775.580	  8
    4796.284	  8
    4796.502	  8
    4806.442	  8
    4806.694	  8
    4807.348	  8
    4807.730	  8
    4808.858	  8
    4808.948	  8
    4809.062	  8
    4879.806	 53
    4879.816	 20
    4879.816	 27
    4891.368	  8
    4891.472	  8
    4891.510	  8
    4899.836	 52
    4899.846	 18
    4913.812	  8
    4914.164	  8
    4914.676	  8
    4946.170	  8
    4946.320	  8
    5009.152	  8
    5009.476	  8
    5019.846	 53
    5019.856	 20
    5019.856	 27
    5024.536	  8
    5024.790	  8
    5025.046	  8
    5036.798	  8
    5036.936	  8
    5037.556	  8
    5039.876	 52
    5039.886	 18
    5042.042	  8
    5042.690	  8
    5042.834	  8
    5049.458	  8
    5049.802	  8
    5050.260	  8
    5050.338	  8
    5062.710	  8
    5062.910	  8
    5080.860	  8
    5081.200	  8
    5095.682	  8
    5095.984	  8
    5159.886	 53
    5159.896	 20
    5159.896	 27
    5166.256	  8
    5179.916	 51
    5179.926	 10
    5191.110	  8
    5191.530	  8
    5192.306	  8
    5194.750	  8
    5195.242	  8
    5195.904	  8
    5196.376	  8
    5197.298	  8
    5197.910	  8
    5198.434	  8
    5198.912	  8
    5201.812	  8
    5202.014	  8
    5202.674	  8
    5202.932	  8
    5203.544	  8
    5203.994	  8
    5204.880	  8
    5205.416	  8
    5207.566	  8
    5207.800	  8
    5208.192	  8
    5208.730	  8
    5209.836	  8
    5210.406	  8
    5213.800	  8
    5214.214	  8
    5214.286	  8
    5214.726	  8
    5215.218	  8
    5215.992	  8
    5216.562	  8
    5217.520	  8
    5219.300	  8
    5219.800	  8
    5220.510	  8
    5221.910	  8
    5222.462	  8
    5223.038	  8
    5223.248	  8
    5223.670	  8
    5224.468	  8
    5225.246	  8
    5225.674	  8
    5226.778	  8
    5226.838	  8
    5227.374	  8
    5229.140	  8
    5229.730	  8
    5230.614	  8
    5230.788	  8
    5231.330	  8
    5231.890	  8
    5232.072	  8
    5232.462	  8
    5232.764	  8
    5233.226	  8
    5233.284	  8
    5233.944	  8
    5234.306	  8
    5235.046	  8
    5236.666	  8
    5236.884	  8
    5237.560	  8
    5238.268	  8
    5238.844	  8
    5239.342	  8
    5239.926	 53
    5241.860	  8
    5241.860	 20
    5241.860	 27
    5241.870	 28
    5241.870	 19
    5241.970	 29
    5242.134	  8
    5242.138	  9
    5244.030	  8
    5261.990	 52
    5262.000	 18
    5322.038	  7
    5322.284	  7
    5322.490	  7
    5322.638	  7
    5322.780	  7
    5322.926	  7
    5323.232	  7
    5323.402	  7
    5323.734	  7
    5323.872	  7
    5324.014	  7
    5324.218	  7
    5324.468	  7
    5324.654	  7
    5324.894	  7
    5325.432	  7
    5325.566	  7
    5325.726	  7
    5325.886	  7
    5326.044	  7
    5326.906	  7
    5327.390	  7
    5327.678	  7
    5327.862	  7
    5328.048	  7
    5328.236	  7
    5328.626	  7
    5329.250	  7
    5330.480	  7
    5330.644	  7
    5330.760	  7
    5330.912	  7
    5331.060	  7
    5331.212	  7
    5331.368	  7
    5331.524	  7
    5331.686	  7
    5332.010	  7
    5332.154	  7
    5332.304	  7
    5332.454	  7
    5332.600	  7
    5332.778	  7
    5332.910	  7
    5333.080	  7
    5333.374	  7
    5333.520	  7
    5333.682	  7
    5333.832	  7
    5333.978	  7
    5334.142	  7
    5334.302	  7
    5334.486	  7
    5334.626	  7
    5334.790	  7
    5334.952	  7
    5335.114	  7
    5335.274	  7
    5335.428	  7
    5335.584	  7
    5335.744	  7
    5335.900	  7
    5336.058	  7
    5336.224	  7
    5336.398	  7
    5336.526	  7
    5336.674	  7
    5336.828	  7
    5336.978	  7
    5337.130	  7
    5337.294	  7
    5337.442	  7
    5337.594	  7
    5337.750	  7
    5337.908	  7
    5338.066	  7
    5338.244	  7
    5338.398	  7
    5338.524	  7
    5338.674	  7
    5338.830	  7
    5338.978	  7
    5339.126	  7
    5339.288	  7
    5339.442	  7
    5339.602	  7
    5339.748	  7
    5339.908	  7
    5340.068	  7
    5340.228	  7
    5340.402	  7
    5340.542	  7
    5340.692	  7
    5340.858	  7
    5341.010	  7
    5341.168	  7
    5341.308	  7
    5341.460	  7
    5341.618	  7
    5341.782	  7
    5341.948	  7
    5342.090	  7
    5342.238	  7
    5342.388	  7
    5342.534	  7
    5342.676	  7
    5342.832	  7
    5342.976	  7
    5343.134	  7
    5343.292	  7
    5343.454	  7
    5343.622	  7
    5343.768	  7
    5343.940	  7
    5344.082	  7
    5344.240	  7
    5344.428	  7
    5344.570	  7
    5344.726	  7
    5345.024	  7
    5345.156	  7
    5345.324	  7
    5345.478	  7
    5345.632	  7
    5345.782	  7
    5345.932	  7
    5346.076	  7
    5346.220	  7
    5346.382	  7
    5346.532	  7
    5346.690	  7
    5346.858	  7
    5346.998	  7
    5347.148	  7
    5347.292	  7
    5347.448	  7
    5347.596	  7
    5347.748	  7
    5347.894	  7
    5348.036	  7
    5348.188	  7
    5348.358	  7
    5348.522	  7
    5348.674	  7
    5348.816	  7
    5348.968	  7
    5349.110	  7
    5349.252	  7
    5349.406	  7
    5349.544	  7
    5349.684	  7
    5349.840	  7
    5350.022	  7
    5350.154	  7
    5350.316	  7
    5350.472	  7
    5350.604	  7
    5350.750	  7
    5350.900	  7
    5351.046	  7
    5351.190	  7
    5351.334	  7
    5351.490	  7
    5351.612	  7
    5351.760	  7
    5351.908	  7
    5352.066	  7
    5352.208	  7
    5352.384	  7
    5352.544	  7
    5352.900	  7
    5353.052	  7
    5353.218	  7
    5353.526	  7
    5353.672	  7
    5353.812	  7
    5353.958	  7
    5354.100	  7
    5354.242	  7
    5354.390	  7
    5354.536	  7
    5354.680	  7
    5354.826	  7
    5355.398	  7
    5355.534	  7
    5355.664	  7
    5355.806	  7
    5355.954	  7
    5356.100	  7
    5356.376	  7
    5356.530	  7
    5356.674	  7
    5356.842	  7
    5356.986	  7
    5357.132	  7
    5357.314	  7
    5357.496	  7
    5357.646	  7
    5357.810	  7
    5357.954	  7
    5358.240	  7
    5358.380	  7
    5358.546	  7
    5358.698	  7
    5358.844	  7
    5359.012	  7
    5359.140	  7
    5359.292	  7
    5359.448	  7
    5359.604	  7
    5359.746	  7
    5359.890	  7
    5360.038	  7
    5360.186	  7
    5360.338	  7
    5360.488	  7
    5360.630	  7
    5360.788	  7
    5361.076	  7
    5361.214	  7
    5361.368	  7
    5361.520	  7
    5361.660	  7
    5361.818	  7
    5361.966	  7
    5362.122	  7
    5362.266	  7
    5362.424	  7
    5362.580	  7
    5362.744	  7
    5362.888	  7
    5363.054	  7
    5363.184	  7
    5363.326	  7
    5363.468	  7
    5363.620	  7
    5363.780	  7
    5363.918	  7
    5364.064	  7
    5364.212	  7
    5364.366	  7
    5364.532	  7
    5364.666	  7
    5364.822	  7
    5364.986	  7
    5365.424	  7
    5365.550	  7
    5365.688	  7
    5366.042	  7
    5366.176	  7
    5366.330	  7
    5366.606	  7
    5366.746	  7
    5366.904	  7
    5367.080	  7
    5367.216	  7
    5367.374	  7
    5367.530	  7
    5367.674	  7
    5367.826	  7
    5367.978	  7
    5368.132	  7
    5368.276	  7
    5368.418	  7
    5368.584	  7
    5368.720	  7
    5368.872	  7
    5369.028	  7
    5369.194	  7
    5369.328	  7
    5369.476	  7
    5369.620	  7
    5369.772	  7
    5369.918	  7
    5370.066	  7
    5370.210	  7
    5370.360	  7
    5370.518	  7
    5370.676	  7
    5370.820	  7
    5370.966	  7
    5371.120	  7
    5371.260	  7
    5371.414	  7
    5371.572	  7
    5371.740	  7
    5372.054	  7
    5372.204	  7
    5372.360	  7
    5382.000	 53
    5382.010	 20
    5382.010	 27
    5402.030	 51
    5402.040	 10
    5419.494	  8
    5419.646	  8
    5419.950	  8
    5420.044	  8
    5421.860	  8
    5422.088	  8
    5422.498	  8
    5431.250	  8
    5431.450	  8
    5431.852	  8
    5432.286	  8
    5433.252	  8
    5433.478	  8
    5434.688	  8
    5435.070	  8
    5436.254	  8
    5436.546	  8
    5436.946	  8
    5437.020	  8
    5439.200	  8
    5439.858	  8
    5440.264	  8
    5440.720	  8
    5441.612	  8
    5442.238	  8
    5444.116	  8
    5444.570	  8
    5445.094	  8
    5446.146	  8
    5447.810	  8
    5447.894	  8
    5448.088	  8
    5448.680	  8
    5451.990	  8
    5452.164	  8
    5452.516	  8
    5453.020	  8
    5453.066	  8
    5453.616	  8
    5453.648	  8
    5453.836	  8
    5454.426	  8
    5455.240	  8
    5456.254	  8
    5457.658	  8
    5458.828	  8
    5459.584	  8
    5460.860	  8
    5461.358	  8
    5461.740	  8
    5462.040	 53
    5462.138	  8
    5462.138	 20
    5462.138	 27
    5462.148	 28
    5462.148	 19
    5462.248	 29
    5462.416	  9
    5463.828	  8
    5482.268	 52
    5482.278	 18
    5531.048	  8
    5539.390	  8
    5602.278	 53
    5602.288	 20
    5602.288	 27
    5622.308	 52
    5622.318	 18
    5640.984	  7
    5642.384	  7
    5642.720	  7
    5642.952	  7
    5643.152	  7
    5643.348	  7
    5645.544	  7
    5645.714	  7
    5645.866	  7
    5646.038	  7
    5646.206	  7
    5646.396	  7
    5646.586	  7
    5646.760	  7
    5647.166	  7
    5647.338	  7
    5647.514	  7
    5647.696	  7
    5647.872	  7
    5648.052	  7
    5648.258	  7
    5648.438	  7
    5648.852	  7
    5649.012	  7
    5649.198	  7
    5649.398	  7
    5649.572	  7
    5649.834	  7
    5649.990	  7
    5650.192	  7
    5650.364	  7
    5650.728	  7
    5738.574	  8
    5738.786	  8
    5740.038	  8
    5742.318	 53
    5742.328	 20
    5742.328	 27
    5762.348	 51
    5762.358	 10
    5763.816	  8
    5764.040	  8
    5771.172	  8
    5771.506	  8
    5783.850	  8
    5793.156	  8
    5793.366	  8
    5793.408	  8
    5794.312	  8
    5804.692	  8
    5804.882	  8
    5805.644	  8
    5806.294	  8
    5806.588	  8
    5812.436	  8
    5812.448	  8
    5812.660	  8
    5813.114	  8
    5813.644	  8
    5818.854	  8
    5819.048	  8
    5819.406	  8
    5820.094	  8
    5820.374	  8
    5821.292	  8
    5821.412	  8
    5822.358	 53
    5824.176	  8
    5824.176	 20
    5824.176	 27
    5824.186	 28
    5824.186	 19
    5824.286	 29
    5824.296	 61
