     977.066	  8
     977.674	  8
     978.010	  8
     985.150	  8
     995.944	  5
    1011.614	  5
    1017.320	  7
    1017.454	  7
    1018.088	  7
    1020.482	  8
    1020.814	  8
    1021.436	  8
    1021.790	  8
    1022.400	  8
    1023.644	  8
    1023.920	  8
    1024.684	  8
    1024.844	  8
    1025.210	  8
    1025.396	  8
    1025.902	  8
    1026.254	  8
    1027.540	  8
    1030.654	  8
    1031.162	  8
    1031.458	  8
    1032.426	  8
    1032.550	  8
    1033.158	  8
    1034.308	  8
    1034.690	  8
    1035.088	  8
    1035.392	  8
    1035.650	  8
       0.810	  8
       1.300	  8
       1.376	  8
       1.604	  8
       1.792	  8
       2.134	  8
       3.632	  8
       5.700	  8
       5.952	  8
       6.208	  8
       6.750	  8
       7.056	  8
       7.426	  8
       8.956	  8
       9.134	  8
      11.900	  8
      12.432	  8
      12.840	  8
      12.924	  8
      13.918	  8
      15.302	  8
      16.198	  8
      17.262	  8
      17.564	  8
      17.862	  8
      18.036	  8
      20.010	 51
      20.020	 18
      34.996	  8
      52.958	  8
      53.282	  8
      71.902	  8
      72.152	  8
      72.614	  8
      72.980	  8
      73.668	  8
      73.918	  8
      74.566	  8
      74.732	  8
      75.274	  8
      75.638	  8
      76.384	  8
      80.020	 53
      87.724	  8
      87.724	 20
      87.724	 27
      87.734	 28
      87.734	 19
      87.834	 29
      87.998	  8
     107.854	 52
     107.864	 10
     140.320	  8
     199.848	  8
     200.230	  8
     200.922	  8
     201.566	  8
     206.870	  8
     207.478	  8
     207.872	  8
     208.434	  8
     218.834	  8
     219.056	  8
     219.414	  8
     220.238	  8
     221.076	  8
     221.336	  8
     221.798	  8
     222.162	  8
     223.064	  8
     223.662	  8
     223.980	  8
     224.756	  8
     224.912	  8
     225.160	  8
     227.864	 53
     227.874	 20
     227.874	 27
     247.894	 52
     247.904	 10
     266.150	  8
     266.478	  8
     287.576	  8
     287.942	  8
     288.230	  8
     289.158	  8
     289.998	  8
     290.546	  8
     291.058	  8
     291.194	  8
     291.342	  8
     291.848	  8
     292.736	  8
     292.980	  8
     293.640	  8
     295.020	  8
     295.682	  8
     295.822	  8
     296.362	  8
     296.656	  8
     297.078	  8
     297.598	  8
     298.216	  8
     299.058	  8
     299.222	  8
     303.188	  8
     303.440	  8
     304.524	  8
     305.356	  8
     305.704	  8
     306.488	  8
     306.772	  8
     307.450	  8
     307.920	  8
     308.352	  8
     308.858	  8
     309.210	  8
     309.606	  8
     309.786	  8
     310.112	  8
     310.340	  8
     310.720	  8
     311.178	  8
     313.264	  8
     313.588	  8
     314.022	  8
     314.622	  8
     316.702	  8
     317.514	  8
     318.112	  8
     319.126	  8
     319.676	  8
     320.054	  8
     320.410	  8
     321.270	  8
     321.512	  8
     322.088	  8
     323.566	  8
     324.150	  8
     324.420	  8
     327.394	  8
     327.640	  8
     328.174	  8
     328.472	  8
     329.130	  8
     329.372	  8
     330.226	  8
     330.884	  8
     331.158	  8
     331.646	  8
     332.498	  8
     333.188	  8
     334.344	  8
     334.632	  8
     335.110	  8
     335.624	  8
     336.402	  8
     337.020	  8
     337.518	  8
     337.886	  8
     338.268	  8
     339.034	  8
     339.384	  8
     340.848	  8
     341.360	  8
     342.408	  8
     343.428	  8
     343.762	  8
     344.274	  8
     345.138	  8
     345.434	  8
     345.812	  8
     346.370	  8
     346.584	  8
     347.206	  8
     347.586	  8
     347.902	  8
     348.206	  8
     348.430	  8
     349.438	  8
     349.902	  8
     350.332	  8
     350.646	  8
     351.324	  8
     352.072	  8
     355.130	  8
     355.264	  8
     356.020	  8
     356.920	  8
     357.304	  8
     358.664	  8
     360.272	  8
     360.532	  8
     360.840	  8
     361.324	  8
     361.710	  8
     361.906	  8
     362.190	  8
     362.486	  8
     362.646	  8
     362.974	  8
     363.200	  8
     363.416	  8
     364.050	  8
     364.448	  8
     365.008	  8
     367.904	 53
     367.914	 20
     367.914	 27
     380.150	  7
     380.322	  7
     380.640	  7
     380.792	  7
     381.026	  7
     381.554	  7
     382.086	  7
     382.232	  7
     382.604	  7
     382.934	  7
     386.124	  7
     386.252	  7
     386.396	  7
     386.576	  7
     386.920	  7
     387.084	  7
     387.436	  7
     387.934	 52
     387.944	 10
     394.004	  8
     459.696	  8
     460.114	  8
     460.670	  8
     461.298	  8
     461.936	  8
     462.272	  8
     462.630	  8
     463.160	  8
     463.334	  8
     464.102	  8
     464.994	  8
     465.444	  8
     468.642	  8
     469.282	  8
     473.656	  8
     473.904	  8
     474.550	  8
     475.158	  8
     479.096	  8
     479.946	  8
     487.758	  8
     488.702	  8
     489.110	  8
     489.566	  8
     489.964	  8
     490.258	  8
     490.786	  8
     491.064	  8
     491.236	  8
     491.492	  8
     491.628	  8
     495.586	  8
     496.364	  8
     497.976	  8
     498.786	  8
     499.106	  8
     499.830	  8
     500.770	  8
     501.046	  8
     501.954	  8
     502.442	  8
     502.800	  8
     503.900	  8
     504.022	  8
     504.308	  8
     505.198	  8
     505.582	  8
     507.050	  8
     507.274	  8
     507.810	  8
     507.942	  8
     507.944	 53
     507.954	 20
     507.954	 27
     508.232	  8
     509.724	  8
     510.000	  8
     512.086	  8
     527.974	 51
     527.984	 18
     579.780	  8
     579.968	  8
     580.360	  8
     580.632	  8
     580.808	  8
     581.360	  8
     581.872	  8
     582.688	  8
     582.772	  8
     583.120	  8
     583.346	  8
     583.718	  8
     584.028	  8
     584.396	  8
     584.934	  8
     585.590	  8
     585.872	  8
     586.380	  8
     586.554	  8
     586.868	  8
     587.718	  8
     587.878	  8
     587.984	 53
     588.688	  8
     588.688	 20
     588.688	 27
     588.698	 28
     588.698	 19
     588.798	 29
     588.848	  8
     588.962	  9
     608.818	 51
     608.828	 18
     609.840	  7
     610.544	  7
     622.124	  8
     652.542	  8
     653.098	  8
     653.536	  8
     654.594	  8
     655.088	  8
     655.592	  8
     655.980	  8
     656.910	  8
     658.626	  8
     659.562	  8
     659.844	  8
     660.752	  8
     661.542	  8
     661.654	  8
     662.152	  8
     662.370	  8
     662.774	  8
     663.016	  8
     664.336	  8
     664.548	  8
     665.106	  8
     665.694	  8
     667.444	  8
     668.828	 53
     668.902	  8
     668.902	 20
     668.902	 27
     668.912	 28
     668.912	 19
     668.974	  8
     669.012	 29
     669.176	  9
     687.316	  8
     689.032	 52
     689.042	 10
     724.136	  8
     724.918	  8
     725.302	  8
     725.788	  8
     726.918	  8
     727.254	  8
     728.332	  8
     728.808	  8
     729.484	  8
     730.746	  8
     731.628	  8
     732.316	  8
     732.608	  8
     733.230	  8
     733.604	  8
     734.030	  8
     735.298	  8
     735.438	  8
     735.822	  8
     737.688	  8
     738.036	  8
     738.846	  8
     739.204	  8
     739.912	  8
     740.832	  8
     742.352	  8
     743.144	  8
     743.436	  8
     745.646	  8
     746.204	  8
     747.154	  8
     747.790	  8
     748.128	  8
     748.208	  8
     748.710	  8
     749.632	  8
     749.790	  8
     750.324	  8
     750.658	  8
     751.236	  8
     751.300	  8
     751.776	  8
     752.068	  8
     752.454	  8
     753.434	  8
     753.854	  8
     754.148	  8
     754.374	  8
     754.422	  8
     756.096	  8
     756.492	  8
     756.952	  8
     757.438	  8
     758.394	  8
     758.474	  8
     758.812	  8
     759.192	  8
     759.446	  8
     759.796	  8
     761.298	  8
     761.454	  8
     761.696	  8
     762.050	  8
     762.386	  8
     763.178	  8
     763.424	  8
     764.102	  8
     764.634	  8
     764.884	  8
     765.306	  8
     766.726	  8
     768.394	  8
     768.980	  8
     769.426	  8
     770.284	  8
     771.032	  8
     771.644	  8
     772.482	  8
     773.184	  8
     773.748	  8
     774.176	  8
     774.446	  8
     774.628	  8
     775.012	  8
     775.384	  8
     776.030	  8
     778.256	  8
     778.914	  8
     779.846	  8
     780.106	  8
     780.674	  8
     782.258	  8
     783.262	  8
     783.686	  8
     784.886	  8
     785.444	  8
     786.636	  8
     788.340	  8
     789.012	  8
     789.102	  8
     789.648	  8
     789.860	  8
     790.942	  8
     797.342	  8
     797.514	  8
     798.198	  8
     798.562	  8
     798.972	  8
     802.314	  8
     802.838	  8
     803.366	  8
     803.588	  8
     804.022	  8
     804.602	  8
     804.992	  8
     805.406	  8
     805.778	  8
     809.042	 53
     809.052	 20
     809.052	 27
     817.528	  8
     818.002	  8
     818.212	  8
     829.072	 52
     829.082	 10
     889.426	  8
     889.796	  8
     890.478	  8
     890.844	  8
     891.472	  8
     892.042	  8
     892.882	  8
     893.522	  8
     894.136	  8
     894.350	  8
     894.410	  8
     894.878	  8
     895.166	  8
     895.602	  8
     896.436	  8
     896.492	  8
     896.792	  8
     897.488	  8
     897.922	  8
     898.812	  8
     899.226	  8
     901.460	  8
     901.692	  8
     902.392	  8
     903.100	  8
     903.592	  8
     949.082	 53
     949.092	 20
     949.092	 27
     960.990	  8
     961.902	  8
     962.584	  8
     962.864	  8
     963.826	  8
     965.608	  8
     965.928	  8
     967.844	  8
     968.260	  8
     968.880	  8
     969.112	 51
     969.122	 18
     979.138	  8
     980.136	  8
     980.650	  8
     982.392	  8
     983.422	  8
     984.696	  8
     985.286	  8
     986.158	  8
     986.690	  8
     987.498	  8
     988.858	  8
     989.060	  8
     989.398	  8
     990.874	  8
     991.780	  8
     992.076	  8
     992.776	  8
     992.874	  8
     993.214	  8
     993.748	  8
     994.236	  8
     994.384	  8
     994.842	  8
     995.588	  8
     995.900	  8
     996.742	  8
     996.922	  8
     997.170	  8
     997.638	  8
     998.068	  8
     998.912	  8
     999.442	  8
     999.834	  8
    1000.154	  8
    1000.596	  8
    1000.892	  8
    1001.778	  8
    1002.106	  8
    1003.300	  8
    1005.568	  8
    1006.860	  8
    1007.620	  8
    1008.388	  8
    1008.904	  8
    1009.346	  8
    1009.940	  8
    1012.638	  8
    1012.924	  8
    1013.066	  8
    1013.726	  8
    1014.108	  8
    1014.618	  8
    1015.028	  8
    1015.724	  8
    1016.524	  8
    1018.096	  8
    1018.392	  8
    1019.002	  8
    1019.550	  8
    1019.694	  8
    1020.032	  8
    1020.480	  8
    1020.940	  8
    1021.580	  8
    1023.262	  8
    1023.724	  8
    1024.460	  8
    1025.752	  8
    1025.796	  8
    1026.424	  8
    1026.916	  8
    1027.216	  8
    1027.382	  8
    1027.830	  8
    1028.030	  8
    1028.622	  8
    1029.122	 53
    1029.254	  8
    1029.254	 20
    1029.254	 27
    1029.264	 28
    1029.264	 19
    1029.364	 29
    1029.528	  9
    1032.712	  8
    1049.384	 52
    1049.394	 10
    1118.382	  8
    1152.594	  8
    1154.132	  8
    1154.658	  8
    1159.984	  8
    1160.226	  8
    1169.394	 53
    1169.404	 20
    1169.404	 27
    1176.366	  5
    1189.424	 51
    1189.434	 18
    1192.948	  8
    1193.444	  8
    1194.096	  8
    1194.464	  8
    1197.018	  8
    1200.920	  8
    1201.836	  8
    1202.316	  8
    1202.934	  8
    1206.714	  8
    1206.822	  8
    1207.942	  8
    1208.860	  8
    1212.556	  8
    1213.146	  8
    1214.562	  8
    1214.978	  8
    1215.044	  8
    1215.706	  8
    1216.490	  8
    1216.956	  8
    1217.970	  8
    1218.702	  8
    1218.852	  8
    1219.000	  8
    1219.146	  8
    1219.798	  8
    1221.304	  8
    1239.240	  8
    1239.498	  8
    1240.444	  8
    1240.852	  8
    1241.078	  8
    1241.964	  8
    1242.582	  8
    1243.076	  8
    1243.948	  8
    1244.396	  8
    1244.852	  8
    1245.386	  8
    1245.908	  8
    1246.016	  8
    1246.714	  8
    1247.952	  8
    1248.994	  8
    1249.434	 53
    1249.992	  8
    1249.992	 20
    1249.992	 27
    1250.002	 28
    1250.002	 19
    1250.102	 29
    1250.266	  9
    1250.274	  8
    1270.122	 52
    1270.132	 10
    1364.294	  8
    1364.556	  8
    1364.718	  8
    1365.104	  8
    1368.702	  8
    1369.668	  8
    1370.404	  8
    1378.086	  8
    1378.326	  8
    1378.736	  8
    1379.358	  8
    1380.670	  8
    1382.342	  8
    1382.834	  8
    1385.006	  8
    1385.336	  8
    1385.384	  8
    1386.160	  8
    1386.728	  8
    1387.144	  8
    1389.176	  8
    1389.632	  8
    1390.008	  8
    1390.074	  8
    1390.132	 53
    1390.142	 20
    1390.142	 27
    1390.356	  8
    1391.714	  8
    1393.972	  8
    1410.162	 50
    1410.172	 17
    1425.736	  8
    1426.406	  8
    1426.762	  8
    1428.112	  8
    1428.700	  8
    1429.264	  8
    1429.484	  8
    1429.930	  8
    1430.266	  8
    1430.690	  8
    1431.296	  8
    1431.524	  8
    1431.788	  8
    1432.368	  8
    1432.562	  8
    1432.992	  8
    1433.934	  8
    1434.212	  8
    1434.810	  8
    1435.102	  8
    1435.376	  8
    1436.700	  8
    1437.688	  8
    1438.084	  8
    1438.648	  8
    1438.746	  8
    1438.912	  8
    1439.434	  8
    1439.846	  8
    1440.172	 53
    1440.920	  8
    1440.920	 20
    1440.920	 27
    1440.930	 28
    1440.930	 19
    1441.030	 29
    1441.142	  8
    1441.194	  9
    1461.050	 50
    1461.060	 17
    1463.104	  7
    1463.902	  7
    1464.438	  7
    1467.916	  7
    1468.352	  7
    1473.892	  7
    1474.130	  7
    1474.262	  7
    1480.912	  7
    1481.036	  7
    1481.492	  7
    1481.610	  7
    1489.528	  8
    1489.744	  8
    1490.522	  8
    1490.822	  8
    1490.916	  8
    1491.060	 53
    1491.350	  8
    1491.350	 20
    1491.350	 27
    1491.360	 28
    1491.360	 19
    1491.460	 29
    1491.578	  8
    1491.624	  9
    1504.554	  8
    1508.282	  7
    1509.128	  7
    1510.040	  7
    1511.480	 51
    1511.490	 18
    1514.768	  7
    1514.992	  7
    1515.594	  7
    1516.778	  7
    1524.296	  7
    1524.614	  7
    1525.526	  7
    1526.284	  7
    1527.074	  7
    1528.236	  7
    1528.506	  7
    1528.666	  7
    1528.864	  7
    1538.482	  8
    1538.814	  8
    1539.162	  8
    1539.672	  8
    1540.916	  8
    1541.288	  8
    1541.458	  8
    1542.184	  8
    1542.318	  8
    1543.168	  8
    1543.592	  8
    1543.692	  8
    1546.506	  8
    1547.542	  8
    1548.098	  8
    1549.856	  8
    1551.322	  8
    1551.936	  8
    1553.638	  8
    1553.988	  8
    1554.304	  8
    1555.430	  8
    1555.924	  8
    1556.284	  8
    1556.910	  8
    1556.970	  8
    1557.638	  8
    1558.104	  8
    1558.618	  8
    1558.920	  8
    1560.384	  8
    1561.588	  8
    1562.260	  8
    1562.518	  8
    1562.932	  8
    1562.984	  8
    1563.398	  8
    1563.676	  8
    1566.140	  8
    1567.130	  8
    1567.208	  8
    1568.058	  8
    1568.284	  8
    1568.676	  8
    1571.482	  8
    1571.490	 53
    1572.048	  8
    1572.048	 20
    1572.048	 27
    1572.058	 28
    1572.058	 19
    1572.158	 29
    1572.322	  9
    1572.324	  8
    1575.604	  8
    1578.186	  8
    1592.178	 50
    1592.188	 17
    1596.252	  7
    1596.658	  7
    1597.250	  7
    1598.168	  7
    1604.892	  7
    1611.102	  8
    1611.374	  8
    1611.614	  8
    1612.126	  8
    1612.664	  8
    1612.954	  8
    1613.252	  8
    1613.336	  8
    1613.500	  8
    1613.944	  8
    1614.208	  8
    1614.246	  8
    1614.552	  8
    1615.128	  8
    1615.942	  8
    1616.488	  8
    1616.884	  8
    1617.880	  8
    1618.214	  8
    1618.476	  8
    1618.870	  8
    1619.080	  8
    1620.472	  8
    1620.814	  8
    1621.330	  8
    1621.604	  8
    1621.696	  8
    1622.050	  8
    1622.188	 53
    1622.478	  8
    1622.478	 20
    1622.478	 27
    1622.488	 28
    1622.488	 19
    1622.588	 29
    1622.702	  8
    1622.752	  9
    1623.754	  8
    1628.632	  8
    1628.970	  8
    1637.942	  7
    1638.304	  7
    1638.568	  7
    1638.910	  7
    1639.124	  7
    1640.438	  7
    1642.108	  7
    1642.608	 50
    1642.618	 17
    1643.480	  7
    1645.478	  7
    1650.260	  7
    1650.728	  7
    1651.868	  7
    1658.430	  7
    1660.112	  7
    1660.538	  7
    1666.448	  8
    1666.790	  8
    1667.682	  8
    1668.010	  8
    1668.418	  8
    1669.216	  8
    1669.432	  8
    1669.816	  8
    1670.424	  8
    1670.674	  8
    1670.734	  8
    1671.412	  8
    1672.162	  8
    1672.618	 53
    1672.844	  8
    1672.844	 20
    1672.844	 27
    1672.854	 28
    1672.854	 19
    1672.954	 29
    1673.118	  9
    1673.122	  8
    1690.056	  7
    1692.974	 52
    1692.984	 10
    1770.706	  8
    1771.298	  8
    1771.770	  8
    1772.376	  8
    1772.752	  8
    1773.278	  8
    1773.956	  8
    1774.542	  8
    1774.874	  8
    1775.756	  8
    1776.730	  8
    1777.066	  8
    1777.876	  8
    1778.848	  8
    1779.744	  8
    1780.240	  8
    1780.790	  8
    1781.166	  8
    1781.492	  8
    1782.134	  8
    1783.654	  8
    1784.192	  8
    1784.932	  8
    1785.622	  8
    1786.424	  8
    1787.714	  8
    1787.972	  8
    1790.440	  8
    1790.700	  8
    1791.266	  8
    1791.602	  8
    1791.732	  8
    1792.578	  8
    1792.840	  8
    1793.434	  8
    1794.148	  8
    1794.674	  8
    1794.878	  8
    1795.174	  8
    1796.314	  8
    1796.580	  8
    1798.582	  8
    1799.080	  8
    1802.614	  8
    1803.128	  8
    1803.620	  8
    1803.984	  8
    1804.444	  8
    1805.014	  8
    1805.300	  8
    1806.462	  8
    1807.000	  8
    1807.190	  8
    1807.470	  8
    1807.712	  8
    1808.168	  8
    1808.546	  8
    1809.062	  8
    1809.310	  8
    1810.212	  8
    1810.768	  8
    1810.872	  8
    1811.254	  8
    1812.126	  8
    1812.726	  8
    1812.984	 53
    1812.994	 20
    1812.994	 27
    1813.248	  8
    1815.222	  8
    1833.014	 51
    1833.024	 18
    1845.734	  8
    1846.340	  8
    1847.084	  8
    1847.608	  8
    1848.054	  8
    1856.814	  8
    1857.572	  8
    1866.114	  8
    1866.584	  8
    1866.782	  8
    1867.202	  8
    1869.608	  8
    1869.820	  8
    1870.680	  8
    1870.950	  8
    1871.232	  8
    1872.014	  8
    1872.220	  8
    1872.902	  8
    1873.230	  8
    1873.680	  8
    1874.472	  8
    1874.856	  8
    1875.290	  8
    1875.482	  8
    1875.584	  8
    1875.972	  8
    1876.280	  8
    1876.450	  8
    1876.558	  8
    1877.174	  8
    1877.268	  8
    1877.586	  8
    1877.984	  8
    1878.140	  8
    1879.098	  8
    1885.234	  8
    1886.900	  8
    1887.592	  8
    1888.354	  8
    1889.652	  8
    1891.040	  8
    1892.974	  8
    1893.024	 53
    1893.660	  8
    1893.660	 20
    1893.660	 27
    1893.670	 28
    1893.670	 19
    1893.770	 29
    1893.934	  9
    1895.694	  8
    1913.790	 50
    1913.800	 17
    1933.046	  8
    1933.420	  8
    1933.588	  8
    1934.438	  8
    1934.822	  8
    1935.236	  8
    1935.644	  8
    1936.070	  8
    1936.270	  8
    1936.920	  8
    1938.480	  8
    1938.704	  8
    1939.174	  8
    1939.902	  8
    1940.170	  8
    1940.508	  8
    1940.902	  8
    1941.610	  8
    1941.896	  8
    1942.268	  8
    1942.416	  8
    1943.152	  8
    1943.368	  8
    1943.592	  8
    1943.800	 53
    1943.836	  8
    1943.836	 20
    1943.836	 27
    1943.846	 28
    1943.846	 19
    1943.946	 29
    1944.070	  8
    1944.110	  9
    1963.966	 52
    1963.976	 10
    2005.832	  8
    2006.236	  8
    2010.114	  8
    2010.494	  8
    2010.884	  8
    2011.466	  8
    2012.128	  8
    2012.198	  8
    2017.192	  8
    2017.724	  8
    2024.796	  8
    2026.086	  8
    2030.164	  8
    2031.396	  8
    2031.878	  8
    2032.472	  8
    2033.208	  8
    2037.220	  8
    2037.536	  8
    2038.340	  8
    2039.792	  8
    2040.348	  8
    2047.020	  8
    2047.596	  8
    2047.856	  8
    2048.260	  8
    2048.736	  8
    2049.414	  8
    2049.840	  8
    2050.708	  8
    2051.682	  8
    2051.744	  8
    2053.082	  8
    2053.480	  8
    2055.150	  8
    2056.162	  8
    2056.470	  8
    2057.378	  8
    2058.620	  8
    2059.384	  8
    2059.782	  8
    2060.938	  8
    2061.796	  8
    2062.314	  8
    2063.924	  8
    2064.914	  8
    2065.474	  8
    2066.140	  8
    2066.786	  8
    2067.852	  8
    2068.792	  8
    2069.984	  8
    2070.244	  8
    2071.028	  8
    2071.288	  8
    2072.528	  8
    2072.652	  8
    2072.882	  8
    2073.376	  8
    2073.902	  8
    2074.300	  8
    2074.664	  8
    2075.462	  8
    2075.824	  8
    2076.156	  8
    2076.460	  8
    2078.118	  8
    2078.742	  8
    2079.106	  8
    2079.554	  8
    2080.690	  8
    2080.938	  8
    2081.298	  8
    2082.794	  8
    2083.976	 53
    2083.986	 20
    2083.986	 27
    2084.022	  8
    2084.262	  8
    2086.530	  8
    2086.648	  8
    2104.006	 51
    2104.016	 18
    2121.424	  8
    2121.866	  8
    2124.348	  8
    2126.940	  8
    2128.514	  8
    2129.792	  8
    2131.074	  8
    2131.670	  8
    2132.736	  8
    2136.572	  8
    2139.648	  8
    2140.350	  8
    2140.550	  8
    2141.386	  8
    2141.458	  8
    2146.028	  8
    2147.384	  8
    2148.174	  8
    2150.500	  8
    2151.164	  8
    2152.912	  8
    2153.052	  8
    2156.300	  8
    2157.148	  8
    2159.994	  8
    2163.340	  8
    2164.016	 53
    2164.460	  8
    2164.460	 20
    2164.460	 27
    2164.470	 28
    2164.470	 19
    2164.570	 29
    2164.648	  8
    2164.734	  9
    2165.810	  8
    2184.590	 52
    2184.600	 10
    2199.692	  7
    2200.026	  7
    2200.392	  7
    2200.840	  7
    2201.030	  7
    2201.180	  7
    2204.108	  8
    2233.036	  7
    2238.198	  8
    2304.600	 53
    2304.610	 20
    2304.610	 27
    2324.630	 52
    2324.640	 10
    2327.982	  8
    2328.104	  8
    2328.510	  8
    2329.180	  8
    2329.714	  8
    2331.186	  8
    2331.768	  8
    2332.274	  8
    2332.892	  8
    2333.510	  8
    2335.680	  8
    2335.946	  8
    2336.212	  8
    2336.964	  8
    2337.590	  8
    2338.020	  8
    2338.750	  8
    2339.362	  8
    2340.020	  8
    2340.696	  8
    2341.116	  8
    2341.702	  8
    2342.918	  8
    2343.470	  8
    2344.194	  8
    2344.592	  8
    2345.550	  8
    2345.778	  8
    2347.788	  8
    2348.378	  8
    2348.720	  8
    2349.336	  8
    2349.702	  8
    2350.006	  8
    2352.118	  8
    2352.224	  8
    2353.268	  8
    2353.848	  8
    2354.818	  8
    2355.130	  8
    2355.808	  8
    2356.116	  8
    2356.556	  8
    2356.832	  8
    2358.562	  8
    2359.006	  8
    2359.594	  8
    2360.142	  8
    2360.418	  8
    2360.776	  8
    2361.054	  8
    2361.244	  8
    2361.704	  8
    2361.928	  8
    2363.146	  8
    2363.844	  8
    2364.560	  8
    2364.910	  8
    2365.620	  8
    2366.620	  8
    2366.742	  8
    2367.138	  8
    2369.116	  8
    2369.454	  8
    2369.530	  8
    2369.804	  8
    2370.138	  8
    2371.246	  8
    2373.708	  8
    2374.114	  8
    2374.764	  8
    2375.088	  8
    2375.880	  8
    2376.276	  8
    2376.772	  8
    2377.064	  8
    2377.888	  8
    2378.798	  8
    2379.108	  8
    2379.444	  8
    2380.280	  8
    2381.350	  8
    2381.656	  8
    2381.874	  8
    2383.902	  8
    2384.660	  8
    2385.252	  8
    2385.650	  8
    2386.136	  8
    2386.474	  8
    2387.270	  8
    2387.338	  8
    2387.696	  8
    2389.168	  8
    2389.284	  8
    2389.804	  8
    2390.368	  8
    2390.848	  8
    2391.020	  8
    2395.306	  8
    2395.770	  8
    2396.218	  8
    2396.580	  8
    2397.168	  8
    2397.508	  8
    2397.924	  8
    2398.472	  8
    2399.004	  8
    2399.596	  8
    2399.850	  8
    2400.208	  8
    2400.798	  8
    2401.040	  8
    2401.414	  8
    2401.734	  8
    2401.980	  8
    2402.452	  8
    2403.492	  8
    2403.972	  8
    2404.120	  8
    2404.444	  8
    2405.906	  8
    2406.578	  8
    2407.262	  8
    2407.698	  8
    2408.286	  8
    2408.638	  8
    2409.280	  8
    2409.750	  8
    2409.854	  8
    2410.150	  8
    2410.532	  8
    2410.724	  8
    2411.172	  8
    2411.768	  8
    2411.924	  8
    2412.164	  8
    2412.608	  8
    2412.812	  8
    2413.810	  8
    2414.622	  8
    2415.002	  8
    2415.484	  8
    2417.316	  8
    2417.486	  8
    2417.790	  8
    2418.316	  8
    2419.666	  8
    2420.014	  8
    2420.710	  8
    2421.254	  8
    2422.482	  8
    2423.074	  8
    2423.880	  8
    2424.146	  8
    2424.488	  8
    2425.058	  8
    2427.256	  8
    2427.920	  8
    2428.292	  8
    2428.684	  8
    2429.232	  8
    2429.644	  8
    2430.646	  8
    2431.298	  8
    2431.858	  8
    2432.218	  8
    2432.460	  8
    2433.060	  8
    2433.652	  8
    2433.938	  8
    2434.198	  8
    2435.688	  8
    2436.044	  8
    2436.506	  8
    2436.752	  8
    2437.202	  8
    2439.020	  8
    2439.454	  8
    2439.578	  8
    2440.096	  8
    2441.726	  8
    2442.304	  8
    2442.772	  8
    2443.444	  8
    2443.682	  8
    2444.272	  8
    2444.640	 53
    2444.648	  8
    2444.650	 20
    2444.650	 27
    2444.950	  8
    2448.932	  8
    2464.670	 52
    2464.680	 10
    2480.378	  8
    2483.202	  8
    2484.596	  8
    2489.018	  8
    2490.312	  8
    2490.814	  8
    2491.910	  8
    2494.036	  8
    2497.134	  8
    2497.556	  8
    2499.052	  8
    2499.392	  8
    2499.546	  8
    2502.272	  8
    2503.754	  8
    2504.156	  8
    2505.372	  8
    2505.692	  8
    2510.684	  8
    2510.802	  8
    2511.614	  8
    2512.636	  8
    2512.744	  8
    2512.898	  8
    2516.400	  8
    2517.392	  8
    2520.014	  8
    2520.338	  8
    2521.020	  8
    2521.598	  8
    2522.406	  8
    2522.914	  8
    2523.362	  8
    2524.430	  8
    2525.288	  8
    2526.460	  8
    2527.268	  8
    2530.862	  8
    2531.380	  8
    2532.680	  8
    2533.548	  8
    2536.644	  8
    2538.004	  8
    2538.660	  8
    2539.476	  8
    2540.300	  8
    2541.088	  8
    2541.590	  8
    2542.278	  8
    2542.892	  8
    2543.710	  8
    2544.096	  8
    2546.676	  8
    2548.322	  8
    2549.708	  8
    2550.564	  8
    2554.052	  8
    2554.992	  8
    2556.038	  8
    2556.556	  8
    2556.694	  8
    2557.556	  8
    2558.232	  8
    2558.668	  8
    2561.412	  8
    2561.752	  8
    2561.932	  8
    2562.076	  8
    2568.438	  8
    2568.496	  8
    2570.740	  8
    2571.352	  8
    2572.576	  8
    2575.166	  8
    2576.122	  8
    2576.222	  8
    2576.660	  8
    2576.924	  8
    2580.034	  8
    2580.782	  8
    2581.946	  8
    2582.378	  8
    2582.980	  8
    2583.400	  8
    2583.922	  8
    2584.378	  8
    2584.680	 53
    2584.690	 20
    2584.690	 27
    2585.102	  8
    2586.652	  8
    2604.710	 52
    2604.720	 10
    2618.494	  8
    2641.972	  8
    2642.416	  8
    2642.974	  8
    2650.608	  8
    2665.976	  8
    2668.746	  8
    2694.312	  8
    2695.234	  8
    2696.778	  8
    2697.874	  8
    2699.234	  8
    2700.018	  8
    2704.692	  8
    2707.208	  8
    2707.358	  8
    2707.720	  8
    2709.044	  8
    2711.406	  8
    2714.728	  8
    2716.292	  8
    2716.892	  8
    2717.878	  8
    2719.772	  8
    2720.402	  8
    2720.956	  8
    2722.010	  8
    2722.076	  8
    2722.336	  8
    2722.962	  8
    2723.268	  8
    2724.720	 53
    2724.730	 20
    2724.730	 27
    2725.034	  8
    2744.750	 51
    2744.760	 18
    2804.760	 53
    2822.696	  8
    2822.696	 20
    2822.696	 27
    2822.706	 28
    2822.706	 19
    2822.806	 29
    2822.962	  9
    2825.084	  8
    2825.242	  8
    2827.392	  8
    2827.530	  8
    2842.826	 52
    2842.836	 10
    2876.040	  8
    2897.664	  8
    2899.142	  8
    2900.248	  8
    2900.750	  8
    2905.700	  8
    2906.156	  8
    2906.836	  8
    2916.052	  8
    2916.156	  8
    2916.800	  8
    2917.938	  8
    2918.430	  8
    2919.244	  8
    2921.162	  8
    2924.138	  8
    2925.544	  8
    2926.366	  8
    2929.514	  8
    2931.516	  8
    2933.464	  8
    2934.136	  8
    2934.316	  8
    2934.616	  8
    2936.584	  8
    2939.608	  8
    2944.282	  8
    2945.876	  8
    2946.498	  8
    2947.580	  8
    2949.958	  8
    2951.108	  8
    2952.168	  8
    2954.358	  8
    2955.530	  8
    2955.582	  8
    2956.646	  8
    2957.962	  8
    2958.222	  8
    2960.790	  8
    2961.968	  8
    2962.836	 53
    2962.846	 20
    2962.846	 27
    2963.192	  8
    2965.904	  8
    2982.866	 52
    2982.876	 10
    3035.334	  8
    3035.740	  8
    3038.202	  8
    3044.076	  8
    3046.142	  8
    3047.106	  8
    3048.928	  8
    3050.706	  8
    3059.602	  8
    3060.998	  8
    3062.004	  8
    3062.932	  8
    3063.870	  8
    3068.830	  8
    3072.974	  8
    3074.048	  8
    3076.748	  8
    3083.934	  8
    3085.288	  8
    3087.066	  8
    3091.860	  8
    3093.840	  8
    3094.984	  8
    3100.464	  8
    3101.962	  8
    3102.876	 53
    3102.886	 20
    3102.886	 27
    3122.906	 51
    3122.916	 18
    3158.078	  8
    3159.364	  8
    3161.026	  8
    3162.342	  8
    3162.690	  8
    3163.450	  8
    3163.524	  8
    3163.796	  8
    3165.810	  8
    3167.074	  8
    3168.380	  8
    3168.780	  8
    3169.838	  8
    3171.386	  8
    3172.694	  8
    3172.894	  8
    3173.468	  8
    3173.828	  8
    3174.014	  8
    3176.812	  8
    3177.078	  8
    3178.982	  8
    3179.632	  8
    3180.416	  8
    3181.796	  8
    3182.916	 53
    3184.660	  8
    3184.660	 20
    3184.660	 27
    3184.670	 28
    3184.670	 19
    3184.770	 29
    3184.874	  8
    3184.934	  9
    3204.790	 52
    3204.800	 10
    3252.552	  8
    3324.800	 53
    3324.810	 20
    3324.810	 27
    3344.830	 52
    3344.840	 10
    3347.384	  8
    3358.104	  8
    3359.838	  8
    3373.612	  8
    3374.626	  8
    3375.382	  8
    3376.048	  8
    3377.906	  8
    3378.182	  8
    3378.376	  8
    3379.932	  8
    3392.180	  8
    3393.234	  8
    3394.528	  8
    3396.376	  8
    3399.358	  8
    3400.246	  8
    3411.204	  8
    3412.768	  8
    3414.884	  8
    3416.584	  8
    3420.998	  8
    3421.442	  8
    3425.900	  8
    3426.582	  8
    3427.374	  8
    3432.458	  8
    3434.068	  8
    3442.890	  8
    3443.032	  8
    3444.992	  8
    3446.012	  8
    3446.126	  8
    3446.410	  8
    3447.878	  8
    3448.740	  8
    3449.946	  8
    3454.196	  8
    3454.460	  8
    3455.610	  8
    3456.078	  8
    3456.348	  8
    3457.014	  8
    3458.182	  8
    3458.664	  8
    3458.950	  8
    3459.788	  8
    3463.332	  7
    3464.840	 53
    3464.850	 20
    3464.850	 27
    3466.150	  7
    3468.360	  8
    3484.870	 51
    3484.880	 18
    3492.322	  8
    3492.898	  8
    3493.406	  8
    3493.814	  8
    3494.548	  8
    3494.978	  8
    3495.048	  8
    3495.638	  8
    3496.616	  8
    3497.124	  8
    3516.750	  8
    3517.176	  8
    3518.410	  8
    3518.812	  8
    3519.216	  8
    3519.790	  8
    3522.252	  8
    3523.040	  8
    3523.282	  8
    3524.162	  8
    3525.542	  8
    3526.566	  8
    3527.098	  8
    3528.152	  8
    3529.466	  8
    3529.664	  8
    3531.148	  8
    3531.322	  8
    3531.874	  8
    3532.036	  8
    3533.662	  8
    3534.408	  8
    3534.688	  8
    3535.304	  8
    3535.886	  8
    3536.508	  8
    3536.736	  8
    3537.302	  8
    3537.492	  8
    3537.860	  8
    3539.368	  8
    3539.746	  8
    3540.954	  8
    3541.468	  8
    3541.910	  8
    3542.656	  8
    3543.180	  8
    3543.556	  8
    3543.896	  8
    3544.542	  8
    3544.698	  8
    3544.880	 53
    3544.920	  8
    3544.920	 20
    3544.920	 27
    3544.930	 28
    3544.930	 19
    3545.030	 29
    3545.194	  9
    3545.214	  8
    3565.050	 51
    3565.060	 18
    3567.218	  7
    3570.272	  8
    3570.402	  8
    3617.026	  8
    3617.482	  8
    3617.766	  8
    3617.922	  8
    3618.482	  8
    3619.034	  8
    3619.410	  8
    3619.616	  8
    3620.232	  8
    3620.762	  8
    3621.064	  8
    3622.114	  8
    3622.468	  8
    3622.518	  8
    3623.228	  8
    3623.672	  8
    3624.056	  8
    3624.338	  8
    3624.646	  8
    3625.060	 53
    3625.350	  8
    3625.350	 20
    3625.350	 27
    3625.360	 28
    3625.360	 19
    3625.460	 29
    3625.624	  9
    3626.744	  8
    3645.480	 50
    3645.490	 17
    3648.358	  7
    3650.724	  7
    3652.360	  8
    3652.698	  8
    3652.878	  8
    3652.972	  8
    3653.044	  8
    3653.334	  8
    3654.222	  8
    3654.652	  8
    3656.034	  8
    3656.258	  8
    3656.988	  8
    3657.706	  8
    3657.896	  8
    3658.632	  8
    3659.746	  8
    3660.152	  8
    3660.508	  8
    3660.730	  8
    3661.784	  8
    3662.240	  8
    3662.748	  8
    3664.286	  8
    3665.022	  8
    3665.228	  8
    3666.340	  8
    3666.658	  8
    3667.012	  8
    3667.736	  8
    3668.130	  8
    3668.506	  8
    3668.904	  8
    3669.098	  8
    3669.438	  8
    3669.924	  8
    3670.236	  8
    3670.272	  8
    3670.618	  8
    3671.682	  8
    3671.898	  8
    3672.202	  8
    3672.808	  8
    3673.360	  8
    3673.598	  8
    3673.988	  8
    3674.860	  8
    3675.284	  8
    3675.490	 53
    3675.684	  8
    3675.684	 20
    3675.684	 27
    3675.694	 28
    3675.694	 19
    3675.794	 29
    3675.958	  9
    3676.012	  8
    3695.814	 51
    3695.824	 18
    3703.384	  8
    3704.668	  8
    3705.168	  8
    3737.594	  8
    3737.908	  8
    3738.188	  8
    3738.638	  8
    3739.120	  8
    3739.596	  8
    3740.376	  8
    3740.644	  8
    3741.084	  8
    3741.562	  8
    3742.472	  8
    3742.678	  8
    3743.130	  8
    3744.824	  8
    3744.972	  8
    3745.028	  8
    3745.442	  8
    3745.630	  8
    3745.902	  8
    3746.128	  8
    3746.442	  8
    3746.826	  8
    3747.160	  8
    3747.688	  8
    3747.802	  8
    3747.980	  8
    3748.410	  8
    3749.816	  8
    3750.130	  8
    3750.716	  8
    3751.134	  8
    3751.660	  8
    3752.238	  8
    3752.498	  8
    3752.700	  8
    3753.750	  8
    3754.240	  8
    3755.002	  8
    3755.178	  8
    3755.670	  8
    3755.824	 53
    3756.052	  8
    3756.052	 20
    3756.052	 27
    3756.062	 28
    3756.062	 19
    3756.162	 29
    3756.210	  8
    3756.326	  9
    3776.182	 51
    3776.192	 18
    3776.240	  7
    3779.042	  7
    3779.560	  7
    3782.868	  8
    3783.014	  8
    3783.492	  8
    3784.606	  8
    3785.930	  8
    3786.116	  8
    3786.682	  8
    3798.688	  8
    3807.690	  8
    3808.766	  8
    3809.220	  8
    3810.020	  8
    3810.704	  8
    3811.232	  8
    3811.784	  8
    3812.696	  8
    3813.574	  8
    3814.418	  8
    3814.814	  8
    3815.328	  8
    3815.670	  8
    3816.294	  8
    3816.804	  8
    3817.470	  8
    3817.750	  8
    3818.588	  8
    3818.776	  8
    3818.854	  8
    3821.584	  8
    3821.936	  8
    3822.248	  8
    3822.348	  8
    3822.618	  8
    3822.760	  8
    3823.202	  8
    3824.992	  8
    3825.522	  8
    3826.676	  8
    3827.494	  8
    3828.280	  8
    3828.788	  8
    3828.846	  8
    3830.068	  8
    3831.100	  8
    3831.372	  8
    3832.100	  8
    3832.172	  8
    3832.832	  8
    3833.158	  8
    3833.222	  8
    3833.586	  8
    3834.920	  8
    3835.222	  8
    3835.570	  8
    3836.128	  8
    3836.192	 53
    3836.336	  8
    3836.336	 20
    3836.336	 27
    3836.346	 28
    3836.346	 19
    3836.446	 29
    3836.580	  8
    3836.610	  9
    3839.744	  8
    3840.200	  8
    3842.206	  8
    3856.466	 52
    3856.476	 10
    3918.432	  8
    3918.536	  8
    3931.414	  8
    3931.992	  8
    3934.662	  8
    3936.458	  8
    3948.216	  8
    3948.758	  8
    3949.620	  8
    3951.514	  8
    3952.138	  8
    3953.254	  8
    3954.134	  8
    3955.412	  8
    3955.564	  8
    3956.012	  8
    3956.614	  8
    3957.166	  8
    3959.108	  8
    3959.346	  8
    3960.588	  8
    3960.730	  8
    3962.574	  8
    3962.960	  8
    3963.662	  8
    3964.144	  8
    3964.890	  8
    3966.418	  8
    3966.784	  8
    3967.248	  8
    3968.134	  8
    3969.822	  8
    3972.790	  8
    3974.140	  8
    3974.706	  8
    3975.486	  8
    3976.476	 53
    3976.486	 20
    3976.486	 27
    3976.492	  8
    3976.776	  8
    3996.506	 50
    3996.516	 17
    4005.162	  8
    4005.430	  8
    4006.028	  8
    4006.454	  8
    4007.072	  8
    4007.752	  8
    4008.838	  8
    4009.588	  8
    4009.898	  8
    4010.784	  8
    4010.908	  8
    4011.160	  8
    4011.422	  8
    4011.670	  8
    4012.100	  8
    4013.160	  8
    4013.694	  8
    4013.798	  8
    4014.400	  8
    4014.912	  8
    4014.988	  8
    4015.392	  8
    4015.482	  8
    4015.902	  8
    4016.120	  8
    4016.964	  8
    4017.236	  8
    4017.592	  8
    4017.826	  8
    4018.516	  8
    4018.678	  8
    4019.432	  8
    4020.568	  8
    4021.152	  8
    4021.540	  8
    4021.896	  8
    4022.348	  8
    4022.926	  8
    4023.208	  8
    4023.370	  8
    4023.958	  8
    4024.100	  8
    4025.016	  8
    4025.292	  8
    4025.754	  8
    4025.944	  8
    4026.270	  8
    4026.516	 53
    4026.576	  8
    4026.576	 20
    4026.576	 27
    4026.586	 28
    4026.586	 19
    4026.686	 29
    4026.850	  9
    4046.706	 51
    4046.716	 18
    4054.680	  8
    4055.576	  8
    4079.846	  8
    4080.132	  8
    4095.888	  8
    4096.138	  8
    4096.684	  8
    4097.674	  8
    4098.540	  8
    4099.740	  8
    4100.534	  8
    4102.462	  8
    4102.678	  8
    4103.720	  8
    4106.006	  8
    4106.716	 53
    4107.032	  8
    4107.032	 20
    4107.032	 27
    4107.042	 28
    4107.042	 19
    4107.142	 29
    4107.306	  9
    4127.162	 50
    4127.172	 17
    4132.282	  8
    4137.662	  8
    4138.300	  8
    4139.150	  8
    4139.388	  8
    4140.470	  8
    4141.094	  8
    4142.548	  8
    4142.846	  8
    4143.296	  8
    4143.736	  8
    4143.978	  8
    4144.314	  8
    4145.138	  8
    4146.044	  8
    4146.372	  8
    4147.106	  8
    4147.728	  8
    4148.296	  8
    4148.602	  8
    4149.202	  8
    4149.410	  8
    4150.198	  8
    4150.276	  8
    4150.834	  8
    4152.582	  8
    4153.032	  8
    4153.306	  8
    4153.592	  8
    4153.954	  8
    4154.594	  8
    4154.776	  8
    4155.626	  8
    4155.686	  8
    4155.932	  8
    4156.298	  8
    4156.680	  8
    4157.172	 53
    4158.428	  8
    4158.428	 20
    4158.428	 27
    4158.438	 28
    4158.438	 19
    4158.538	 29
    4158.690	  8
    4158.702	  9
    4178.558	 52
    4178.568	 10
    4237.948	  8
    4262.840	  8
    4265.006	  8
    4270.622	  8
    4271.140	  8
    4278.224	  8
    4279.626	  8
    4280.246	  8
    4280.812	  8
    4281.260	  8
    4281.742	  8
    4282.368	  8
    4284.298	  8
    4285.936	  8
    4289.702	  8
    4291.102	  8
    4291.728	  8
    4293.040	  8
    4293.908	  8
    4295.314	  8
    4296.518	  8
    4297.162	  8
    4297.448	  8
    4298.568	 53
    4298.578	 20
    4298.578	 27
    4318.598	 52
    4318.608	 10
    4368.034	  8
    4368.750	  8
    4369.188	  8
    4369.974	  8
    4370.900	  8
    4371.766	  8
    4372.724	  8
    4373.076	  8
    4373.440	  8
    4373.720	  8
    4374.184	  8
    4374.602	  8
    4376.228	  8
    4376.460	  8
    4377.094	  8
    4377.458	  8
    4377.840	  8
    4379.186	  8
    4380.082	  8
    4381.616	  8
    4382.572	  8
    4382.832	  8
    4383.822	  8
    4384.258	  8
    4384.568	  8
    4385.212	  8
    4385.886	  8
    4386.418	  8
    4386.642	  8
    4388.564	  8
    4389.044	  8
    4389.664	  8
    4390.198	  8
    4391.094	  8
    4392.714	  8
    4394.804	  8
    4396.018	  8
    4396.364	  8
    4399.056	  8
    4399.230	  8
    4400.276	  8
    4402.142	  8
    4402.880	  8
    4403.500	  8
    4403.922	  8
    4404.666	  8
    4404.872	  8
    4405.104	  8
    4405.456	  8
    4406.498	  8
    4406.702	  8
    4406.734	  8
    4407.682	  8
    4408.004	  8
    4408.726	  8
    4409.832	  8
    4410.528	  8
    4410.774	  8
    4411.082	  8
    4411.168	  8
    4411.384	  8
    4412.712	  8
    4413.416	  8
    4416.126	  8
    4416.466	  8
    4417.276	  8
    4418.072	  8
    4418.698	  8
    4419.166	  8
    4419.372	  8
    4419.946	  8
    4420.260	  8
    4420.664	  8
    4421.288	  8
    4422.896	  8
    4423.262	  8
    4423.508	  8
    4424.238	  8
    4425.682	  8
    4426.380	  8
    4426.834	  8
    4427.516	  8
    4427.726	  8
    4428.380	  8
    4428.528	  8
    4428.912	  8
    4429.098	  8
    4429.396	  8
    4429.664	  8
    4429.928	  8
    4430.230	  8
    4431.148	  8
    4433.548	  8
    4433.930	  8
    4434.736	  8
    4435.522	  8
    4435.832	  8
    4437.094	  8
    4438.344	  8
    4438.608	 53
    4438.618	 20
    4438.618	 27
    4438.648	  8
    4438.976	  8
    4439.758	  8
    4458.638	 51
    4458.648	 18
    4466.776	  8
    4466.846	  8
    4467.980	  8
    4468.884	  8
    4472.218	  8
    4472.694	  8
    4473.262	  8
    4474.020	  8
    4475.058	  8
    4476.788	  8
    4477.408	  8
    4477.970	  8
    4481.396	  8
    4481.474	  8
    4482.026	  8
    4484.466	  8
    4485.828	  8
    4486.212	  8
    4486.724	  8
    4487.166	  8
    4487.790	  8
    4488.264	  8
    4488.704	  8
    4489.338	  8
    4489.392	  8
    4489.560	  8
    4489.840	  8
    4489.924	  8
    4490.050	  8
    4490.456	  8
    4490.694	  8
    4491.040	  8
    4491.748	  8
    4491.960	  8
    4492.506	  8
    4492.626	  8
    4492.750	  8
    4498.262	  8
    4498.622	  8
    4499.072	  8
    4499.628	  8
    4500.152	  8
    4500.706	  8
    4500.784	  8
    4501.084	  8
    4501.826	  8
    4502.138	  8
    4503.088	  8
    4503.326	  8
    4503.686	  8
    4504.118	  8
    4504.208	  8
    4507.714	  8
    4508.522	  8
    4509.070	  8
    4509.446	  8
    4509.892	  8
    4510.274	  8
    4510.506	  8
    4511.304	  8
    4512.838	  8
    4513.034	  8
    4513.466	  8
    4514.040	  8
    4515.132	  8
    4515.558	  8
    4516.098	  8
    4516.280	  8
    4517.484	  8
    4518.028	  8
    4518.610	  8
    4518.648	 53
    4519.174	  8
    4519.174	 20
    4519.174	 27
    4519.184	 28
    4519.184	 19
    4519.284	 29
    4519.448	  8
    4521.762	  8
    4522.554	  8
    4523.124	  8
    4523.790	  8
    4539.304	 51
    4539.314	 18
    4587.060	  8
    4587.642	  8
    4588.102	  8
    4588.482	  8
    4588.866	  8
    4588.974	  8
    4589.712	  8
    4591.718	  8
    4592.308	  8
    4592.476	  8
    4592.810	  8
    4593.202	  8
    4594.746	  8
    4595.324	  8
    4595.716	  8
    4596.304	  8
    4597.132	  8
    4597.244	  8
    4597.754	  8
    4597.996	  8
    4598.248	  8
    4598.940	  8
    4599.314	 53
    4599.524	  8
    4599.524	 20
    4599.524	 27
    4599.534	 28
    4599.534	 19
    4599.634	 29
    4599.798	  9
    4599.802	  8
    4619.654	 51
    4619.664	 18
    4676.026	  8
    4677.300	  8
    4678.162	  8
    4678.600	  8
    4679.114	  8
    4679.664	 53
    4679.744	  8
    4679.744	 20
    4679.744	 27
    4679.754	 28
    4679.754	 19
    4679.854	 29
    4680.018	  9
    4681.432	  8
    4683.548	  8
    4699.874	 51
    4699.884	 18
    4714.092	  8
    4714.334	  8
    4714.950	  8
    4729.674	  8
    4730.372	  8
    4731.448	  8
    4732.346	  8
    4733.218	  8
    4734.164	  8
    4735.224	  8
    4735.254	  8
    4735.636	  8
    4735.778	  8
    4737.592	  8
    4738.268	  8
    4738.622	  8
    4738.920	  8
    4739.286	  8
    4740.706	  8
    4741.812	  8
    4742.522	  8
    4743.720	  8
    4744.222	  8
    4744.804	  8
    4745.324	  8
    4745.704	  8
    4746.206	  8
    4746.342	  8
    4747.702	  8
    4748.138	  8
    4749.318	  8
    4749.670	  8
    4750.060	  8
    4750.148	  8
    4750.492	  8
    4751.358	  8
    4752.066	  8
    4752.144	  8
    4752.380	  8
    4752.438	  8
    4753.262	  8
    4753.676	  8
    4754.374	  8
    4756.134	  8
    4756.536	  8
    4757.268	  8
    4757.834	  8
    4757.984	  8
    4758.370	  8
    4758.842	  8
    4759.226	  8
    4759.880	  8
    4759.884	 53
    4760.750	  8
    4760.750	 20
    4760.750	 27
    4760.760	 28
    4760.760	 19
    4760.860	 29
    4761.004	  8
    4761.024	  9
    4762.212	  8
    4762.366	  8
    4762.992	  8
    4780.880	 51
    4780.890	 18
    4796.268	  8
    4797.638	  8
    4797.802	  8
    4798.584	  8
    4829.822	  8
    4830.722	  8
    4831.192	  8
    4831.734	  8
    4832.018	  8
    4832.476	  8
    4832.866	  8
    4833.496	  8
    4834.778	  8
    4835.330	  8
    4835.850	  8
    4836.340	  8
    4836.674	  8
    4836.856	  8
    4837.140	  8
    4837.956	  8
    4838.654	  8
    4839.428	  8
    4839.956	  8
    4840.438	  8
    4840.890	 53
    4842.446	  8
    4842.446	 20
    4842.446	 27
    4842.456	 28
    4842.456	 19
    4842.556	 29
    4842.720	  9
    4842.762	  8
    4862.576	 50
    4862.586	 17
    4877.906	  8
    4878.502	  8
    4879.790	  8
    4880.168	  8
    4881.270	  8
    4882.284	  8
    4882.594	  8
    4883.286	  8
    4883.800	  8
    4884.082	  8
    4886.058	  8
    4887.154	  8
    4887.438	  8
    4887.802	  8
    4888.202	  8
    4888.394	  8
    4888.688	  8
    4888.806	  8
    4889.016	  8
    4890.238	  8
    4890.410	  8
    4890.600	  8
    4890.888	  8
    4891.356	  8
    4891.840	  8
    4892.586	 53
    4892.760	  8
    4892.760	 20
    4892.760	 27
    4892.770	 28
    4892.770	 19
    4892.870	 29
    4892.998	  8
    4893.034	  9
    4912.890	 50
    4912.900	 17
    4927.866	  8
    4928.268	  8
    4928.694	  8
    4931.980	  8
    4932.046	  8
    4932.802	  8
    4933.240	  8
    4934.352	  8
    4934.468	  8
    4935.326	  8
    4936.770	  8
    4936.998	  8
    4937.314	  8
    4937.922	  8
    4938.794	  8
    4939.358	  8
    4940.016	  8
    4940.212	  8
    4940.524	  8
    4940.710	  8
    4941.036	  8
    4941.388	  8
    4941.774	  8
    4942.040	  8
    4942.900	 53
    4943.248	  8
    4943.248	 20
    4943.248	 27
    4943.258	 28
    4943.258	 19
    4943.358	 29
    4943.422	  8
    4943.522	  9
    4963.378	 50
    4963.388	 17
    4975.850	  7
    4976.056	  7
    4978.204	  7
    4978.388	  7
    4979.626	  7
    4980.228	  7
    4987.110	  8
    4987.446	  8
    4987.518	  8
    4987.594	  8
    4987.794	  8
    4988.540	  8
    4988.912	  8
    4989.186	  8
    4989.290	  8
    4989.354	  8
    4989.508	  8
    4990.036	  8
    4990.368	  8
    4990.698	  8
    4990.920	  8
    4991.008	  8
    4991.140	  8
    4991.572	  8
    4992.100	  8
    4992.292	  8
    4992.964	  8
    4993.204	  8
    4993.244	  8
    4993.388	 53
    4993.686	  8
    4993.686	 20
    4993.686	 27
    4993.696	 28
    4993.696	 19
    4993.796	 29
    4993.900	  8
    4993.960	  9
    5006.166	  7
    5007.258	  7
    5007.458	  7
    5010.928	  7
    5011.146	  7
    5011.442	  7
    5013.816	 52
    5013.826	 10
    5017.314	  7
    5017.850	  7
    5019.662	  7
    5024.790	  7
    5025.020	  7
    5025.292	  7
    5117.812	  8
    5118.218	  8
    5122.370	  8
    5122.844	  8
    5125.840	  8
    5127.374	  8
    5127.684	  8
    5129.666	  8
    5130.154	  8
    5130.972	  8
    5131.906	  8
    5132.492	  8
    5133.796	  8
    5133.826	 53
    5133.836	 20
    5133.836	 27
    5134.030	  8
    5140.612	  8
    5153.856	 50
    5153.866	 17
    5160.744	  8
    5168.436	  8
    5168.866	  8
    5170.022	  8
    5172.598	  8
    5174.112	  8
    5174.574	  8
    5176.494	  8
    5177.104	  8
    5177.686	  8
    5178.470	  8
    5179.428	  8
    5180.772	  8
    5181.146	  8
    5182.470	  8
    5183.250	  8
    5183.776	  8
    5183.866	 53
    5184.568	  8
    5184.568	 20
    5184.568	 27
    5184.578	 28
    5184.578	 19
    5184.678	 29
    5184.842	  9
    5184.850	  8
    5204.698	 52
    5204.708	 10
    5292.318	  8
    5292.806	  8
    5294.418	  8
    5296.750	  8
    5297.268	  8
    5298.522	  8
    5306.036	  8
    5306.304	  8
    5307.290	  8
    5308.308	  8
    5309.776	  8
    5324.708	 53
    5324.718	 20
    5324.718	 27
    5344.738	 51
    5344.748	 18
    5363.146	  8
    5363.212	  8
    5363.294	  8
    5363.766	  8
    5363.928	  8
    5364.764	  8
    5365.058	  8
    5365.576	  8
    5366.308	  8
    5366.726	  8
    5367.318	  8
    5367.550	  8
    5368.046	  8
    5368.318	  8
    5368.352	  8
    5369.280	  8
    5369.530	  8
    5369.914	  8
    5370.406	  8
    5370.724	  8
    5371.446	  8
    5371.824	  8
    5372.136	  8
    5372.416	  8
    5372.850	  8
    5373.638	  8
    5374.230	  8
    5374.898	  8
    5375.160	  8
    5375.476	  8
    5376.298	  8
    5377.122	  8
    5377.190	  8
    5377.378	  8
    5377.968	  8
    5378.572	  8
    5379.284	  8
    5379.600	  8
    5379.916	  8
    5380.374	  8
    5380.638	  8
    5381.010	  8
    5381.216	  8
    5381.516	  8
    5381.946	  8
    5382.348	  8
    5382.518	  8
    5383.358	  8
    5383.552	  8
    5384.114	  8
    5384.624	  8
    5385.058	  8
    5385.448	  8
    5385.718	  8
    5385.960	  8
    5386.074	  8
    5386.220	  8
    5386.336	  8
    5387.756	  8
    5388.146	  8
    5388.204	  8
    5388.938	  8
    5389.350	  8
    5389.650	  8
    5390.378	  8
    5390.756	  8
    5391.034	  8
    5391.404	  8
    5392.112	  8
    5392.622	  8
    5393.264	  8
    5393.428	  8
    5395.624	  8
    5396.000	  8
    5396.382	  8
    5396.712	  8
    5397.356	  8
    5397.684	  8
    5398.056	  8
    5398.456	  8
    5398.796	  8
    5399.112	  8
    5400.156	  8
    5401.172	  8
    5401.840	  8
    5402.582	  8
    5402.718	  8
    5403.180	  8
    5404.144	  8
    5404.748	 53
    5404.864	  8
    5404.864	 20
    5404.864	 27
    5404.874	 28
    5404.874	 19
    5404.974	 29
    5405.138	  9
    5424.994	 52
    5425.004	 10
    5504.128	  8
    5505.532	  8
    5545.004	 53
    5545.014	 20
    5545.014	 27
    5565.034	 50
    5565.044	 17
    5568.770	  8
    5569.084	  8
    5570.282	  8
    5571.146	  8
    5571.882	  8
    5571.930	  8
    5572.616	  8
    5573.036	  8
    5573.386	  8
    5573.814	  8
    5574.404	  8
    5574.614	  8
    5575.266	  8
    5575.664	  8
    5575.870	  8
    5576.740	  8
    5577.090	  8
    5577.570	  8
    5578.278	  8
    5579.392	  8
    5580.164	  8
    5580.670	  8
    5581.284	  8
    5581.390	  8
    5582.292	  8
    5583.066	  8
    5583.382	  8
    5583.856	  8
    5584.602	  8
    5584.832	  8
    5585.426	  8
    5586.124	  8
    5586.970	  8
    5587.542	  8
    5587.590	  8
    5587.978	  8
    5589.238	  8
    5589.896	  8
    5590.464	  8
    5590.956	  8
    5591.456	  8
    5591.896	  8
    5592.466	  8
    5592.882	  8
    5593.328	  8
    5593.616	  8
    5594.852	  8
    5595.044	 53
    5595.524	  8
    5595.524	 20
    5595.524	 27
    5595.534	 28
    5595.534	 19
    5595.634	 29
    5595.764	  8
    5595.798	  9
    5597.114	  8
    5615.654	 51
    5615.664	 18
    5648.708	  8
    5649.208	  8
    5650.110	  8
    5650.818	  8
    5651.248	  8
    5651.608	  8
    5652.560	  8
    5653.146	  8
    5654.280	  8
    5654.692	  8
    5655.884	  8
    5658.030	  8
    5658.520	  8
    5659.046	  8
    5659.538	  8
    5660.092	  8
    5660.738	  8
    5661.260	  8
    5661.702	  8
    5663.382	  8
    5664.176	  8
    5665.072	  8
    5665.708	  8
    5666.138	  8
    5666.988	  8
    5667.502	  8
    5667.810	  8
    5668.606	  8
    5669.416	  8
    5669.696	  8
    5671.864	  8
    5672.322	  8
    5672.690	  8
    5673.176	  8
    5674.526	  8
    5675.294	  8
    5675.662	  8
    5675.664	 53
    5676.396	  8
    5676.396	 20
    5676.396	 27
    5676.406	 28
    5676.406	 19
    5676.506	 29
    5676.670	  9
    5676.678	  8
    5696.526	 51
    5696.536	 18
    5730.306	  8
    5730.466	  8
    5732.012	  8
    5732.842	  8
    5735.706	  8
    5738.090	  8
    5739.034	  8
    5739.876	  8
    5740.316	  8
    5741.484	  8
    5742.056	  8
    5743.204	  8
    5744.960	  8
    5745.440	  8
    5746.618	  8
    5746.984	  8
    5747.192	  8
    5747.594	  8
    5749.140	  8
    5753.650	  8
    5754.868	  8
    5755.454	  8
    5756.064	  8
    5756.536	 53
    5756.878	  8
    5756.878	 20
    5756.878	 27
    5756.888	 28
    5756.888	 19
    5756.988	 29
    5757.150	  8
    5757.152	  9
    5777.008	 52
    5777.018	 10
    5840.042	  8
    5840.382	  8
    5841.692	  8
    5842.718	  8
    5844.212	  8
    5845.288	  8
    5846.058	  8
    5847.114	  8
    5849.684	  8
    5850.008	  8
    5852.118	  8
    5852.360	  8
    5852.804	  8
    5853.968	  8
    5857.034	  8
    5857.298	  8
    5857.870	  8
    5858.614	  8
    5859.442	  8
    5861.156	  8
    5861.720	  8
    5865.688	  8
    5867.454	  8
    5867.672	  8
    5870.176	  8
    5871.230	  8
    5871.870	  8
    5879.818	  8
    5880.030	  8
    5880.404	  8
    5880.636	  8
    5881.058	  8
    5881.638	  8
    5882.182	  8
    5882.876	  8
    5883.226	  8
    5884.350	  8
    5885.166	  8
    5886.022	  8
    5886.524	  8
    5887.152	  8
    5887.738	  8
    5888.082	  8
    5888.648	  8
    5897.018	 53
    5897.028	 20
    5897.028	 27
    5897.038	 61
