     470.566	  7
     471.780	  7
     472.080	  7
     472.242	  7
     472.362	  7
     472.532	  7
     472.718	  7
     472.828	  7
     474.036	  7
     484.748	  8
      20.010	 52
      20.020	 18
      27.090	  7
      56.656	  8
      56.948	  8
      59.428	  8
      66.928	  8
      75.268	  8
      75.482	  8
     110.794	  8
     111.034	  8
     128.590	  8
     128.812	  8
     135.854	  7
     136.046	  7
     137.468	  7
     137.966	  7
     138.134	  7
     138.260	  7
     139.042	  7
     139.106	  7
     139.228	  7
     139.332	  7
     139.462	  7
     140.020	 53
     140.030	 20
     140.030	 27
     140.178	  8
     151.130	  8
     151.276	  8
     156.624	  8
     156.900	  8
     160.050	 50
     160.060	 17
     190.060	 53
     201.042	  8
     201.042	 20
     201.042	 27
     201.052	 28
     201.052	 19
     201.152	 29
     201.286	  8
     201.322	  9
     206.512	  7
     206.626	  7
     206.748	  7
     207.098	  7
     208.056	  7
     208.186	  7
     208.308	  7
     208.442	  7
     208.576	  7
     208.710	  7
     208.846	  7
     209.086	  7
     209.204	  7
     209.332	  7
     209.530	  7
     209.628	  7
     209.764	  7
     209.896	  7
     210.032	  7
     210.174	  7
     210.296	  7
     210.426	  7
     210.556	  7
     210.692	  7
     210.826	  7
     210.952	  7
     211.140	  7
     211.266	  7
     211.392	  7
     211.516	  7
     211.644	  7
     211.802	  7
     211.976	  7
     212.286	  7
     212.390	  7
     212.522	  7
     212.664	  7
     212.810	  7
     212.958	  7
     213.090	  7
     213.230	  7
     213.372	  7
     213.516	  7
     213.708	  7
     213.834	  7
     214.112	  7
     214.250	  7
     214.398	  7
     214.526	  7
     214.680	  7
     214.876	  7
     215.026	  7
     215.158	  7
     215.308	  7
     215.604	  7
     215.748	  7
     215.888	  7
     216.022	  7
     216.178	  7
     216.292	  7
     216.514	  7
     217.150	  7
     217.304	  7
     217.422	  7
     217.562	  7
     217.712	  7
     217.864	  7
     218.034	  7
     218.176	  7
     218.310	  7
     218.456	  7
     218.598	  7
     218.786	  7
     218.932	  7
     219.088	  7
     219.234	  7
     219.392	  7
     219.704	  7
     219.846	  7
     220.018	  7
     220.134	  7
     220.270	  7
     220.418	  7
     220.566	  7
     220.694	  7
     220.824	  7
     220.986	  7
     221.152	  7
     221.172	 51
     221.182	 10
     221.294	  7
     221.488	  7
     221.606	  7
     221.796	  7
     222.242	  7
     222.350	  7
     222.506	  7
     222.650	  7
     222.806	  7
     222.958	  7
     223.140	  7
     223.288	  7
     223.432	  7
     223.596	  7
     223.754	  7
     223.928	  7
     224.066	  7
     224.212	  7
     224.364	  7
     224.552	  7
     224.688	  7
     224.830	  7
     224.976	  7
     225.126	  7
     225.262	  7
     225.408	  7
     225.584	  7
     225.694	  7
     225.858	  7
     226.020	  7
     226.316	  7
     226.470	  7
     226.650	  7
     226.814	  7
     227.020	  7
     227.138	  7
     227.292	  7
     227.428	  7
     227.580	  7
     227.732	  7
     227.878	  7
     228.028	  7
     228.168	  7
     228.334	  7
     228.448	  7
     228.600	  7
     228.766	  7
     228.926	  7
     229.072	  7
     229.234	  7
     229.392	  7
     229.556	  7
     229.716	  7
     229.892	  7
     230.050	  7
     230.228	  7
     230.362	  7
     230.670	  7
     230.820	  7
     231.170	  7
     231.286	  7
     231.436	  7
     231.606	  7
     231.790	  7
     233.636	  7
     233.762	  7
     233.940	  7
     234.094	  7
     234.264	  7
     234.430	  7
     234.590	  7
     234.776	  7
     234.938	  7
     235.132	  7
     235.266	  7
     235.420	  7
     235.586	  7
     235.756	  7
     235.912	  7
     236.062	  7
     236.214	  7
     236.360	  7
     236.528	  7
     236.740	  7
     236.856	  7
     236.996	  7
     237.126	  7
     237.276	  7
     237.416	  7
     237.558	  7
     237.694	  7
     237.832	  7
     237.982	  7
     238.150	  7
     238.310	  7
     238.496	  7
     238.918	  7
     239.834	  7
     240.018	  7
     240.142	  7
     240.288	  7
     240.428	  7
     240.584	  7
     240.732	  7
     240.886	  7
     241.038	  7
     241.180	  7
     241.334	  7
     241.486	  7
     241.688	  7
     241.820	  7
     241.968	  7
     242.100	  7
     242.246	  7
     242.398	  7
     242.550	  7
     242.746	  7
     242.876	  7
     243.016	  7
     243.164	  7
     243.314	  7
     243.460	  7
     243.616	  7
     243.830	  7
     243.992	  7
     244.130	  7
     244.270	  7
     244.428	  7
     244.576	  7
     244.738	  7
     244.876	  7
     245.020	  7
     245.212	  7
     245.364	  7
     245.514	  7
     245.666	  7
     245.820	  7
     245.962	  7
     246.114	  7
     246.288	  7
     246.468	  7
     246.618	  7
     246.772	  7
     247.420	  7
     247.556	  7
     247.692	  7
     247.826	  7
     247.992	  7
     248.150	  7
     248.312	  7
     248.460	  7
     248.638	  7
     248.832	  7
     248.976	  7
     249.120	  7
     249.296	  7
     249.442	  7
     249.582	  7
     249.722	  7
     249.858	  7
     250.054	  7
     250.220	  7
     250.360	  7
     253.856	  8
     254.046	  8
     262.462	  8
     263.010	  8
     263.090	  8
     268.294	  7
     268.378	  7
     268.698	  7
     270.776	  7
     272.294	  7
     272.324	  7
     272.764	  7
     273.152	  7
     275.474	  8
     281.182	 53
     285.952	  8
     285.952	 20
     285.952	 27
     285.962	 28
     285.962	 19
     286.062	 29
     286.232	  9
     306.082	 51
     306.092	 10
     328.170	  8
     328.236	  8
     328.712	  8
     329.142	  8
     329.618	  8
     352.830	  8
     353.488	  8
     357.948	  8
     358.010	  8
     358.344	  8
     358.744	  8
     366.092	 53
     367.220	  8
     367.220	 20
     367.220	 27
     367.230	 28
     367.230	 19
     367.330	 29
     367.476	  8
     367.500	  9
     387.350	 52
     387.360	 18
     412.668	  8
     412.952	  8
     439.144	  8
     439.632	  8
     442.310	  8
     477.854	  8
     478.048	  8
     478.586	  8
     478.978	  8
     479.264	  8
     479.808	  8
     480.080	  8
     480.498	  8
     480.876	  8
     481.140	  8
     481.406	  8
     481.794	  8
     482.344	  8
     482.818	  8
     483.254	  8
     483.506	  8
     484.034	  8
     484.092	  8
     484.250	  8
     484.524	  8
     484.948	  8
     485.414	  8
     485.828	  8
     486.180	  8
     486.998	  8
     487.378	  8
     488.500	  8
     488.802	  8
     488.976	  8
     489.100	  8
     489.162	  8
     489.602	  8
     489.952	  8
     490.016	  8
     490.076	  8
     491.494	  8
     496.108	  8
     496.312	  8
     496.426	  8
     496.482	  8
     496.554	  8
     497.898	  8
     498.094	  8
     498.594	  8
     498.726	  8
     499.256	  8
     499.458	  8
     499.738	  8
     503.498	  8
     507.360	 53
     507.370	 20
     507.370	 27
     513.034	  8
     513.368	  8
     513.648	  8
     514.112	  8
     514.448	  8
     515.750	  8
     525.674	  8
     525.852	  8
     526.164	  8
     527.390	 52
     527.400	 18
     534.548	  8
     534.694	  8
     535.008	  8
     535.338	  8
     535.744	  8
     543.668	  8
     544.076	  8
     544.342	  8
     544.686	  8
     545.154	  8
     545.762	  8
     546.358	  8
     554.348	  8
     554.584	  8
     554.946	  8
     561.062	  8
     561.400	  8
     569.832	  8
     573.942	  8
     579.846	  8
     588.740	  8
     588.892	  8
     589.280	  8
     589.630	  8
     589.982	  8
     590.236	  8
     590.710	  8
     595.312	  8
     595.440	  8
     595.770	  8
     596.840	  8
     596.882	  8
     601.510	  8
     602.250	  8
     603.194	  8
     603.500	  8
     603.712	  8
     620.930	  8
     621.344	  8
     625.562	  7
     647.400	 53
     647.410	 20
     647.410	 27
     667.430	 51
     667.440	 10
     686.730	  8
     687.414	  8
     687.808	  8
     688.302	  8
     688.882	  8
     689.208	  8
     689.538	  8
     690.530	  8
     690.966	  8
     691.542	  8
     691.998	  8
     692.286	  8
     692.860	  8
     692.922	  8
     693.520	  8
     693.888	  8
     694.844	  8
     695.440	  8
     695.942	  8
     696.528	  8
     697.204	  8
     697.592	  8
     698.228	  8
     698.956	  8
     700.288	  8
     702.310	  8
     705.818	  8
     705.994	  8
     706.232	  8
     706.578	  8
     706.970	  8
     707.432	  8
     707.724	  8
     708.042	  8
     708.532	  8
     710.354	  8
     711.100	  8
     713.046	  8
     713.486	  8
     713.820	  8
     714.276	  8
     714.760	  8
     715.234	  8
     715.616	  8
     715.984	  8
     716.344	  8
     719.292	  8
     719.552	  8
     722.190	  8
     723.022	  8
     723.390	  8
     723.770	  8
     724.116	  8
     726.518	  8
     726.798	  8
     727.082	  8
     727.406	  8
     727.440	 53
     727.972	  8
     727.972	 20
     727.972	 27
     727.982	 28
     727.982	 19
     728.082	 29
     728.222	  8
     728.252	  9
     748.102	 50
     748.112	 17
     778.112	 53
     793.902	  8
     793.902	 20
     793.902	 27
     793.912	 28
     793.912	 19
     794.012	 29
     794.182	  9
     814.032	 52
     814.042	 18
     837.900	  7
     838.696	  7
     839.594	  7
     842.908	  7
     843.448	  7
     848.662	  7
     848.868	  7
     848.986	  7
     849.150	  7
     853.332	  7
     853.476	  7
     853.612	  7
     853.790	  7
     853.938	  7
     854.062	  7
     854.202	  7
     854.470	  7
     854.598	  7
     854.734	  7
     854.864	  7
     855.024	  7
     855.144	  7
     855.292	  7
     855.482	  7
     855.592	  7
     855.726	  7
     855.858	  7
     855.990	  7
     856.128	  7
     856.260	  7
     856.408	  7
     856.548	  7
     856.702	  7
     856.874	  7
     856.988	  7
     857.126	  7
     857.260	  7
     857.404	  7
     857.534	  7
     857.680	  7
     857.798	  7
     858.004	  7
     858.132	  7
     858.256	  7
     858.388	  7
     858.540	  7
     858.692	  7
     858.842	  7
     858.998	  7
     859.146	  7
     859.272	  7
     859.488	  7
     859.624	  7
     859.746	  7
     859.900	  7
     860.050	  7
     860.190	  7
     860.330	  7
     860.470	  7
     860.644	  7
     860.772	  7
     860.932	  7
     861.070	  7
     861.252	  7
     861.380	  7
     861.510	  7
     861.644	  7
     861.782	  7
     861.916	  7
     862.054	  7
     862.188	  7
     862.356	  7
     862.546	  7
     862.826	  7
     863.258	  7
     863.388	  7
     863.690	  7
     863.780	  7
     869.252	  7
     869.684	  7
     869.818	  7
     869.926	  7
     870.080	  7
     870.244	  7
     870.374	  7
     870.538	  7
     870.684	  7
     870.836	  7
     870.974	  7
     871.116	  7
     871.400	  7
     871.552	  7
     871.686	  7
     871.830	  7
     871.964	  7
     872.104	  7
     872.246	  7
     872.396	  7
     872.512	  7
     872.876	  7
     872.990	  7
     873.152	  7
     873.272	  7
     873.406	  7
     873.806	  7
     874.028	  7
     874.152	  7
     874.290	  7
     876.070	  8
     876.530	  8
     877.692	  8
     878.026	  8
     878.300	  8
     878.810	  8
     879.074	  8
     879.220	  8
     879.606	  8
     879.878	  8
     880.068	  8
     880.506	  8
     880.964	  8
     881.084	  8
     894.032	  8
     894.164	  8
     894.990	  8
     895.192	  8
     898.042	  8
     898.220	  8
     898.888	  8
     900.184	  8
     901.098	  8
     901.790	  8
     902.104	  8
     902.664	  8
     903.766	  8
     904.112	  8
     904.482	  8
     905.214	  8
     905.868	  8
     906.456	  8
     907.268	  8
     909.826	  8
     910.680	  8
     911.030	  8
     911.482	  8
     912.306	  8
     912.724	  8
     912.946	  8
     913.244	  8
     913.522	  8
     914.552	  8
     914.852	  8
     917.700	  8
     918.052	  8
     919.378	  8
     919.858	  8
     920.928	  8
     921.016	  8
     921.208	  8
     921.570	  8
     922.104	  8
     923.032	  8
     923.364	  8
     924.046	  8
     924.328	  8
     924.688	  8
     925.446	  8
     925.738	  8
     926.370	  8
     926.722	  8
     930.544	  8
     930.572	  8
     930.860	  8
     931.398	  8
     931.832	  8
     932.500	  8
     934.042	 53
     934.052	 20
     934.052	 27
     935.038	  8
     935.364	  8
     936.388	  8
     936.836	  8
     938.492	  8
     939.384	  8
     939.694	  8
     940.350	  8
     940.664	  8
     941.048	  8
     941.314	  8
     941.742	  8
     942.828	  8
     944.658	  8
     945.234	  8
     945.886	  8
     946.300	  8
     946.730	  8
     947.272	  8
     948.162	  8
     948.548	  8
     951.410	  8
     951.720	  8
     954.072	 51
     954.082	 10
     954.526	  8
     954.802	  8
     955.378	  8
     955.818	  8
     956.154	  8
     956.668	  8
     957.134	  8
     957.422	  8
     960.334	  8
     960.416	  8
     961.678	  8
     962.522	  8
     962.922	  8
     963.298	  8
     963.638	  8
     964.150	  8
     964.988	  8
     966.996	  8
     967.434	  8
     967.804	  8
     967.894	  8
     968.464	  8
     969.246	  8
     969.778	  8
     970.182	  8
     970.764	  8
     971.474	  8
     972.880	  8
     973.444	  8
     973.848	  8
     979.126	  8
     979.458	  8
     979.914	  8
     980.472	  8
     980.870	  8
     981.390	  8
     982.060	  8
     982.634	  8
     982.964	  8
     983.442	  8
     983.898	  8
     985.698	  8
     985.990	  8
     986.318	  8
     986.772	  8
     987.064	  8
     988.318	  8
     993.572	  8
     993.766	  8
     994.680	  8
     995.024	  8
     995.340	  8
     995.374	  8
    1006.762	  8
    1006.912	  8
    1007.226	  8
    1007.560	  8
    1008.064	  8
    1008.502	  8
    1008.876	  8
    1009.220	  8
    1009.516	  8
    1014.082	 53
    1015.686	  8
    1015.686	 20
    1015.686	 27
    1015.696	 28
    1015.696	 19
    1015.796	 29
    1015.914	  8
    1015.966	  9
    1017.304	  8
    1035.816	 51
    1035.826	 10
    1095.826	 53
    1103.672	  8
    1103.672	 20
    1103.672	 27
    1103.682	 28
    1103.682	 19
    1103.782	 29
    1103.834	  8
    1103.952	  9
    1123.802	 50
    1123.812	 17
    1129.766	  8
    1132.524	  8
    1138.512	  8
    1138.796	  8
    1139.152	  8
    1139.514	  8
    1139.884	  8
    1140.542	  8
    1140.696	  8
    1141.356	  8
    1145.414	  8
    1145.644	  8
    1146.356	  8
    1146.648	  8
    1147.296	  8
    1147.924	  8
    1148.552	  8
    1149.246	  8
    1149.982	  8
    1150.580	  8
    1151.086	  8
    1151.426	  8
    1152.440	  8
    1153.812	 53
    1154.148	  8
    1154.148	 20
    1154.148	 27
    1154.158	 28
    1154.158	 19
    1154.258	 29
    1154.428	  9
    1174.278	 50
    1174.288	 17
    1192.554	  8
    1192.804	  8
    1193.218	  8
    1193.846	  8
    1194.244	  8
    1194.622	  8
    1195.058	  8
    1195.216	  8
    1195.726	  8
    1196.698	  8
    1198.354	  8
    1198.676	  8
    1198.932	  8
    1199.302	  8
    1200.668	  8
    1201.250	  8
    1201.626	  8
    1202.024	  8
    1202.548	  8
    1203.066	  8
    1203.732	  8
    1204.288	 53
    1205.520	  8
    1205.520	 20
    1205.520	 27
    1205.530	 28
    1205.530	 19
    1205.630	 29
    1205.800	  9
    1225.650	 50
    1225.660	 17
    1244.494	  8
    1244.816	  8
    1245.226	  8
    1245.824	  8
    1246.410	  8
    1246.810	  8
    1247.422	  8
    1253.194	  8
    1253.360	  8
    1253.788	  8
    1254.190	  8
    1254.638	  8
    1255.186	  8
    1255.660	 53
    1256.012	  8
    1256.012	 20
    1256.012	 27
    1256.022	 28
    1256.022	 19
    1256.122	 29
    1256.268	  8
    1256.292	  9
    1276.142	 52
    1276.152	 18
    1287.740	  7
    1290.972	  7
    1295.106	  7
    1300.032	  7
    1300.252	  7
    1300.398	  7
    1300.550	  7
    1300.686	  7
    1300.810	  7
    1300.978	  7
    1301.090	  7
    1301.272	  7
    1301.412	  7
    1301.542	  7
    1301.674	  7
    1301.798	  7
    1301.934	  7
    1302.064	  7
    1302.200	  7
    1302.324	  7
    1302.516	  7
    1302.634	  7
    1302.762	  7
    1302.904	  7
    1303.040	  7
    1303.184	  7
    1303.320	  7
    1303.462	  7
    1303.598	  7
    1303.734	  7
    1303.886	  7
    1304.050	  7
    1304.178	  7
    1304.306	  7
    1304.442	  7
    1304.568	  7
    1304.714	  7
    1304.876	  7
    1305.026	  7
    1305.170	  7
    1305.314	  7
    1305.458	  7
    1305.636	  7
    1305.772	  7
    1305.898	  7
    1306.028	  7
    1306.168	  7
    1306.332	  7
    1306.470	  7
    1306.608	  7
    1306.748	  7
    1306.894	  7
    1307.066	  7
    1307.182	  7
    1307.324	  7
    1307.478	  7
    1307.622	  7
    1307.764	  7
    1307.914	  7
    1308.068	  7
    1308.196	  7
    1308.390	  7
    1308.520	  7
    1308.656	  7
    1308.794	  7
    1308.928	  7
    1309.076	  7
    1309.224	  7
    1309.376	  7
    1309.540	  7
    1309.686	  7
    1309.830	  7
    1310.026	  7
    1310.148	  7
    1310.276	  7
    1310.412	  7
    1310.554	  7
    1310.700	  7
    1310.862	  7
    1311.022	  7
    1311.164	  7
    1311.330	  7
    1311.470	  7
    1311.624	  7
    1311.836	  7
    1311.958	  7
    1312.088	  7
    1312.230	  7
    1312.362	  7
    1312.498	  7
    1312.626	  7
    1312.768	  7
    1312.908	  7
    1313.052	  7
    1313.196	  7
    1313.386	  7
    1313.540	  7
    1313.658	  7
    1313.828	  7
    1313.956	  7
    1314.110	  7
    1314.284	  7
    1314.438	  7
    1314.602	  7
    1314.754	  7
    1314.920	  7
    1315.062	  7
    1315.204	  7
    1315.406	  7
    1315.524	  7
    1315.658	  7
    1315.792	  7
    1315.934	  7
    1316.068	  7
    1316.210	  7
    1316.346	  7
    1316.508	  7
    1316.660	  7
    1316.868	  7
    1317.066	  7
    1317.184	  7
    1317.336	  7
    1317.486	  7
    1317.664	  7
    1317.812	  7
    1317.998	  7
    1318.176	  7
    1318.746	  7
    1318.846	  7
    1318.976	  7
    1319.152	  7
    1319.284	  7
    1319.416	  7
    1319.590	  7
    1319.732	  7
    1319.926	  7
    1320.070	  7
    1320.222	  7
    1320.362	  7
    1320.520	  7
    1320.670	  7
    1320.840	  7
    1320.970	  7
    1321.106	  7
    1321.262	  7
    1321.398	  7
    1321.560	  7
    1321.710	  7
    1321.882	  7
    1322.024	  7
    1322.248	  7
    1322.380	  7
    1322.530	  7
    1322.698	  7
    1322.832	  7
    1323.024	  7
    1323.158	  7
    1323.320	  7
    1323.462	  7
    1323.618	  7
    1323.780	  7
    1323.942	  7
    1324.098	  7
    1324.300	  7
    1324.420	  7
    1324.554	  7
    1324.700	  7
    1324.836	  7
    1324.976	  7
    1325.132	  7
    1325.282	  7
    1325.442	  7
    1325.622	  7
    1325.780	  7
    1325.936	  7
    1326.090	  7
    1326.208	  7
    1326.360	  7
    1326.520	  7
    1326.668	  7
    1326.842	  7
    1327.000	  7
    1327.200	  7
    1327.326	  7
    1327.486	  7
    1327.672	  7
    1327.898	  7
    1328.048	  7
    1328.188	  7
    1328.326	  7
    1328.492	  7
    1328.648	  7
    1328.782	  7
    1328.934	  7
    1329.088	  7
    1329.304	  7
    1329.432	  7
    1329.584	  7
    1329.736	  7
    1329.876	  7
    1330.022	  7
    1330.176	  7
    1330.314	  7
    1331.274	  7
    1331.404	  7
    1331.554	  7
    1331.698	  7
    1331.834	  7
    1331.986	  7
    1332.150	  7
    1332.310	  7
    1332.478	  7
    1333.112	  7
    1333.250	  7
    1333.384	  7
    1333.564	  7
    1333.728	  7
    1333.908	  7
    1334.076	  7
    1334.244	  7
    1334.390	  7
    1334.626	  7
    1334.798	  7
    1334.926	  7
    1335.124	  7
    1335.288	  7
    1335.414	  7
    1335.570	  7
    1335.706	  7
    1335.862	  7
    1336.018	  7
    1336.164	  7
    1336.322	  7
    1336.446	  7
    1336.580	  7
    1336.800	  7
    1336.944	  7
    1337.320	  7
    1337.494	  7
    1337.616	  7
    1337.766	  7
    1337.910	  7
    1338.086	  7
    1338.220	  7
    1338.352	  7
    1338.494	  7
    1338.644	  7
    1338.852	  7
    1339.018	  7
    1339.162	  7
    1339.304	  7
    1339.618	  7
    1340.250	  7
    1340.402	  7
    1340.732	  7
    1340.856	  7
    1340.982	  7
    1341.128	  7
    1341.248	  7
    1341.408	  7
    1341.540	  7
    1341.690	  7
    1341.852	  7
    1342.026	  7
    1344.478	  7
    1344.690	  7
    1344.886	  7
    1345.082	  7
    1345.300	  7
    1345.878	  7
    1346.034	  7
    1346.170	  7
    1346.482	  7
    1351.322	  7
    1351.482	  7
    1351.652	  7
    1351.960	  7
    1352.084	  7
    1352.200	  7
    1352.274	  7
    1359.582	  7
    1363.174	  7
    1367.424	  7
    1367.608	  7
    1367.746	  7
    1372.040	  7
    1388.172	  7
    1389.482	  7
    1389.722	  7
    1389.872	  7
    1393.250	  7
    1393.640	  7
    1393.884	  7
    1396.152	 53
    1396.162	 20
    1396.162	 27
    1396.586	  7
    1396.776	  7
    1397.118	  7
    1397.310	  7
    1397.394	  7
    1402.750	  7
    1403.154	  7
    1403.310	  7
    1403.610	  7
    1403.736	  7
    1407.836	  7
    1408.038	  7
    1408.254	  7
    1408.572	  7
    1408.734	  7
    1409.416	  7
    1409.540	  7
    1409.672	  7
    1409.854	  7
    1409.996	  7
    1410.176	  7
    1410.364	  7
    1410.504	  7
    1410.638	  7
    1415.150	  7
    1415.292	  7
    1415.406	  7
    1415.582	  7
    1415.816	  7
    1416.070	  7
    1416.182	 50
    1416.192	 17
    1416.250	  7
    1416.678	  7
    1416.980	  7
    1417.140	  7
    1420.012	  7
    1421.140	  7
    1421.926	  7
    1421.988	  7
    1422.092	  7
    1422.432	  7
    1424.312	  7
    1424.868	  7
    1425.396	  7
    1425.904	  7
    1428.714	  7
    1429.074	  7
    1429.170	  7
    1429.348	  7
    1429.480	  7
    1429.612	  7
    1429.740	  7
    1431.858	  7
    1432.070	  7
    1432.850	  7
    1432.986	  7
    1433.182	  7
    1434.994	  8
    1435.158	  8
    1435.518	  8
    1435.964	  8
    1436.554	  8
    1437.128	  8
    1437.586	  8
    1437.758	  8
    1438.216	  8
    1438.460	  8
    1438.624	  8
    1438.978	  8
    1439.550	  8
    1440.050	  8
    1440.670	  8
    1441.446	  8
    1441.972	  8
    1442.236	  8
    1442.456	  8
    1443.326	  8
    1444.012	  8
    1444.560	  8
    1445.342	  8
    1446.192	 53
    1447.406	  8
    1447.406	 20
    1447.406	 27
    1447.416	 28
    1447.416	 19
    1447.516	 29
    1447.540	  8
    1447.686	  9
    1453.868	  8
    1461.888	  8
    1467.536	 52
    1467.546	 18
    1475.450	  8
    1491.796	  8
    1492.018	  8
    1534.898	  7
    1534.988	  7
    1535.268	  7
    1535.404	  7
    1535.660	  7
    1536.838	  7
    1537.062	  7
    1537.270	  7
    1537.566	  7
    1537.732	  7
    1538.028	  7
    1538.226	  7
    1538.434	  7
    1538.666	  7
    1539.100	  7
    1539.520	  7
    1539.706	  7
    1540.088	  7
    1540.402	  7
    1540.498	  7
    1540.628	  7
    1540.766	  7
    1542.510	  7
    1544.536	  7
    1544.694	  7
    1545.078	  7
    1545.276	  7
    1546.338	  7
    1548.126	  7
    1548.332	  7
    1548.372	  7
    1548.436	  7
    1552.972	  7
    1558.132	  7
    1561.976	  7
    1562.232	  7
    1562.344	  7
    1568.374	  7
    1568.560	  7
    1568.864	  7
    1575.828	  7
    1576.412	  7
    1580.018	  7
    1583.018	  7
    1584.190	  8
    1584.436	  8
    1587.546	 53
    1587.556	 20
    1587.556	 27
    1606.852	  7
    1607.576	 52
    1607.586	 18
    1646.150	  8
    1646.328	  8
    1646.812	  8
    1647.234	  8
    1667.076	  8
    1667.236	  8
    1668.084	  8
    1672.322	  8
    1672.528	  8
    1681.454	  8
    1681.864	  8
    1696.294	  6
    1705.472	  8
    1705.940	  8
    1706.606	  8
    1707.212	  8
    1707.532	  8
    1726.282	  7
    1727.586	 53
    1727.596	 20
    1727.596	 27
    1728.776	  7
    1729.034	  7
    1729.214	  7
    1729.456	  7
    1729.504	  7
    1729.918	  7
    1730.066	  7
    1730.220	  7
    1730.248	  7
    1730.372	  7
    1730.678	  7
    1731.898	  7
    1732.362	  7
    1732.482	  7
    1732.594	  7
    1734.190	  7
    1734.576	  7
    1734.702	  7
    1737.674	  7
    1738.048	  7
    1739.232	  7
    1741.808	  7
    1741.902	  7
    1744.512	  7
    1745.116	  7
    1745.220	  7
    1745.314	  7
    1747.616	 51
    1747.626	 10
    1748.314	  7
    1750.490	  7
    1753.506	  7
    1756.046	  7
    1756.404	  7
    1756.646	  7
    1757.000	  7
    1757.138	  7
    1760.452	  7
    1762.496	  7
    1762.652	  7
    1764.972	  7
    1765.614	  7
    1768.474	  7
    1768.604	  7
    1771.254	  8
    1771.768	  8
    1771.840	  8
    1772.354	  8
    1772.752	  8
    1773.150	  8
    1773.512	  8
    1773.916	  8
    1774.412	  8
    1774.654	  8
    1774.952	  8
    1775.302	  8
    1775.486	  8
    1780.626	  8
    1780.732	  8
    1781.098	  8
    1781.514	  8
    1782.538	  8
    1783.222	  8
    1783.862	  8
    1784.116	  8
    1784.424	  8
    1784.858	  8
    1785.324	  8
    1786.306	  8
    1786.816	  8
    1787.516	  8
    1788.198	  8
    1789.252	  8
    1792.454	  8
    1793.334	  8
    1793.752	  8
    1794.264	  8
    1794.628	  8
    1795.042	  8
    1795.700	  8
    1797.048	  8
    1797.352	  8
    1800.066	  8
    1800.278	  8
    1800.554	  8
    1801.118	  8
    1801.766	  8
    1802.564	  8
    1802.872	  8
    1803.248	  8
    1805.624	  8
    1805.970	  8
    1806.380	  8
    1806.786	  8
    1807.352	  8
    1807.626	 53
    1808.118	  8
    1808.118	 20
    1808.118	 27
    1808.128	 28
    1808.128	 19
    1808.228	 29
    1808.398	  9
    1810.440	  8
    1810.704	  8
    1810.820	  8
    1811.532	  8
    1811.806	  8
    1828.248	 51
    1828.258	 10
    1866.324	  8
    1866.486	  8
    1867.094	  8
    1867.802	  8
    1868.516	  8
    1869.184	  8
    1869.926	  8
    1872.948	  8
    1873.394	  8
    1873.912	  8
    1874.430	  8
    1874.910	  8
    1875.304	  8
    1875.674	  8
    1876.566	  8
    1876.944	  8
    1877.604	  8
    1879.106	  8
    1879.540	  8
    1880.024	  8
    1881.018	  8
    1881.406	  8
    1882.238	  8
    1882.620	  8
    1883.058	  8
    1883.566	  8
    1884.016	  8
    1884.484	  8
    1886.288	  8
    1886.608	  8
    1887.518	  8
    1887.992	  8
    1888.258	 53
    1888.430	  8
    1888.430	 20
    1888.430	 27
    1888.440	 28
    1888.440	 19
    1888.540	 29
    1888.710	  9
    1908.560	 52
    1908.570	 18
    1974.652	  8
    1975.330	  8
    1995.454	  8
    1995.534	  8
    1996.628	  8
    2004.926	  8
    2005.290	  8
    2005.520	  8
    2006.024	  8
    2006.644	  8
    2007.178	  8
    2007.660	  8
    2008.048	  8
    2016.530	  8
    2016.942	  8
    2017.688	  8
    2018.638	  8
    2019.548	  8
    2020.048	  8
    2026.410	  8
    2026.548	  8
    2027.544	  8
    2028.570	 53
    2028.580	 20
    2028.580	 27
    2028.718	  8
    2029.254	  8
    2030.220	  8
    2030.774	  8
    2031.456	  8
    2031.872	  8
    2032.456	  8
    2032.986	  8
    2033.880	  8
    2034.338	  8
    2034.624	  8
    2036.268	  8
    2036.740	  8
    2037.606	  8
    2038.198	  8
    2038.822	  8
    2039.744	  8
    2040.052	  8
    2040.380	  8
    2041.520	  8
    2044.124	  8
    2044.628	  8
    2045.680	  8
    2046.136	  8
    2046.580	  8
    2047.364	  8
    2047.974	  8
    2048.600	 51
    2048.610	 10
    2048.612	  8
    2049.648	  8
    2049.708	  8
    2049.742	  8
    2051.000	  8
    2051.892	  8
    2052.054	  8
    2057.080	  8
    2057.302	  8
    2058.058	  8
    2058.526	  8
    2058.948	  8
    2059.256	  8
    2059.604	  8
    2060.052	  8
    2060.654	  8
    2061.322	  8
    2061.658	  8
    2062.178	  8
    2062.566	  8
    2062.958	  8
    2063.294	  8
    2063.680	  8
    2064.282	  8
    2064.762	  8
    2068.424	  8
    2069.180	  8
    2069.846	  8
    2070.238	  8
    2070.594	  8
    2070.924	  8
    2071.510	  8
    2072.410	  8
    2072.946	  8
    2077.452	  8
    2078.018	  8
    2078.304	  8
    2078.736	  8
    2079.204	  8
    2080.160	  8
    2080.488	  8
    2081.380	  8
    2081.760	  8
    2082.212	  8
    2082.500	  8
    2083.054	  8
    2083.380	  8
    2084.072	  8
    2084.644	  8
    2084.990	  8
    2085.316	  8
    2086.222	  8
    2086.728	  8
    2088.228	  8
    2088.982	  8
    2089.276	  8
    2090.170	  8
    2090.464	  8
    2090.794	  8
    2091.452	  8
    2091.572	  8
    2091.986	  8
    2096.392	  8
    2096.518	  8
    2096.914	  8
    2097.436	  8
    2097.952	  8
    2098.602	  8
    2098.892	  8
    2099.422	  8
    2099.744	  8
    2100.094	  8
    2100.478	  8
    2102.246	  8
    2102.652	  8
    2106.086	  8
    2108.610	 53
    2109.518	  8
    2109.518	 20
    2109.518	 27
    2109.528	 28
    2109.528	 19
    2109.628	 29
    2109.694	  8
    2109.798	  9
    2129.648	 50
    2129.658	 17
    2148.400	  8
    2148.820	  8
    2156.842	  8
    2157.058	  8
    2157.570	  8
    2157.788	  8
    2159.658	 53
    2161.788	  8
    2161.788	 20
    2161.788	 27
    2161.798	 28
    2161.798	 19
    2161.898	 29
    2162.002	  8
    2162.068	  9
    2181.918	 51
    2181.928	 10
    2204.040	  8
    2204.172	  8
    2213.780	  8
    2214.000	  8
    2214.092	  8
    2219.500	  8
    2219.958	  8
    2220.086	  8
    2220.600	  8
    2221.030	  8
    2224.358	  8
    2225.182	  8
    2226.236	  8
    2226.954	  8
    2227.380	  8
    2228.010	  8
    2228.822	  8
    2230.250	  8
    2232.822	  8
    2233.748	  8
    2234.278	  8
    2234.692	  8
    2235.326	  8
    2235.682	  8
    2236.276	  8
    2236.866	  8
    2237.200	  8
    2237.644	  8
    2238.288	  8
    2239.406	  8
    2239.750	  8
    2240.584	  8
    2241.176	  8
    2241.482	  8
    2241.928	 53
    2241.950	  8
    2241.950	 20
    2241.950	 27
    2241.960	 28
    2241.960	 19
    2242.060	 29
    2242.230	  9
    2262.080	 50
    2262.090	 17
    2277.844	  8
    2278.594	  8
    2279.082	  8
    2279.428	  8
    2279.858	  8
    2280.396	  8
    2284.484	  8
    2284.686	  8
    2284.772	  8
    2285.262	  8
    2285.736	  8
    2286.014	  8
    2286.380	  8
    2286.860	  8
    2288.188	  8
    2288.822	  8
    2289.572	  8
    2292.090	 53
    2292.314	  8
    2292.314	 20
    2292.314	 27
    2292.324	 28
    2292.324	 19
    2292.424	 29
    2292.520	  8
    2292.594	  9
    2312.444	 50
    2312.454	 17
    2331.420	  8
    2331.794	  8
    2332.320	  8
    2334.588	  8
    2334.704	  8
    2335.008	  8
    2335.966	  8
    2336.778	  8
    2337.430	  8
    2337.918	  8
    2338.358	  8
    2338.794	  8
    2339.678	  8
    2339.906	  8
    2340.968	  8
    2341.618	  8
    2342.234	  8
    2342.454	 53
    2342.532	  8
    2342.532	 20
    2342.532	 27
    2342.542	 28
    2342.542	 19
    2342.642	 29
    2342.762	  8
    2342.812	  9
    2362.662	 52
    2362.672	 18
    2375.846	  7
    2377.516	  7
    2377.666	  7
    2377.802	  7
    2377.986	  7
    2378.130	  7
    2378.526	  7
    2378.608	  7
    2379.302	  7
    2380.408	  7
    2380.686	  7
    2380.930	  7
    2381.874	  7
    2384.272	  7
    2384.460	  7
    2384.658	  7
    2385.464	  7
    2386.296	  7
    2386.916	  7
    2387.086	  7
    2387.490	  7
    2387.662	  7
    2388.106	  7
    2390.504	  7
    2390.602	  7
    2391.110	  7
    2391.338	  7
    2391.414	  7
    2391.576	  7
    2391.682	  7
    2391.818	  7
    2391.952	  7
    2392.086	  7
    2392.764	  7
    2393.276	  7
    2394.814	  7
    2395.608	  7
    2395.720	  7
    2396.002	  7
    2396.134	  7
    2399.024	  7
    2399.170	  7
    2399.336	  7
    2399.514	  7
    2399.834	  7
    2400.008	  7
    2400.164	  7
    2400.330	  7
    2400.468	  7
    2400.600	  7
    2400.796	  7
    2400.950	  7
    2401.072	  7
    2401.252	  7
    2401.420	  7
    2401.528	  7
    2401.666	  7
    2401.798	  7
    2401.956	  7
    2402.142	  7
    2402.254	  7
    2402.384	  7
    2402.530	  7
    2402.682	  7
    2402.998	  7
    2403.136	  7
    2403.260	  7
    2403.390	  7
    2403.496	  7
    2403.794	  7
    2403.916	  7
    2404.090	  7
    2404.352	  7
    2404.476	  7
    2405.132	  7
    2405.240	  7
    2405.396	  7
    2405.584	  7
    2405.768	  7
    2405.874	  7
    2406.032	  7
    2406.184	  7
    2406.368	  7
    2406.496	  7
    2406.628	  7
    2406.770	  7
    2406.900	  7
    2407.044	  7
    2407.180	  7
    2407.304	  7
    2407.456	  7
    2407.618	  7
    2407.934	  7
    2408.062	  7
    2408.184	  7
    2408.372	  7
    2408.838	  7
    2409.172	  7
    2409.296	  7
    2409.428	  7
    2409.838	  7
    2410.002	  7
    2410.226	  7
    2410.394	  7
    2410.518	  7
    2410.642	  7
    2410.796	  7
    2410.988	  7
    2411.126	  7
    2411.298	  7
    2411.466	  7
    2411.652	  7
    2411.802	  7
    2411.972	  7
    2412.118	  7
    2412.254	  7
    2412.392	  7
    2412.578	  7
    2412.708	  7
    2412.834	  7
    2412.974	  7
    2413.112	  7
    2413.268	  7
    2413.418	  7
    2413.588	  7
    2413.730	  7
    2413.864	  7
    2414.036	  7
    2414.220	  7
    2414.408	  7
    2414.560	  7
    2414.688	  7
    2415.050	  7
    2415.172	  7
    2415.848	  7
    2416.038	  7
    2416.166	  7
    2416.336	  7
    2416.760	  7
    2416.894	  7
    2417.044	  7
    2417.206	  7
    2417.348	  7
    2417.506	  7
    2417.662	  7
    2417.806	  7
    2417.950	  7
    2418.114	  7
    2418.258	  7
    2418.408	  7
    2418.548	  7
    2418.718	  7
    2418.840	  7
    2418.962	  7
    2419.106	  7
    2419.256	  7
    2419.394	  7
    2419.562	  7
    2419.704	  7
    2419.852	  7
    2420.050	  7
    2420.194	  7
    2420.334	  7
    2420.502	  7
    2420.668	  7
    2420.806	  7
    2420.940	  7
    2421.126	  7
    2421.260	  7
    2421.412	  7
    2421.598	  7
    2421.764	  7
    2421.900	  7
    2422.052	  7
    2422.194	  7
    2422.350	  7
    2422.534	  7
    2422.830	  7
    2422.976	  7
    2423.106	  7
    2423.256	  7
    2423.400	  7
    2423.538	  7
    2423.688	  7
    2423.838	  7
    2423.972	  7
    2424.116	  7
    2424.290	  7
    2424.460	  7
    2424.632	  7
    2424.820	  7
    2424.996	  7
    2425.128	  7
    2425.792	  7
    2425.916	  7
    2426.060	  7
    2426.176	  7
    2426.318	  7
    2426.458	  7
    2426.664	  7
    2426.798	  7
    2426.944	  7
    2427.100	  7
    2427.240	  7
    2427.388	  7
    2427.550	  7
    2427.694	  7
    2427.840	  7
    2427.982	  7
    2428.132	  7
    2428.274	  7
    2428.512	  7
    2428.634	  7
    2428.780	  7
    2428.914	  7
    2429.096	  7
    2429.206	  7
    2429.594	  7
    2429.726	  7
    2429.868	  7
    2430.008	  7
    2430.162	  7
    2430.318	  7
    2430.528	  7
    2430.682	  7
    2430.890	  7
    2431.050	  7
    2431.202	  7
    2432.318	  7
    2432.454	  7
    2432.594	  7
    2432.730	  7
    2432.866	  7
    2433.006	  7
    2433.142	  7
    2433.312	  7
    2433.454	  7
    2433.602	  7
    2433.748	  7
    2433.932	  7
    2434.160	  7
    2434.290	  7
    2434.444	  7
    2434.574	  7
    2434.738	  7
    2434.884	  7
    2435.032	  7
    2435.176	  7
    2435.328	  7
    2435.466	  7
    2435.688	  7
    2435.852	  7
    2436.004	  7
    2436.162	  7
    2436.284	  7
    2436.570	  7
    2436.914	  7
    2437.050	  7
    2437.190	  7
    2437.380	  7
    2437.494	  7
    2437.676	  7
    2437.858	  7
    2438.046	  7
    2438.228	  7
    2438.438	  7
    2438.590	  7
    2438.726	  7
    2440.520	  7
    2440.650	  7
    2441.784	  7
    2444.074	  8
    2445.764	  8
    2446.756	  8
    2447.300	  8
    2447.664	  8
    2447.810	  8
    2482.672	 53
    2482.682	 20
    2482.682	 27
    2500.692	  8
    2500.746	  8
    2502.550	  8
    2502.702	 52
    2502.712	 18
    2506.158	  8
    2507.450	  8
    2507.882	  8
    2511.062	  8
    2511.402	  8
    2519.528	  8
    2520.774	  8
    2521.278	  8
    2521.564	  8
    2522.034	  8
    2534.664	  8
    2535.074	  8
    2535.532	  8
    2536.624	  8
    2537.174	  8
    2537.610	  8
    2537.982	  8
    2538.548	  8
    2539.204	  8
    2539.740	  8
    2540.306	  8
    2541.340	  8
    2542.016	  8
    2542.594	  8
    2543.358	  8
    2544.634	  8
    2545.106	  8
    2545.474	  8
    2546.020	  8
    2546.696	  8
    2547.864	  8
    2549.084	  8
    2549.538	  8
    2549.940	  8
    2550.288	  8
    2550.730	  8
    2551.186	  8
    2551.528	  8
    2552.108	  8
    2553.170	  8
    2556.746	  8
    2557.134	  8
    2557.542	  8
    2558.120	  8
    2558.412	  8
    2558.880	  8
    2559.528	  8
    2560.480	  8
    2561.520	  8
    2562.044	  8
    2564.650	  8
    2565.386	  8
    2566.074	  8
    2566.428	  8
    2566.572	  8
    2567.002	  8
    2567.490	  8
    2567.834	  8
    2568.274	  8
    2568.902	  8
    2569.210	  8
    2570.026	  8
    2570.378	  8
    2570.460	  8
    2570.814	  8
    2571.308	  8
    2571.882	  8
    2572.188	  8
    2572.456	  8
    2573.356	  8
    2573.622	  8
    2575.540	  8
    2575.752	  8
    2576.222	  8
    2577.208	  8
    2577.724	  8
    2578.094	  8
    2578.494	  8
    2578.786	  8
    2579.142	  8
    2579.476	  8
    2580.030	  8
    2580.428	  8
    2580.596	  8
    2580.908	  8
    2581.870	  8
    2582.156	  8
    2582.474	  8
    2582.734	  8
    2584.668	  8
    2585.128	  8
    2587.342	  8
    2587.886	  8
    2588.398	  8
    2589.340	  8
    2589.842	  8
    2590.196	  8
    2591.050	  8
    2595.698	  8
    2622.712	 53
    2622.722	 20
    2622.722	 27
    2634.592	  8
    2634.690	  8
    2635.290	  8
    2635.642	  8
    2636.148	  8
    2636.300	  8
    2636.514	  8
    2637.006	  8
    2637.756	  8
    2638.352	  8
    2638.748	  8
    2639.186	  8
    2639.710	  8
    2640.274	  8
    2640.408	  8
    2641.094	  8
    2641.478	  8
    2641.538	  8
    2641.940	  8
    2642.718	  8
    2642.742	 52
    2642.752	 18
    2642.930	  8
    2643.452	  8
    2643.634	  8
    2651.800	  8
    2652.002	  8
    2653.250	  8
    2653.956	  8
    2662.718	  8
    2663.132	  8
    2664.106	  8
    2664.832	  8
    2664.886	  8
    2665.302	  8
    2665.592	  8
    2666.182	  8
    2666.744	  8
    2667.266	  8
    2667.716	  8
    2668.108	  8
    2678.774	  8
    2679.108	  8
    2679.604	  8
    2680.018	  8
    2680.508	  8
    2680.986	  8
    2681.552	  8
    2681.754	  8
    2681.880	  8
    2682.190	  8
    2682.268	  8
    2689.466	  8
    2690.262	  8
    2690.746	  8
    2691.044	  8
    2691.446	  8
    2691.686	  8
    2696.338	  8
    2696.738	  8
    2697.040	  8
    2699.736	  8
    2699.888	  8
    2700.224	  8
    2700.512	  8
    2700.740	  8
    2701.202	  8
    2701.534	  8
    2701.876	  8
    2702.276	  8
    2702.680	  8
    2703.144	  8
    2703.632	  8
    2705.142	  8
    2708.966	  8
    2709.916	  8
    2710.378	  8
    2711.262	  8
    2711.592	  8
    2711.820	  8
    2712.950	  8
    2713.018	  8
    2713.432	  8
    2714.352	  8
    2714.848	  8
    2715.356	  8
    2716.872	  8
    2717.444	  8
    2718.228	  8
    2718.778	  8
    2719.104	  8
    2719.902	  8
    2720.360	  8
    2720.684	  8
    2721.938	  8
    2722.456	  8
    2722.784	  8
    2723.116	  8
    2723.474	  8
    2723.770	  8
    2724.024	  8
    2724.332	  8
    2724.686	  8
    2725.062	  8
    2725.302	  8
    2736.172	  8
    2737.746	  8
    2738.448	  8
    2738.944	  8
    2739.456	  8
    2739.752	  8
    2740.174	  8
    2740.694	  8
    2741.058	  8
    2741.432	  8
    2741.656	  8
    2742.294	  8
    2742.458	  8
    2742.610	  8
    2744.692	  8
    2745.248	  8
    2745.652	  8
    2746.134	  8
    2753.918	  8
    2754.178	  8
    2754.674	  8
    2762.752	 53
    2762.762	 20
    2762.762	 27
    2772.296	  7
    2774.664	  7
    2775.030	  7
    2776.446	  7
    2777.098	  7
    2777.286	  7
    2777.468	  7
    2777.718	  7
    2778.038	  7
    2779.840	  7
    2780.058	  7
    2782.782	 51
    2782.792	 10
    2785.062	  7
    2785.168	  7
    2788.954	  7
    2789.046	  7
    2790.178	  7
    2790.338	  7
    2798.420	  7
    2805.094	  7
    2807.760	  7
    2807.902	  7
    2808.066	  7
    2813.124	  7
    2816.828	  7
    2817.382	  7
    2817.528	  7
    2817.684	  7
    2817.870	  7
    2818.232	  7
    2818.348	  7
    2824.324	  7
    2824.548	  7
    2825.026	  7
    2825.216	  7
    2825.372	  7
    2825.514	  7
    2825.690	  7
    2825.890	  7
    2826.038	  7
    2826.204	  7
    2826.358	  7
    2826.508	  7
    2826.644	  7
    2826.790	  7
    2826.910	  7
    2827.070	  7
    2827.252	  7
    2827.504	  7
    2827.622	  7
    2827.772	  7
    2827.906	  7
    2828.060	  7
    2828.218	  7
    2828.366	  7
    2828.520	  7
    2828.692	  7
    2828.834	  7
    2828.964	  7
    2829.094	  7
    2829.212	  7
    2829.366	  7
    2829.468	  7
    2829.694	  7
    2829.814	  7
    2829.982	  7
    2830.124	  7
    2830.262	  7
    2830.408	  7
    2830.532	  7
    2830.676	  7
    2830.808	  7
    2831.010	  7
    2831.144	  7
    2831.266	  7
    2831.430	  7
    2831.540	  7
    2833.634	  8
    2833.662	  8
    2834.026	  8
    2834.166	  8
    2834.598	  8
    2835.122	  8
    2835.204	  8
    2835.418	  8
    2835.920	  8
    2836.374	  8
    2836.536	  8
    2836.934	  8
    2837.270	  8
    2837.386	  8
    2837.424	  8
    2837.736	  8
    2837.918	  8
    2838.020	  8
    2838.462	  8
    2838.824	  8
    2839.334	  8
    2839.874	  8
    2840.358	  8
    2840.798	  8
    2841.318	  8
    2841.842	  8
    2841.926	  8
    2842.466	  8
    2842.792	 53
    2843.462	  8
    2843.462	 20
    2843.462	 27
    2843.472	 28
    2843.472	 19
    2843.572	 29
    2843.742	  9
    2863.592	 52
    2863.602	 18
    2877.210	  7
    2877.966	  7
    2887.242	  7
    2887.360	  7
    2887.530	  7
    2887.732	  7
    2888.022	  7
    2888.420	  7
    2888.858	  7
    2889.226	  7
    2889.878	  7
    2890.458	  7
    2890.670	  7
    2891.052	  7
    2891.464	  7
    2891.660	  7
    2892.838	  7
    2892.948	  7
    2893.074	  7
    2897.084	  7
    2897.272	  7
    2902.082	  7
    2907.980	  7
    2908.422	  7
    2910.814	  7
    2913.188	  7
    2913.308	  7
    2913.418	  7
    2913.552	  7
    2920.058	  7
    2922.910	  7
    2928.990	  7
    2929.644	  7
    2932.514	  7
    2936.976	  7
    2940.310	  7
    2940.424	  7
    2940.552	  7
    2944.812	  7
    2944.998	  7
    2945.168	  7
    2945.310	  7
    2945.490	  7
    2945.658	  7
    2945.818	  7
    2946.018	  7
    2946.148	  7
    2946.300	  7
    2946.448	  7
    2946.586	  7
    2946.718	  7
    2946.860	  7
    2946.996	  7
    2947.208	  7
    2947.344	  7
    2947.466	  7
    2947.616	  7
    2947.752	  7
    2947.936	  7
    2948.072	  7
    2948.246	  7
    2948.418	  7
    2948.668	  7
    2948.844	  7
    2948.966	  7
    2949.278	  7
    2949.404	  7
    2949.526	  7
    2950.440	  7
    2950.610	  7
    2950.738	  7
    2950.856	  7
    2951.002	  7
    2951.148	  7
    2951.286	  7
    2951.424	  7
    2951.552	  7
    2951.918	  7
    2952.080	  7
    2952.204	  7
    2952.326	  7
    2952.468	  7
    2952.620	  7
    2952.778	  7
    2952.916	  7
    2953.080	  7
    2953.212	  7
    2953.410	  7
    2953.584	  7
    2953.714	  7
    2953.836	  7
    2953.968	  7
    2954.106	  7
    2954.244	  7
    2954.410	  7
    2954.590	  7
    2954.944	  7
    2955.092	  7
    2955.214	  7
    2955.390	  7
    2955.550	  7
    2955.706	  7
    2955.876	  7
    2956.040	  7
    2956.190	  7
    2956.324	  7
    2956.464	  7
    2956.616	  7
    2956.766	  7
    2956.956	  7
    2957.088	  7
    2957.228	  7
    2957.366	  7
    2957.516	  7
    2957.648	  7
    2957.790	  7
    2957.926	  7
    2958.072	  7
    2958.262	  7
    2958.382	  7
    2958.514	  7
    2958.670	  7
    2958.822	  7
    2959.000	  7
    2959.310	  7
    2959.774	  7
    2959.894	  7
    2960.076	  7
    2960.190	  7
    2960.358	  7
    2960.550	  7
    2960.928	  7
    2961.070	  7
    2961.210	  7
    2961.354	  7
    2961.512	  7
    2961.652	  7
    2961.950	  7
    2962.120	  7
    2962.400	  7
    2962.596	  7
    2962.772	  7
    2962.906	  7
    2963.078	  7
    2963.232	  7
    2963.402	  7
    2963.574	  7
    2963.712	  7
    2963.872	  7
    2964.016	  7
    2964.172	  7
    2964.294	  7
    2964.438	  7
    2964.588	  7
    2964.896	  7
    2965.398	  7
    2966.130	  7
    2966.404	  7
    2966.542	  7
    2966.724	  7
    2966.804	  7
    2966.948	  7
    2969.252	  7
    2969.502	  7
    2971.252	  7
    2971.532	  7
    2975.066	  7
    2977.284	  7
    2977.622	  7
    2977.710	  7
    2980.846	  7
    2981.194	  7
    2982.146	  7
    2983.602	 53
    2983.612	 20
    2983.612	 27
    2985.846	  7
    2985.942	  7
    2986.130	  7
    2986.456	  7
    2986.572	  7
    2987.402	  7
    2987.498	  7
    2987.648	  7
    2987.788	  7
    2987.948	  7
    2988.116	  7
    2988.316	  7
    2990.802	  7
    2991.186	  7
    2993.946	  7
    2994.598	  7
    2997.468	  7
    2997.614	  7
    2997.772	  7
    2997.904	  7
    2998.160	  7
    2998.270	  7
    2998.600	  7
    2998.766	  7
    2999.300	  7
    2999.426	  7
    3003.632	 50
    3003.642	 17
    3003.780	  7
    3004.374	  7
    3004.598	  7
    3008.632	  7
    3008.802	  7
    3008.950	  7
    3009.080	  7
    3009.234	  7
    3009.366	  7
    3009.536	  7
    3009.646	  7
    3009.780	  7
    3013.550	  7
    3013.676	  7
    3013.822	  7
    3013.964	  7
    3014.144	  7
    3014.274	  7
    3014.392	  7
    3014.530	  7
    3014.676	  7
    3014.816	  7
    3014.950	  7
    3015.208	  7
    3018.184	  7
    3018.784	  7
    3018.896	  7
    3019.042	  7
    3019.246	  7
    3019.418	  7
    3019.604	  7
    3019.844	  7
    3020.402	  7
    3023.526	  7
    3023.618	  7
    3023.748	  7
    3023.908	  7
    3024.094	  7
    3024.278	  7
    3024.956	  7
    3028.160	  7
    3028.298	  7
    3028.428	  7
    3028.604	  7
    3028.742	  7
    3028.872	  7
    3033.616	  7
    3033.642	 53
    3034.138	  7
    3034.248	  7
    3034.396	  7
    3035.016	  7
    3035.162	  7
    3035.348	  7
    3037.628	  8
    3037.628	 20
    3037.628	 27
    3037.638	 28
    3037.638	 19
    3037.738	 29
    3037.774	  8
    3037.908	  9
    3057.758	 52
    3057.768	 18
    3065.936	  7
    3066.560	  7
    3074.320	  7
    3074.454	  7
    3074.860	  7
    3075.124	  7
    3075.278	  7
    3075.524	  7
    3075.726	  7
    3075.940	  7
    3076.176	  7
    3077.206	  7
    3088.538	  7
    3089.120	  7
    3089.298	  7
    3089.444	  7
    3089.716	  7
    3089.868	  7
    3091.762	  7
    3092.174	  7
    3092.416	  7
    3092.598	  7
    3092.808	  7
    3092.992	  7
    3093.226	  7
    3095.882	  7
    3096.040	  7
    3096.572	  7
    3096.660	  7
    3096.896	  7
    3096.946	  7
    3097.018	  7
    3097.108	  7
    3097.232	  7
    3097.494	  7
    3097.702	  7
    3097.930	  7
    3098.414	  7
    3098.616	  7
    3098.832	  7
    3098.864	  7
    3099.142	  7
    3099.802	  7
    3105.040	  7
    3106.942	  7
    3107.938	  7
    3108.060	  7
    3108.190	  7
    3109.010	  7
    3112.250	  7
    3113.538	  7
    3113.812	  7
    3119.788	  7
    3124.428	  7
    3128.574	  7
    3128.828	  7
    3128.932	  7
    3133.336	  7
    3133.490	  7
    3137.514	  7
    3137.668	  7
    3137.778	  7
    3137.934	  7
    3138.208	  7
    3138.374	  7
    3138.486	  7
    3138.658	  7
    3138.796	  7
    3138.950	  7
    3139.162	  7
    3139.314	  7
    3139.450	  7
    3139.806	  7
    3139.928	  7
    3140.092	  7
    3140.244	  7
    3140.404	  7
    3140.556	  7
    3140.704	  7
    3140.852	  7
    3141.002	  7
    3141.182	  7
    3141.302	  7
    3141.428	  7
    3141.570	  7
    3141.700	  7
    3141.832	  7
    3142.000	  7
    3142.166	  7
    3142.320	  7
    3142.466	  7
    3142.998	  7
    3143.144	  7
    3143.268	  7
    3143.388	  7
    3143.574	  7
    3143.740	  7
    3143.890	  7
    3144.028	  7
    3144.204	  7
    3144.338	  7
    3144.474	  7
    3144.636	  7
    3144.772	  7
    3144.920	  7
    3147.144	  7
    3148.990	  7
    3149.058	  7
    3149.212	  7
    3152.690	  7
    3152.838	  7
    3153.054	  7
    3153.874	  7
    3153.990	  7
    3154.034	  7
    3154.110	  7
    3158.178	  7
    3158.316	  7
    3158.468	  7
    3158.634	  7
    3158.810	  7
    3158.988	  7
    3159.192	  7
    3159.616	  7
    3159.716	  7
    3159.884	  7
    3160.050	  7
    3160.196	  7
    3160.350	  7
    3160.508	  7
    3160.662	  7
    3160.800	  7
    3160.936	  7
    3161.140	  7
    3161.250	  7
    3161.392	  7
    3161.520	  7
    3161.654	  7
    3161.840	  7
    3162.006	  7
    3162.292	  7
    3162.424	  7
    3164.876	  7
    3165.060	  7
    3165.364	  7
    3167.964	  7
    3168.106	  7
    3168.244	  7
    3168.422	  7
    3168.578	  7
    3168.724	  7
    3168.860	  7
    3169.002	  7
    3169.258	  7
    3169.526	  7
    3169.686	  7
    3169.820	  7
    3170.052	  7
    3170.188	  7
    3170.382	  7
    3170.598	  7
    3171.196	  7
    3171.476	  7
    3171.584	  7
    3173.466	  7
    3173.604	  7
    3173.880	  7
    3174.000	  7
    3174.804	  7
    3174.954	  7
    3175.062	  7
    3175.202	  7
    3176.974	  7
    3177.130	  7
    3177.326	  7
    3177.768	 53
    3177.778	 20
    3177.778	 27
    3177.964	  7
    3179.454	  7
    3179.634	  7
    3179.822	  7
    3180.166	  7
    3180.690	  7
    3180.860	  7
    3180.964	  7
    3185.380	  7
    3185.568	  7
    3188.180	  7
    3189.730	  7
    3189.908	  7
    3190.092	  7
    3190.354	  7
    3190.472	  7
    3190.588	  7
    3190.650	  7
    3194.622	  8
    3195.386	  8
    3195.730	  8
    3196.840	  8
    3197.324	  8
    3197.798	 51
    3197.808	 10
    3198.048	  8
    3198.692	  8
    3199.100	  8
    3199.770	  8
    3214.444	  8
    3214.986	  8
    3215.116	  8
    3224.494	  8
    3224.774	  8
    3225.990	  8
    3226.624	  8
    3227.460	  8
    3228.106	  8
    3228.568	  8
    3228.984	  8
    3229.458	  8
    3229.994	  8
    3230.736	  8
    3231.240	  8
    3232.832	  8
    3233.100	  8
    3237.380	  8
    3238.178	  8
    3238.676	  8
    3239.038	  8
    3239.432	  8
    3240.014	  8
    3240.548	  8
    3240.942	  8
    3241.466	  8
    3241.828	  8
    3242.372	  8
    3242.710	  8
    3243.072	  8
    3243.526	  8
    3244.024	  8
    3244.558	  8
    3245.804	  8
    3246.178	  8
    3246.510	  8
    3246.746	  8
    3247.160	  8
    3247.584	  8
    3247.826	  8
    3248.282	  8
    3248.624	  8
    3250.058	  8
    3250.774	  8
    3251.380	  8
    3251.732	  8
    3252.140	  8
    3252.882	  8
    3253.176	  8
    3253.638	  8
    3254.720	  8
    3254.966	  8
    3255.312	  8
    3257.808	 53
    3258.058	  8
    3258.058	 20
    3258.058	 27
    3258.068	 28
    3258.068	 19
    3258.168	 29
    3258.316	  8
    3258.338	  9
    3271.558	  7
    3274.028	  7
    3274.362	  7
    3278.188	 51
    3278.198	 10
    3283.776	  7
    3283.964	  7
    3284.198	  7
    3284.400	  7
    3286.336	  7
    3286.458	  7
    3287.780	  7
    3289.952	  7
    3290.216	  7
    3295.320	  7
    3295.458	  7
    3296.532	  7
    3296.622	  7
    3298.914	  7
    3299.548	  7
    3299.704	  7
    3302.550	  7
    3302.694	  7
    3303.080	  7
    3307.638	  7
    3307.788	  7
    3308.320	  7
    3308.414	  7
    3308.622	  7
    3308.824	  7
    3311.960	  7
    3312.174	  7
    3312.352	  7
    3312.544	  7
    3313.070	  7
    3323.004	  7
    3323.536	  7
    3323.700	  7
    3324.208	  7
    3327.218	  7
    3327.300	  7
    3327.632	  7
    3327.888	  7
    3328.022	  7
    3328.200	  7
    3328.530	  7
    3328.660	  7
    3331.354	  7
    3331.444	  7
    3331.620	  7
    3331.990	  7
    3332.092	  7
    3332.270	  7
    3332.442	  7
    3332.658	  7
    3332.828	  7
    3332.918	  7
    3333.080	  7
    3333.236	  7
    3333.384	  7
    3333.590	  7
    3333.730	  7
    3333.834	  7
    3334.000	  7
    3334.160	  7
    3334.320	  7
    3334.474	  7
    3334.646	  7
    3334.808	  7
    3334.956	  7
    3335.298	  7
    3335.454	  7
    3335.570	  7
    3335.702	  7
    3335.868	  7
    3336.048	  7
    3336.194	  7
    3336.362	  7
    3336.510	  7
    3336.636	  7
    3336.800	  7
    3336.982	  7
    3337.216	  7
    3337.402	  7
    3337.596	  7
    3338.198	 53
    3338.654	  7
    3338.778	  7
    3338.932	  7
    3339.102	  7
    3339.236	  7
    3339.410	  7
    3339.548	  7
    3339.700	  7
    3339.880	  7
    3340.028	  7
    3340.128	  7
    3340.314	  7
    3340.478	  7
    3340.684	  7
    3340.826	  7
    3341.012	  7
    3341.174	  7
    3341.308	  7
    3341.442	  7
    3341.614	  7
    3341.826	  7
    3341.972	  7
    3342.108	  7
    3342.262	  7
    3342.418	  7
    3342.558	  7
    3342.692	  7
    3342.840	  7
    3342.982	  7
    3343.172	  7
    3343.322	  7
    3343.464	  7
    3343.610	  7
    3343.830	  7
    3343.960	  7
    3344.192	  7
    3344.434	  7
    3344.586	  7
    3344.748	  7
    3344.922	  7
    3345.094	  7
    3345.228	  7
    3345.402	  7
    3345.578	  7
    3345.726	  7
    3345.826	  7
    3346.204	  7
    3346.490	  7
    3346.750	  7
    3346.918	  7
    3347.286	  7
    3347.394	  7
    3347.542	  7
    3347.696	  7
    3347.886	  7
    3348.040	  7
    3348.198	  7
    3348.344	  7
    3348.502	  7
    3348.644	  7
    3350.300	  8
    3350.300	 20
    3350.300	 27
    3350.310	 28
    3350.310	 19
    3350.410	 29
    3350.572	  8
    3350.580	  9
    3370.430	 52
    3370.440	 18
    3407.528	  7
    3419.122	  8
    3448.156	  8
    3449.188	  8
    3449.608	  8
    3463.786	  8
    3464.046	  8
    3490.440	 53
    3490.450	 20
    3490.450	 27
    3510.470	 51
    3510.480	 10
    3531.966	  8
    3532.502	  8
    3533.004	  8
    3533.268	  8
    3533.404	  8
    3533.922	  8
    3534.238	  8
    3536.112	  8
    3536.656	  8
    3537.014	  8
    3537.630	  8
    3537.752	  8
    3538.108	  8
    3538.350	  8
    3538.614	  8
    3539.222	  8
    3539.362	  8
    3540.056	  8
    3540.288	  8
    3540.752	  8
    3541.072	  8
    3543.810	  8
    3544.242	  8
    3544.498	  8
    3544.628	  8
    3545.100	  8
    3545.642	  8
    3546.248	  8
    3546.288	  8
    3547.086	  8
    3547.212	  8
    3547.528	  8
    3550.450	  8
    3550.714	  8
    3550.802	  8
    3551.016	  8
    3551.130	  8
    3551.292	  8
    3551.820	  8
    3552.322	  8
    3552.804	  8
    3552.952	  8
    3553.640	  8
    3554.072	  8
    3554.448	  8
    3554.792	  8
    3554.882	  8
    3555.274	  8
    3555.412	  8
    3556.018	  8
    3556.476	  8
    3561.202	  8
    3561.566	  8
    3561.694	  8
    3562.174	  8
    3562.536	  8
    3563.118	  8
    3563.354	  8
    3563.722	  8
    3564.132	  8
    3564.444	  8
    3565.060	  8
    3565.594	  8
    3566.184	  8
    3567.962	  8
    3568.808	  8
    3569.268	  8
    3569.620	  8
    3570.074	  8
    3570.430	  8
    3570.480	 53
    3570.666	  8
    3570.666	 20
    3570.666	 27
    3570.676	 28
    3570.676	 19
    3570.776	 29
    3570.946	  9
    3590.796	 50
    3590.806	 17
    3615.092	  8
    3615.588	  8
    3616.070	  8
    3616.274	  8
    3616.542	  8
    3616.934	  8
    3617.314	  8
    3617.792	  8
    3618.466	  8
    3619.024	  8
    3619.542	  8
    3620.060	  8
    3620.806	 53
    3621.498	  8
    3621.498	 20
    3621.498	 27
    3621.508	 28
    3621.508	 19
    3621.608	 29
    3621.778	  9
    3641.628	 51
    3641.638	 10
    3672.920	  7
    3673.370	  7
    3673.968	  7
    3674.108	  7
    3680.112	  7
    3680.206	  7
    3681.788	  7
    3681.908	  7
    3681.974	  7
    3682.012	  7
    3684.644	  7
    3685.222	  7
    3686.282	  7
    3688.338	  7
    3688.528	  7
    3688.856	  7
    3688.982	  7
    3689.118	  7
    3694.340	  8
    3694.552	  8
    3694.904	  8
    3695.372	  8
    3695.980	  8
    3696.708	  8
    3697.096	  8
    3697.676	  8
    3699.252	  8
    3699.762	  8
    3700.676	  8
    3701.562	  8
    3701.638	 53
    3701.778	  8
    3701.778	 20
    3701.778	 27
    3701.788	 28
    3701.788	 19
    3701.888	 29
    3701.896	  8
    3702.058	  9
    3721.908	 52
    3721.918	 18
    3738.802	  7
    3745.204	  7
    3745.960	  7
    3747.054	  7
    3747.410	  7
    3747.858	  7
    3748.324	  7
    3748.764	  7
    3749.170	  7
    3749.394	  7
    3750.538	  7
    3750.758	  7
    3751.004	  7
    3751.226	  7
    3751.398	  7
    3751.638	  7
    3757.290	  7
    3759.842	  7
    3759.950	  7
    3760.084	  7
    3760.220	  7
    3760.378	  7
    3760.572	  7
    3760.860	  7
    3761.014	  7
    3761.208	  7
    3761.392	  7
    3761.572	  7
    3761.784	  7
    3762.024	  7
    3762.080	  7
    3762.216	  7
    3762.438	  7
    3762.564	  7
    3763.488	  7
    3764.380	  7
    3764.494	  7
    3764.624	  7
    3764.764	  7
    3771.154	  7
    3771.318	  7
    3772.042	  7
    3781.596	  7
    3782.194	  7
    3782.886	  7
    3783.174	  7
    3783.206	  7
    3783.284	  7
    3795.916	  7
    3798.518	  7
    3802.722	  7
    3813.490	  7
    3813.798	  7
    3822.170	  7
    3822.276	  7
    3822.332	  7
    3831.408	  8
    3831.548	  8
    3832.272	  8
    3832.798	  8
    3833.234	  8
    3833.452	  8
    3841.918	 53
    3841.928	 20
    3841.928	 27
    3861.948	 51
    3861.958	 10
    3881.930	  7
    3889.152	  8
    3889.674	  8
    3890.138	  8
    3890.258	  8
    3891.022	  8
    3891.200	  8
    3892.676	  8
    3893.126	  8
    3898.198	  8
    3898.606	  8
    3899.518	  8
    3900.200	  8
    3901.422	  8
    3901.984	  8
    3902.800	  8
    3903.314	  8
    3904.054	  8
    3905.306	  8
    3905.624	  8
    3906.472	  8
    3906.784	  8
    3907.044	  8
    3907.162	  8
    3907.678	  8
    3908.334	  8
    3908.546	  8
    3911.818	  8
    3912.666	  8
    3913.148	  8
    3913.626	  8
    3914.590	  8
    3915.372	  8
    3915.882	  8
    3916.218	  8
    3916.528	  8
    3916.878	  8
    3917.356	  8
    3917.798	  8
    3918.542	  8
    3919.602	  8
    3920.182	  8
    3920.480	  8
    3920.872	  8
    3921.338	  8
    3921.958	 53
    3923.020	  8
    3923.020	 20
    3923.020	 27
    3923.030	 28
    3923.030	 19
    3923.130	 29
    3923.300	  9
    3943.150	 50
    3943.160	 17
    3961.480	  8
    3961.974	  8
    3962.364	  8
    3962.738	  8
    3963.042	  8
    3963.612	  8
    3964.262	  8
    3964.356	  8
    3964.990	  8
    3965.908	  8
    3966.278	  8
    3966.650	  8
    3967.004	  8
    3967.844	  8
    3968.248	  8
    3969.472	  8
    3969.776	  8
    3970.056	  8
    3970.362	  8
    3970.706	  8
    3971.140	  8
    3972.210	  8
    3972.506	  8
    3972.644	  8
    3972.866	  8
    3973.160	 53
    3973.202	  8
    3973.202	 20
    3973.202	 27
    3973.212	 28
    3973.212	 19
    3973.312	 29
    3973.482	  9
    3993.332	 51
    3993.342	 10
    4015.798	  7
    4022.954	  7
    4026.300	  7
    4031.222	  7
    4031.418	  7
    4031.606	  7
    4031.874	  7
    4032.038	  7
    4032.520	  7
    4035.056	  8
    4035.306	  8
    4036.524	  8
    4037.952	  8
    4038.642	  8
    4038.710	  8
    4039.720	  8
    4040.216	  8
    4040.356	  8
    4040.952	  8
    4041.332	  8
    4041.856	  8
    4042.292	  8
    4042.594	  8
    4042.916	  8
    4043.760	  8
    4044.344	  8
    4044.620	  8
    4046.458	  8
    4047.006	  8
    4047.544	  8
    4047.810	  8
    4050.124	  8
    4050.566	  8
    4050.936	  8
    4051.786	  8
    4052.370	  8
    4052.674	  8
    4052.986	  8
    4053.342	 53
    4053.436	  8
    4053.436	 20
    4053.436	 27
    4053.446	 28
    4053.446	 19
    4053.546	 29
    4053.716	  9
    4073.566	 51
    4073.576	 10
    4076.372	  8
    4076.418	  8
    4131.372	  8
    4131.666	  8
    4131.826	  8
    4132.010	  8
    4132.488	  8
    4132.746	  8
    4132.876	  8
    4133.084	  8
    4133.150	  8
    4133.576	 53
    4134.152	  8
    4134.152	 20
    4134.152	 27
    4134.162	 28
    4134.162	 19
    4134.262	 29
    4134.368	  8
    4134.432	  9
    4154.282	 52
    4154.292	 18
    4199.784	  7
    4200.030	  7
    4200.234	  7
    4200.368	  7
    4200.560	  7
    4200.782	  7
    4200.998	  7
    4201.686	  7
    4202.782	  7
    4211.118	  7
    4211.184	  7
    4211.286	  7
    4212.190	  7
    4212.274	  7
    4212.342	  7
    4212.524	  7
    4213.192	  7
    4215.228	  7
    4215.516	  7
    4217.314	  7
    4217.674	  7
    4223.788	  7
    4227.408	  7
    4227.912	  7
    4228.324	  7
    4229.132	  7
    4232.946	  7
    4233.428	  7
    4233.820	  7
    4235.246	  7
    4235.498	  7
    4235.646	  7
    4242.872	  7
    4247.412	  7
    4247.548	  7
    4253.948	  7
    4259.174	  7
    4259.404	  7
    4259.536	  7
    4259.654	  7
    4274.292	 53
    4274.302	 20
    4274.302	 27
    4294.322	 51
    4294.332	 10
    4301.234	  7
    4301.560	  7
    4301.788	  7
    4302.006	  7
    4302.172	  7
    4302.354	  7
    4302.550	  7
    4302.744	  7
    4302.966	  7
    4303.168	  7
    4303.402	  7
    4305.834	  7
    4305.994	  7
    4315.682	  8
    4316.652	  8
    4317.082	  8
    4318.170	  8
    4318.636	  8
    4319.956	  8
    4320.484	  8
    4325.470	  8
    4325.586	  8
    4325.938	  8
    4327.336	  8
    4332.740	  8
    4332.888	  8
    4336.192	  8
    4336.432	  8
    4337.274	  8
    4337.826	  8
    4338.464	  8
    4338.794	  8
    4340.620	  8
    4341.156	  8
    4342.044	  8
    4342.812	  8
    4343.556	  8
    4344.006	  8
    4344.456	  8
    4345.698	  8
    4346.096	  8
    4347.368	  8
    4349.026	  8
    4350.392	  8
    4350.828	  8
    4351.204	  8
    4352.078	  8
    4353.076	  8
    4353.540	  8
    4353.966	  8
    4354.332	 53
    4354.418	  8
    4354.418	 20
    4354.418	 27
    4354.428	 28
    4354.428	 19
    4354.528	 29
    4354.698	  9
    4374.548	 50
    4374.558	 17
    4378.832	  7
    4379.312	  7
    4380.026	  7
    4380.114	  7
    4380.292	  7
    4380.404	  7
    4380.544	  7
    4380.652	  7
    4381.584	  7
    4382.086	  7
    4382.196	  7
    4382.840	  7
    4382.932	  7
    4385.124	  7
    4385.528	  7
    4385.682	  7
    4386.512	  7
    4386.928	  7
    4387.192	  7
    4387.496	  7
    4387.770	  7
    4388.018	  7
    4391.020	  7
    4391.140	  7
    4391.306	  7
    4391.518	  7
    4392.214	  7
    4392.328	  7
    4392.468	  7
    4392.654	  7
    4392.778	  7
    4392.914	  7
    4393.056	  7
    4393.192	  7
    4393.330	  7
    4393.470	  7
    4393.594	  7
    4393.762	  7
    4393.946	  7
    4394.074	  7
    4394.256	  7
    4394.364	  7
    4394.492	  7
    4394.620	  7
    4394.760	  7
    4394.940	  7
    4395.064	  7
    4395.214	  7
    4395.356	  7
    4395.566	  7
    4395.690	  7
    4395.822	  7
    4395.942	  7
    4396.070	  7
    4396.204	  7
    4396.350	  7
    4396.554	  7
    4396.712	  7
    4396.868	  7
    4397.028	  7
    4397.326	  7
    4397.474	  7
    4397.592	  7
    4397.740	  7
    4397.924	  7
    4398.114	  7
    4398.252	  7
    4398.408	  7
    4398.576	  7
    4398.724	  7
    4398.868	  7
    4399.042	  7
    4399.178	  7
    4399.308	  7
    4399.452	  7
    4399.584	  7
    4399.718	  7
    4399.854	  7
    4399.992	  7
    4400.140	  7
    4400.282	  7
    4400.466	  7
    4400.610	  7
    4400.748	  7
    4400.916	  7
    4401.052	  7
    4401.224	  7
    4401.398	  7
    4401.542	  7
    4401.684	  7
    4401.812	  7
    4401.974	  7
    4402.120	  7
    4402.278	  7
    4402.452	  7
    4402.610	  7
    4402.774	  7
    4402.916	  7
    4403.082	  7
    4403.252	  7
    4404.128	  7
    4404.230	  7
    4404.360	  7
    4404.500	  7
    4404.558	 53
    4404.634	  7
    4404.788	  7
    4404.918	  7
    4405.080	  7
    4405.228	  7
    4405.386	  7
    4405.536	  7
    4405.690	  7
    4405.838	  7
    4406.002	  7
    4406.164	  7
    4406.294	  7
    4406.464	  7
    4406.754	  7
    4406.858	  7
    4406.996	  7
    4407.142	  7
    4407.272	  7
    4407.432	  7
    4407.662	  7
    4407.790	  7
    4407.930	  7
    4408.114	  7
    4408.258	  7
    4408.408	  7
    4408.712	  7
    4408.826	  7
    4408.968	  7
    4409.120	  7
    4409.284	  7
    4409.448	  7
    4409.590	  7
    4409.778	  7
    4409.906	  7
    4410.040	  7
    4410.182	  7
    4410.328	  7
    4410.474	  7
    4410.626	  7
    4410.776	  7
    4410.932	  7
    4411.112	  7
    4411.282	  7
    4411.428	  7
    4411.642	  7
    4411.796	  7
    4411.946	  7
    4412.248	  7
    4412.380	  7
    4412.510	  7
    4412.660	  7
    4412.832	  7
    4412.984	  7
    4413.184	  7
    4413.362	  7
    4413.532	  7
    4413.704	  7
    4413.884	  7
    4414.056	  7
    4414.220	  7
    4414.392	  7
    4414.524	  7
    4414.658	  7
    4414.798	  7
    4414.928	  7
    4415.086	  7
    4415.254	  7
    4415.426	  7
    4415.594	  7
    4415.766	  7
    4415.920	  7
    4416.084	  7
    4416.314	  7
    4416.478	  7
    4416.630	  7
    4416.842	  7
    4416.998	  7
    4417.280	  7
    4417.618	  7
    4417.780	  7
    4417.918	  7
    4418.050	  7
    4418.268	  7
    4418.446	  7
    4418.764	  7
    4419.088	  7
    4419.248	  7
    4419.408	  7
    4419.554	  7
    4419.732	  7
    4419.862	  7
    4420.096	  7
    4420.274	  7
    4420.388	  7
    4420.536	  7
    4420.664	  7
    4420.828	  7
    4420.964	  7
    4421.118	  7
    4421.264	  7
    4421.416	  7
    4421.566	  7
    4421.884	  7
    4422.000	  7
    4422.136	  7
    4422.316	  7
    4422.492	  7
    4422.706	  7
    4422.918	  7
    4423.064	  7
    4423.256	  7
    4423.414	  7
    4423.606	  7
    4423.770	  7
    4423.950	  7
    4424.108	  7
    4424.250	  7
    4424.438	  7
    4424.578	  7
    4424.732	  7
    4424.912	  7
    4425.108	  7
    4425.286	  7
    4425.454	  7
    4425.592	  7
    4426.354	  7
    4426.756	  7
    4426.906	  7
    4427.032	  7
    4427.190	  7
    4427.344	  7
    4427.474	  7
    4427.622	  7
    4428.184	  7
    4428.288	  7
    4428.536	  7
    4428.654	  7
    4428.796	  7
    4428.926	  7
    4429.146	  7
    4429.270	  7
    4430.078	  7
    4430.184	  7
    4430.362	  7
    4430.512	  7
    4431.436	  7
    4431.544	  7
    4431.698	  7
    4431.990	  7
    4432.112	  7
    4432.286	  7
    4432.408	  7
    4432.564	  7
    4432.714	  7
    4432.866	  7
    4433.038	  7
    4433.184	  7
    4433.374	  7
    4433.508	  7
    4433.642	  7
    4433.782	  7
    4433.928	  7
    4434.096	  7
    4434.270	  7
    4434.460	  7
    4434.646	  7
    4435.014	  7
    4435.762	  7
    4435.914	  7
    4436.090	  7
    4436.268	  7
    4436.430	  7
    4436.602	  7
    4436.774	  7
    4436.962	  7
    4437.152	  7
    4437.324	  7
    4437.546	  7
    4437.732	  7
    4437.926	  7
    4438.056	  7
    4438.184	  7
    4438.318	  7
    4438.458	  7
    4438.590	  7
    4438.732	  7
    4438.920	  7
    4439.054	  7
    4439.166	  7
    4439.510	  7
    4441.936	  8
    4441.936	 20
    4441.936	 27
    4441.946	 28
    4441.946	 19
    4442.046	 29
    4442.168	  8
    4442.216	  9
    4462.066	 50
    4462.076	 17
    4481.734	  8
    4481.976	  8
    4487.416	  8
    4487.862	  8
    4488.418	  8
    4488.884	  8
    4489.318	  8
    4489.630	  8
    4490.004	  8
    4490.478	  8
    4491.424	  8
    4491.922	  8
    4492.076	 53
    4492.516	  8
    4492.516	 20
    4492.516	 27
    4492.526	 28
    4492.526	 19
    4492.626	 29
    4492.784	  8
    4492.796	  9
    4512.646	 51
    4512.656	 10
    4523.774	  8
    4571.066	  8
    4571.730	  8
    4572.656	 53
    4574.110	  8
    4574.110	 20
    4574.110	 27
    4574.120	 28
    4574.120	 19
    4574.220	 29
    4574.390	  9
    4574.414	  8
    4594.240	 52
    4594.250	 18
    4597.468	  8
    4603.078	  8
    4603.386	  8
    4704.572	  8
    4705.008	  8
    4714.250	 53
    4714.260	 20
    4714.260	 27
    4724.044	  8
    4724.430	  8
    4725.540	  8
    4726.518	  8
    4727.954	  8
    4728.188	  8
    4728.558	  8
    4729.220	  8
    4729.594	  8
    4730.118	  8
    4730.466	  8
    4731.636	  8
    4732.144	  8
    4732.576	  8
    4732.882	  8
    4733.312	  8
    4733.786	  8
    4734.280	 52
    4734.290	 18
    4734.522	  8
    4736.750	  8
    4737.222	  8
    4737.930	  8
    4738.840	  8
    4739.234	  8
    4740.360	  8
    4740.970	  8
    4741.272	  8
    4741.612	  8
    4742.002	  8
    4742.348	  8
    4743.046	  8
    4747.714	  8
    4748.438	  8
    4749.596	  8
    4749.982	  8
    4750.448	  8
    4751.010	  8
    4751.444	  8
    4752.272	  8
    4753.058	  8
    4753.446	  8
    4754.684	  8
    4755.278	  8
    4755.900	  8
    4756.344	  8
    4756.908	  8
    4757.180	  8
    4759.672	  8
    4760.188	  8
    4760.532	  8
    4760.922	  8
    4761.116	  8
    4761.766	  8
    4762.650	  8
    4762.728	  8
    4763.022	  8
    4763.338	  8
    4763.810	  8
    4764.256	  8
    4764.972	  8
    4765.562	  8
    4765.946	  8
    4766.950	  8
    4770.920	  8
    4771.136	  8
    4771.702	  8
    4772.122	  8
    4772.596	  8
    4773.090	  8
    4773.830	  8
    4774.298	  8
    4774.902	  8
    4775.260	  8
    4775.640	  8
    4776.382	  8
    4776.772	  8
    4777.322	  8
    4778.900	  8
    4779.388	  8
    4779.998	  8
    4780.308	  8
    4784.024	  7
    4784.430	  7
    4785.124	  7
    4785.356	  7
    4786.076	  7
    4786.928	  7
    4787.356	  7
    4787.764	  7
    4792.648	  8
    4792.790	  8
    4801.998	  7
    4802.430	  7
    4802.860	  7
    4808.838	  7
    4811.654	  7
    4812.388	  7
    4812.804	  7
    4813.020	  7
    4813.754	  7
    4813.870	  7
    4816.838	  7
    4828.492	  7
    4831.552	  7
    4831.826	  7
    4832.892	  7
    4835.930	  7
    4839.888	  7
    4839.938	  7
    4845.496	  7
    4848.362	  7
    4848.988	  7
    4849.112	  7
    4849.216	  7
    4853.100	  7
    4853.248	  7
    4853.430	  7
    4853.614	  7
    4853.918	  7
    4854.040	  7
    4854.158	  7
    4854.286	  7
    4854.290	 53
    4854.300	 20
    4854.300	 27
    4859.512	  7
    4859.732	  7
    4859.830	  7
    4859.964	  7
    4863.332	  7
    4863.502	  7
    4864.336	  7
    4864.456	  7
    4864.702	  7
    4864.826	  7
    4864.972	  7
    4865.100	  7
    4865.306	  7
    4865.578	  7
    4865.784	  7
    4865.942	  7
    4866.148	  7
    4866.718	  7
    4866.824	  7
    4867.022	  7
    4867.134	  7
    4867.268	  7
    4867.422	  7
    4867.562	  7
    4872.086	  7
    4872.260	  7
    4872.480	  7
    4872.800	  7
    4872.936	  7
    4873.072	  7
    4874.320	 51
    4874.330	 10
    4876.744	  7
    4879.056	  7
    4879.292	  7
    4879.416	  7
    4879.598	  7
    4879.786	  7
    4880.058	  7
    4880.394	  7
    4880.540	  7
    4880.846	  7
    4880.984	  7
    4881.130	  7
    4883.942	  7
    4887.062	  7
    4887.210	  7
    4887.376	  7
    4887.568	  7
    4887.702	  7
    4887.838	  7
    4887.966	  7
    4890.544	  7
    4892.340	  7
    4892.552	  7
    4892.820	  7
    4892.924	  7
    4893.244	  7
    4893.378	  7
    4893.460	  7
    4896.410	  7
    4896.546	  7
    4897.024	  7
    4897.192	  7
    4897.328	  7
    4897.484	  7
    4897.624	  7
    4897.766	  7
    4897.914	  7
    4898.048	  7
    4898.222	  7
    4898.356	  7
    4898.508	  7
    4898.688	  7
    4898.856	  7
    4898.972	  7
    4899.110	  7
    4899.252	  7
    4899.384	  7
    4899.534	  7
    4899.672	  7
    4899.836	  7
    4899.968	  7
    4900.184	  7
    4900.316	  7
    4900.442	  7
    4900.578	  7
    4900.712	  7
    4900.856	  7
    4901.006	  7
    4901.158	  7
    4901.304	  7
    4901.450	  7
    4901.632	  7
    4901.756	  7
    4901.894	  7
    4902.036	  7
    4902.178	  7
    4902.316	  7
    4902.470	  7
    4902.622	  7
    4902.766	  7
    4902.912	  7
    4903.052	  7
    4903.236	  7
    4903.366	  7
    4903.504	  7
    4903.654	  7
    4903.822	  7
    4903.956	  7
    4904.110	  7
    4904.250	  7
    4904.408	  7
    4904.550	  7
    4904.708	  7
    4904.892	  7
    4905.014	  7
    4905.148	  7
    4905.288	  7
    4905.416	  7
    4905.548	  7
    4905.706	  7
    4905.846	  7
    4905.980	  7
    4906.168	  7
    4906.288	  7
    4906.420	  7
    4906.564	  7
    4906.722	  7
    4906.860	  7
    4907.008	  7
    4907.148	  7
    4907.298	  7
    4907.450	  7
    4907.652	  7
    4907.780	  7
    4907.920	  7
    4908.058	  7
    4908.190	  7
    4908.340	  7
    4908.482	  7
    4908.620	  7
    4908.766	  7
    4908.914	  7
    4909.054	  7
    4909.274	  7
    4909.404	  7
    4909.536	  7
    4909.694	  7
    4909.836	  7
    4910.014	  7
    4910.190	  7
    4910.352	  7
    4910.508	  7
    4910.648	  7
    4910.786	  7
    4910.938	  7
    4911.088	  7
    4911.270	  7
    4911.502	  7
    4911.624	  7
    4911.764	  7
    4911.928	  7
    4912.050	  7
    4912.374	  7
    4912.540	  7
    4912.700	  7
    4912.862	  7
    4913.014	  7
    4913.172	  7
    4913.378	  7
    4913.660	  7
    4913.816	  7
    4913.974	  7
    4914.122	  7
    4914.276	  7
    4914.434	  7
    4914.574	  7
    4914.732	  7
    4914.886	  7
    4915.050	  7
    4915.416	  7
    4915.556	  7
    4915.684	  7
    4915.828	  7
    4915.964	  7
    4916.158	  7
    4916.294	  7
    4916.432	  7
    4916.594	  7
    4916.728	  7
    4917.038	  7
    4917.202	  7
    4917.364	  7
    4917.524	  7
    4917.694	  7
    4917.880	  7
    4918.274	  7
    4920.070	  8
    4920.628	  8
    4920.730	  8
    4921.202	  8
    4921.636	  8
    4921.980	  8
    4922.456	  8
    4922.782	  8
    4922.908	  8
    4923.228	  8
    4923.662	  8
    4924.280	  8
    4924.728	  8
    4925.028	  8
    4925.440	  8
    4926.658	  8
    4927.324	  8
    4927.660	  8
    4928.272	  8
    4928.916	  8
    4929.180	  8
    4929.824	  8
    4930.204	  8
    4930.750	  8
    4931.008	  8
    4931.284	  8
    4932.510	  8
    4932.806	  8
    4933.094	  8
    4933.418	  8
    4934.330	 53
    4934.338	  8
    4934.338	 20
    4934.338	 27
    4934.348	 28
    4934.348	 19
    4934.448	 29
    4934.618	  9
    4954.468	 51
    4954.478	 10
    4973.168	  7
    4973.996	  7
    4974.124	  7
    4975.918	  7
    4976.326	  7
    4976.462	  7
    4977.998	  7
    4979.276	  7
    4979.472	  7
    4981.566	  7
    4984.304	  7
    4985.504	  7
    4985.626	  7
    4986.252	  7
    4986.382	  7
    4986.670	  7
    4986.820	  7
    4987.332	  7
    4987.474	  7
    4990.080	  7
    4990.232	  7
    4990.532	  7
    4990.654	  7
    4990.780	  7
    4990.924	  7
    4991.008	  7
    4993.194	  7
    4993.416	  7
    4993.726	  7
    4993.946	  7
    4994.194	  7
    4994.324	  7
    4994.664	  7
    4997.846	  7
    4998.018	  7
    4998.564	  7
    4998.704	  7
    4998.862	  7
    4999.124	  7
    4999.352	  7
    5000.062	  7
    5000.162	  7
    5000.326	  7
    5000.452	  7
    5000.588	  7
    5003.358	  7
    5003.548	  7
    5004.006	  7
    5004.172	  7
    5004.830	  7
    5004.946	  7
    5007.628	  7
    5007.786	  7
    5007.978	  7
    5008.328	  7
    5009.046	  7
    5009.218	  7
    5009.372	  7
    5009.590	  7
    5009.986	  7
    5010.156	  7
    5010.332	  7
    5010.576	  7
    5011.134	  7
    5011.284	  7
    5011.450	  7
    5011.646	  7
    5011.794	  7
    5012.006	  7
    5012.168	  7
    5012.296	  7
    5012.456	  7
    5012.586	  7
    5012.740	  7
    5012.886	  7
    5013.034	  7
    5013.180	  7
    5013.322	  7
    5013.492	  7
    5013.638	  7
    5013.840	  7
    5013.974	  7
    5014.118	  7
    5014.266	  7
    5014.414	  7
    5014.478	 53
    5014.564	  7
    5014.716	  7
    5014.862	  7
    5015.038	  7
    5015.256	  7
    5015.378	  7
    5015.530	  7
    5015.668	  7
    5015.810	  7
    5015.980	  7
    5016.120	  7
    5016.280	  7
    5016.444	  7
    5017.146	  7
    5019.364	  8
    5019.364	 20
    5019.364	 27
    5019.374	 28
    5019.374	 19
    5019.474	 29
    5019.594	  8
    5019.644	  9
    5039.494	 51
    5039.504	 10
    5053.038	  8
    5053.276	  8
    5062.892	  8
    5063.138	  8
    5063.794	  8
    5064.402	  8
    5065.212	  8
    5069.186	  8
    5069.346	  8
    5072.842	  8
    5073.246	  8
    5073.460	  8
    5073.578	  8
    5073.926	  8
    5074.362	  8
    5074.846	  8
    5076.340	  8
    5077.020	  8
    5077.480	  8
    5077.972	  8
    5078.420	  8
    5078.806	  8
    5079.082	  8
    5079.260	  8
    5079.700	  8
    5080.316	  8
    5080.870	  8
    5083.452	  8
    5084.522	  8
    5084.990	  8
    5085.706	  8
    5086.634	  8
    5087.988	  8
    5088.880	  8
    5089.472	  8
    5090.546	  8
    5091.370	  8
    5091.746	  8
    5092.728	  8
    5093.266	  8
    5093.654	  8
    5093.910	  8
    5096.498	  8
    5097.152	  8
    5097.404	  8
    5097.570	  8
    5097.954	  8
    5098.480	  8
    5099.034	  8
    5099.492	  8
    5099.504	 53
    5099.914	  8
    5099.914	 20
    5099.914	 27
    5099.924	 28
    5099.924	 19
    5100.024	 29
    5100.164	  8
    5100.194	  9
    5120.044	 52
    5120.054	 18
    5168.332	  7
    5169.632	  7
    5170.260	  7
    5170.452	  7
    5170.548	  7
    5170.954	  7
    5171.520	  7
    5172.092	  7
    5172.176	  7
    5175.904	  7
    5180.120	  7
    5185.632	  7
    5194.258	  7
    5199.156	  7
    5204.576	  7
    5204.824	  7
    5204.936	  7
    5210.578	  7
    5216.096	  7
    5217.504	  7
    5217.660	  7
    5235.552	  7
    5235.606	  7
    5235.670	  7
    5235.780	  7
    5235.874	  7
    5236.960	  7
    5239.062	  7
    5239.434	  7
    5240.054	 53
    5240.064	 20
    5240.064	 27
    5251.820	  7
    5251.884	  7
    5255.930	  7
    5256.244	  7
    5256.504	  7
    5256.636	  7
    5260.084	 50
    5260.094	 17
    5260.642	  7
    5260.770	  7
    5260.916	  7
    5262.902	  7
    5265.176	  7
    5265.300	  7
    5265.486	  7
    5269.114	  7
    5269.272	  7
    5269.440	  7
    5269.612	  7
    5269.992	  7
    5270.120	  7
    5270.240	  7
    5274.304	  7
    5274.426	  7
    5278.004	  7
    5278.260	  7
    5278.452	  7
    5278.794	  7
    5279.324	  7
    5279.432	  7
    5283.590	  7
    5283.776	  7
    5283.918	  7
    5284.062	  7
    5284.188	  7
    5284.328	  7
    5284.456	  7
    5284.640	  7
    5284.776	  7
    5284.974	  7
    5285.142	  7
    5285.284	  7
    5285.468	  7
    5285.602	  7
    5285.746	  7
    5285.872	  7
    5286.016	  7
    5286.192	  7
    5286.322	  7
    5286.538	  7
    5286.668	  7
    5286.806	  7
    5286.944	  7
    5287.078	  7
    5287.220	  7
    5287.382	  7
    5287.522	  7
    5287.662	  7
    5287.818	  7
    5287.968	  7
    5288.136	  7
    5288.254	  7
    5288.392	  7
    5288.532	  7
    5288.718	  7
    5288.978	  7
    5289.136	  7
    5289.272	  7
    5290.078	  7
    5290.094	 53
    5290.226	  7
    5290.374	  7
    5290.514	  7
    5290.668	  7
    5290.818	  7
    5290.988	  7
    5291.130	  7
    5291.278	  7
    5291.416	  7
    5291.568	  7
    5291.692	  7
    5291.882	  7
    5292.014	  7
    5292.152	  7
    5292.294	  7
    5292.522	  7
    5292.662	  7
    5292.800	  7
    5292.984	  7
    5293.158	  7
    5293.692	  7
    5293.812	  7
    5293.950	  7
    5294.176	  7
    5294.324	  7
    5294.508	  7
    5294.970	  7
    5295.150	  7
    5295.346	  7
    5295.482	  7
    5295.620	  7
    5295.802	  7
    5295.940	  7
    5296.104	  7
    5296.268	  7
    5296.410	  7
    5296.550	  7
    5296.694	  7
    5296.874	  7
    5296.996	  7
    5297.128	  7
    5297.272	  7
    5297.446	  7
    5297.596	  7
    5297.736	  7
    5298.090	  7
    5298.218	  7
    5298.558	  7
    5298.730	  7
    5301.774	  7
    5304.048	  7
    5304.266	  7
    5304.622	  7
    5304.794	  7
    5304.996	  7
    5305.326	  7
    5305.702	  7
    5308.648	  7
    5309.966	  8
    5309.966	 20
    5309.966	 27
    5309.976	 28
    5309.976	 19
    5310.076	 29
    5310.206	  8
    5310.246	  9
    5326.078	  7
    5330.096	 52
    5330.106	 18
    5384.916	  8
    5385.204	  8
    5417.246	  8
    5418.108	  8
    5418.600	  8
    5419.216	  8
    5419.468	  8
    5419.962	  8
    5450.106	 53
    5450.116	 20
    5450.116	 27
    5457.188	  8
    5458.462	  8
    5458.798	  8
    5459.248	  8
    5459.922	  8
    5460.408	  8
    5461.292	  8
    5461.938	  8
    5462.290	  8
    5462.612	  8
    5463.018	  8
    5463.556	  8
    5464.228	  8
    5464.642	  8
    5465.096	  8
    5466.134	  8
    5466.582	  8
    5466.954	  8
    5467.426	  8
    5468.040	  8
    5468.360	  8
    5468.724	  8
    5469.146	  8
    5469.564	  8
    5469.704	  8
    5470.136	 52
    5470.146	 18
    5470.230	  8
    5470.716	  8
    5472.560	  8
    5473.146	  8
    5473.794	  8
    5474.280	  8
    5474.766	  8
    5475.648	  8
    5476.912	  8
    5477.278	  8
    5477.944	  8
    5478.558	  8
    5479.388	  8
    5480.138	  8
    5482.486	  8
    5483.606	  8
    5484.044	  8
    5484.686	  8
    5485.134	  8
    5485.434	  8
    5485.838	  8
    5486.256	  8
    5486.770	  8
    5487.338	  8
    5492.508	  8
    5494.466	  8
    5494.924	  8
    5495.318	  8
    5495.876	  8
    5496.192	  8
    5496.502	  8
    5496.816	  8
    5497.672	  8
    5501.110	  8
    5501.378	  8
    5502.500	  8
    5503.058	  8
    5503.402	  8
    5503.820	  8
    5504.292	  8
    5504.642	  8
    5504.988	  8
    5505.620	  8
    5506.118	  8
    5506.606	  8
    5507.082	  8
    5507.438	  8
    5507.888	  8
    5508.220	  8
    5508.282	  8
    5508.950	  8
    5509.112	  8
    5511.276	  8
    5511.618	  8
    5512.038	  8
    5512.616	  8
    5513.168	  8
    5513.616	  8
    5514.214	  8
    5514.614	  8
    5515.304	  8
    5515.790	  8
    5516.034	  8
    5516.948	  8
    5523.350	  8
    5524.488	  8
    5525.470	  8
    5525.756	  8
    5526.168	  8
    5526.618	  8
    5527.150	  8
    5527.420	  8
    5527.786	  8
    5528.242	  8
    5528.674	  8
    5529.954	  8
    5549.388	  7
    5554.474	  7
    5555.060	  7
    5555.502	  7
    5555.678	  7
    5557.922	  7
    5559.828	  7
    5560.280	  7
    5560.536	  7
    5564.890	  7
    5565.038	  7
    5571.430	  7
    5573.598	  7
    5580.302	  7
    5580.600	  7
    5590.146	 53
    5590.156	 20
    5590.156	 27
    5594.074	  7
    5594.200	  7
    5594.578	  7
    5594.702	  7
    5595.012	  7
    5595.146	  7
    5597.158	  7
    5597.290	  7
    5601.644	  7
    5601.702	  7
    5609.668	  7
    5609.820	  7
    5610.176	 52
    5610.186	 18
    5616.100	  7
    5616.214	  7
    5616.294	  7
    5620.698	  7
    5620.822	  7
    5620.956	  7
    5625.608	  7
    5625.994	  7
    5626.140	  7
    5631.198	  7
    5633.230	  7
    5633.530	  7
    5633.626	  7
    5638.544	  7
    5638.816	  7
    5639.090	  7
    5639.264	  7
    5639.640	  7
    5639.790	  7
    5645.646	  7
    5655.700	  7
    5655.824	  7
    5655.936	  7
    5658.910	  7
    5659.022	  7
    5659.180	  7
    5659.400	  7
    5659.576	  7
    5659.748	  7
    5659.938	  7
    5660.044	  7
    5660.214	  7
    5660.366	  7
    5660.540	  7
    5660.672	  7
    5660.812	  7
    5660.938	  7
    5668.012	  7
    5668.244	  7
    5668.422	  7
    5668.626	  7
    5668.738	  7
    5668.942	  7
    5669.068	  7
    5669.256	  7
    5669.390	  7
    5669.582	  7
    5669.768	  7
    5670.570	  7
    5670.700	  7
    5670.854	  7
    5671.014	  7
    5671.208	  7
    5671.402	  7
    5671.598	  7
    5671.870	  7
    5672.004	  7
    5677.176	  7
    5677.580	  7
    5677.708	  7
    5677.872	  7
    5678.040	  7
    5678.200	  7
    5678.354	  7
    5678.526	  7
    5678.670	  7
    5678.810	  7
    5678.958	  7
    5679.128	  7
    5679.292	  7
    5679.426	  7
    5679.584	  7
    5679.744	  7
    5679.914	  7
    5680.056	  7
    5680.192	  7
    5680.326	  7
    5680.538	  7
    5680.682	  7
    5680.802	  7
    5680.940	  7
    5681.070	  7
    5681.214	  7
    5681.350	  7
    5681.504	  7
    5681.688	  7
    5681.846	  7
    5682.064	  7
    5682.182	  7
    5682.316	  7
    5682.442	  7
    5682.620	  7
    5682.752	  7
    5682.922	  7
    5683.258	  7
    5683.424	  7
    5683.542	  7
    5683.698	  7
    5683.856	  7
    5683.980	  7
    5684.130	  7
    5684.268	  7
    5684.458	  7
    5684.708	  7
    5685.094	  7
    5685.232	  7
    5685.448	  7
    5685.614	  7
    5685.764	  7
    5685.960	  7
    5686.126	  7
    5686.298	  7
    5686.448	  7
    5686.608	  7
    5686.772	  7
    5686.914	  7
    5687.062	  7
    5687.206	  7
    5687.396	  7
    5687.522	  7
    5687.652	  7
    5687.942	  7
    5688.088	  7
    5688.216	  7
    5688.354	  7
    5688.504	  7
    5688.646	  7
    5688.874	  7
    5689.008	  7
    5689.214	  7
    5689.414	  7
    5689.548	  7
    5689.690	  7
    5689.840	  7
    5689.978	  7
    5690.178	  7
    5690.688	  7
    5691.346	  7
    5691.474	  7
    5691.626	  7
    5695.088	  7
    5695.250	  7
    5695.582	  7
    5695.850	  7
    5695.970	  7
    5696.118	  7
    5700.982	  7
    5701.152	  7
    5701.328	  7
    5701.562	  7
    5702.048	  7
    5702.424	  7
    5703.170	  7
    5705.646	  8
    5706.424	  8
    5706.976	  8
    5707.526	  8
    5707.846	  8
    5708.248	  8
    5708.644	  8
    5708.858	  8
    5709.138	  8
    5709.626	  8
    5709.884	  8
    5710.480	  8
    5710.986	  8
    5711.380	  8
    5711.798	  8
    5712.242	  8
    5712.690	  8
    5713.248	  8
    5713.868	  8
    5714.326	  8
    5714.938	  8
    5715.592	  8
    5715.942	  8
    5716.784	  8
    5725.208	  8
    5725.340	  8
    5726.556	  8
    5727.352	  8
    5728.070	  8
    5728.136	  8
    5728.576	  8
    5730.186	 53
    5730.196	 20
    5730.196	 27
    5731.608	  8
    5750.216	 50
    5750.226	 17
    5757.618	  8
    5758.678	  8
    5758.904	  8
    5759.396	  8
    5760.414	  8
    5760.978	  8
    5761.746	  8
    5762.426	  8
    5763.336	  8
    5763.508	  8
    5763.958	  8
    5764.316	  8
    5764.928	  8
    5765.456	  8
    5765.726	  8
    5766.212	  8
    5767.316	  8
    5768.120	  8
    5768.492	  8
    5768.826	  8
    5769.200	  8
    5769.596	  8
    5770.342	  8
    5770.626	  8
    5771.080	  8
    5771.372	  8
    5771.686	  8
    5772.076	  8
    5774.452	  8
    5774.524	  8
    5774.782	  8
    5775.462	  8
    5775.766	  8
    5776.324	  8
    5776.522	  8
    5776.818	  8
    5777.490	  8
    5777.732	  8
    5778.310	  8
    5779.328	  8
    5780.204	  8
    5780.226	 53
    5780.636	  8
    5780.636	 20
    5780.636	 27
    5780.646	 28
    5780.646	 19
    5780.746	 29
    5780.756	 61
