      20.010	 52
      20.020	 10
      23.924	  8
     131.970	  8
     132.192	  8
     132.730	  8
     133.530	  8
     139.004	  7
     140.020	 53
     140.030	 20
     140.030	 27
     156.432	  5
     160.050	 51
     160.060	 18
     162.462	  7
     164.612	  7
     164.744	  7
     164.870	  7
     165.038	  7
     165.206	  7
     165.402	  7
     165.592	  7
     167.692	  7
     167.802	  7
     167.992	  7
     168.374	  7
     168.528	  7
     168.752	  7
     172.882	  8
     173.176	  8
     173.344	  8
     173.610	  8
     173.904	  8
     173.972	  8
     192.172	  8
     192.346	  8
     192.888	  8
     193.358	  8
     193.700	  8
     193.998	  8
     194.274	  8
     194.926	  8
     195.036	  8
     200.676	  8
     201.054	  8
     201.314	  8
     201.794	  8
     202.956	  8
     207.238	  8
     207.918	  8
     216.730	  8
     217.164	  8
     217.782	  8
     220.060	 53
     221.152	  8
     221.152	 20
     221.152	 27
     221.162	 28
     221.162	 19
     221.262	 29
     221.380	  8
     221.426	  9
     241.282	 52
     241.292	 10
     306.126	  8
     306.432	  8
     306.962	  8
     307.436	  8
     344.460	  8
     345.126	  8
     345.514	  8
     346.204	  8
     346.496	  8
     346.960	  8
     347.322	  8
     351.024	  7
     351.620	  7
     351.756	  7
     351.974	  7
     352.180	  7
     352.328	  7
     352.582	  7
     352.924	  7
     353.102	  7
     353.284	  7
     356.040	  7
     356.396	  7
     356.480	  7
     356.900	  7
     359.682	  8
     359.816	  8
     360.208	  8
     360.682	  8
     361.094	  8
     361.292	 53
     361.302	 20
     361.302	 27
     361.628	  8
     381.322	 50
     381.332	 17
     389.600	  8
     390.026	  8
     390.276	  8
     390.616	  8
     390.810	  8
     391.170	  8
     391.284	  8
     391.696	  8
     392.192	  8
     392.712	  8
     393.184	  8
     393.558	  8
     393.606	  8
     393.882	  8
     394.604	  8
     394.936	  8
     395.308	  8
     395.400	  8
     395.488	  8
     395.894	  8
     396.104	  8
     396.338	  8
     396.590	  8
     396.900	  8
     397.380	  8
     398.344	  8
     398.636	  8
     400.622	  8
     400.848	  8
     401.314	  8
     401.662	  8
     401.880	  8
     402.410	  8
     403.728	  8
     403.950	  8
     404.106	  8
     404.512	  8
     405.452	  8
     405.914	  8
     406.120	  8
     406.486	  8
     406.842	  8
     407.396	  8
     408.488	  8
     411.332	 53
     411.596	  8
     411.596	 20
     411.596	 27
     411.606	 28
     411.606	 19
     411.706	 29
     411.870	  9
     411.882	  8
     413.114	  8
     431.726	 52
     431.736	 10
     432.158	  6
     432.444	  6
     474.874	  8
     551.736	 53
     551.746	 20
     551.746	 27
     552.576	  8
     552.836	  8
     554.428	  8
     555.468	  8
     555.582	  8
     555.894	  8
     556.306	  8
     571.766	 52
     571.776	 10
     578.084	  5
     580.786	  7
     580.882	  7
     581.048	  7
     581.200	  7
     581.414	  7
     581.850	  7
     590.428	  8
     648.202	  8
     648.388	  8
     648.638	  8
     649.150	  8
     649.536	  8
     650.584	  8
     651.148	  8
     652.100	  8
     652.498	  8
     652.930	  8
     653.366	  8
     669.372	  8
     670.312	  8
     670.640	  8
     670.932	  8
     671.450	  8
     672.082	  8
     672.554	  8
     673.606	  8
     673.914	  8
     674.156	  8
     674.972	  8
     679.480	  8
     679.990	  8
     680.762	  8
     681.140	  8
     681.464	  8
     681.808	  8
     682.210	  8
     683.552	  8
     683.932	  8
     684.322	  8
     684.812	  8
     685.118	  8
     685.564	  8
     685.822	  8
     686.308	  8
     687.918	  8
     688.192	  8
     688.844	  8
     691.776	 53
     691.786	 20
     691.786	 27
     693.162	  8
     693.738	  8
     694.108	  8
     695.414	  8
     696.078	  8
     696.624	  8
     697.000	  8
     697.292	  8
     697.442	  8
     697.908	  8
     698.980	  8
     699.264	  8
     699.460	  8
     700.030	  8
     700.600	  8
     701.910	  8
     702.600	  8
     702.860	  8
     711.806	 50
     711.816	 17
     712.176	  8
     712.668	  8
     720.314	  8
     720.484	  8
     721.460	  8
     722.000	  8
     722.534	  8
     722.868	  8
     723.200	  8
     723.474	  8
     723.984	  8
     724.362	  8
     724.664	  8
     724.996	  8
     725.576	  8
     726.124	  8
     726.294	  8
     726.570	  8
     726.750	  8
     729.744	  8
     730.090	  8
     730.468	  8
     730.596	  8
     731.052	  8
     731.258	  8
     731.778	  8
     732.086	  8
     732.534	  8
     732.816	  8
     733.590	  8
     734.750	  8
     734.866	  8
     735.436	  8
     735.664	  8
     736.056	  8
     736.256	  8
     737.822	  8
     738.610	  8
     738.798	  8
     739.156	  8
     739.496	  8
     739.704	  8
     740.126	  8
     740.316	  8
     740.572	  8
     741.016	  8
     741.166	  8
     741.816	 53
     741.872	  8
     741.872	 20
     741.872	 27
     741.882	 28
     741.882	 19
     741.982	 29
     742.090	  8
     742.146	  9
     762.002	 50
     762.012	 17
     791.656	  8
     792.012	 53
     792.430	  8
     792.430	 20
     792.430	 27
     792.440	 28
     792.440	 19
     792.540	 29
     792.704	  9
     812.560	 51
     812.570	 18
     833.152	  8
     833.294	  8
     833.720	  8
     834.772	  8
     835.314	  8
     836.078	  8
     836.376	  8
     836.782	  8
     837.658	  8
     838.092	  8
     839.156	  8
     839.288	  8
     839.952	  8
     851.722	  8
     851.862	  8
     852.812	  8
     853.224	  8
     853.612	  8
     854.472	  8
     854.798	  8
     855.122	  8
     855.728	  8
     856.176	  8
     856.916	  8
     857.388	  8
     857.844	  8
     858.130	  8
     858.476	  8
     858.616	  8
     859.006	  8
     860.176	  8
     861.196	  8
     861.472	  8
     861.828	  8
     862.164	  8
     862.498	  8
     862.814	  8
     863.356	  8
     864.128	  8
     864.258	  8
     864.604	  8
     864.756	  8
     865.224	  8
     865.558	  8
     865.954	  8
     866.252	  8
     867.018	  8
     867.076	  8
     867.514	  8
     870.960	  8
     871.310	  8
     871.630	  8
     872.256	  8
     872.570	 53
     872.896	  8
     872.896	 20
     872.896	 27
     872.906	 28
     872.906	 19
     873.006	 29
     873.128	  8
     873.170	  9
     893.026	 51
     893.036	 18
     926.810	  8
     927.842	  8
     928.354	  8
     928.516	  8
     928.882	  8
     929.294	  8
     929.876	  8
     930.388	  8
     930.750	  8
     931.292	  8
     931.688	  8
     932.436	  8
     932.680	  8
     933.044	  8
     933.822	  8
     934.088	  8
     934.212	  8
     935.952	  8
     936.272	  8
     936.732	  8
     937.466	  8
     938.090	  8
     939.846	  8
     940.224	  8
     940.632	  8
     941.100	  8
     941.740	  8
     941.916	  8
     942.658	  8
     943.400	  8
     947.498	  8
     947.764	  8
     948.134	  8
     948.704	  8
     949.370	  8
     950.686	  8
     950.962	  8
     951.522	  8
     951.778	  8
     952.332	  8
     952.832	  8
     953.036	 53
     953.448	  8
     953.448	 20
     953.448	 27
     953.458	 28
     953.458	 19
     953.558	 29
     953.718	  8
     953.722	  9
     973.578	 51
     973.588	 18
    1033.588	 53
    1035.346	  8
    1035.346	 20
    1035.346	 27
    1035.356	 28
    1035.356	 19
    1035.456	 29
    1035.600	  8
    1035.620	  9
    1055.476	 50
    1055.486	 17
    1085.486	 53
    1089.246	  8
    1089.246	 20
    1089.246	 27
    1089.256	 28
    1089.256	 19
    1089.356	 29
    1089.484	  8
    1089.520	  9
    1109.376	 50
    1109.386	 17
    1122.938	  8
    1123.354	  8
    1123.706	  8
    1124.336	  8
    1125.146	  8
    1125.302	  8
    1125.772	  8
    1125.924	  8
    1126.388	  8
    1127.040	  8
    1127.674	  8
    1127.830	  8
    1128.116	  8
    1128.414	  8
    1129.082	  8
    1129.564	  8
    1129.754	  8
    1129.912	  8
    1129.942	  8
    1130.194	  8
    1130.676	  8
    1130.776	  8
    1131.112	  8
    1131.902	  8
    1132.280	  8
    1132.504	  8
    1132.664	  8
    1132.826	  8
    1133.038	  8
    1133.412	  8
    1133.540	  8
    1133.618	  8
    1134.256	  8
    1135.186	  8
    1135.562	  8
    1136.006	  8
    1137.024	  8
    1138.134	  8
    1138.604	  8
    1139.134	  8
    1139.324	  8
    1139.386	 53
    1140.450	  8
    1140.450	 20
    1140.450	 27
    1140.460	 28
    1140.460	 19
    1140.560	 29
    1140.724	  9
    1160.580	 51
    1160.590	 18
    1220.590	 53
    1230.762	  8
    1230.762	 20
    1230.762	 27
    1230.772	 28
    1230.772	 19
    1230.872	 29
    1231.036	  9
    1231.052	  8
    1232.346	  8
    1250.892	 51
    1250.902	 18
    1256.948	  8
    1257.856	  8
    1261.542	  8
    1261.844	  8
    1262.190	  8
    1281.336	  8
    1282.634	  8
    1283.268	  8
    1284.088	  8
    1284.562	  8
    1285.170	  8
    1285.268	  8
    1288.736	  8
    1289.212	  8
    1289.814	  8
    1290.506	  8
    1291.150	  8
    1291.308	  8
    1291.364	  8
    1292.428	  8
    1293.018	  8
    1293.424	  8
    1293.968	  8
    1294.942	  8
    1295.406	  8
    1295.786	  8
    1296.136	  8
    1296.690	  8
    1297.054	  8
    1297.424	  8
    1298.648	  8
    1302.432	  8
    1302.820	  8
    1302.918	  8
    1303.256	  8
    1303.810	  8
    1304.506	  8
    1305.666	  8
    1306.238	  8
    1306.436	  8
    1306.740	  8
    1306.932	  8
    1308.754	  8
    1308.964	  8
    1310.290	  8
    1310.616	  8
    1310.710	  8
    1310.902	 53
    1311.016	  8
    1311.016	 20
    1311.016	 27
    1311.026	 28
    1311.026	 19
    1311.126	 29
    1311.290	  9
    1313.264	  8
    1331.146	 52
    1331.156	 10
    1364.812	  7
    1364.924	  7
    1365.080	  7
    1365.244	  7
    1365.420	  7
    1365.628	  7
    1365.846	  7
    1366.050	  7
    1405.912	  8
    1406.384	  8
    1406.692	  8
    1407.198	  8
    1407.848	  8
    1408.478	  8
    1408.996	  8
    1409.306	  8
    1409.842	  8
    1410.040	  8
    1410.632	  8
    1410.846	  8
    1411.600	  8
    1411.890	  8
    1412.104	  8
    1415.214	  8
    1415.722	  8
    1416.222	  8
    1416.660	  8
    1416.914	  8
    1417.856	  8
    1418.728	  8
    1419.574	  8
    1419.982	  8
    1420.806	  8
    1421.286	  8
    1422.058	  8
    1422.574	  8
    1422.824	  8
    1423.226	  8
    1423.342	  8
    1423.852	  8
    1424.084	  8
    1424.580	  8
    1425.124	  8
    1425.816	  8
    1426.442	  8
    1427.234	  8
    1427.678	  8
    1429.134	  8
    1429.356	  8
    1429.696	  8
    1430.318	  8
    1430.784	  8
    1431.396	  8
    1432.898	  8
    1433.002	  8
    1433.248	  8
    1433.598	  8
    1434.004	  8
    1434.242	  8
    1434.634	  8
    1435.150	  8
    1435.532	  8
    1436.288	  8
    1436.402	  8
    1437.224	  8
    1437.446	  8
    1437.824	  8
    1437.932	  8
    1438.750	  8
    1440.070	  8
    1440.194	  8
    1441.052	  8
    1441.328	  8
    1441.728	  8
    1441.976	  8
    1442.486	  8
    1443.110	  8
    1443.494	  8
    1445.016	  8
    1445.666	  8
    1446.112	  8
    1446.584	  8
    1447.034	  8
    1447.396	  8
    1447.958	  8
    1448.708	  8
    1448.932	  8
    1449.804	  8
    1450.076	  8
    1451.156	 53
    1451.166	 20
    1451.166	 27
    1451.482	  8
    1452.350	  8
    1452.786	  8
    1453.330	  8
    1454.100	  8
    1471.186	 50
    1471.196	 17
    1476.162	  7
    1476.298	  7
    1476.674	  7
    1479.402	  7
    1485.070	  7
    1488.794	  7
    1490.332	  8
    1490.542	  8
    1490.878	  8
    1491.546	  8
    1491.868	  8
    1492.168	  8
    1492.676	  8
    1493.026	  8
    1493.352	  8
    1493.896	  8
    1494.206	  8
    1494.842	  8
    1496.202	  8
    1496.612	  8
    1496.934	  8
    1497.606	  8
    1498.434	  8
    1498.706	  8
    1499.570	  8
    1499.946	  8
    1500.754	  8
    1501.196	 53
    1502.044	  8
    1502.044	 20
    1502.044	 27
    1502.054	 28
    1502.054	 19
    1502.154	 29
    1502.248	  8
    1502.318	  9
    1515.224	  7
    1515.382	  7
    1515.824	  7
    1520.558	  7
    1521.132	  7
    1522.174	 50
    1522.184	 17
    1526.330	  7
    1531.570	  7
    1536.528	  7
    1541.660	  7
    1547.970	  7
    1552.184	 53
    1554.094	  8
    1554.094	 20
    1554.094	 27
    1554.104	 28
    1554.104	 19
    1554.204	 29
    1554.330	  8
    1554.368	  9
    1563.138	  7
    1563.560	  7
    1563.796	  7
    1563.982	  7
    1564.144	  7
    1564.898	  7
    1569.280	  7
    1569.732	  7
    1574.224	 51
    1574.234	 18
    1577.482	  7
    1578.050	  7
    1578.162	  7
    1579.500	  7
    1579.816	  7
    1580.036	  7
    1580.502	  7
    1581.590	  7
    1582.718	  7
    1582.872	  7
    1589.156	  8
    1589.398	  8
    1593.852	  8
    1594.060	  8
    1594.710	  8
    1627.256	  8
    1627.958	  8
    1628.662	  8
    1629.726	  8
    1630.280	  8
    1630.928	  8
    1631.618	  8
    1632.072	  8
    1632.924	  8
    1633.104	  8
    1634.084	  8
    1634.234	 53
    1634.890	  8
    1634.890	 20
    1634.890	 27
    1634.900	 28
    1634.900	 19
    1635.000	 29
    1635.070	  8
    1635.164	  9
    1655.020	 51
    1655.030	 18
    1660.984	  7
    1661.498	  7
    1678.362	  8
    1678.504	  8
    1695.594	  8
    1695.764	  8
    1697.086	  8
    1697.792	  8
    1698.394	  8
    1698.962	  8
    1699.428	  8
    1699.864	  8
    1700.466	  8
    1700.982	  8
    1701.406	  8
    1701.620	  8
    1701.974	  8
    1704.996	  8
    1705.504	  8
    1705.676	  8
    1706.070	  8
    1706.550	  8
    1707.092	  8
    1707.572	  8
    1707.856	  8
    1708.048	  8
    1708.630	  8
    1709.402	  8
    1709.966	  8
    1710.236	  8
    1710.568	  8
    1711.020	  8
    1711.074	  8
    1712.358	  8
    1712.602	  8
    1713.720	  8
    1714.048	  8
    1715.030	 53
    1715.304	  8
    1715.304	 20
    1715.304	 27
    1715.314	 28
    1715.314	 19
    1715.414	 29
    1715.568	  8
    1715.578	  9
    1735.434	 50
    1735.444	 17
    1743.572	  8
    1743.868	  8
    1744.508	  8
    1744.742	  8
    1745.788	  8
    1746.238	  8
    1747.224	  8
    1749.476	  8
    1749.856	  8
    1750.304	  8
    1750.958	  8
    1751.382	  8
    1751.886	  8
    1752.060	  8
    1752.802	  8
    1753.002	  8
    1753.732	  8
    1754.092	  8
    1754.418	  8
    1754.798	  8
    1754.978	  8
    1755.528	  8
    1756.734	  8
    1757.072	  8
    1757.388	  8
    1757.740	  8
    1758.004	  8
    1758.412	  8
    1758.932	  8
    1759.850	  8
    1760.264	  8
    1760.828	  8
    1761.180	  8
    1761.720	  8
    1762.644	  8
    1762.884	  8
    1763.296	  8
    1764.460	  8
    1764.942	  8
    1765.444	 53
    1765.578	  8
    1765.578	 20
    1765.578	 27
    1765.588	 28
    1765.588	 19
    1765.688	 29
    1765.818	  8
    1765.852	  9
    1767.830	  8
    1785.708	 51
    1785.718	 18
    1815.604	  8
    1815.766	  8
    1815.870	  8
    1819.976	  8
    1820.436	  8
    1823.846	  8
    1824.180	  8
    1824.748	  8
    1830.880	  8
    1831.122	  8
    1831.810	  8
    1832.298	  8
    1832.818	  8
    1833.278	  8
    1833.840	  8
    1834.288	  8
    1835.090	  8
    1835.724	  8
    1836.266	  8
    1836.704	  8
    1837.572	  8
    1838.100	  8
    1839.190	  8
    1839.986	  8
    1840.402	  8
    1840.710	  8
    1840.854	  8
    1841.202	  8
    1841.946	  8
    1842.790	  8
    1844.024	  8
    1845.062	  8
    1845.542	  8
    1845.718	 53
    1845.908	  8
    1845.908	 20
    1845.908	 27
    1845.918	 28
    1845.918	 19
    1845.956	  8
    1846.018	 29
    1846.172	  8
    1846.182	  9
    1866.038	 52
    1866.048	 10
    1886.722	  7
    1887.492	  7
    1887.602	  7
    1887.844	  7
    1888.012	  7
    1888.256	  7
    1888.550	  7
    1890.206	  7
    1893.454	  7
    1898.954	  7
    1923.498	  8
    1929.862	  8
    1947.518	  8
    1947.644	  8
    1952.418	  8
    1952.546	  8
    1954.214	  8
    1955.240	  8
    1956.500	  8
    1956.964	  8
    1957.356	  8
    1958.196	  8
    1958.696	  8
    1959.448	  8
    1960.036	  8
    1960.524	  8
    1961.098	  8
    1961.462	  8
    1961.542	  8
    1962.364	  8
    1962.900	  8
    1963.364	  8
    1963.962	  8
    1964.838	  8
    1965.342	  8
    1965.976	  8
    1966.434	  8
    1967.382	  8
    1967.744	  8
    1969.074	  8
    1970.072	  8
    1970.634	  8
    1971.326	  8
    1971.892	  8
    1972.500	  8
    1973.426	  8
    1973.838	  8
    1975.062	  8
    1975.856	  8
    1976.148	  8
    1976.590	  8
    1977.062	  8
    1977.488	  8
    1978.030	  8
    1978.736	  8
    1979.260	  8
    1979.434	  8
    1980.368	  8
    1980.572	  8
    1980.964	  8
    1981.910	  8
    1982.080	  8
    1983.212	  8
    1983.326	  8
    1983.882	  8
    1984.642	  8
    1984.924	  8
    1985.282	  8
    1986.048	 53
    1986.058	 20
    1986.058	 27
    1986.474	  8
    2006.078	 51
    2006.088	 18
    2008.456	  8
    2008.536	  8
    2009.954	  8
    2010.502	  8
    2011.398	  8
    2012.116	  8
    2012.600	  8
    2013.010	  8
    2013.906	  8
    2014.294	  8
    2015.422	  8
    2015.982	  8
    2016.858	  8
    2017.770	  8
    2020.078	  8
    2021.148	  8
    2021.782	  8
    2022.320	  8
    2024.538	  8
    2025.166	  8
    2026.980	  8
    2027.794	  8
    2028.702	  8
    2028.986	  8
    2029.482	  8
    2030.322	  8
    2030.986	  8
    2031.126	  8
    2032.128	  8
    2032.816	  8
    2033.140	  8
    2033.384	  8
    2034.088	  8
    2035.518	  8
    2035.698	  8
    2036.186	  8
    2036.506	  8
    2036.774	  8
    2038.188	  8
    2038.472	  8
    2039.216	  8
    2039.372	  8
    2039.768	  8
    2040.214	  8
    2040.612	  8
    2041.340	  8
    2041.696	  8
    2042.180	  8
    2042.482	  8
    2043.004	  8
    2043.834	  8
    2044.200	  8
    2044.732	  8
    2044.928	  8
    2045.930	  8
    2046.574	  8
    2047.294	  8
    2047.900	  8
    2047.976	  8
    2048.156	  8
    2048.774	  8
    2049.246	  8
    2050.254	  8
    2050.380	  8
    2050.852	  8
    2051.468	  8
    2051.710	  8
    2052.020	  8
    2052.226	  8
    2052.610	  8
    2052.968	  8
    2053.828	  8
    2054.940	  8
    2055.140	  8
    2055.768	  8
    2056.360	  8
    2056.704	  8
    2056.988	  8
    2057.360	  8
    2058.082	  8
    2058.596	  8
    2059.674	  8
    2059.956	  8
    2060.996	  8
    2061.290	  8
    2061.982	  8
    2062.256	  8
    2062.354	  8
    2062.722	  8
    2062.850	  8
    2063.290	  8
    2064.998	  8
    2065.286	  8
    2065.734	  8
    2066.088	 53
    2066.320	  8
    2066.320	 20
    2066.320	 27
    2066.330	 28
    2066.330	 19
    2066.430	 29
    2066.582	  8
    2066.594	  9
    2086.450	 50
    2086.460	 17
    2094.928	  8
    2097.736	  8
    2099.130	  8
    2099.752	  8
    2101.404	  8
    2102.922	  8
    2104.320	  8
    2105.242	  8
    2105.834	  8
    2106.538	  8
    2107.582	  8
    2107.938	  8
    2108.842	  8
    2109.760	  8
    2110.312	  8
    2110.564	  8
    2111.072	  8
    2111.410	  8
    2112.206	  8
    2113.324	  8
    2113.438	  8
    2113.744	  8
    2114.500	  8
    2114.764	  8
    2115.238	  8
    2115.728	  8
    2116.154	  8
    2116.460	 53
    2116.732	  8
    2116.732	 20
    2116.732	 27
    2116.742	 28
    2116.742	 19
    2116.842	 29
    2116.984	  8
    2117.006	  9
    2136.862	 52
    2136.872	 10
    2191.430	  8
    2192.596	  8
    2193.908	  8
    2197.860	  8
    2199.630	  8
    2200.450	  8
    2201.414	  8
    2203.324	  8
    2203.940	  8
    2208.302	  8
    2210.004	  8
    2210.480	  8
    2211.078	  8
    2211.844	  8
    2212.660	  8
    2213.146	  8
    2213.552	  8
    2214.138	  8
    2214.884	  8
    2215.900	  8
    2216.358	  8
    2216.788	  8
    2217.892	  8
    2218.960	  8
    2219.516	  8
    2219.810	  8
    2220.326	  8
    2220.740	  8
    2222.290	  8
    2223.144	  8
    2223.634	  8
    2224.434	  8
    2225.562	  8
    2225.754	  8
    2226.204	  8
    2226.780	  8
    2227.800	  8
    2228.144	  8
    2229.258	  8
    2229.696	  8
    2230.716	  8
    2231.618	  8
    2232.316	  8
    2233.272	  8
    2233.490	  8
    2233.964	  8
    2234.580	  8
    2234.850	  8
    2235.146	  8
    2236.402	  8
    2237.204	  8
    2238.286	  8
    2240.934	  8
    2241.272	  8
    2241.828	  8
    2242.206	  8
    2242.794	  8
    2243.200	  8
    2243.716	  8
    2244.668	  8
    2245.046	  8
    2245.270	  8
    2245.656	  8
    2245.846	  8
    2246.042	  8
    2246.430	  8
    2246.928	  8
    2247.442	  8
    2248.820	  8
    2249.068	  8
    2249.340	  8
    2249.822	  8
    2250.916	  8
    2251.380	  8
    2251.728	  8
    2253.166	  8
    2253.480	  8
    2253.828	  8
    2254.212	  8
    2254.310	  8
    2254.708	  8
    2255.172	  8
    2255.824	  8
    2255.920	  8
    2256.164	  8
    2256.606	  8
    2256.872	 53
    2256.882	 20
    2256.882	 27
    2257.206	  8
    2259.394	  8
    2259.828	  8
    2260.342	  8
    2260.550	  8
    2260.950	  8
    2261.678	  8
    2276.902	 50
    2276.912	 17
    2281.182	  8
    2286.748	  8
    2287.334	  8
    2288.866	  8
    2289.320	  8
    2291.154	  8
    2292.104	  8
    2293.106	  8
    2293.580	  8
    2293.970	  8
    2295.008	  8
    2295.338	  8
    2295.960	  8
    2296.758	  8
    2297.240	  8
    2297.534	  8
    2298.090	  8
    2298.422	  8
    2298.792	  8
    2298.900	  8
    2298.998	  8
    2299.912	  8
    2300.568	  8
    2301.356	  8
    2301.584	  8
    2302.566	  8
    2303.002	  8
    2303.184	  8
    2303.468	  8
    2303.972	  8
    2304.248	  8
    2305.410	  8
    2306.220	  8
    2306.856	  8
    2306.912	 53
    2307.378	  8
    2307.378	 20
    2307.378	 27
    2307.388	 28
    2307.388	 19
    2307.488	 29
    2307.652	  9
    2307.672	  8
    2327.508	 52
    2327.518	 10
    2416.938	  8
    2417.074	  8
    2417.338	  8
    2418.214	  8
    2419.044	  8
    2419.372	  8
    2419.812	  8
    2420.064	  8
    2420.434	  8
    2420.956	  8
    2421.192	  8
    2421.292	  8
    2421.556	  8
    2421.986	  8
    2422.358	  8
    2422.910	  8
    2423.754	  8
    2424.020	  8
    2424.348	  8
    2424.788	  8
    2425.032	  8
    2425.330	  8
    2425.614	  8
    2425.894	  8
    2426.146	  8
    2426.810	  8
    2427.260	  8
    2428.284	  8
    2428.736	  8
    2429.360	  8
    2429.804	  8
    2430.038	  8
    2430.476	  8
    2430.854	  8
    2431.122	  8
    2431.396	  8
    2431.706	  8
    2432.010	  8
    2432.776	  8
    2433.174	  8
    2433.798	  8
    2434.804	  8
    2435.248	  8
    2435.678	  8
    2436.160	  8
    2436.520	  8
    2437.188	  8
    2437.372	  8
    2438.572	  8
    2439.104	  8
    2440.148	  8
    2441.708	  8
    2442.036	  8
    2442.812	  8
    2444.178	  8
    2445.002	  8
    2445.518	  8
    2445.762	  8
    2446.616	  8
    2446.802	  8
    2447.134	  8
    2447.364	  8
    2447.518	 53
    2447.528	 20
    2447.528	 27
    2447.890	  8
    2451.750	  8
    2452.056	  8
    2452.516	  8
    2452.826	  8
    2454.430	  8
    2454.738	  8
    2467.548	 51
    2467.558	 18
    2484.700	  8
    2484.788	  8
    2485.458	  8
    2487.486	  8
    2493.488	  8
    2493.942	  8
    2494.466	  8
    2496.846	  8
    2497.008	  8
    2497.506	  8
    2498.518	  8
    2498.996	  8
    2499.596	  8
    2500.140	  8
    2500.550	  8
    2505.174	  8
    2505.476	  8
    2505.692	  8
    2506.216	  8
    2506.588	  8
    2507.318	  8
    2508.510	  8
    2509.938	  8
    2510.342	  8
    2511.052	  8
    2511.904	  8
    2512.826	  8
    2513.206	  8
    2513.932	  8
    2514.564	  8
    2515.722	  8
    2516.154	  8
    2516.444	  8
    2516.630	  8
    2517.050	  8
    2517.936	  8
    2518.490	  8
    2518.986	  8
    2520.034	  8
    2520.722	  8
    2521.362	  8
    2521.958	  8
    2522.306	  8
    2523.334	  8
    2523.454	  8
    2523.696	  8
    2524.392	  8
    2524.664	  8
    2526.058	  8
    2526.400	  8
    2527.020	  8
    2527.500	  8
    2527.558	 53
    2527.990	  8
    2527.990	 20
    2527.990	 27
    2528.000	 28
    2528.000	 19
    2528.100	 29
    2528.264	  9
    2528.282	  8
    2548.120	 52
    2548.130	 10
    2587.990	  8
    2612.652	  8
    2638.858	  8
    2639.590	  8
    2640.190	  8
    2641.088	  8
    2641.522	  8
    2642.244	  8
    2643.506	  8
    2644.106	  8
    2645.856	  8
    2646.162	  8
    2646.250	  8
    2648.176	  8
    2648.346	  8
    2649.858	  8
    2650.522	  8
    2650.854	  8
    2651.160	  8
    2651.708	  8
    2652.148	  8
    2652.570	  8
    2653.158	  8
    2653.878	  8
    2655.328	  8
    2655.962	  8
    2656.764	  8
    2656.910	  8
    2657.196	  8
    2657.308	  8
    2658.128	  8
    2658.404	  8
    2658.894	  8
    2659.746	  8
    2660.114	  8
    2660.912	  8
    2662.152	  8
    2662.750	  8
    2663.254	  8
    2663.966	  8
    2664.278	  8
    2666.980	  8
    2667.422	  8
    2668.042	  8
    2668.130	 53
    2668.140	 20
    2668.140	 27
    2668.466	  8
    2688.160	 50
    2688.170	 17
    2693.138	  8
    2694.654	  8
    2696.150	  8
    2697.046	  8
    2697.614	  8
    2698.486	  8
    2699.836	  8
    2700.206	  8
    2701.734	  8
    2702.008	  8
    2702.542	  8
    2703.386	  8
    2704.642	  8
    2705.248	  8
    2705.862	  8
    2706.832	  8
    2707.226	  8
    2707.412	  8
    2707.652	  8
    2708.826	  8
    2709.814	  8
    2709.954	  8
    2710.130	  8
    2710.638	  8
    2710.864	  8
    2711.024	  8
    2711.484	  8
    2711.924	  8
    2712.682	  8
    2712.984	  8
    2713.206	  8
    2713.518	  8
    2714.404	  8
    2714.550	  8
    2715.320	  8
    2716.346	  8
    2716.544	  8
    2716.854	  8
    2717.124	  8
    2717.410	  8
    2717.834	  8
    2718.170	 53
    2718.506	  8
    2718.506	 20
    2718.506	 27
    2718.516	 28
    2718.516	 19
    2718.520	  8
    2718.616	 29
    2718.748	  8
    2718.780	  9
    2738.636	 50
    2738.646	 17
    2748.010	  8
    2754.838	  8
    2756.160	  8
    2756.788	  8
    2761.730	  8
    2761.858	  8
    2762.008	  8
    2762.344	  8
    2762.508	  8
    2762.860	  8
    2763.554	  8
    2764.322	  8
    2764.694	  8
    2764.932	  8
    2765.922	  8
    2767.176	  8
    2767.814	  8
    2768.262	  8
    2768.454	  8
    2768.646	 53
    2768.922	  8
    2768.922	 20
    2768.922	 27
    2768.932	 28
    2768.932	 19
    2769.032	 29
    2769.196	  9
    2769.202	  8
    2789.052	 50
    2789.062	 17
    2812.740	  8
    2813.148	  8
    2813.410	  8
    2814.094	  8
    2814.396	  8
    2814.944	  8
    2815.652	  8
    2816.048	  8
    2816.312	  8
    2816.660	  8
    2816.968	  8
    2817.542	  8
    2817.848	  8
    2818.166	  8
    2818.516	  8
    2818.628	  8
    2818.984	  8
    2819.062	 53
    2819.392	  8
    2819.392	 20
    2819.392	 27
    2819.402	 28
    2819.402	 19
    2819.502	 29
    2819.666	  9
    2819.688	  8
    2820.898	  8
    2821.186	  8
    2839.522	 51
    2839.532	 18
    2887.746	  8
    2892.002	  8
    2893.152	  8
    2899.532	 53
    2913.502	  8
    2913.502	 20
    2913.502	 27
    2913.512	 28
    2913.512	 19
    2913.612	 29
    2913.776	  9
    2933.632	 50
    2933.642	 17
    2944.848	  8
    2945.768	  8
    2949.376	  8
    2950.802	  8
    2952.136	  8
    2953.428	  8
    2954.304	  8
    2954.794	  8
    2955.960	  8
    2956.258	  8
    2957.878	  8
    2958.310	  8
    2959.670	  8
    2960.094	  8
    2960.368	  8
    2961.258	  8
    2961.944	  8
    2962.846	  8
    2963.246	  8
    2963.408	  8
    2963.642	 53
    2964.004	  8
    2964.004	 20
    2964.004	 27
    2964.014	 28
    2964.014	 19
    2964.114	 29
    2964.278	  9
    2964.324	  8
    2984.134	 51
    2984.144	 18
    2989.178	  8
    2990.530	  8
    3009.134	  8
    3009.948	  8
    3010.682	  8
    3011.422	  8
    3012.006	  8
    3012.524	  8
    3014.282	  8
    3017.202	  8
    3020.630	  8
    3021.984	  8
    3024.262	  8
    3027.012	  8
    3027.738	  8
    3028.630	  8
    3029.480	  8
    3032.572	  8
    3033.100	  8
    3034.028	  8
    3034.620	  8
    3035.116	  8
    3035.818	  8
    3036.710	  8
    3037.316	  8
    3037.472	  8
    3037.638	  8
    3037.752	  8
    3038.224	  8
    3039.362	  8
    3040.020	  8
    3040.380	  8
    3040.714	  8
    3040.816	  8
    3041.592	  8
    3042.014	  8
    3042.730	  8
    3043.202	  8
    3043.630	  8
    3044.144	 53
    3044.652	  8
    3044.652	 20
    3044.652	 27
    3044.662	 28
    3044.662	 19
    3044.762	 29
    3044.926	  9
    3045.004	  8
    3064.782	 52
    3064.792	 10
    3090.034	  8
    3090.528	  8
    3090.990	  8
    3091.300	  8
    3101.880	  8
    3127.866	  8
    3135.812	  8
    3136.434	  8
    3137.582	  8
    3140.330	  8
    3141.540	  8
    3143.784	  8
    3145.232	  8
    3147.898	  8
    3147.982	  8
    3148.452	  8
    3149.302	  8
    3150.844	  8
    3151.414	  8
    3154.994	  8
    3157.396	  8
    3157.992	  8
    3159.038	  8
    3165.716	  8
    3166.102	  8
    3167.020	  8
    3167.604	  8
    3168.544	  8
    3169.162	  8
    3169.786	  8
    3170.206	  8
    3172.042	  8
    3172.172	  8
    3172.454	  8
    3173.888	  8
    3174.730	  8
    3175.162	  8
    3175.884	  8
    3176.658	  8
    3178.138	  8
    3178.448	  8
    3178.708	  8
    3181.146	  8
    3181.864	  8
    3182.638	  8
    3183.160	  8
    3184.708	  8
    3184.792	 53
    3184.802	 20
    3184.802	 27
    3184.826	  8
    3204.822	 52
    3204.832	 10
    3237.976	  8
    3246.628	  8
    3251.042	  8
    3263.068	  8
    3269.154	  8
    3269.284	  8
    3270.984	  8
    3277.106	  8
    3280.202	  8
    3281.062	  8
    3281.184	  8
    3281.380	  8
    3283.102	  8
    3283.646	  8
    3286.124	  8
    3287.138	  8
    3287.862	  8
    3288.682	  8
    3288.866	  8
    3292.642	  8
    3293.016	  8
    3293.650	  8
    3298.138	  8
    3305.038	  8
    3306.788	  8
    3308.006	  8
    3308.968	  8
    3309.610	  8
    3312.784	  8
    3313.578	  8
    3316.632	  8
    3317.074	  8
    3317.636	  8
    3319.068	  8
    3321.508	  8
    3322.504	  8
    3324.606	  8
    3324.782	  8
    3324.832	 53
    3324.842	 20
    3324.842	 27
    3324.902	  8
    3325.180	  8
    3326.700	  8
    3328.052	  8
    3328.520	  8
    3344.862	 52
    3344.872	 10
    3435.102	  8
    3437.028	  8
    3438.806	  8
    3439.194	  8
    3440.976	  8
    3441.136	  8
    3441.642	  8
    3442.084	  8
    3442.538	  8
    3442.656	  8
    3442.748	  8
    3443.142	  8
    3445.882	  8
    3447.158	  8
    3448.236	  8
    3449.178	  8
    3450.606	  8
    3450.958	  8
    3451.582	  8
    3452.206	  8
    3452.650	  8
    3453.402	  8
    3455.160	  8
    3455.536	  8
    3456.028	  8
    3458.310	  8
    3459.170	  8
    3460.328	  8
    3461.146	  8
    3461.830	  8
    3462.988	  8
    3464.872	 53
    3464.882	 20
    3464.882	 27
    3465.452	  8
    3484.902	 51
    3484.912	 18
    3507.318	  8
    3519.132	  8
    3520.126	  8
    3520.616	  8
    3521.786	  8
    3522.424	  8
    3523.110	  8
    3523.646	  8
    3524.300	  8
    3524.768	  8
    3524.880	  8
    3525.390	  8
    3525.582	  8
    3525.842	  8
    3526.328	  8
    3526.774	  8
    3527.418	  8
    3528.206	  8
    3528.770	  8
    3529.890	  8
    3530.420	  8
    3531.434	  8
    3532.066	  8
    3532.390	  8
    3532.852	  8
    3533.464	  8
    3533.716	  8
    3534.660	  8
    3535.184	  8
    3535.752	  8
    3536.356	  8
    3537.344	  8
    3537.808	  8
    3537.974	  8
    3538.332	  8
    3539.142	  8
    3539.528	  8
    3540.190	  8
    3540.752	  8
    3541.464	  8
    3541.872	  8
    3541.934	  8
    3542.542	  8
    3542.768	  8
    3543.046	  8
    3543.340	  8
    3543.814	  8
    3544.292	  8
    3544.912	 53
    3545.344	  8
    3545.344	 20
    3545.344	 27
    3545.354	 28
    3545.354	 19
    3545.420	  8
    3545.454	 29
    3545.488	  8
    3545.618	  9
    3565.474	 51
    3565.484	 18
    3579.480	  8
    3585.374	  8
    3585.456	  8
    3585.616	  8
    3587.514	  8
    3588.050	  8
    3588.526	  8
    3589.056	  8
    3589.604	  8
    3591.602	  8
    3592.656	  8
    3593.640	  8
    3594.880	  8
    3596.058	  8
    3596.194	  8
    3606.356	  8
    3606.580	  8
    3615.806	  8
    3616.714	  8
    3617.186	  8
    3617.886	  8
    3620.358	  8
    3621.518	  8
    3623.834	  8
    3624.050	  8
    3625.484	 53
    3625.986	  8
    3625.986	 20
    3625.986	 27
    3625.996	 28
    3625.996	 19
    3626.096	 29
    3626.138	  8
    3626.260	  9
    3638.136	  8
    3646.116	 52
    3646.126	 10
    3718.192	  8
    3718.736	  8
    3719.216	  8
    3719.654	  8
    3720.422	  8
    3721.020	  8
    3721.800	  8
    3722.270	  8
    3723.466	  8
    3723.826	  8
    3724.244	  8
    3724.476	  8
    3725.034	  8
    3725.278	  8
    3726.214	  8
    3726.716	  8
    3727.778	  8
    3728.300	  8
    3728.664	  8
    3728.758	  8
    3729.014	  8
    3729.390	  8
    3729.702	  8
    3730.088	  8
    3730.426	  8
    3730.854	  8
    3731.352	  8
    3731.938	  8
    3732.658	  8
    3733.112	  8
    3734.568	  8
    3734.824	  8
    3738.476	  8
    3738.988	  8
    3739.502	  8
    3740.374	  8
    3741.418	  8
    3741.866	  8
    3742.520	  8
    3742.922	  8
    3743.240	  8
    3744.716	  8
    3745.466	  8
    3745.708	  8
    3745.768	  8
    3745.980	  8
    3746.790	  8
    3746.918	  8
    3747.894	  8
    3748.214	  8
    3748.694	  8
    3749.164	  8
    3749.860	  8
    3750.190	  8
    3750.690	  8
    3751.774	  8
    3752.172	  8
    3752.410	  8
    3753.616	  8
    3754.276	  8
    3754.748	  8
    3755.234	  8
    3755.808	  8
    3756.232	  8
    3756.814	  8
    3756.946	  8
    3757.202	  8
    3758.432	  8
    3760.912	  8
    3761.104	  8
    3761.398	  8
    3761.446	  8
    3762.096	  8
    3762.704	  8
    3763.572	  8
    3764.054	  8
    3764.614	  8
    3765.402	  8
    3766.000	  8
    3766.126	 53
    3766.136	 20
    3766.136	 27
    3766.930	  8
    3786.156	 51
    3786.166	 18
    3801.144	  8
    3801.286	  8
    3801.528	  8
    3802.254	  8
    3806.896	  8
    3808.190	  8
    3812.746	  8
    3813.138	  8
    3814.244	  8
    3818.750	  8
    3819.558	  8
    3819.620	  8
    3820.652	  8
    3821.934	  8
    3823.666	  8
    3824.560	  8
    3824.650	  8
    3825.024	  8
    3825.716	  8
    3826.140	  8
    3826.808	  8
    3827.390	  8
    3827.704	  8
    3828.836	  8
    3829.188	  8
    3830.176	  8
    3830.692	  8
    3831.012	  8
    3831.484	  8
    3832.672	  8
    3833.002	  8
    3833.568	  8
    3833.828	  8
    3834.130	  8
    3834.612	  8
    3835.226	  8
    3835.902	  8
    3836.324	  8
    3836.438	  8
    3836.878	  8
    3837.082	  8
    3837.484	  8
    3837.754	  8
    3838.848	  8
    3839.540	  8
    3839.930	  8
    3841.810	  8
    3842.132	  8
    3842.664	  8
    3843.188	  8
    3843.752	  8
    3844.492	  8
    3844.650	  8
    3844.840	  8
    3845.410	  8
    3845.586	  8
    3845.866	  8
    3846.158	  8
    3846.166	 53
    3846.318	  8
    3846.318	 20
    3846.318	 27
    3846.328	 28
    3846.328	 19
    3846.428	 29
    3846.568	  8
    3846.592	  9
    3848.076	  8
    3866.448	 52
    3866.458	 10
    3964.094	  8
    3965.476	  8
    3967.040	  8
    3970.352	  8
    3971.548	  8
    3972.962	  8
    3973.138	  8
    3973.386	  8
    3975.936	  8
    3976.256	  8
    3982.518	  8
    3982.658	  8
    3983.888	  8
    3984.464	  8
    3986.458	 53
    3986.468	 20
    3986.468	 27
    4006.488	 52
    4006.498	 10
    4057.114	  8
    4058.042	  8
    4058.412	  8
    4070.608	  8
    4071.298	  8
    4100.198	  8
    4100.962	  8
    4105.790	  8
    4107.744	  8
    4109.814	  8
    4111.940	  8
    4118.536	  8
    4118.934	  8
    4119.498	  8
    4123.020	  8
    4123.516	  8
    4123.632	  8
    4124.060	  8
    4124.530	  8
    4124.986	  8
    4126.498	 53
    4126.508	 20
    4126.508	 27
    4146.528	 50
    4146.538	 17
    4152.920	  8
    4153.384	  8
    4153.604	  8
    4155.710	  8
    4156.704	  8
    4157.960	  8
    4158.594	  8
    4159.308	  8
    4159.476	  8
    4159.550	  8
    4159.804	  8
    4160.236	  8
    4160.738	  8
    4160.882	  8
    4160.952	  8
    4161.278	  8
    4161.312	  8
    4161.510	  8
    4162.540	  8
    4162.758	  8
    4163.044	  8
    4163.316	  8
    4163.712	  8
    4164.484	  8
    4164.764	  8
    4164.992	  8
    4165.690	  8
    4166.130	  8
    4166.660	  8
    4166.970	  8
    4167.126	  8
    4167.412	  8
    4167.890	  8
    4168.680	  8
    4168.888	  8
    4169.126	  8
    4169.296	  8
    4170.014	  8
    4170.326	  8
    4171.536	  8
    4171.842	  8
    4171.940	  8
    4172.364	  8
    4172.766	  8
    4173.024	  8
    4173.510	  8
    4173.738	  8
    4173.784	  8
    4173.978	  8
    4174.950	  8
    4175.724	  8
    4176.424	  8
    4176.538	 53
    4176.662	  8
    4176.662	 20
    4176.662	 27
    4176.672	 28
    4176.672	 19
    4176.772	 29
    4176.936	  9
    4196.792	 50
    4196.802	 17
    4201.666	  7
    4203.152	  7
    4203.740	  7
    4204.944	  7
    4205.460	  7
    4205.648	  7
    4212.998	  8
    4213.552	  8
    4214.066	  8
    4214.892	  8
    4215.200	  8
    4215.404	  8
    4215.672	  8
    4216.002	  8
    4216.298	  8
    4216.798	  8
    4217.396	  8
    4217.788	  8
    4217.956	  8
    4218.178	  8
    4218.404	  8
    4218.640	  8
    4219.504	  8
    4220.104	  8
    4220.600	  8
    4220.884	  8
    4221.104	  8
    4221.866	  8
    4222.048	  8
    4222.578	  8
    4222.784	  8
    4222.858	  8
    4224.026	  8
    4224.384	  8
    4224.452	  8
    4225.062	  8
    4225.106	  8
    4225.626	  8
    4226.538	  8
    4226.802	 53
    4227.492	  8
    4227.492	 20
    4227.492	 27
    4227.502	 28
    4227.502	 19
    4227.602	 29
    4227.664	  8
    4227.766	  9
    4242.394	  7
    4242.562	  7
    4243.264	  7
    4247.622	 50
    4247.632	 17
    4248.688	  7
    4248.922	  7
    4249.384	  7
    4254.312	  7
    4259.514	  7
    4259.622	  7
    4264.212	  8
    4264.452	  8
    4265.662	  8
    4265.854	  8
    4266.070	  8
    4266.332	  8
    4267.230	  8
    4267.666	  8
    4267.954	  8
    4268.560	  8
    4268.852	  8
    4269.134	  8
    4269.380	  8
    4269.524	  8
    4270.126	  8
    4270.538	  8
    4271.512	  8
    4272.180	  8
    4272.502	  8
    4272.786	  8
    4273.236	  8
    4273.716	  8
    4274.350	  8
    4274.596	  8
    4274.796	  8
    4275.410	  8
    4275.480	  8
    4275.920	  8
    4276.306	  8
    4276.552	  8
    4276.928	  8
    4277.632	 53
    4278.032	  8
    4278.032	 20
    4278.032	 27
    4278.042	 28
    4278.042	 19
    4278.142	 29
    4278.260	  8
    4278.306	  9
    4292.454	  7
    4292.610	  7
    4294.238	  7
    4298.162	 50
    4298.172	 17
    4298.764	  7
    4304.342	  7
    4305.308	  7
    4311.092	  7
    4311.478	  7
    4316.446	  7
    4318.616	  8
    4319.908	  8
    4320.028	  8
    4320.464	  8
    4320.878	  8
    4321.828	  8
    4322.396	  8
    4322.638	  8
    4323.028	  8
    4325.348	  8
    4325.642	  8
    4325.968	  8
    4326.118	  8
    4326.288	  8
    4326.526	  8
    4326.916	  8
    4327.278	  8
    4327.810	  8
    4328.172	 53
    4328.602	  8
    4328.602	 20
    4328.602	 27
    4328.612	 28
    4328.612	 19
    4328.712	 29
    4328.876	  9
    4328.914	  8
    4338.762	  7
    4339.058	  7
    4339.264	  7
    4339.444	  7
    4341.322	  7
    4348.732	 51
    4348.742	 18
    4377.576	  8
    4378.858	  8
    4379.596	  8
    4380.544	  8
    4381.240	  8
    4381.414	  8
    4382.212	  8
    4383.102	  8
    4383.774	  8
    4385.256	  8
    4387.618	  8
    4388.072	  8
    4388.578	  8
    4389.644	  8
    4391.124	  8
    4391.588	  8
    4392.198	  8
    4392.476	  8
    4393.002	  8
    4393.348	  8
    4393.722	  8
    4393.788	  8
    4394.232	  8
    4394.672	  8
    4396.254	  8
    4396.982	  8
    4398.472	  8
    4399.004	  8
    4399.736	  8
    4400.114	  8
    4400.414	  8
    4402.082	  8
    4402.298	  8
    4402.738	  8
    4403.080	  8
    4403.416	  8
    4403.954	  8
    4404.784	  8
    4405.366	  8
    4406.102	  8
    4406.640	  8
    4406.770	  8
    4407.244	  8
    4407.782	  8
    4408.058	  8
    4408.550	  8
    4408.742	 53
    4409.148	  8
    4409.148	 20
    4409.148	 27
    4409.158	 28
    4409.158	 19
    4409.258	 29
    4409.422	  9
    4409.430	  8
    4429.278	 51
    4429.288	 18
    4473.872	  8
    4474.282	  8
    4475.166	  8
    4475.816	  8
    4476.366	  8
    4476.892	  8
    4477.412	  8
    4477.868	  8
    4478.614	  8
    4479.014	  8
    4479.474	  8
    4480.602	  8
    4489.288	 53
    4492.742	  8
    4492.742	 20
    4492.742	 27
    4492.752	 28
    4492.752	 19
    4492.852	 29
    4492.988	  8
    4493.016	  9
    4512.872	 52
    4512.882	 10
    4546.552	  5
    4613.572	  7
    4613.714	  7
    4613.900	  7
    4614.312	  7
    4614.488	  7
    4614.712	  7
    4614.946	  7
    4615.146	  7
    4615.382	  7
    4615.618	  7
    4615.820	  7
    4616.050	  7
    4618.412	  8
    4618.758	  8
    4619.164	  8
    4619.408	  8
    4619.620	  8
    4619.656	  8
    4620.262	  8
    4620.636	  8
    4620.880	  8
    4621.284	  8
    4622.398	  8
    4623.288	  8
    4623.760	  8
    4624.390	  8
    4625.266	  8
    4626.396	  8
    4626.818	  8
    4627.246	  8
    4627.632	  8
    4628.860	  8
    4629.100	  8
    4632.762	  8
    4632.882	 53
    4632.892	 20
    4632.892	 27
    4633.266	  8
    4652.912	 50
    4652.922	 17
    4663.682	  8
    4664.524	  8
    4664.684	  8
    4664.930	  8
    4667.984	  8
    4668.682	  8
    4669.146	  8
    4670.226	  8
    4670.472	  8
    4671.704	  8
    4672.444	  8
    4673.186	  8
    4673.498	  8
    4674.034	  8
    4674.328	  8
    4674.544	  8
    4674.994	  8
    4675.482	  8
    4675.944	  8
    4676.216	  8
    4676.720	  8
    4677.508	  8
    4677.918	  8
    4678.136	  8
    4678.402	  8
    4679.100	  8
    4679.570	  8
    4680.036	  8
    4680.252	  8
    4681.212	  8
    4681.640	  8
    4682.712	  8
    4682.852	  8
    4682.922	 53
    4683.198	  8
    4683.198	 20
    4683.198	 27
    4683.208	 28
    4683.208	 19
    4683.308	 29
    4683.470	  8
    4683.472	  9
    4685.826	  8
    4703.328	 51
    4703.338	 18
    4738.252	  8
    4738.426	  8
    4738.694	  8
    4738.968	  8
    4739.356	  8
    4739.798	  8
    4740.520	  8
    4741.448	  8
    4741.922	  8
    4742.220	  8
    4742.778	  8
    4743.056	  8
    4743.488	  8
    4745.056	  8
    4745.558	  8
    4746.194	  8
    4746.450	  8
    4746.664	  8
    4747.232	  8
    4747.650	  8
    4748.134	  8
    4748.446	  8
    4748.548	  8
    4748.732	  8
    4748.958	  8
    4749.332	  8
    4749.558	  8
    4750.170	  8
    4751.236	  8
    4751.476	  8
    4752.278	  8
    4752.796	  8
    4752.938	  8
    4753.470	  8
    4753.772	  8
    4755.972	  8
    4756.734	  8
    4756.998	  8
    4757.374	  8
    4758.078	  8
    4758.934	  8
    4759.266	  8
    4759.990	  8
    4761.278	  8
    4762.878	  8
    4763.104	  8
    4763.338	 53
    4763.690	  8
    4763.690	 20
    4763.690	 27
    4763.700	 28
    4763.700	 19
    4763.800	 29
    4763.948	  8
    4763.964	  9
    4783.820	 52
    4783.830	 10
    4861.802	  8
    4862.094	  8
    4863.736	  8
    4879.992	  8
    4880.886	  8
    4881.978	  8
    4883.556	  8
    4884.228	  8
    4892.248	  8
    4894.858	  8
    4896.960	  8
    4900.740	  8
    4902.500	  8
    4903.004	  8
    4903.830	 53
    4903.840	 20
    4903.840	 27
    4923.860	 52
    4923.870	 10
    4992.278	  8
    5043.870	 53
    5043.880	 20
    5043.880	 27
    5063.900	 50
    5063.910	 17
    5071.604	  8
    5071.950	  8
    5077.592	  8
    5077.720	  8
    5078.492	  8
    5079.206	  8
    5081.000	  8
    5081.618	  8
    5082.220	  8
    5082.716	  8
    5083.294	  8
    5085.190	  8
    5085.472	  8
    5085.794	  8
    5086.082	  8
    5086.556	  8
    5087.020	  8
    5087.890	  8
    5088.216	  8
    5088.424	  8
    5090.432	  8
    5091.700	  8
    5092.090	  8
    5093.068	  8
    5093.412	  8
    5093.910	 53
    5094.090	  8
    5094.090	 20
    5094.090	 27
    5094.100	 28
    5094.100	 19
    5094.200	 29
    5094.356	  9
    5094.382	  8
    5114.220	 51
    5114.230	 18
    5173.770	  8
    5174.230	 53
    5196.846	  8
    5196.846	 20
    5196.846	 27
    5196.856	 28
    5196.856	 19
    5196.956	 29
    5197.086	  8
    5197.120	  9
    5216.976	 50
    5216.986	 17
    5222.422	  8
    5226.422	  8
    5230.220	  8
    5238.088	  8
    5238.306	  8
    5239.248	  8
    5239.562	  8
    5239.988	  8
    5240.748	  8
    5241.740	  8
    5242.384	  8
    5243.388	  8
    5243.756	  8
    5243.812	  8
    5244.132	  8
    5244.986	  8
    5245.288	  8
    5246.034	  8
    5246.986	 53
    5250.536	  8
    5250.536	 20
    5250.536	 27
    5250.546	 28
    5250.546	 19
    5250.646	 29
    5250.810	  8
    5270.666	 50
    5270.676	 17
    5280.796	  8
    5284.536	  8
    5284.770	  8
    5286.006	  8
    5290.204	  8
    5293.146	  8
    5298.950	  8
    5299.300	  8
    5299.664	  8
    5300.408	  8
    5300.676	 53
    5300.818	  8
    5300.818	 20
    5300.818	 27
    5300.828	 28
    5300.828	 19
    5300.928	 29
    5300.938	 61
