      20.010	 50
      20.020	 17
      50.020	 53
      58.696	  8
      58.696	 20
      58.696	 27
      58.706	 28
      58.706	 19
      58.806	 29
      58.906	  8
      58.998	  9
      78.826	 51
      78.836	 18
     138.836	 53
     156.730	  8
     156.730	 20
     156.730	 27
     156.740	 28
     156.740	 19
     156.840	 29
     156.972	  8
     157.032	  9
     157.986	  8
     161.440	  6
     176.860	 50
     176.870	 17
     196.906	  8
     206.870	 53
     207.026	  8
     207.026	 20
     207.026	 27
     207.036	 28
     207.036	 19
     207.136	 29
     207.328	  8
     227.156	 50
     227.166	 17
     242.316	  8
     242.484	  8
     242.818	  8
     243.042	  8
     244.788	  8
     251.178	  8
     257.166	 53
     258.926	  8
     258.926	 20
     258.926	 27
     258.936	 28
     258.936	 19
     259.036	 29
     259.216	  8
     259.228	  9
     262.064	  8
     279.056	 51
     279.066	 18
     288.900	  7
     316.282	  8
     316.586	  8
     339.066	 53
     360.046	  8
     360.046	 20
     360.046	 27
     360.056	 28
     360.056	 19
     360.156	 29
     360.348	  9
     361.636	  8
     380.176	 52
     380.186	 10
     397.388	  8
     397.558	  8
     438.950	  8
     439.098	  8
     439.340	  8
     443.456	  8
     453.508	  8
     463.244	  7
     463.614	  7
     463.944	  7
     464.070	  7
     464.690	  7
     466.652	  7
     466.772	  7
     466.862	  7
     467.316	  7
     467.630	  7
     467.896	  7
     467.972	  7
     477.354	  8
     477.702	  8
     482.276	  7
     482.858	  7
     482.978	  7
     483.084	  7
     483.168	  7
     486.520	  7
     486.680	  7
     488.380	  7
     488.544	  7
     490.838	  7
     492.570	  7
     492.710	  7
     493.100	  7
     493.442	  7
     493.508	  7
     494.004	  7
     494.234	  7
     494.454	  7
     494.542	  7
     495.008	  7
     496.184	  7
     496.294	  7
     499.422	  7
     499.894	  7
     500.000	  7
     500.186	 53
     500.196	 20
     500.196	 27
     500.272	  7
     502.540	  7
     502.930	  7
     510.092	  7
     510.270	  7
     510.476	  7
     510.856	  7
     518.204	  7
     519.354	  7
     520.216	 52
     520.226	 10
     528.836	  7
     528.932	  7
     529.044	  7
     529.156	  7
     529.268	  7
     529.390	  7
     529.506	  7
     529.630	  7
     529.752	  7
     529.872	  7
     529.992	  7
     530.116	  7
     530.254	  7
     530.378	  7
     530.498	  7
     530.618	  7
     530.746	  7
     530.874	  7
     531.016	  7
     531.138	  7
     531.262	  7
     531.386	  7
     531.504	  7
     531.630	  7
     531.756	  7
     531.900	  7
     532.016	  7
     532.146	  7
     532.274	  7
     532.408	  7
     532.538	  7
     532.688	  7
     532.810	  7
     532.944	  7
     533.076	  7
     533.206	  7
     533.350	  7
     533.476	  7
     533.612	  7
     533.752	  7
     533.900	  7
     534.014	  7
     534.154	  7
     534.286	  7
     534.438	  7
     534.540	  7
     534.668	  7
     534.816	  7
     534.934	  7
     535.066	  7
     535.206	  7
     535.362	  7
     535.480	  7
     535.612	  7
     535.762	  7
     535.918	  7
     536.032	  7
     536.166	  7
     536.326	  7
     536.452	  7
     536.592	  7
     536.750	  7
     536.876	  7
     536.932	  7
     537.102	  7
     537.216	  7
     537.350	  7
     537.518	  7
     537.638	  7
     537.766	  7
     537.906	  7
     538.068	  7
     538.188	  7
     538.320	  7
     538.484	  7
     538.610	  7
     538.738	  7
     538.880	  7
     539.046	  7
     539.168	  7
     539.306	  7
     539.448	  7
     539.616	  7
     539.736	  7
     539.870	  7
     540.032	  7
     540.144	  7
     540.286	  7
     540.456	  7
     540.568	  7
     540.696	  7
     540.828	  7
     540.988	  7
     541.116	  7
     541.254	  7
     541.394	  7
     541.552	  7
     541.678	  7
     541.816	  7
     541.958	  7
     542.122	  7
     542.242	  7
     542.380	  7
     542.522	  7
     542.664	  7
     542.826	  7
     542.938	  7
     543.074	  7
     543.216	  7
     543.386	  7
     543.516	  7
     543.648	  7
     543.814	  7
     543.924	  7
     544.088	  7
     544.206	  7
     544.370	  7
     544.488	  7
     544.624	  7
     544.758	  7
     544.924	  7
     545.036	  7
     545.174	  7
     545.314	  7
     545.478	  7
     545.600	  7
     545.738	  7
     545.886	  7
     546.048	  7
     546.164	  7
     546.298	  7
     547.656	  8
     599.606	  8
     599.992	  8
     600.430	  8
     600.726	  8
     600.808	  8
     608.200	  7
     608.446	  7
     610.294	  8
     610.660	  8
     615.698	  7
     615.838	  7
     622.102	  7
     622.208	  7
     622.618	  7
     622.674	  7
     623.696	  7
     628.288	  8
     628.488	  8
     637.954	  8
     638.196	  8
     640.226	 53
     640.236	 20
     640.236	 27
     641.908	  8
     660.256	 51
     660.266	 18
     660.410	  7
     663.260	  7
     669.100	  7
     677.204	  8
     687.126	  8
     706.552	  8
     707.156	  8
     707.386	  8
     707.442	  8
     714.838	  8
     715.156	  8
     720.266	 53
     759.750	  8
     759.750	 20
     759.750	 27
     759.760	 28
     759.760	 19
     759.860	 29
     760.052	  9
     779.880	 50
     779.890	 17
     780.164	  8
     789.696	  8
     796.890	  8
     797.474	  8
     799.138	  8
     799.474	  8
     799.850	  8
     801.458	  8
     802.432	  8
     803.222	  8
     803.788	  8
     804.014	  8
     804.484	  8
     804.822	  8
     805.110	  8
     805.610	  8
     806.704	  8
     807.466	  8
     809.610	  8
     809.890	 53
     810.098	  8
     810.098	 20
     810.098	 27
     810.108	 28
     810.108	 19
     810.208	 29
     810.342	  8
     810.400	  9
     830.228	 51
     830.238	 18
     850.298	  8
     852.204	  8
     853.020	  8
     856.720	  8
     879.768	  8
     879.876	  8
     880.560	  8
     887.666	  8
     887.990	  8
     890.238	 53
     891.016	  8
     891.016	 20
     891.016	 27
     891.026	 28
     891.026	 19
     891.126	 29
     891.318	  9
     891.348	  8
     893.470	  8
     911.146	 51
     911.156	 18
     960.184	  7
     960.536	  7
     967.910	  7
     971.156	 53
     982.634	  8
     982.634	 20
     982.634	 27
     982.644	 28
     982.644	 19
     982.744	 29
     982.908	  8
     982.936	  9
     985.144	  8
     987.268	  8
    1002.764	 52
    1002.774	 10
    1075.776	  8
    1076.046	  8
    1076.640	  8
    1076.818	  8
    1076.984	  8
    1077.266	  8
    1080.014	  8
    1108.484	  8
    1108.706	  8
    1109.050	  8
    1109.532	  8
    1110.134	  8
    1110.772	  8
    1111.480	  8
    1111.962	  8
    1112.408	  8
    1116.670	  8
    1116.876	  8
    1117.414	  8
    1117.654	  8
    1118.988	  8
    1119.598	  8
    1121.224	  8
    1121.556	  8
    1122.774	 53
    1122.784	 20
    1122.784	 27
    1138.822	  8
    1139.176	  8
    1139.690	  8
    1142.746	  8
    1142.804	 51
    1142.814	 18
    1142.996	  8
    1156.694	  8
    1157.292	  8
    1157.534	  8
    1158.290	  8
    1158.738	  8
    1159.074	  8
    1160.582	  8
    1160.828	  8
    1160.946	  8
    1164.922	  8
    1165.650	  8
    1167.802	  8
    1179.012	  8
    1179.316	  8
    1179.532	  8
    1189.550	  7
    1189.954	  7
    1194.010	  8
    1194.256	  8
    1194.638	  8
    1202.814	 53
    1211.638	  8
    1211.638	 20
    1211.638	 27
    1211.648	 28
    1211.648	 19
    1211.748	 29
    1211.868	  8
    1211.922	  8
    1212.184	  9
    1216.150	  8
    1216.462	  8
    1230.134	  7
    1230.516	  7
    1230.588	  7
    1231.768	 50
    1231.778	 17
    1236.718	  7
    1238.330	  7
    1240.722	  7
    1242.912	  7
    1244.694	  7
    1246.654	  7
    1248.188	  7
    1248.476	  7
    1260.420	  8
    1260.688	  8
    1261.142	  8
    1261.778	 53
    1261.804	  8
    1261.804	 20
    1261.804	 27
    1261.814	 28
    1261.814	 19
    1261.914	 29
    1261.992	  8
    1262.106	  9
    1263.630	  8
    1263.768	  8
    1264.806	  8
    1281.934	 52
    1281.944	 10
    1285.870	  7
    1287.020	  7
    1287.452	  7
    1293.100	  7
    1303.382	  7
    1309.064	  7
    1351.966	  8
    1352.134	  8
    1369.796	  8
    1370.176	  8
    1370.898	  8
    1401.944	 53
    1401.954	 20
    1401.954	 27
    1421.974	 50
    1421.984	 17
    1431.892	  8
    1432.280	  8
    1436.030	  8
    1436.768	  8
    1436.800	  8
    1437.196	  8
    1437.734	  8
    1438.492	  8
    1439.242	  8
    1439.968	  8
    1441.152	  8
    1441.594	  8
    1444.412	  8
    1445.418	  8
    1445.876	  8
    1446.980	  8
    1447.032	  8
    1447.558	  8
    1448.240	  8
    1448.366	  8
    1448.954	  8
    1449.862	  8
    1450.390	  8
    1450.650	  8
    1451.052	  8
    1451.896	  8
    1451.984	 53
    1452.906	  8
    1452.906	 20
    1452.906	 27
    1452.916	 28
    1452.916	 19
    1453.016	 29
    1453.208	  9
    1454.834	  8
    1456.370	  8
    1458.010	  8
    1463.818	  8
    1464.362	  8
    1466.170	  8
    1473.036	 52
    1473.046	 10
    1485.318	  8
    1490.960	  8
    1507.598	  8
    1523.360	  7
    1523.768	  7
    1523.866	  7
    1527.838	  7
    1529.854	  7
    1529.928	  7
    1531.316	  7
    1531.834	  7
    1532.164	  7
    1532.518	  7
    1536.090	  7
    1544.856	  8
    1545.172	  8
    1545.234	  8
    1545.690	  8
    1546.102	  8
    1555.896	  7
    1555.966	  7
    1556.460	  7
    1556.562	  7
    1556.682	  7
    1556.824	  7
    1557.112	  7
    1557.764	  7
    1558.414	  7
    1558.478	  7
    1558.662	  7
    1558.914	  7
    1559.070	  7
    1568.788	  7
    1569.136	  7
    1569.238	  7
    1570.270	  7
    1571.852	  7
    1573.150	  7
    1590.510	  7
    1593.046	 53
    1593.056	 20
    1593.056	 27
    1607.334	  7
    1613.076	 51
    1613.086	 18
    1624.440	  7
    1624.562	  7
    1624.708	  7
    1624.824	  7
    1624.960	  7
    1625.090	  7
    1625.230	  7
    1625.352	  7
    1625.474	  7
    1625.596	  7
    1625.742	  7
    1625.860	  7
    1625.982	  7
    1626.100	  7
    1626.230	  7
    1626.360	  7
    1626.486	  7
    1626.638	  7
    1626.748	  7
    1626.874	  7
    1627.004	  7
    1627.134	  7
    1627.294	  7
    1627.430	  7
    1627.560	  7
    1627.698	  7
    1627.822	  7
    1627.956	  7
    1628.068	  7
    1628.198	  7
    1628.342	  7
    1628.462	  7
    1628.618	  7
    1628.746	  7
    1628.884	  7
    1629.016	  7
    1629.186	  7
    1629.318	  7
    1629.436	  7
    1629.600	  7
    1629.714	  7
    1629.852	  7
    1629.984	  7
    1630.140	  7
    1630.268	  7
    1630.408	  7
    1630.550	  7
    1630.718	  7
    1630.834	  7
    1630.968	  7
    1631.108	  7
    1631.250	  7
    1631.408	  7
    1631.530	  7
    1631.660	  7
    1631.802	  7
    1631.960	  7
    1632.080	  7
    1632.210	  7
    1632.346	  7
    1632.484	  7
    1632.656	  7
    1632.768	  7
    1632.894	  7
    1633.014	  7
    1633.156	  7
    1633.316	  7
    1633.430	  7
    1633.566	  7
    1633.728	  7
    1633.848	  7
    1633.978	  7
    1634.124	  7
    1634.286	  7
    1634.404	  7
    1634.548	  7
    1634.704	  7
    1634.822	  7
    1634.950	  7
    1635.082	  7
    1635.222	  7
    1635.386	  7
    1635.498	  7
    1635.642	  7
    1635.824	  7
    1636.240	  7
    1636.376	  7
    1636.526	  7
    1636.644	  7
    1636.780	  7
    1636.916	  7
    1637.056	  7
    1637.224	  7
    1637.354	  7
    1637.492	  7
    1637.642	  7
    1637.768	  7
    1637.934	  7
    1638.054	  7
    1638.182	  7
    1638.348	  7
    1638.474	  7
    1638.700	  7
    1638.970	  7
    1639.088	  7
    1639.220	  7
    1639.366	  7
    1639.524	  7
    1639.676	  7
    1639.806	  7
    1639.932	  7
    1640.102	  7
    1640.212	  7
    1640.352	  7
    1640.494	  7
    1640.668	  7
    1640.790	  7
    1640.928	  7
    1641.062	  7
    1641.240	  7
    1641.356	  7
    1641.492	  7
    1641.632	  7
    1641.770	  7
    1641.930	  7
    1642.042	  7
    1642.182	  7
    1642.320	  7
    1642.600	  7
    1642.736	  7
    1642.868	  7
    1643.040	  7
    1643.162	  7
    1646.426	  7
    1652.030	  7
    1664.782	  8
    1665.760	  8
    1666.956	  8
    1667.218	  8
    1667.648	  8
    1668.106	  8
    1673.086	 53
    1680.904	  8
    1680.904	 20
    1680.904	 27
    1680.914	 28
    1680.914	 19
    1681.014	 29
    1681.168	  8
    1681.206	  9
    1701.034	 50
    1701.044	 17
    1706.160	  8
    1706.514	  8
    1708.018	  8
    1709.394	  8
    1709.514	  8
    1710.776	  8
    1711.292	  8
    1712.466	  8
    1714.426	  8
    1714.794	  8
    1716.890	  8
    1720.382	  8
    1720.908	  8
    1721.626	  8
    1722.968	  8
    1724.830	  8
    1725.986	  8
    1726.548	  8
    1726.902	  8
    1727.182	  8
    1728.136	  8
    1728.250	  8
    1728.710	  8
    1729.438	  8
    1729.934	  8
    1730.382	  8
    1731.004	  8
    1731.044	 53
    1731.756	  8
    1731.756	 20
    1731.756	 27
    1731.766	 28
    1731.766	 19
    1731.866	 29
    1732.016	  8
    1732.058	  9
    1734.124	  8
    1751.886	 52
    1751.896	 10
    1824.556	  8
    1824.778	  8
    1825.278	  8
    1825.814	  8
    1829.840	  8
    1830.226	  8
    1856.758	  8
    1857.784	  8
    1858.058	  8
    1858.730	  8
    1871.896	 53
    1871.906	 20
    1871.906	 27
    1891.926	 52
    1891.936	 10
    1949.108	  8
    1949.698	  8
    1991.446	  8
    1991.768	  8
    2000.446	  8
    2001.046	  8
    2005.910	  8
    2006.116	  8
    2007.156	  8
    2007.868	  8
    2011.936	 53
    2011.946	 20
    2011.946	 27
    2030.802	  8
    2030.980	  8
    2031.028	  8
    2031.912	  8
    2031.966	 50
    2031.976	 17
    2033.102	  8
    2039.230	  8
    2040.394	  8
    2043.108	  8
    2043.634	  8
    2045.134	  8
    2045.314	  8
    2046.814	  8
    2048.394	  8
    2049.426	  8
    2049.890	  8
    2051.894	  8
    2053.036	  8
    2054.866	  8
    2056.098	  8
    2057.736	  8
    2058.830	  8
    2058.920	  8
    2059.370	  8
    2059.816	  8
    2061.256	  8
    2061.732	  8
    2061.976	 53
    2062.566	  8
    2062.566	 20
    2062.566	 27
    2062.576	 28
    2062.576	 19
    2062.676	 29
    2062.868	  9
    2082.696	 50
    2082.706	 17
    2090.704	  8
    2094.326	  8
    2095.428	  8
    2095.842	  8
    2096.554	  8
    2096.714	  8
    2098.258	  8
    2099.488	  8
    2100.230	  8
    2102.124	  8
    2102.400	  8
    2103.682	  8
    2103.972	  8
    2105.816	  8
    2106.376	  8
    2109.146	  8
    2109.644	  8
    2111.270	  8
    2111.548	  8
    2112.490	  8
    2112.706	 53
    2113.444	  8
    2113.444	 20
    2113.444	 27
    2113.454	 28
    2113.454	 19
    2113.554	 29
    2113.742	  8
    2113.746	  9
    2115.246	  8
    2124.570	  8
    2133.574	 52
    2133.584	 10
    2164.498	  8
    2253.584	 53
    2253.594	 20
    2253.594	 27
    2258.094	  8
    2273.614	 50
    2273.624	 17
    2283.584	  8
    2283.706	  8
    2284.298	  8
    2284.718	  8
    2286.628	  8
    2289.972	  8
    2293.422	  8
    2293.884	  8
    2295.258	  8
    2297.618	  8
    2298.230	  8
    2299.466	  8
    2301.004	  8
    2301.348	  8
    2303.624	 53
    2305.318	  8
    2305.318	 20
    2305.318	 27
    2305.328	 28
    2305.328	 19
    2305.428	 29
    2305.620	  9
    2325.448	 51
    2325.458	 18
    2363.740	  8
    2363.806	  8
    2364.450	  8
    2385.458	 53
    2431.832	  8
    2431.832	 20
    2431.832	 27
    2431.842	 28
    2431.842	 19
    2431.942	 29
    2432.124	  8
    2432.134	  9
    2451.962	 52
    2451.972	 10
    2478.890	  8
    2478.984	  8
    2567.434	  8
    2568.438	  8
    2568.954	  8
    2569.460	  8
    2569.936	  8
    2570.920	  8
    2571.972	 53
    2571.982	 20
    2571.982	 27
    2592.002	 52
    2592.012	 10
    2643.114	  8
    2643.308	  8
    2643.826	  8
    2644.054	  8
    2666.614	  8
    2671.532	  8
    2671.990	  8
    2685.944	  8
    2705.070	  8
    2705.428	  8
    2712.012	 53
    2712.022	 20
    2712.022	 27
    2732.042	 52
    2732.052	 10
    2737.014	  8
    2737.232	  8
    2737.266	  8
    2742.138	  8
    2807.568	  8
    2807.768	  8
    2808.188	  8
    2841.654	  8
    2842.050	  8
    2843.492	  8
    2843.890	  8
    2844.272	  8
    2852.052	 53
    2852.062	 20
    2852.062	 27
    2872.082	 52
    2872.092	 10
    2940.670	  8
    2940.848	  8
    2942.516	  8
    2943.196	  8
    2946.936	  8
    2947.200	  8
    2947.788	  8
    2950.600	  8
    2950.832	  8
    2964.280	  8
    2964.478	  8
    2965.434	  8
    2969.272	  8
    2972.968	  8
    2975.252	  8
    2975.504	  8
    2992.092	 53
    2992.102	 20
    2992.102	 27
    3010.686	  8
    3010.812	  8
    3011.294	  8
    3012.122	 51
    3012.132	 18
    3012.808	  8
    3035.290	  7
    3035.722	  7
    3037.660	  7
    3043.050	  7
    3043.166	  7
    3047.824	  7
    3048.100	  7
    3048.216	  7
    3055.496	  7
    3055.606	  7
    3056.268	  7
    3056.810	  7
    3057.430	  7
    3058.578	  7
    3058.986	  7
    3059.102	  7
    3071.380	  7
    3072.132	 53
    3074.062	  7
    3081.822	  8
    3081.822	 20
    3081.822	 27
    3081.832	 28
    3081.832	 19
    3081.932	 29
    3082.080	  8
    3082.124	  9
    3101.952	 51
    3101.962	 18
    3116.266	  7
    3116.442	  7
    3116.680	  7
    3116.806	  7
    3117.194	  7
    3117.568	  7
    3117.632	  7
    3122.166	  7
    3124.558	  7
    3133.300	  7
    3136.736	  7
    3136.816	  7
    3139.894	  7
    3143.358	  7
    3143.478	  7
    3143.606	  7
    3143.724	  7
    3144.508	  7
    3144.582	  7
    3151.562	  7
    3161.962	 53
    3167.958	  7
    3168.056	  7
    3174.782	  8
    3174.782	 20
    3174.782	 27
    3174.792	 28
    3174.792	 19
    3174.892	 29
    3174.964	  8
    3175.084	  9
    3175.238	  8
    3194.912	 50
    3194.922	 17
    3212.364	  8
    3212.512	  8
    3213.102	  8
    3214.242	  8
    3216.292	  8
    3216.582	  8
    3217.002	  8
    3217.504	  8
    3218.062	  8
    3218.680	  8
    3219.254	  8
    3219.990	  8
    3220.978	  8
    3221.226	  8
    3221.790	  8
    3222.562	  8
    3223.032	  8
    3223.340	  8
    3223.700	  8
    3224.902	  8
    3224.922	 53
    3225.404	  8
    3225.404	 20
    3225.404	 27
    3225.414	 28
    3225.414	 19
    3225.514	 29
    3225.706	  9
    3225.760	  8
    3245.534	 51
    3245.544	 18
    3258.452	  8
    3264.424	  8
    3281.630	  8
    3282.024	  8
    3282.310	  8
    3282.636	  8
    3283.466	  8
    3285.960	  8
    3286.332	  8
    3287.492	  8
    3288.578	  8
    3289.574	  8
    3290.170	  8
    3291.406	  8
    3291.980	  8
    3292.422	  8
    3292.710	  8
    3293.022	  8
    3294.216	  8
    3295.538	  8
    3296.196	  8
    3296.670	  8
    3297.870	  8
    3298.336	  8
    3299.876	  8
    3300.314	  8
    3301.740	  8
    3303.922	  8
    3304.540	  8
    3305.156	  8
    3305.544	 53
    3305.858	  8
    3305.858	 20
    3305.858	 27
    3305.868	 28
    3305.868	 19
    3305.968	 29
    3306.160	  9
    3306.200	  8
    3325.988	 50
    3325.998	 17
    3342.252	  8
    3342.606	  8
    3345.298	  8
    3347.110	  8
    3347.818	  8
    3348.398	  8
    3349.312	  8
    3349.720	  8
    3349.986	  8
    3350.362	  8
    3350.620	  8
    3352.088	  8
    3352.396	  8
    3352.978	  8
    3353.386	  8
    3353.810	  8
    3354.224	  8
    3354.938	  8
    3355.426	  8
    3355.998	 53
    3356.544	  8
    3356.544	 20
    3356.544	 27
    3356.554	 28
    3356.554	 19
    3356.654	 29
    3356.838	  8
    3356.846	  9
    3358.162	  8
    3358.898	  8
    3359.072	  8
    3359.752	  8
    3361.214	  8
    3376.674	 52
    3376.684	 10
    3421.812	  8
    3496.684	 53
    3496.694	 20
    3496.694	 27
    3516.714	 51
    3516.724	 18
    3576.724	 53
    3591.008	  8
    3591.008	 20
    3591.008	 27
    3591.018	 28
    3591.018	 19
    3591.118	 29
    3591.276	  8
    3591.310	  9
    3611.138	 50
    3611.148	 17
    3618.754	  8
    3629.792	  8
    3631.972	  8
    3636.152	  8
    3636.236	  8
    3636.606	  8
    3640.292	  8
    3641.148	 53
    3641.410	  8
    3641.410	 20
    3641.410	 27
    3641.420	 28
    3641.420	 19
    3641.520	 29
    3641.712	  9
    3661.540	 51
    3661.550	 18
    3689.238	  8
    3690.612	  8
    3690.890	  8
    3691.208	  8
    3691.976	  8
    3721.550	 53
    3729.874	  8
    3729.874	 20
    3729.874	 27
    3729.884	 28
    3729.884	 19
    3729.984	 29
    3730.154	  8
    3730.176	  9
    3750.004	 52
    3750.014	 10
    3828.454	  8
    3828.664	  8
    3828.890	  8
    3870.014	 53
    3870.024	 20
    3870.024	 27
    3890.044	 51
    3890.054	 18
    3895.486	  8
    3895.722	  8
    3915.052	  8
    3915.792	  8
    3916.944	  8
    3920.372	  8
    3922.916	  8
    3923.394	  8
    3924.144	  8
    3924.954	  8
    3934.556	  8
    3934.806	  8
    3943.704	  8
    3944.098	  8
    3944.698	  8
    3945.574	  8
    3946.284	  8
    3947.006	  8
    3947.534	  8
    3948.236	  8
    3949.162	  8
    3949.546	  8
    3949.678	  8
    3950.054	 53
    3951.096	  8
    3951.096	 20
    3951.096	 27
    3951.106	 28
    3951.106	 19
    3951.206	 29
    3951.372	  8
    3951.642	  9
    3971.226	 50
    3971.236	 17
    3981.734	  8
    3982.290	  8
    3987.916	  8
    3991.450	  8
    3993.028	  8
    3994.436	  8
    3997.626	  8
    3998.076	  8
    4001.236	 53
    4001.934	  8
    4001.934	 20
    4001.934	 27
    4001.944	 28
    4001.944	 19
    4002.044	 29
    4002.206	  8
    4002.236	  9
    4022.064	 51
    4022.074	 18
    4068.036	  8
    4068.188	  8
    4082.074	 53
    4133.922	  8
    4133.922	 20
    4133.922	 27
    4133.932	 28
    4133.932	 19
    4134.032	 29
    4134.176	  8
    4134.224	  9
    4154.052	 50
    4154.062	 17
    4162.090	  8
    4162.392	  8
    4166.052	  8
    4167.086	  8
    4169.432	  8
    4170.048	  8
    4170.356	  8
    4171.264	  8
    4172.424	  8
    4173.586	  8
    4174.510	  8
    4174.870	  8
    4176.486	  8
    4179.250	  8
    4179.306	  8
    4179.940	  8
    4180.732	  8
    4181.992	  8
    4183.000	  8
    4183.416	  8
    4184.062	 53
    4185.488	  8
    4185.488	 20
    4185.488	 27
    4185.498	 28
    4185.498	 19
    4185.598	 29
    4185.732	  8
    4185.790	  9
    4205.618	 50
    4205.628	 17
    4211.018	  8
    4217.006	  8
    4217.296	  8
    4221.404	  8
    4221.864	  8
    4222.900	  8
    4223.714	  8
    4224.358	  8
    4225.778	  8
    4229.472	  8
    4230.070	  8
    4230.706	  8
    4232.154	  8
    4234.418	  8
    4235.628	 53
    4236.514	  8
    4236.514	 20
    4236.514	 27
    4236.524	 28
    4236.524	 19
    4236.624	 29
    4236.816	  9
    4238.042	  8
    4256.644	 52
    4256.654	 10
    4336.220	  8
    4336.578	  8
    4336.762	  8
    4336.912	  8
    4376.654	 53
    4376.664	 20
    4376.664	 27
    4396.684	 52
    4396.694	 10
    4516.694	 53
    4516.704	 20
    4516.704	 27
    4536.724	 51
    4536.734	 18
    4563.998	  8
    4564.300	  8
    4564.590	  8
    4596.734	 53
    4600.072	  8
    4600.072	 20
    4600.072	 27
    4600.082	 28
    4600.082	 19
    4600.182	 29
    4600.374	  9
    4600.648	  8
    4600.802	  8
    4600.922	  8
    4601.088	  8
    4601.366	  8
    4601.444	  8
    4602.016	  8
    4602.322	  8
    4620.202	 52
    4620.212	 10
    4645.806	  7
    4646.286	  7
    4646.416	  7
    4646.562	  7
    4646.682	  7
    4647.278	  7
    4651.928	  7
    4652.506	  7
    4652.812	  7
    4658.530	  7
    4663.460	  7
    4670.568	  7
    4675.538	  7
    4675.620	  7
    4675.774	  7
    4676.622	  7
    4683.084	  8
    4683.246	  8
    4720.308	  8
    4720.594	  8
    4721.286	  8
    4740.212	 53
    4740.222	 20
    4740.222	 27
    4760.242	 51
    4760.252	 18
    4801.778	  8
    4820.252	 53
    4826.402	  8
    4826.402	 20
    4826.402	 27
    4826.412	 28
    4826.412	 19
    4826.512	 29
    4826.580	  8
    4826.704	  9
    4846.532	 51
    4846.542	 18
    4869.158	  8
    4906.542	 53
    5036.924	  8
    5036.924	 20
    5036.924	 27
    5036.934	 28
    5036.934	 19
    5037.034	 29
    5037.174	  8
    5037.226	  9
    5037.382	  8
    5057.054	 50
    5057.064	 17
    5070.100	  8
    5072.240	  8
    5076.160	  8
    5087.064	 53
    5093.300	  8
    5093.300	 20
    5093.300	 27
    5093.310	 28
    5093.310	 19
    5093.410	 29
    5093.602	  9
    5093.666	  8
    5113.430	 50
    5113.440	 17
    5121.936	  8
    5124.646	  8
    5125.458	  8
    5126.588	  8
    5127.358	  8
    5127.898	  8
    5131.276	  8
    5131.670	  8
    5131.932	  8
    5132.316	  8
    5132.636	  8
    5133.016	  8
    5133.618	  8
    5134.048	  8
    5134.976	  8
    5135.656	  8
    5138.410	  8
    5138.680	  8
    5138.974	  8
    5140.048	  8
    5140.820	  8
    5141.694	  8
    5141.966	  8
    5142.138	  8
    5142.460	  8
    5143.440	 53
    5143.828	  8
    5143.828	 20
    5143.828	 27
    5143.838	 28
    5143.838	 19
    5143.938	 29
    5144.130	  9
    5144.138	  8
    5163.958	 50
    5163.968	 17
    5166.112	  7
    5170.108	  7
    5170.558	  7
    5170.684	  7
    5170.846	  7
    5176.844	  7
    5179.268	  7
    5182.134	  7
    5182.398	  7
    5185.458	  7
    5188.390	  7
    5188.590	  7
    5188.790	  7
    5189.060	  7
    5193.968	 53
    5194.880	  8
    5194.880	 20
    5194.880	 27
    5194.890	 28
    5194.890	 19
    5194.990	 29
    5195.162	  8
    5195.182	  9
    5196.422	  8
    5207.160	  7
    5207.718	  7
    5207.836	  7
    5209.252	  7
    5211.374	  7
    5213.428	  7
    5213.702	  7
    5214.116	  7
    5215.010	 50
    5215.020	 17
    5222.140	  7
    5222.434	  7
    5229.278	  7
    5229.580	  7
    5234.954	  7
    5235.088	  7
    5242.880	  7
    5243.384	  7
    5243.460	  7
    5243.760	  7
    5243.922	  7
    5245.020	 53
    5247.958	  7
    5256.140	  8
    5256.140	 20
    5256.140	 27
    5256.150	 28
    5256.150	 19
    5256.250	 29
    5256.442	  9
    5256.590	  8
    5276.270	 52
    5276.280	 10
    5288.616	  7
    5288.838	  7
    5289.002	  7
    5289.242	  7
    5289.840	  7
    5308.234	  7
    5308.876	  7
    5309.642	  7
    5310.448	  7
    5310.554	  7
    5310.658	  7
    5310.764	  7
    5310.898	  7
    5311.012	  7
    5311.148	  7
    5311.258	  7
    5311.384	  7
    5311.510	  7
    5311.630	  7
    5311.752	  7
    5311.898	  7
    5312.014	  7
    5312.140	  7
    5312.270	  7
    5312.406	  7
    5312.546	  7
    5312.664	  7
    5312.794	  7
    5312.922	  7
    5313.054	  7
    5313.184	  7
    5313.342	  7
    5313.456	  7
    5313.586	  7
    5313.718	  7
    5313.852	  7
    5314.002	  7
    5314.118	  7
    5314.254	  7
    5314.380	  7
    5314.520	  7
    5314.674	  7
    5314.788	  7
    5314.920	  7
    5315.060	  7
    5315.198	  7
    5315.356	  7
    5315.478	  7
    5315.618	  7
    5315.760	  7
    5315.892	  7
    5316.024	  7
    5316.190	  7
    5316.308	  7
    5316.624	  7
    5316.732	  7
    5316.870	  7
    5317.002	  7
    5317.280	  7
    5317.430	  7
    5317.902	  7
    5317.996	  7
    5318.196	  7
    5318.334	  7
    5318.458	  7
    5318.592	  7
    5318.730	  7
    5318.866	  7
    5319.040	  7
    5319.150	  7
    5319.284	  7
    5319.424	  7
    5319.560	  7
    5319.724	  7
    5319.840	  7
    5319.974	  7
    5320.146	  7
    5320.254	  7
    5320.392	  7
    5320.528	  7
    5320.670	  7
    5320.832	  7
    5320.950	  7
    5321.084	  7
    5321.254	  7
    5321.372	  7
    5321.512	  7
    5321.644	  7
    5321.812	  7
    5321.932	  7
    5322.064	  7
    5322.204	  7
    5322.370	  7
    5322.484	  7
    5322.626	  7
    5322.774	  7
    5322.912	  7
    5323.084	  7
    5323.194	  7
    5323.334	  7
    5323.478	  7
    5323.622	  7
    5323.798	  7
    5323.912	  7
    5324.040	  7
    5324.184	  7
    5324.326	  7
    5324.460	  7
    5324.618	  7
    5324.734	  7
    5324.870	  7
    5325.012	  7
    5325.174	  7
    5325.294	  7
    5325.432	  7
    5325.704	  7
    5325.828	  7
    5325.966	  7
    5326.084	  7
    5326.218	  7
    5326.354	  7
    5326.492	  7
    5326.640	  7
    5326.780	  7
    5326.934	  7
    5327.060	  7
    5327.200	  7
    5327.340	  7
    5327.504	  7
    5327.628	  7
    5327.756	  7
    5327.902	  7
    5328.038	  7
    5328.180	  7
    5328.346	  7
    5328.470	  7
    5328.612	  7
    5328.752	  7
    5328.892	  7
    5329.028	  7
    5329.204	  7
    5329.318	  7
    5329.456	  7
    5329.592	  7
    5329.738	  7
    5329.882	  7
    5330.050	  7
    5330.172	  7
    5330.308	  7
    5330.470	  7
    5330.588	  7
    5330.730	  7
    5330.876	  7
    5331.006	  7
    5331.172	  7
    5331.292	  7
    5331.432	  7
    5331.570	  7
    5331.714	  7
    5331.854	  7
    5331.996	  7
    5332.160	  7
    5332.272	  7
    5332.418	  7
    5332.550	  7
    5332.694	  7
    5332.842	  7
    5332.984	  7
    5333.134	  7
    5333.306	  7
    5333.428	  7
    5333.574	  7
    5333.706	  7
    5333.850	  7
    5333.996	  7
    5334.134	  7
    5334.310	  7
    5334.424	  7
    5334.564	  7
    5334.700	  7
    5334.846	  7
    5334.984	  7
    5335.154	  7
    5335.274	  7
    5335.416	  7
    5335.560	  7
    5335.694	  7
    5335.836	  7
    5335.978	  7
    5336.148	  7
    5336.268	  7
    5336.406	  7
    5336.552	  7
    5336.690	  7
    5336.946	  7
    5337.102	  7
    5337.214	  7
    5337.354	  7
    5337.486	  7
    5337.628	  7
    5337.764	  7
    5337.906	  7
    5338.060	  7
    5338.186	  7
    5338.338	  7
    5338.472	  7
    5338.610	  7
    5338.780	  7
    5338.894	  7
    5339.038	  7
    5339.168	  7
    5339.314	  7
    5339.450	  7
    5339.584	  7
    5339.724	  7
    5339.904	  7
    5340.006	  7
    5340.086	  7
    5340.228	  7
    5340.364	  7
    5340.506	  7
    5340.642	  7
    5340.786	  7
    5340.954	  7
    5341.076	  7
    5341.218	  7
    5341.354	  7
    5341.496	  7
    5341.638	  7
    5341.786	  7
    5341.928	  7
    5342.084	  7
    5342.196	  7
    5342.330	  7
    5342.464	  7
    5342.602	  7
    5342.742	  7
    5342.904	  7
    5343.018	  7
    5343.154	  7
    5343.288	  7
    5343.432	  7
    5343.572	  7
    5343.724	  7
    5343.848	  7
    5343.992	  7
    5344.132	  7
    5344.274	  7
    5344.438	  7
    5344.598	  7
    5344.718	  7
    5344.860	  7
    5344.998	  7
    5345.140	  7
    5345.280	  7
    5345.420	  7
    5345.558	  7
    5345.726	  7
    5345.844	  7
    5345.990	  7
    5346.132	  7
    5346.302	  7
    5346.424	  7
    5346.846	  7
    5346.970	  7
    5352.764	  7
    5352.952	  7
    5353.336	  7
    5353.470	  7
    5353.568	  7
    5353.970	  7
    5356.016	  8
    5356.128	  8
    5396.280	 53
    5396.290	 20
    5396.290	 27
    5416.310	 50
    5416.320	 17
    5428.198	  8
    5431.044	  5
    5434.370	  5
    5442.630	  5
    5446.320	 53
    5454.752	  7
    5454.900	  7
    5455.426	  7
    5455.734	  7
    5457.294	  7
    5457.828	  7
    5457.964	  7
    5459.868	  7
    5462.312	  7
    5465.106	  7
    5469.318	  8
    5469.318	 20
    5469.318	 27
    5469.328	 28
    5469.328	 19
    5469.428	 29
    5469.484	  8
    5469.620	  9
    5469.696	  8
    5480.944	  7
    5489.448	 51
    5489.458	 18
    5496.946	  7
    5497.528	  7
    5501.732	  7
    5502.462	  7
    5514.042	  7
    5514.372	  7
    5526.112	  7
    5526.310	  7
    5534.880	  8
    5549.458	 53
    5567.486	  8
    5567.486	 20
    5567.486	 27
    5567.496	 28
    5567.496	 19
    5567.596	 29
    5567.732	  8
    5567.788	  9
    5567.966	  8
    5568.650	  8
    5569.172	  8
    5569.802	  8
    5587.616	 51
    5587.626	 18
    5644.810	  8
    5645.036	  8
    5647.626	 53
    5662.912	  8
    5662.912	 20
    5662.912	 27
    5662.922	 28
    5662.922	 19
    5663.022	 29
    5663.214	  8
    5665.274	  8
    5665.886	  8
    5666.544	  8
    5666.638	  8
    5666.746	  8
    5667.300	  8
    5683.042	 51
    5683.052	 18
    5696.440	  8
    5696.974	  8
    5724.858	  8
    5725.248	  8
    5726.066	  8
    5727.170	  8
    5727.640	  8
    5727.802	  8
    5730.120	  8
    5730.724	  8
    5742.548	  8
    5743.052	 53
    5747.838	  8
    5747.838	 20
    5747.838	 27
    5747.848	 28
    5747.848	 19
    5747.948	 29
    5747.958	 61
