     535.034	  7
     535.200	  7
     535.412	  7
     535.582	  7
     535.834	  7
     536.126	  7
     536.278	  7
     536.472	  7
     536.700	  7
     537.314	  7
     537.446	  7
     538.750	  7
     538.874	  7
      20.010	 50
      20.020	 17
      28.306	  8
      28.438	  8
      50.020	 53
      78.672	  8
      78.672	 20
      78.672	 27
      78.682	 28
      78.682	 19
      78.782	 29
      78.890	  8
      78.972	  9
      80.978	  8
      98.802	 52
      98.812	 10
     198.478	  8
     198.582	  8
     199.014	  8
     218.812	 53
     218.822	 20
     218.822	 27
     238.842	 50
     238.852	 17
     260.500	  7
     260.652	  7
     261.056	  7
     261.280	  7
     268.404	  7
     268.852	 53
     269.910	  8
     269.910	 20
     269.910	 27
     269.920	 28
     269.920	 19
     270.020	 29
     270.202	  8
     270.210	  9
     290.040	 51
     290.050	 18
     326.558	  7
     326.652	  7
     326.770	  7
     327.018	  7
     327.136	  7
     327.242	  7
     327.358	  7
     327.486	  7
     327.618	  7
     327.750	  7
     327.864	  7
     328.006	  7
     328.118	  7
     328.246	  7
     328.372	  7
     328.502	  7
     328.634	  7
     328.772	  7
     329.506	  7
     329.618	  7
     329.750	  7
     329.894	  7
     330.016	  7
     330.160	  7
     330.296	  7
     330.668	  7
     330.876	  7
     331.292	  7
     331.372	  7
     331.580	  7
     331.692	  7
     331.810	  7
     331.956	  7
     332.102	  7
     332.250	  7
     332.392	  7
     332.508	  7
     332.644	  7
     332.770	  7
     332.904	  7
     333.034	  7
     333.190	  7
     333.320	  7
     333.450	  7
     333.590	  7
     333.724	  7
     333.870	  7
     334.008	  7
     334.152	  7
     334.290	  7
     334.450	  7
     334.574	  7
     334.700	  7
     334.838	  7
     334.966	  7
     335.118	  7
     335.242	  7
     335.392	  7
     335.528	  7
     335.672	  7
     335.860	  7
     336.002	  7
     336.122	  7
     336.252	  7
     336.388	  7
     336.520	  7
     336.662	  7
     336.798	  7
     336.940	  7
     337.074	  7
     337.210	  7
     337.360	  7
     337.504	  7
     337.642	  7
     337.778	  7
     337.922	  7
     338.062	  7
     338.182	  7
     338.334	  7
     338.468	  7
     338.598	  7
     338.752	  7
     338.882	  7
     339.028	  7
     339.174	  7
     339.302	  7
     339.448	  7
     339.576	  7
     339.740	  7
     339.868	  7
     340.024	  7
     340.150	  7
     340.286	  7
     340.434	  7
     340.572	  7
     340.728	  7
     340.880	  7
     341.022	  7
     341.186	  7
     341.324	  7
     341.468	  7
     341.610	  7
     341.742	  7
     341.876	  7
     342.028	  7
     342.188	  7
     342.346	  7
     342.486	  7
     342.634	  7
     342.804	  7
     342.950	  7
     343.122	  7
     343.270	  7
     343.426	  7
     343.582	  7
     343.706	  7
     343.860	  7
     344.002	  7
     344.150	  7
     344.276	  7
     344.414	  7
     344.554	  7
     344.690	  7
     344.820	  7
     344.966	  7
     345.088	  7
     345.232	  7
     345.406	  7
     345.538	  7
     345.688	  7
     345.830	  7
     345.982	  7
     346.454	  7
     346.682	  7
     347.392	  7
     348.484	  7
     350.050	 53
     351.538	  7
     351.732	  7
     351.858	  7
     352.048	  7
     352.244	  7
     352.482	  7
     352.656	  7
     353.116	  7
     353.276	  7
     353.514	  7
     353.678	  7
     353.860	  7
     354.276	  7
     354.662	  7
     357.042	  8
     357.042	 20
     357.042	 27
     357.052	 28
     357.052	 19
     357.152	 29
     357.342	  9
     377.172	 51
     377.182	 18
     409.240	  8
     409.362	  8
     409.670	  8
     411.392	  8
     411.688	  8
     437.182	 53
     447.552	  8
     447.552	 20
     447.552	 27
     447.562	 28
     447.562	 19
     447.662	 29
     447.752	  8
     447.852	  9
     449.904	  8
     449.986	  8
     467.682	 50
     467.692	 17
     481.970	  8
     495.160	  8
     495.594	  8
     496.072	  8
     496.358	  8
     496.674	  8
     496.744	  8
     496.968	  8
     497.156	  8
     497.312	  8
     497.692	 53
     497.896	  8
     497.896	 20
     497.896	 27
     497.906	 28
     497.906	 19
     498.006	 29
     498.196	  9
     498.252	  8
     500.770	  8
     518.026	 51
     518.036	 18
     523.784	  8
     550.760	  8
     561.034	  8
     568.006	  8
     568.174	  8
     568.988	  8
     575.946	  7
     578.036	 53
     578.646	  7
     578.800	  7
     579.024	  7
     579.742	  7
     583.584	  7
     583.842	  7
     584.020	  7
     584.230	  7
     585.190	  7
     585.276	  7
     585.754	  7
     585.926	  7
     592.160	  7
     592.322	  7
     599.666	  7
     600.298	  7
     600.592	  7
     601.576	  7
     601.784	  7
     602.000	  7
     602.380	  7
     602.604	  7
     602.758	  7
     609.402	  7
     609.496	  7
     609.640	  7
     609.848	  7
     610.236	  7
     610.458	  7
     610.966	  7
     611.122	  7
     611.226	  7
     611.326	  7
     611.446	  7
     612.162	  7
     612.792	  7
     613.204	  7
     613.588	  7
     620.438	  7
     625.486	  7
     636.378	  8
     636.378	 20
     636.378	 27
     636.388	 28
     636.388	 19
     636.488	 29
     636.554	  8
     636.680	  9
     644.020	  7
     644.346	  7
     644.432	  7
     644.548	  7
     644.674	  7
     644.802	  7
     644.932	  7
     645.092	  7
     645.216	  7
     645.352	  7
     645.484	  7
     645.612	  7
     645.742	  7
     645.868	  7
     645.988	  7
     646.128	  7
     646.262	  7
     646.398	  7
     646.558	  7
     646.682	  7
     646.820	  7
     646.958	  7
     647.084	  7
     647.232	  7
     647.374	  7
     647.552	  7
     647.708	  7
     647.854	  7
     647.990	  7
     648.150	  7
     648.292	  7
     648.438	  7
     648.602	  7
     648.750	  7
     648.882	  7
     649.020	  7
     649.164	  7
     649.332	  7
     649.506	  7
     649.644	  7
     649.760	  7
     649.896	  7
     650.038	  7
     650.170	  7
     650.312	  7
     650.456	  7
     650.598	  7
     650.734	  7
     650.892	  7
     651.016	  7
     651.154	  7
     651.308	  7
     651.450	  7
     651.580	  7
     651.716	  7
     651.862	  7
     652.030	  7
     652.180	  7
     652.310	  7
     652.442	  7
     652.600	  7
     652.754	  7
     652.906	  7
     653.036	  7
     653.216	  7
     653.356	  7
     653.494	  7
     653.638	  7
     653.814	  7
     653.966	  7
     654.086	  7
     654.232	  7
     654.370	  7
     654.524	  7
     654.670	  7
     654.836	  7
     654.968	  7
     655.108	  7
     655.248	  7
     655.400	  7
     655.590	  7
     655.716	  7
     655.852	  7
     656.040	  7
     656.160	  7
     656.336	  7
     656.486	  7
     656.508	 51
     656.518	 18
     656.632	  7
     656.782	  7
     656.948	  7
     657.130	  7
     657.282	  7
     657.430	  7
     657.580	  7
     657.724	  7
     657.874	  7
     658.036	  7
     658.166	  7
     658.320	  7
     658.474	  7
     658.604	  7
     658.766	  7
     658.930	  7
     659.078	  7
     659.228	  7
     659.404	  7
     659.568	  7
     659.738	  7
     659.888	  7
     660.056	  7
     660.208	  7
     660.356	  7
     660.498	  7
     660.656	  7
     660.836	  7
     661.014	  7
     661.170	  7
     661.310	  7
     661.450	  7
     661.596	  7
     661.742	  7
     661.900	  7
     662.072	  7
     662.218	  7
     662.372	  7
     662.518	  7
     662.676	  7
     662.830	  7
     662.978	  7
     663.092	  7
     663.142	  7
     663.350	  7
     663.486	  7
     663.634	  7
     663.766	  7
     663.922	  7
     664.080	  7
     664.236	  7
     664.364	  7
     664.522	  7
     664.682	  7
     664.858	  7
     665.036	  7
     665.210	  7
     665.378	  7
     665.502	  7
     665.802	  7
     665.922	  7
     666.068	  7
     666.226	  7
     666.422	  7
     666.548	  7
     666.702	  7
     666.852	  7
     667.028	  7
     667.186	  7
     667.350	  7
     667.508	  7
     667.662	  7
     667.806	  7
     667.976	  7
     668.120	  7
     668.286	  7
     668.460	  7
     668.600	  7
     668.782	  7
     668.964	  7
     669.124	  7
     669.298	  7
     669.452	  7
     669.608	  7
     669.758	  7
     669.926	  7
     670.066	  7
     670.206	  7
     670.352	  7
     670.644	  7
     670.792	  7
     670.946	  7
     671.084	  7
     671.248	  7
     671.396	  7
     671.556	  7
     671.746	  7
     671.876	  7
     672.022	  7
     672.212	  7
     672.322	  7
     672.852	  7
     673.046	  7
     673.146	  7
     673.272	  7
     673.416	  7
     673.712	  7
     673.854	  7
     674.000	  7
     674.142	  7
     674.270	  7
     674.416	  7
     674.560	  7
     674.686	  7
     674.842	  7
     674.966	  7
     675.104	  7
     675.258	  7
     675.400	  7
     675.560	  7
     676.220	  7
     676.562	  7
     676.672	  7
     676.804	  7
     676.938	  7
     677.086	  7
     677.240	  7
     677.636	  7
     677.742	  7
     678.342	  7
     678.456	  7
     678.586	  7
     678.732	  7
     678.862	  7
     678.986	  7
     679.120	  7
     679.260	  7
     679.388	  7
     679.524	  7
     679.658	  7
     679.804	  7
     679.944	  7
     680.088	  7
     680.238	  7
     680.376	  7
     680.528	  7
     680.686	  7
     681.136	  7
     681.300	  7
     691.756	  8
     701.322	  8
     701.774	  8
     702.428	  8
     716.518	 53
     718.720	  8
     718.720	 20
     718.720	 27
     718.730	 28
     718.730	 19
     718.830	 29
     718.846	  8
     719.022	  9
     719.080	  8
     728.210	  7
     738.850	 50
     738.860	 17
     754.256	  8
     755.512	  8
     755.794	  8
     756.258	  8
     756.554	  8
     757.116	  8
     757.354	  8
     757.798	  8
     759.468	  8
     759.832	  8
     759.946	  8
     760.400	  8
     762.238	  8
     762.524	  8
     763.624	  8
     763.916	  8
     764.274	  8
     765.414	  8
     766.164	  8
     766.704	  8
     767.390	  8
     767.606	  8
     768.418	  8
     768.860	 53
     768.994	  8
     768.994	 20
     768.994	 27
     769.004	 28
     769.004	 19
     769.104	 29
     769.294	  9
     770.918	  8
     789.124	 51
     789.134	 18
     812.532	  8
     827.328	  8
     827.786	  8
     834.866	  8
     844.728	  8
     845.010	  8
     849.134	 53
     852.226	  8
     852.226	 20
     852.226	 27
     852.236	 28
     852.236	 19
     852.336	 29
     852.432	  8
     852.526	  9
     852.676	  8
     854.126	  8
     872.356	 52
     872.366	 10
     875.748	  8
     959.284	  8
     959.432	  8
     959.734	  8
     960.050	  8
     960.098	  8
     960.312	  8
     960.626	  8
     960.970	  8
     961.524	  8
     962.058	  8
     962.358	  8
     962.802	  8
     963.238	  8
     963.830	  8
     964.762	  8
     965.030	  8
     965.456	  8
     965.954	  8
     966.388	  8
     966.674	  8
     967.262	  8
     967.442	  8
     967.710	  8
     969.168	  8
     970.090	  8
     970.154	  8
     992.366	 53
     992.376	 20
     992.376	 27
    1012.396	 51
    1012.406	 18
    1016.456	  8
    1016.676	  8
    1017.522	  8
    1017.812	  8
    1018.278	  8
    1019.278	  8
    1020.948	  8
    1021.450	  8
    1021.716	  8
    1022.208	  8
    1023.150	  8
    1023.540	  8
    1024.594	  8
    1026.200	  8
    1026.486	  8
    1027.660	  8
    1028.154	  8
    1028.572	  8
    1028.920	  8
    1030.132	  8
    1030.960	  8
    1031.212	  8
    1032.802	  8
    1035.400	  8
    1037.310	  8
    1037.748	  8
    1038.172	  8
    1038.346	  8
    1038.742	  8
    1038.976	  8
    1039.424	  8
    1040.938	  8
    1041.358	  8
    1041.544	  8
    1042.576	  8
    1043.368	  8
    1044.302	  8
    1044.716	  8
    1048.692	  8
    1048.878	  8
    1049.268	  8
    1050.846	  8
    1055.848	  7
    1055.906	  7
    1056.144	  7
    1056.844	  7
    1056.964	  7
    1057.418	  7
    1057.740	  7
    1058.282	  7
    1058.654	  7
    1059.142	  7
    1061.216	  7
    1065.430	  8
    1065.688	  8
    1066.340	  8
    1068.436	  5
    1070.602	  7
    1070.694	  7
    1071.326	  7
    1072.406	 53
    1078.470	  7
    1079.680	  7
    1080.208	  7
    1080.342	  7
    1081.470	  7
    1081.748	  7
    1081.968	  7
    1091.002	  7
    1091.130	  7
    1091.574	  7
    1091.690	  7
    1091.840	  7
    1091.992	  7
    1092.100	  7
    1092.262	  7
    1092.394	  7
    1092.536	  7
    1092.676	  7
    1092.824	  7
    1092.954	  7
    1093.238	  7
    1093.544	  7
    1093.668	  7
    1093.810	  7
    1094.176	  7
    1094.296	  7
    1094.474	  7
    1094.584	  7
    1094.714	  7
    1094.858	  7
    1094.988	  7
    1095.126	  7
    1095.268	  7
    1095.406	  7
    1095.538	  7
    1095.674	  7
    1095.810	  7
    1095.946	  7
    1096.084	  7
    1096.206	  7
    1096.334	  7
    1096.468	  7
    1096.602	  7
    1096.754	  7
    1096.886	  7
    1097.026	  7
    1097.178	  7
    1097.326	  7
    1097.458	  7
    1097.598	  7
    1097.748	  7
    1097.910	  7
    1098.046	  7
    1098.178	  7
    1098.326	  7
    1098.486	  7
    1098.632	  7
    1098.782	  7
    1098.928	  7
    1099.096	  7
    1099.246	  7
    1099.400	  7
    1099.546	  7
    1099.864	  7
    1099.998	  7
    1100.134	  7
    1100.274	  7
    1100.432	  7
    1100.564	  7
    1100.712	  7
    1100.850	  7
    1100.990	  7
    1101.126	  7
    1101.264	  7
    1101.434	  7
    1101.586	  7
    1101.750	  7
    1101.876	  7
    1102.054	  7
    1102.224	  7
    1102.390	  7
    1102.502	  7
    1102.572	  7
    1102.734	  7
    1102.874	  7
    1103.052	  7
    1103.206	  7
    1103.340	  7
    1103.480	  7
    1103.620	  7
    1103.776	  7
    1103.906	  7
    1104.054	  7
    1104.182	  7
    1104.318	  7
    1104.464	  7
    1104.630	  7
    1104.782	  7
    1104.940	  7
    1105.096	  7
    1105.244	  7
    1105.404	  7
    1105.572	  7
    1105.756	  7
    1105.898	  7
    1106.056	  7
    1106.220	  7
    1106.398	  7
    1106.550	  7
    1106.688	  7
    1106.836	  7
    1106.992	  7
    1107.146	  7
    1107.278	  7
    1107.440	  7
    1107.604	  7
    1107.724	  7
    1107.864	  7
    1108.024	  7
    1108.162	  7
    1108.330	  7
    1108.482	  7
    1108.654	  7
    1108.824	  7
    1109.036	  7
    1109.182	  7
    1109.320	  7
    1109.478	  7
    1109.776	  7
    1109.898	  7
    1110.014	  7
    1110.148	  7
    1110.514	  7
    1110.630	  7
    1110.790	  7
    1110.932	  7
    1111.008	  7
    1111.108	  7
    1111.268	  7
    1111.392	  7
    1111.522	  7
    1111.650	  7
    1111.784	  7
    1111.930	  7
    1112.066	  7
    1112.202	  7
    1112.354	  7
    1112.528	  7
    1112.694	  7
    1112.852	  7
    1113.050	  7
    1113.184	  7
    1113.328	  7
    1113.480	  7
    1113.672	  7
    1113.768	  7
    1113.852	  7
    1113.970	  7
    1114.136	  7
    1114.256	  7
    1114.394	  7
    1114.536	  7
    1114.678	  7
    1114.822	  7
    1114.964	  7
    1115.096	  7
    1115.238	  7
    1115.378	  7
    1115.538	  7
    1115.666	  7
    1115.796	  7
    1115.934	  7
    1116.084	  7
    1116.262	  7
    1116.414	  7
    1116.562	  7
    1116.690	  7
    1116.858	  7
    1117.070	  7
    1117.198	  7
    1117.334	  7
    1117.468	  7
    1117.694	  7
    1117.828	  7
    1118.464	  7
    1118.588	  7
    1118.736	  7
    1118.868	  7
    1119.034	  7
    1119.174	  7
    1119.332	  7
    1119.474	  7
    1119.610	  7
    1119.746	  7
    1119.878	  7
    1120.030	  7
    1120.174	  7
    1120.384	  7
    1120.508	  7
    1120.636	  7
    1120.790	  7
    1120.942	  7
    1121.100	  7
    1121.250	  7
    1121.390	  7
    1121.542	  7
    1121.698	  7
    1121.836	  7
    1121.968	  7
    1122.130	  7
    1122.294	  7
    1122.430	  7
    1122.580	  7
    1122.702	  7
    1122.856	  7
    1123.000	  7
    1123.120	  7
    1123.256	  7
    1123.396	  7
    1123.542	  7
    1123.690	  7
    1123.836	  7
    1123.984	  7
    1124.130	  7
    1124.280	  7
    1124.426	  7
    1124.608	  7
    1124.746	  7
    1124.882	  7
    1125.158	  7
    1125.288	  7
    1125.674	  7
    1125.812	  7
    1125.946	  7
    1126.110	  7
    1126.244	  7
    1126.402	  7
    1126.548	  7
    1126.712	  7
    1126.840	  7
    1126.980	  7
    1127.112	  7
    1127.276	  7
    1127.410	  7
    1127.564	  7
    1127.730	  7
    1127.862	  7
    1128.008	  7
    1128.142	  7
    1128.304	  7
    1128.430	  7
    1128.564	  7
    1128.714	  7
    1128.856	  7
    1129.012	  7
    1129.166	  7
    1129.338	  7
    1129.504	  7
    1129.686	  7
    1129.882	  7
    1130.042	  7
    1130.204	  7
    1130.332	  7
    1130.474	  7
    1130.616	  7
    1130.754	  7
    1130.918	  7
    1131.068	  7
    1131.218	  7
    1131.374	  7
    1131.554	  7
    1131.720	  7
    1131.850	  7
    1131.990	  7
    1132.128	  7
    1132.270	  7
    1132.410	  7
    1132.552	  7
    1132.698	  7
    1132.862	  7
    1132.990	  7
    1133.132	  7
    1133.280	  7
    1133.452	  7
    1133.586	  7
    1133.708	  7
    1133.852	  7
    1134.010	  7
    1134.162	  7
    1134.288	  7
    1134.434	  7
    1134.590	  7
    1134.722	  7
    1134.868	  7
    1135.012	  7
    1135.158	  7
    1135.328	  7
    1135.670	  7
    1135.800	  7
    1135.946	  7
    1136.098	  7
    1136.260	  7
    1136.434	  7
    1136.692	  7
    1137.264	  7
    1137.378	  7
    1137.522	  7
    1137.678	  7
    1137.820	  7
    1137.950	  7
    1138.092	  7
    1138.218	  7
    1138.360	  7
    1138.476	  7
    1138.608	  7
    1138.746	  7
    1138.890	  7
    1139.046	  7
    1139.194	  7
    1139.324	  7
    1139.448	  7
    1139.584	  7
    1139.732	  7
    1139.858	  7
    1140.002	  7
    1140.148	  7
    1140.556	  7
    1140.662	  7
    1141.140	  7
    1141.436	  7
    1141.562	  7
    1141.706	  7
    1141.840	  7
    1141.988	  7
    1142.138	  7
    1142.272	  7
    1142.426	  7
    1142.568	  7
    1142.686	  7
    1142.820	  7
    1142.976	  7
    1144.696	  8
    1144.696	 20
    1144.696	 27
    1144.706	 28
    1144.706	 19
    1144.806	 29
    1144.928	  8
    1144.998	  9
    1164.826	 51
    1164.836	 18
    1173.072	  8
    1184.954	  8
    1185.664	  8
    1218.444	  8
    1219.120	  8
    1219.480	  8
    1219.810	  8
    1220.024	  8
    1220.810	  8
    1221.014	  8
    1221.712	  8
    1222.298	  8
    1222.610	  8
    1223.106	  8
    1223.728	  8
    1224.274	  8
    1224.836	 53
    1224.968	  8
    1224.968	 20
    1224.968	 27
    1224.978	 28
    1224.978	 19
    1225.078	 29
    1225.268	  9
    1241.436	  8
    1245.098	 50
    1245.108	 17
    1259.800	  8
    1262.414	  8
    1263.542	  8
    1264.490	  8
    1265.090	  8
    1266.340	  8
    1266.764	  8
    1267.092	  8
    1267.450	  8
    1267.586	  8
    1268.074	  8
    1268.814	  8
    1269.192	  8
    1269.806	  8
    1270.044	  8
    1270.422	  8
    1271.110	  8
    1272.228	  8
    1273.116	  8
    1273.680	  8
    1274.228	  8
    1274.686	  8
    1275.108	 53
    1275.132	  8
    1275.132	 20
    1275.132	 27
    1275.142	 28
    1275.142	 19
    1275.242	 29
    1275.432	  8
    1276.574	  8
    1295.262	 50
    1295.272	 17
    1325.272	 53
    1329.332	  8
    1329.332	 20
    1329.332	 27
    1329.342	 28
    1329.342	 19
    1329.442	 29
    1329.486	  8
    1329.632	  9
    1329.712	  8
    1349.462	 51
    1349.472	 18
    1409.472	 53
    1409.828	  8
    1409.828	 20
    1409.828	 27
    1409.838	 28
    1409.838	 19
    1409.938	 29
    1410.034	  8
    1410.128	  9
    1410.262	  8
    1411.486	  8
    1423.232	  8
    1429.534	  8
    1429.958	 52
    1429.968	 10
    1440.802	  7
    1453.568	  7
    1473.880	  7
    1474.182	  7
    1484.910	  8
    1502.588	  8
    1502.804	  8
    1503.658	  8
    1505.408	  8
    1516.216	  8
    1517.064	  8
    1517.416	  8
    1519.752	  8
    1520.620	  8
    1520.882	  8
    1521.094	  8
    1521.316	  8
    1522.132	  8
    1523.794	  8
    1533.240	  8
    1533.836	  8
    1534.100	  8
    1534.352	  8
    1535.140	  8
    1535.266	  8
    1537.220	  8
    1538.146	  8
    1538.822	  8
    1539.592	  8
    1540.188	  8
    1540.400	  8
    1540.642	  8
    1541.152	  8
    1541.452	  8
    1541.754	  8
    1542.534	  8
    1542.630	  8
    1542.942	  8
    1543.340	  8
    1544.206	  8
    1544.926	  8
    1545.250	  8
    1545.672	  8
    1545.850	  8
    1546.292	  8
    1546.612	  8
    1547.472	  8
    1547.786	  8
    1548.288	  8
    1548.390	  8
    1549.508	  8
    1549.714	  8
    1549.968	 53
    1549.978	 20
    1549.978	 27
    1550.328	  8
    1550.640	  8
    1551.536	  8
    1555.358	  8
    1564.944	  8
    1569.998	 51
    1570.008	 18
    1579.288	  7
    1582.510	  7
    1583.990	  7
    1584.214	  7
    1584.462	  7
    1585.116	  7
    1585.382	  7
    1585.552	  7
    1585.934	  7
    1586.136	  7
    1586.574	  7
    1586.784	  7
    1586.840	  7
    1588.202	  7
    1590.090	  7
    1590.876	  7
    1591.374	  7
    1591.502	  7
    1591.988	  7
    1592.020	  7
    1592.076	  7
    1598.590	  7
    1599.412	  7
    1599.900	  7
    1600.654	  7
    1600.748	  7
    1600.898	  7
    1601.072	  7
    1601.206	  7
    1601.360	  7
    1601.480	  7
    1601.608	  7
    1601.732	  7
    1601.872	  7
    1601.998	  7
    1602.136	  7
    1602.288	  7
    1602.406	  7
    1602.548	  7
    1602.698	  7
    1602.838	  7
    1602.982	  7
    1603.128	  7
    1603.258	  7
    1603.398	  7
    1603.544	  7
    1603.686	  7
    1603.846	  7
    1603.974	  7
    1604.128	  7
    1604.258	  7
    1604.390	  7
    1604.524	  7
    1604.668	  7
    1604.812	  7
    1604.954	  7
    1605.094	  7
    1605.250	  7
    1605.382	  7
    1605.528	  7
    1605.650	  7
    1605.818	  7
    1605.952	  7
    1606.100	  7
    1606.404	  7
    1606.536	  7
    1606.672	  7
    1606.822	  7
    1607.002	  7
    1607.148	  7
    1607.288	  7
    1607.420	  7
    1607.564	  7
    1607.704	  7
    1607.842	  7
    1607.978	  7
    1608.140	  7
    1608.280	  7
    1608.426	  7
    1608.574	  7
    1608.710	  7
    1608.854	  7
    1609.000	  7
    1609.140	  7
    1609.310	  7
    1609.458	  7
    1609.614	  7
    1609.768	  7
    1609.924	  7
    1610.086	  7
    1610.226	  7
    1610.378	  7
    1610.534	  7
    1610.700	  7
    1610.840	  7
    1610.990	  7
    1611.132	  7
    1611.268	  7
    1611.410	  7
    1611.550	  7
    1611.712	  7
    1611.862	  7
    1612.044	  7
    1612.198	  7
    1612.350	  7
    1612.502	  7
    1612.658	  7
    1612.818	  7
    1613.008	  7
    1613.154	  7
    1613.288	  7
    1613.440	  7
    1613.596	  7
    1613.752	  7
    1613.904	  7
    1614.054	  7
    1614.204	  7
    1614.360	  7
    1614.480	  7
    1614.662	  7
    1614.790	  7
    1614.948	  7
    1615.078	  7
    1615.230	  7
    1615.376	  7
    1615.534	  7
    1615.652	  7
    1616.250	  7
    1616.392	  7
    1616.550	  7
    1616.682	  7
    1616.752	  7
    1616.868	  7
    1617.042	  7
    1617.168	  7
    1617.314	  7
    1617.450	  7
    1617.622	  7
    1617.754	  7
    1617.910	  7
    1618.066	  7
    1618.214	  7
    1618.358	  7
    1618.506	  7
    1618.650	  7
    1618.812	  7
    1618.968	  7
    1619.154	  7
    1619.284	  7
    1619.420	  7
    1619.574	  7
    1619.732	  7
    1619.884	  7
    1620.018	  7
    1620.208	  7
    1620.342	  7
    1620.524	  7
    1620.682	  7
    1620.834	  7
    1620.982	  7
    1621.140	  7
    1621.286	  7
    1621.446	  7
    1621.598	  7
    1621.732	  7
    1621.880	  7
    1622.032	  7
    1622.196	  7
    1622.336	  7
    1622.474	  7
    1622.634	  7
    1622.836	  7
    1622.970	  7
    1623.130	  7
    1623.268	  7
    1623.444	  7
    1623.598	  7
    1623.764	  7
    1623.922	  7
    1624.078	  7
    1624.214	  7
    1624.380	  7
    1624.516	  7
    1624.670	  7
    1624.822	  7
    1624.982	  7
    1625.110	  7
    1625.260	  7
    1625.420	  7
    1625.596	  7
    1625.766	  7
    1625.934	  7
    1626.108	  7
    1626.234	  7
    1626.392	  7
    1626.564	  7
    1626.760	  7
    1626.882	  7
    1627.052	  7
    1627.220	  7
    1627.372	  7
    1627.520	  7
    1627.674	  7
    1627.818	  7
    1627.966	  7
    1628.116	  7
    1628.272	  7
    1628.422	  7
    1628.580	  7
    1628.732	  7
    1628.876	  7
    1629.024	  7
    1629.196	  7
    1629.406	  7
    1629.566	  7
    1629.712	  7
    1629.850	  7
    1629.988	  7
    1630.008	 53
    1630.146	  7
    1630.272	  7
    1630.418	  7
    1630.572	  7
    1630.736	  7
    1630.876	  7
    1631.028	  7
    1631.170	  7
    1631.342	  7
    1631.464	  7
    1631.598	  7
    1631.742	  7
    1631.882	  7
    1632.042	  7
    1632.224	  7
    1632.362	  7
    1632.582	  7
    1632.716	  7
    1632.860	  7
    1633.236	  7
    1633.344	  7
    1633.496	  7
    1633.636	  7
    1633.764	  7
    1633.916	  7
    1634.078	  7
    1634.222	  7
    1634.394	  7
    1634.544	  7
    1634.684	  7
    1634.840	  7
    1634.972	  7
    1635.132	  7
    1635.308	  7
    1635.450	  7
    1635.602	  7
    1635.738	  7
    1635.952	  7
    1636.106	  7
    1636.258	  7
    1636.436	  7
    1636.624	  7
    1636.748	  7
    1636.886	  7
    1637.040	  7
    1637.184	  7
    1637.332	  7
    1637.466	  7
    1637.646	  7
    1637.780	  7
    1637.954	  7
    1638.154	  7
    1638.324	  7
    1638.456	  7
    1638.592	  7
    1638.744	  7
    1638.908	  7
    1639.048	  7
    1639.192	  7
    1639.332	  7
    1639.482	  7
    1639.650	  7
    1639.778	  7
    1639.934	  7
    1640.106	  7
    1640.236	  7
    1640.400	  7
    1640.598	  7
    1640.728	  7
    1640.858	  7
    1641.044	  7
    1641.226	  7
    1641.356	  7
    1641.494	  7
    1641.672	  7
    1641.806	  7
    1641.960	  7
    1642.120	  7
    1642.254	  7
    1642.422	  7
    1642.550	  7
    1642.706	  7
    1642.850	  7
    1643.008	  7
    1643.184	  7
    1643.338	  7
    1643.486	  7
    1643.638	  7
    1643.850	  7
    1644.006	  7
    1644.142	  7
    1644.278	  7
    1644.420	  7
    1644.562	  7
    1644.704	  7
    1644.864	  7
    1645.042	  7
    1645.230	  7
    1645.352	  7
    1645.496	  7
    1645.686	  7
    1645.860	  7
    1645.998	  7
    1646.158	  7
    1646.346	  7
    1646.478	  7
    1646.628	  7
    1646.792	  7
    1646.934	  7
    1647.082	  7
    1647.254	  7
    1647.392	  7
    1647.556	  7
    1647.742	  7
    1647.908	  7
    1648.052	  7
    1648.240	  7
    1648.422	  7
    1648.560	  7
    1648.746	  7
    1648.964	  7
    1649.096	  7
    1649.230	  7
    1649.366	  7
    1649.510	  7
    1649.668	  7
    1649.838	  7
    1649.978	  7
    1650.120	  7
    1650.272	  7
    1650.420	  7
    1650.564	  7
    1650.710	  7
    1650.836	  7
    1650.978	  7
    1651.114	  7
    1651.268	  7
    1651.454	  7
    1651.588	  7
    1651.740	  7
    1651.914	  7
    1652.082	  7
    1652.326	  7
    1652.508	  7
    1652.634	  7
    1652.788	  7
    1652.928	  7
    1653.072	  7
    1653.266	  7
    1653.444	  7
    1653.594	  7
    1653.774	  7
    1653.902	  7
    1654.054	  7
    1654.196	  7
    1654.344	  7
    1654.510	  7
    1654.706	  7
    1654.836	  7
    1655.000	  7
    1655.140	  7
    1655.300	  7
    1655.444	  7
    1655.610	  7
    1655.742	  7
    1655.904	  7
    1656.056	  7
    1656.244	  7
    1656.422	  7
    1656.578	  7
    1656.708	  7
    1656.846	  7
    1656.994	  7
    1657.146	  7
    1657.330	  7
    1657.466	  7
    1657.612	  7
    1657.742	  7
    1657.888	  7
    1658.030	  7
    1658.204	  7
    1658.406	  7
    1658.542	  7
    1658.722	  7
    1658.892	  7
    1659.038	  7
    1659.184	  7
    1659.320	  7
    1659.472	  7
    1659.648	  7
    1659.802	  7
    1659.968	  7
    1660.104	  7
    1660.262	  7
    1660.488	  7
    1660.626	  7
    1660.762	  7
    1660.920	  7
    1661.088	  7
    1661.232	  7
    1661.376	  7
    1661.516	  7
    1661.678	  7
    1661.798	  7
    1661.956	  7
    1662.150	  7
    1662.304	  7
    1662.478	  7
    1662.642	  7
    1662.782	  7
    1662.964	  7
    1663.086	  7
    1663.226	  7
    1663.398	  7
    1663.530	  7
    1663.680	  7
    1664.060	  7
    1665.532	  8
    1665.532	 20
    1665.532	 27
    1665.542	 28
    1665.542	 19
    1665.642	 29
    1665.834	  9
    1665.882	  8
    1685.662	 50
    1685.672	 17
    1710.512	  7
    1711.146	  7
    1715.672	 53
    1716.540	  7
    1716.892	  7
    1717.370	  7
    1717.658	  7
    1717.882	  7
    1718.100	  7
    1718.516	  7
    1718.626	  7
    1718.728	  7
    1718.950	  7
    1722.370	  7
    1722.676	  7
    1722.798	  7
    1722.894	  7
    1723.054	  7
    1723.130	  7
    1723.732	  7
    1724.048	  7
    1724.132	  7
    1724.248	  7
    1731.286	  7
    1731.418	  7
    1731.548	  7
    1732.198	  7
    1732.298	  7
    1739.070	  7
    1739.190	  7
    1739.464	  7
    1739.620	  7
    1739.936	  7
    1740.050	  7
    1740.182	  7
    1740.326	  7
    1740.472	  7
    1740.622	  7
    1740.774	  7
    1740.948	  7
    1741.098	  7
    1741.230	  7
    1741.356	  7
    1741.438	  7
    1741.552	  7
    1741.844	  7
    1741.990	  7
    1742.112	  7
    1742.266	  7
    1742.912	  7
    1743.052	  7
    1743.192	  7
    1743.336	  7
    1743.482	  7
    1743.608	  7
    1743.750	  7
    1743.894	  7
    1744.038	  7
    1744.202	  7
    1744.340	  7
    1744.482	  7
    1744.636	  7
    1744.772	  7
    1744.908	  7
    1745.058	  7
    1745.178	  7
    1745.332	  7
    1745.496	  7
    1745.650	  7
    1745.788	  7
    1745.970	  7
    1746.136	  7
    1746.276	  7
    1746.402	  7
    1746.536	  7
    1746.670	  7
    1746.808	  7
    1746.948	  7
    1747.088	  7
    1747.234	  7
    1747.396	  7
    1747.534	  7
    1747.668	  7
    1747.860	  7
    1748.052	  7
    1748.184	  7
    1748.312	  7
    1748.460	  7
    1748.620	  7
    1748.760	  7
    1748.890	  7
    1749.126	  7
    1749.218	  7
    1749.352	  7
    1749.500	  7
    1749.914	  7
    1750.044	  7
    1750.184	  7
    1750.336	  7
    1750.476	  7
    1750.632	  7
    1750.796	  7
    1751.024	  7
    1751.176	  7
    1751.296	  7
    1751.436	  7
    1751.584	  7
    1751.730	  7
    1751.892	  7
    1752.014	  7
    1752.152	  7
    1752.352	  7
    1752.484	  7
    1752.624	  7
    1752.760	  7
    1752.904	  7
    1753.044	  7
    1753.220	  7
    1753.348	  7
    1753.490	  7
    1753.628	  7
    1753.774	  7
    1753.938	  7
    1754.080	  7
    1754.220	  7
    1754.380	  7
    1754.498	  7
    1754.670	  7
    1754.832	  7
    1755.116	  7
    1755.256	  7
    1755.412	  7
    1755.558	  7
    1755.780	  7
    1756.092	  7
    1758.846	  8
    1758.846	 20
    1758.846	 27
    1758.856	 28
    1758.856	 19
    1758.956	 29
    1759.148	  9
    1759.156	  8
    1764.096	  8
    1778.976	 50
    1778.986	 17
    1781.834	  5
    1784.736	  8
    1785.052	  8
    1787.748	  8
    1788.154	  8
    1789.250	  8
    1789.958	  8
    1791.058	  8
    1792.664	  8
    1794.110	  8
    1795.136	  8
    1795.584	  8
    1796.162	  8
    1796.590	  8
    1797.404	  8
    1797.656	  8
    1798.526	  8
    1799.222	  8
    1799.824	  8
    1800.348	  8
    1800.972	  8
    1801.184	  8
    1802.142	  8
    1802.694	  8
    1803.170	  8
    1803.750	  8
    1804.424	  8
    1804.648	  8
    1805.280	  8
    1805.360	  8
    1806.262	  8
    1806.770	  8
    1807.058	  8
    1807.668	  8
    1808.218	  8
    1808.986	 53
    1809.580	  8
    1809.580	 20
    1809.580	 27
    1809.590	 28
    1809.590	 19
    1809.690	 29
    1809.822	  8
    1809.882	  9
    1811.774	  8
    1812.504	  8
    1813.606	  8
    1829.710	 50
    1829.720	 17
    1859.720	 53
    1862.808	  8
    1862.808	 20
    1862.808	 27
    1862.818	 28
    1862.818	 19
    1862.918	 29
    1863.030	  8
    1863.110	  9
    1864.526	  8
    1864.680	  8
    1882.938	 51
    1882.948	 18
    1893.954	  8
    1903.110	  8
    1903.802	  8
    1905.246	  8
    1908.790	  8
    1911.564	  8
    1911.860	  8
    1913.820	  8
    1929.842	  8
    1931.088	  8
    1932.092	  8
    1932.592	  8
    1933.184	  8
    1934.796	  8
    1935.162	  8
    1935.436	  8
    1935.590	  8
    1936.054	  8
    1936.516	  8
    1939.666	  8
    1939.870	  8
    1941.642	  8
    1942.044	  8
    1942.938	  8
    1942.948	 53
    1944.214	  8
    1944.214	 20
    1944.214	 27
    1944.224	 28
    1944.224	 19
    1944.324	 29
    1944.514	  9
    1964.344	 52
    1964.354	 10
    2074.224	  8
    2074.608	  8
    2075.142	  8
    2075.184	  8
    2075.570	  8
    2075.922	  8
    2084.354	 53
    2084.364	 20
    2084.364	 27
    2104.384	 52
    2104.394	 10
    2135.310	  8
    2135.662	  8
    2136.368	  8
    2137.240	  8
    2138.312	  8
    2138.856	  8
    2139.186	  8
    2139.664	  8
    2140.194	  8
    2140.516	  8
    2140.960	  8
    2142.618	  8
    2143.696	  8
    2144.740	  8
    2146.294	  8
    2146.866	  8
    2147.328	  8
    2147.530	  8
    2148.008	  8
    2148.470	  8
    2149.076	  8
    2151.600	  8
    2151.986	  8
    2152.872	  8
    2153.534	  8
    2153.914	  8
    2155.456	  8
    2156.292	  8
    2156.732	  8
    2157.172	  8
    2157.520	  8
    2166.112	  8
    2166.362	  8
    2166.838	  8
    2167.040	  8
    2167.642	  8
    2168.056	  8
    2168.384	  8
    2169.124	  8
    2169.516	  8
    2170.030	  8
    2171.028	  8
    2171.624	  8
    2172.344	  8
    2175.094	  8
    2176.960	  8
    2177.046	  8
    2177.480	  8
    2178.370	  8
    2179.170	  8
    2179.510	  8
    2180.030	  8
    2180.320	  8
    2181.378	  8
    2181.866	  8
    2182.276	  8
    2182.940	  8
    2183.718	  8
    2184.156	  8
    2184.770	  8
    2185.998	  8
    2186.298	  8
    2187.178	  8
    2188.440	  8
    2189.008	  8
    2190.768	  8
    2191.094	  8
    2191.478	  8
    2191.880	  8
    2192.498	  8
    2192.976	  8
    2193.356	  8
    2193.582	  8
    2193.652	  8
    2194.864	  8
    2195.332	  8
    2195.582	  8
    2195.866	  8
    2196.908	  8
    2197.266	  8
    2197.484	  8
    2198.480	  8
    2199.172	  8
    2201.752	  8
    2202.298	  8
    2204.686	  8
    2205.020	  8
    2205.398	  8
    2207.428	  8
    2207.942	  8
    2208.466	  8
    2209.040	  8
    2209.226	  8
    2209.716	  8
    2210.150	  8
    2212.674	  8
    2213.386	  8
    2213.550	  8
    2217.294	  8
    2218.508	  8
    2218.912	  8
    2220.396	  8
    2220.596	  8
    2221.260	  8
    2221.792	  8
    2223.200	  8
    2224.288	  8
    2224.394	 53
    2224.404	 20
    2224.404	 27
    2225.528	  8
    2225.608	  8
    2230.428	  8
    2244.424	 52
    2244.434	 10
    2252.690	  7
    2253.180	  7
    2255.540	  7
    2255.594	  7
    2257.208	  7
    2257.538	  7
    2257.946	  7
    2258.202	  7
    2258.676	  7
    2258.856	  7
    2259.170	  7
    2259.280	  7
    2259.408	  7
    2259.546	  7
    2298.204	  8
    2299.196	  8
    2299.546	  8
    2299.930	  8
    2300.582	  8
    2306.512	  7
    2307.882	  7
    2309.468	  7
    2333.068	  8
    2333.160	  8
    2333.828	  8
    2334.464	  8
    2336.006	  8
    2337.484	  8
    2338.920	  8
    2339.792	  8
    2340.160	  8
    2341.290	  8
    2341.842	  8
    2342.444	  8
    2342.528	  8
    2343.196	  8
    2343.418	  8
    2344.214	  8
    2344.486	  8
    2344.910	  8
    2354.848	  8
    2355.270	  8
    2356.474	  8
    2356.942	  8
    2358.390	  8
    2360.142	  8
    2362.150	  8
    2362.768	  8
    2364.028	  8
    2364.434	 53
    2364.444	 20
    2364.444	 27
    2364.462	  8
    2364.754	  8
    2384.464	 50
    2384.474	 17
    2390.462	  8
    2399.486	  8
    2402.518	  8
    2404.278	  8
    2406.124	  8
    2406.584	  8
    2407.354	  8
    2407.880	  8
    2409.116	  8
    2412.316	  8
    2412.506	  8
    2413.100	  8
    2413.664	  8
    2413.826	  8
    2414.474	 53
    2415.214	  8
    2415.214	 20
    2415.214	 27
    2415.224	 28
    2415.224	 19
    2415.324	 29
    2415.516	  9
    2417.648	  8
    2418.020	  8
    2418.210	  8
    2419.260	  8
    2435.344	 51
    2435.354	 18
    2453.574	  8
    2465.948	  8
    2495.354	 53
    2498.942	  8
    2498.942	 20
    2498.942	 27
    2498.952	 28
    2498.952	 19
    2499.052	 29
    2499.242	  9
    2519.072	 51
    2519.082	 18
    2546.492	  7
    2553.934	  7
    2555.888	  7
    2576.844	  7
    2579.082	 53
    2595.492	  8
    2595.492	 20
    2595.492	 27
    2595.502	 28
    2595.502	 19
    2595.602	 29
    2595.792	  9
    2595.810	  8
    2604.198	  8
    2615.622	 51
    2615.632	 18
    2659.878	  8
    2660.536	  8
    2661.110	  8
    2661.628	  8
    2662.122	  8
    2662.626	  8
    2663.104	  8
    2663.998	  8
    2664.696	  8
    2665.800	  8
    2665.888	  8
    2666.726	  8
    2668.896	  8
    2669.066	  8
    2669.390	  8
    2669.916	  8
    2670.612	  8
    2671.662	  8
    2674.950	  8
    2675.358	  8
    2675.632	 53
    2675.810	  8
    2675.810	 20
    2675.810	 27
    2675.820	 28
    2675.820	 19
    2675.920	 29
    2676.110	  9
    2695.940	 52
    2695.950	 10
    2749.240	  8
    2791.344	  8
    2798.710	  8
    2802.176	  8
    2806.812	  8
    2808.118	  8
    2808.394	  8
    2813.638	  8
    2815.950	 53
    2815.960	 20
    2815.960	 27
    2835.980	 51
    2835.990	 18
    2848.728	  8
    2849.048	  8
    2849.608	  8
    2850.178	  8
    2851.660	  8
    2852.218	  8
    2852.670	  8
    2853.154	  8
    2853.988	  8
    2855.290	  8
    2855.706	  8
    2855.996	  8
    2856.096	  8
    2856.556	  8
    2856.688	  8
    2857.230	  8
    2858.330	  8
    2859.082	  8
    2859.476	  8
    2860.026	  8
    2860.748	  8
    2860.880	  8
    2861.086	  8
    2862.230	  8
    2862.822	  8
    2863.670	  8
    2864.194	  8
    2864.960	  8
    2865.382	  8
    2865.748	  8
    2866.250	  8
    2866.820	  8
    2867.790	  8
    2868.066	  8
    2870.036	  8
    2870.900	  8
    2871.868	  8
    2873.306	  8
    2873.650	  8
    2874.368	  8
    2875.114	  8
    2876.408	  8
    2876.538	  8
    2876.988	  8
    2877.460	  8
    2877.878	  8
    2878.252	  8
    2878.660	  8
    2879.878	  8
    2880.686	  8
    2881.030	  8
    2881.630	  8
    2882.002	  8
    2882.820	  8
    2883.556	  8
    2883.878	  8
    2884.370	  8
    2887.134	  8
    2888.082	  8
    2888.396	  8
    2889.014	  8
    2891.052	  8
    2891.322	  8
    2891.946	  8
    2892.242	  8
    2892.936	  8
    2893.434	  8
    2893.650	  8
    2893.796	  8
    2894.302	  8
    2894.750	  8
    2895.930	  8
    2895.990	 53
    2896.518	  8
    2896.518	 20
    2896.518	 27
    2896.528	 28
    2896.528	 19
    2896.628	 29
    2896.766	  8
    2896.818	  9
    2901.334	  8
    2916.648	 52
    2916.658	 10
    2961.034	  8
    2966.200	  8
    3014.474	  8
    3014.856	  8
    3025.426	  8
    3026.456	  8
    3027.124	  8
    3027.452	  8
    3033.684	  8
    3033.898	  8
    3036.658	 53
    3036.668	 20
    3036.668	 27
    3056.688	 50
    3056.698	 17
    3069.874	  8
    3070.400	  8
    3072.354	  8
    3075.406	  8
    3076.478	  8
    3077.050	  8
    3077.668	  8
    3078.606	  8
    3078.940	  8
    3079.570	  8
    3080.082	  8
    3080.822	  8
    3082.274	  8
    3083.604	  8
    3085.046	  8
    3086.698	 53
    3086.718	  8
    3086.718	 20
    3086.718	 27
    3086.728	 28
    3086.728	 19
    3086.828	 29
    3087.018	  9
    3106.848	 52
    3106.858	 10
    3222.694	  8
    3223.028	  8
    3223.328	  8
    3224.714	  8
    3224.886	  8
    3225.242	  8
    3226.160	  8
    3226.560	  8
    3226.858	 53
    3226.868	 20
    3226.868	 27
    3226.910	  8
    3246.888	 50
    3246.898	 17
    3256.460	  8
    3258.036	  8
    3260.736	  8
    3262.076	  8
    3265.130	  8
    3265.702	  8
    3267.116	  8
    3267.804	  8
    3268.346	  8
    3268.792	  8
    3269.318	  8
    3270.378	  8
    3271.462	  8
    3272.430	  8
    3272.604	  8
    3272.988	  8
    3273.928	  8
    3274.342	  8
    3274.936	  8
    3275.536	  8
    3275.618	  8
    3276.086	  8
    3276.312	  8
    3276.894	  8
    3276.898	 53
    3278.114	  8
    3278.114	 20
    3278.114	 27
    3278.124	 28
    3278.124	 19
    3278.224	 29
    3278.414	  9
    3279.888	  8
    3298.244	 51
    3298.254	 18
    3357.370	  8
    3357.662	  8
    3358.206	  8
    3358.254	 53
    3358.984	  8
    3358.984	 20
    3358.984	 27
    3358.994	 28
    3358.994	 19
    3359.094	 29
    3359.284	  9
    3377.632	  8
    3379.114	 51
    3379.124	 18
    3380.892	  8
    3412.352	  8
    3413.196	  8
    3413.648	  8
    3414.574	  8
    3415.188	  8
    3416.066	  8
    3416.568	  8
    3418.076	  8
    3418.548	  8
    3420.942	  8
    3421.534	  8
    3427.554	  8
    3427.844	  8
    3428.130	  8
    3430.036	  8
    3430.500	  8
    3431.694	  8
    3432.074	  8
    3432.880	  8
    3433.628	  8
    3437.486	  8
    3438.338	  8
    3438.904	  8
    3439.124	 53
    3439.174	  8
    3439.174	 20
    3439.174	 27
    3439.184	 28
    3439.184	 19
    3439.284	 29
    3439.474	  9
    3459.304	 52
    3459.314	 10
    3463.286	  8
    3523.278	  8
    3563.988	  8
    3564.192	  8
    3574.044	  8
    3574.492	  8
    3579.314	 53
    3579.324	 20
    3579.324	 27
    3580.116	  8
    3580.568	  8
    3599.344	 51
    3599.354	 18
    3612.562	  8
    3612.718	  8
    3612.812	  8
    3613.232	  8
    3613.904	  8
    3615.000	  8
    3615.962	  8
    3617.454	  8
    3619.584	  8
    3620.820	  8
    3622.622	  8
    3623.804	  8
    3637.790	  8
    3638.538	  8
    3639.354	  8
    3639.742	  8
    3640.154	  8
    3640.746	  8
    3641.366	  8
    3641.864	  8
    3642.084	  8
    3644.246	  8
    3644.882	  8
    3645.646	  8
    3645.928	  8
    3646.150	  8
    3646.564	  8
    3648.778	  8
    3649.256	  8
    3649.396	  8
    3649.556	  8
    3650.710	  8
    3651.616	  8
    3652.084	  8
    3652.436	  8
    3653.042	  8
    3653.120	  8
    3653.554	  8
    3654.058	  8
    3654.436	  8
    3655.066	  8
    3655.330	  8
    3656.298	  8
    3656.752	  8
    3657.500	  8
    3658.592	  8
    3659.078	  8
    3659.354	 53
    3659.410	  8
    3659.410	 20
    3659.410	 27
    3659.420	 28
    3659.420	 19
    3659.520	 29
    3659.666	  8
    3659.710	  9
    3667.208	  8
    3679.540	 51
    3679.550	 18
    3713.282	  7
    3713.442	  7
    3713.656	  7
    3713.766	  7
    3714.110	  7
    3714.252	  7
    3715.504	  7
    3737.318	  8
    3737.536	  8
    3738.016	  8
    3738.500	  8
    3739.550	 53
    3739.552	  8
    3739.552	 20
    3739.552	 27
    3739.562	 28
    3739.562	 19
    3739.662	 29
    3739.852	  9
    3739.936	  8
    3741.036	  8
    3746.010	  8
    3759.682	 51
    3759.692	 18
    3771.438	  8
    3801.328	  8
    3801.600	  8
    3802.344	  8
    3802.722	  8
    3803.526	  8
    3803.986	  8
    3804.688	  8
    3805.122	  8
    3807.070	  8
    3807.348	  8
    3808.552	  8
    3809.060	  8
    3809.614	  8
    3810.066	  8
    3810.160	  8
    3811.710	  8
    3812.718	  8
    3813.830	  8
    3814.194	  8
    3815.042	  8
    3815.942	  8
    3816.286	  8
    3817.050	  8
    3818.298	  8
    3819.164	  8
    3819.692	 53
    3820.368	  8
    3820.368	 20
    3820.368	 27
    3820.378	 28
    3820.378	 19
    3820.432	  8
    3820.478	 29
    3820.668	  9
    3820.752	  8
    3840.498	 52
    3840.508	 10
    3847.936	  8
    3848.020	  8
    3877.552	  7
    3878.966	  7
    3879.088	  7
    3879.206	  7
    3879.658	  7
    3879.780	  7
    3881.734	  7
    3882.812	  7
    3883.564	  7
    3883.756	  7
    3884.038	  7
    3884.734	  7
    3884.824	  7
    3884.906	  7
    3885.010	  7
    3885.286	  7
    3885.586	  7
    3885.732	  7
    3886.052	  7
    3886.200	  7
    3886.360	  7
    3886.914	  7
    3887.056	  7
    3887.228	  7
    3890.448	  7
    3890.552	  7
    3890.678	  7
    3890.816	  7
    3890.954	  7
    3891.092	  7
    3891.228	  7
    3891.370	  7
    3891.512	  7
    3891.640	  7
    3891.780	  7
    3891.898	  7
    3892.030	  7
    3892.162	  7
    3892.312	  7
    3892.446	  7
    3892.572	  7
    3892.710	  7
    3892.858	  7
    3893.016	  7
    3893.144	  7
    3893.282	  7
    3893.418	  7
    3893.556	  7
    3893.696	  7
    3893.836	  7
    3893.974	  7
    3894.096	  7
    3894.236	  7
    3894.376	  7
    3894.518	  7
    3894.662	  7
    3894.828	  7
    3894.956	  7
    3895.108	  7
    3895.254	  7
    3895.416	  7
    3895.542	  7
    3895.676	  7
    3895.812	  7
    3895.970	  7
    3896.134	  7
    3896.284	  7
    3896.454	  7
    3896.572	  7
    3896.692	  7
    3896.834	  7
    3896.962	  7
    3897.104	  7
    3897.238	  7
    3897.380	  7
    3897.550	  7
    3897.678	  7
    3897.824	  7
    3897.968	  7
    3898.116	  7
    3898.258	  7
    3898.404	  7
    3898.554	  7
    3898.738	  7
    3898.866	  7
    3898.998	  7
    3899.156	  7
    3899.320	  7
    3899.494	  7
    3899.616	  7
    3899.774	  7
    3899.910	  7
    3900.048	  7
    3900.258	  7
    3900.386	  7
    3900.520	  7
    3900.654	  7
    3900.788	  7
    3900.966	  7
    3901.088	  7
    3901.214	  7
    3901.342	  7
    3901.484	  7
    3901.616	  7
    3901.750	  7
    3901.900	  7
    3902.054	  7
    3902.244	  7
    3902.414	  7
    3902.526	  7
    3902.664	  7
    3902.836	  7
    3902.974	  7
    3903.116	  7
    3903.250	  7
    3903.398	  7
    3903.528	  7
    3903.702	  7
    3903.820	  7
    3903.956	  7
    3904.098	  7
    3904.240	  7
    3904.388	  7
    3904.538	  7
    3904.694	  7
    3904.848	  7
    3904.988	  7
    3905.126	  7
    3905.284	  7
    3905.432	  7
    3905.578	  7
    3905.720	  7
    3905.878	  7
    3906.028	  7
    3906.188	  7
    3906.366	  7
    3906.486	  7
    3906.644	  7
    3906.834	  7
    3906.960	  7
    3907.088	  7
    3907.250	  7
    3907.390	  7
    3907.500	  7
    3907.640	  7
    3907.778	  7
    3907.916	  7
    3908.058	  7
    3908.212	  7
    3908.352	  7
    3908.484	  7
    3908.638	  7
    3908.814	  7
    3908.964	  7
    3909.094	  7
    3909.226	  7
    3909.370	  7
    3909.534	  7
    3909.656	  7
    3909.816	  7
    3909.946	  7
    3910.086	  7
    3910.228	  7
    3910.382	  7
    3910.578	  7
    3910.716	  7
    3910.852	  7
    3911.006	  7
    3911.148	  7
    3911.294	  7
    3911.454	  7
    3911.582	  7
    3911.742	  7
    3911.896	  7
    3912.052	  7
    3912.174	  7
    3912.320	  7
    3912.464	  7
    3912.614	  7
    3912.782	  7
    3912.934	  7
    3913.102	  7
    3913.270	  7
    3913.436	  7
    3913.598	  7
    3913.728	  7
    3913.864	  7
    3913.996	  7
    3914.134	  7
    3914.298	  7
    3914.424	  7
    3914.562	  7
    3914.714	  7
    3914.896	  7
    3915.054	  7
    3915.184	  7
    3915.336	  7
    3915.492	  7
    3915.628	  7
    3915.798	  7
    3915.990	  7
    3916.102	  7
    3916.244	  7
    3916.374	  7
    3916.520	  7
    3916.660	  7
    3916.800	  7
    3916.962	  7
    3917.172	  7
    3917.298	  7
    3917.448	  7
    3917.602	  7
    3917.756	  7
    3917.892	  7
    3918.050	  7
    3918.208	  7
    3918.396	  7
    3918.534	  7
    3918.674	  7
    3918.818	  7
    3918.962	  7
    3919.130	  7
    3919.260	  7
    3919.410	  7
    3919.560	  7
    3919.772	  7
    3919.922	  7
    3920.054	  7
    3920.196	  7
    3920.336	  7
    3920.492	  7
    3920.626	  7
    3920.786	  7
    3920.942	  7
    3921.094	  7
    3921.274	  7
    3921.408	  7
    3921.556	  7
    3921.710	  7
    3921.864	  7
    3922.036	  7
    3922.172	  7
    3922.338	  7
    3922.478	  7
    3922.618	  7
    3922.800	  7
    3922.974	  7
    3923.118	  7
    3923.290	  7
    3923.500	  7
    3923.624	  7
    3923.760	  7
    3923.902	  7
    3924.082	  7
    3924.222	  7
    3924.370	  7
    3924.522	  7
    3924.654	  7
    3924.832	  7
    3924.972	  7
    3925.124	  7
    3925.270	  7
    3925.424	  7
    3925.626	  7
    3925.770	  7
    3925.920	  7
    3926.080	  7
    3926.228	  7
    3926.410	  7
    3926.558	  7
    3926.698	  7
    3926.878	  7
    3927.064	  7
    3927.192	  7
    3927.386	  7
    3927.532	  7
    3927.664	  7
    3927.806	  7
    3927.956	  7
    3928.102	  7
    3928.246	  7
    3928.392	  7
    3928.586	  7
    3928.726	  7
    3928.870	  7
    3929.020	  7
    3929.186	  7
    3929.320	  7
    3929.468	  7
    3929.626	  7
    3929.816	  7
    3929.962	  7
    3930.106	  7
    3930.256	  7
    3930.408	  7
    3930.592	  7
    3930.712	  7
    3930.880	  7
    3931.016	  7
    3931.166	  7
    3931.308	  7
    3931.478	  7
    3931.656	  7
    3931.806	  7
    3931.968	  7
    3932.100	  7
    3932.248	  7
    3932.392	  7
    3932.570	  7
    3932.714	  7
    3932.862	  7
    3933.008	  7
    3933.186	  7
    3933.412	  7
    3933.564	  7
    3933.690	  7
    3933.836	  7
    3933.988	  7
    3934.134	  7
    3934.290	  7
    3934.426	  7
    3934.586	  7
    3934.744	  7
    3934.918	  7
    3935.048	  7
    3935.190	  7
    3935.336	  7
    3935.520	  7
    3935.744	  7
    3935.882	  7
    3936.044	  7
    3936.184	  7
    3936.378	  7
    3936.510	  7
    3936.638	  7
    3936.752	  7
    3936.880	  7
    3937.024	  7
    3937.150	  7
    3937.320	  7
    3937.452	  7
    3937.598	  7
    3937.776	  7
    3937.978	  7
    3938.106	  7
    3938.242	  7
    3938.390	  7
    3938.556	  7
    3938.744	  7
    3938.818	  7
    3938.954	  7
    3939.086	  7
    3939.226	  7
    3939.368	  7
    3939.518	  7
    3939.660	  7
    3939.808	  7
    3939.948	  7
    3940.100	  7
    3940.252	  7
    3940.450	  7
    3940.600	  7
    3940.736	  7
    3940.876	  7
    3941.032	  7
    3941.180	  7
    3941.336	  7
    3941.524	  7
    3941.666	  7
    3941.814	  7
    3941.980	  7
    3942.168	  7
    3942.260	  7
    3942.380	  7
    3942.520	  7
    3942.686	  7
    3942.826	  7
    3943.072	  7
    3943.194	  7
    3943.354	  7
    3943.482	  7
    3943.690	  7
    3943.832	  7
    3943.954	  7
    3944.086	  7
    3944.246	  7
    3944.414	  7
    3944.572	  7
    3944.714	  7
    3944.852	  7
    3945.012	  7
    3945.160	  7
    3945.320	  7
    3945.450	  7
    3945.602	  7
    3945.748	  7
    3945.914	  7
    3946.126	  7
    3946.266	  7
    3946.398	  7
    3946.548	  7
    3946.708	  7
    3946.860	  7
    3947.002	  7
    3947.160	  7
    3947.336	  7
    3947.458	  7
    3947.620	  7
    3947.782	  7
    3947.952	  7
    3948.154	  7
    3948.310	  7
    3948.440	  7
    3948.580	  7
    3948.788	  7
    3948.922	  7
    3949.084	  7
    3949.228	  7
    3949.380	  7
    3949.518	  7
    3949.662	  7
    3949.870	  7
    3950.018	  7
    3950.150	  7
    3950.288	  7
    3950.436	  7
    3950.602	  7
    3950.738	  7
    3950.890	  7
    3951.070	  7
    3951.280	  7
    3951.422	  7
    3951.560	  7
    3951.714	  7
    3951.892	  7
    3952.014	  7
    3952.174	  7
    3952.314	  7
    3952.464	  7
    3952.634	  7
    3952.780	  7
    3952.924	  7
    3953.216	  7
    3959.164	  8
    3959.288	  8
    3959.722	  8
    3960.432	  8
    3960.508	 53
    3960.518	 20
    3960.518	 27
    3960.640	  8
    3980.538	 51
    3980.548	 18
    4016.284	  8
    4016.482	  8
    4016.884	  8
    4018.536	  8
    4018.706	  8
    4019.660	  8
    4020.052	  8
    4020.926	  8
    4021.370	  8
    4021.764	  8
    4022.780	  8
    4023.116	  8
    4023.608	  8
    4024.628	  8
    4025.020	  8
    4026.028	  8
    4026.996	  8
    4027.336	  8
    4028.108	  8
    4028.842	  8
    4029.136	  8
    4029.986	  8
    4030.536	  8
    4040.548	 53
    4077.314	  8
    4077.314	 20
    4077.314	 27
    4077.324	 28
    4077.324	 19
    4077.424	 29
    4077.510	  8
    4077.616	  9
    4097.444	 52
    4097.454	 10
    4213.928	  8
    4214.190	  8
    4215.610	  8
    4217.454	 53
    4217.464	 20
    4217.464	 27
    4222.734	  8
    4237.484	 51
    4237.494	 18
    4243.138	  8
    4279.320	  7
    4279.644	  7
    4280.220	  7
    4282.142	  7
    4284.122	  7
    4284.194	  7
    4288.840	  7
    4288.970	  7
    4289.084	  7
    4289.204	  7
    4289.788	  7
    4296.296	  7
    4296.780	  7
    4296.986	  7
    4297.132	  7
    4297.494	 53
    4297.530	  7
    4297.748	  7
    4298.312	  7
    4298.508	  7
    4298.618	  7
    4302.044	  7
    4302.244	  7
    4302.410	  7
    4302.566	  7
    4302.732	  7
    4302.922	  7
    4303.088	  7
    4303.442	  7
    4303.670	  7
    4304.196	  7
    4304.402	  7
    4304.546	  7
    4304.818	  7
    4304.928	  7
    4312.736	  7
    4313.434	  7
    4314.748	  7
    4323.238	  7
    4326.662	  7
    4333.140	  7
    4333.240	  7
    4333.358	  7
    4333.486	  7
    4333.618	  7
    4333.750	  7
    4333.900	  7
    4334.042	  7
    4334.442	  7
    4334.560	  7
    4335.172	  7
    4335.256	  7
    4335.404	  7
    4335.540	  7
    4335.688	  7
    4335.822	  7
    4335.942	  7
    4336.094	  7
    4336.212	  7
    4336.354	  7
    4336.510	  7
    4336.630	  7
    4336.770	  7
    4336.908	  7
    4337.046	  7
    4337.220	  7
    4337.344	  7
    4337.474	  7
    4337.630	  7
    4337.770	  7
    4337.906	  7
    4338.040	  7
    4338.174	  7
    4338.332	  7
    4338.752	  7
    4338.858	  7
    4338.996	  7
    4339.350	  7
    4339.536	  7
    4339.660	  7
    4339.818	  7
    4339.958	  7
    4340.080	  7
    4340.216	  7
    4340.356	  7
    4340.488	  7
    4340.628	  7
    4340.764	  7
    4340.912	  7
    4341.054	  7
    4341.206	  7
    4341.344	  7
    4341.476	  7
    4341.624	  7
    4341.746	  7
    4341.886	  7
    4342.010	  7
    4342.166	  7
    4342.296	  7
    4342.442	  7
    4342.590	  7
    4342.754	  7
    4342.882	  7
    4343.050	  7
    4343.180	  7
    4343.328	  7
    4343.458	  7
    4343.608	  7
    4343.746	  7
    4343.898	  7
    4344.086	  7
    4344.218	  7
    4344.384	  7
    4344.502	  7
    4344.650	  7
    4344.784	  7
    4344.930	  7
    4345.080	  7
    4345.214	  7
    4345.352	  7
    4345.490	  7
    4345.650	  7
    4345.784	  7
    4345.930	  7
    4346.058	  7
    4346.198	  7
    4346.352	  7
    4346.660	  7
    4346.780	  7
    4346.906	  7
    4347.074	  7
    4347.216	  7
    4347.404	  7
    4347.534	  7
    4347.676	  7
    4347.820	  7
    4347.970	  7
    4348.124	  7
    4348.272	  7
    4348.408	  7
    4348.572	  7
    4348.746	  7
    4348.910	  7
    4349.038	  7
    4349.178	  7
    4349.306	  7
    4349.484	  7
    4349.612	  7
    4349.742	  7
    4349.880	  7
    4350.030	  7
    4350.226	  7
    4350.364	  7
    4350.500	  7
    4350.644	  7
    4350.814	  7
    4351.004	  7
    4351.114	  7
    4351.272	  7
    4351.400	  7
    4351.550	  7
    4351.698	  7
    4351.816	  7
    4351.956	  7
    4352.114	  7
    4352.226	  7
    4352.378	  7
    4352.516	  7
    4352.662	  7
    4352.816	  7
    4353.032	  7
    4353.168	  7
    4353.322	  7
    4353.450	  7
    4353.614	  7
    4353.744	  7
    4353.888	  7
    4354.020	  7
    4354.150	  7
    4354.320	  7
    4354.492	  7
    4354.618	  7
    4354.800	  7
    4354.892	  7
    4355.038	  7
    4355.162	  7
    4355.294	  7
    4355.452	  7
    4355.660	  7
    4355.778	  7
    4355.916	  7
    4356.054	  7
    4356.194	  7
    4356.328	  7
    4356.476	  7
    4356.664	  7
    4356.880	  7
    4356.996	  7
    4357.140	  7
    4357.306	  7
    4357.506	  7
    4357.802	  7
    4357.938	  7
    4358.072	  7
    4358.200	  7
    4358.338	  7
    4358.518	  7
    4358.728	  7
    4358.842	  7
    4358.982	  7
    4359.128	  7
    4359.328	  7
    4359.472	  7
    4359.616	  7
    4359.750	  7
    4359.890	  7
    4360.026	  7
    4360.198	  7
    4360.330	  7
    4360.470	  7
    4360.612	  7
    4360.758	  7
    4360.938	  7
    4361.072	  7
    4361.230	  7
    4361.376	  7
    4361.512	  7
    4361.700	  7
    4361.838	  7
    4361.992	  7
    4362.156	  7
    4362.298	  7
    4362.434	  7
    4362.600	  7
    4362.820	  7
    4362.942	  7
    4363.076	  7
    4363.224	  7
    4363.356	  7
    4363.528	  7
    4363.670	  7
    4363.852	  7
    4364.012	  7
    4364.156	  7
    4364.292	  7
    4364.450	  7
    4364.584	  7
    4364.808	  7
    4364.946	  7
    4365.094	  7
    4365.314	  7
    4365.442	  7
    4365.580	  7
    4365.716	  7
    4365.850	  7
    4365.998	  7
    4366.152	  7
    4366.308	  7
    4366.424	  7
    4366.510	  7
    4366.708	  7
    4366.818	  7
    4366.950	  7
    4367.082	  7
    4367.224	  7
    4367.372	  7
    4367.536	  7
    4367.762	  7
    4367.884	  7
    4368.030	  7
    4368.224	  7
    4368.364	  7
    4368.498	  7
    4368.656	  7
    4368.788	  7
    4368.924	  7
    4369.076	  7
    4369.216	  7
    4369.422	  7
    4369.532	  7
    4369.696	  7
    4369.842	  7
    4370.006	  7
    4370.140	  7
    4370.372	  7
    4370.612	  7
    4370.742	  7
    4370.874	  7
    4371.026	  7
    4371.152	  7
    4371.290	  7
    4371.432	  7
    4371.560	  7
    4371.716	  7
    4371.936	  7
    4372.046	  7
    4372.174	  7
    4372.312	  7
    4372.500	  7
    4372.640	  7
    4372.802	  7
    4372.942	  7
    4373.076	  7
    4373.234	  7
    4373.366	  7
    4373.514	  7
    4373.648	  7
    4373.792	  7
    4373.956	  7
    4374.116	  7
    4374.230	  7
    4374.368	  7
    4376.014	  8
    4376.014	 20
    4376.014	 27
    4376.024	 28
    4376.024	 19
    4376.124	 29
    4376.280	  8
    4376.316	  9
    4376.444	  8
    4377.202	  8
    4377.454	  8
    4387.640	  8
    4389.700	  8
    4396.144	 51
    4396.154	 18
    4434.112	  8
    4434.678	  8
    4434.762	  8
    4435.244	  8
    4435.354	  8
    4436.422	  8
    4437.254	  8
    4437.842	  8
    4438.922	  8
    4439.118	  8
    4441.188	  8
    4442.398	  8
    4444.024	  8
    4444.488	  8
    4445.788	  8
    4446.630	  8
    4446.772	  8
    4447.028	  8
    4450.338	  8
    4451.196	  8
    4451.826	  8
    4453.350	  8
    4454.394	  8
    4454.986	  8
    4455.352	  8
    4456.154	 53
    4456.780	  8
    4456.780	 20
    4456.780	 27
    4456.790	 28
    4456.790	 19
    4456.890	 29
    4457.082	  9
    4458.134	  8
    4470.104	  8
    4471.586	  8
    4476.910	 51
    4476.920	 18
    4514.766	  8
    4517.202	  8
    4518.618	  8
    4519.368	  8
    4520.550	  8
    4522.890	  8
    4525.020	  8
    4526.962	  8
    4528.038	  8
    4530.488	  8
    4530.832	  8
    4532.322	  8
    4533.008	  8
    4533.504	  8
    4534.512	  8
    4535.044	  8
    4535.390	  8
    4535.862	  8
    4536.460	  8
    4536.920	 53
    4537.858	  8
    4537.858	 20
    4537.858	 27
    4537.868	 28
    4537.868	 19
    4537.968	 29
    4538.160	  9
    4557.988	 50
    4557.998	 17
    4580.638	  8
    4580.818	  8
    4581.292	  8
    4583.944	  8
    4584.698	  8
    4585.276	  8
    4585.620	  8
    4586.226	  8
    4587.226	  8
    4587.930	  8
    4587.998	 53
    4588.710	  8
    4588.710	 20
    4588.710	 27
    4588.720	 28
    4588.720	 19
    4588.820	 29
    4588.966	  8
    4589.010	  9
    4608.840	 50
    4608.850	 17
    4627.088	  7
    4628.234	  7
    4628.574	  7
    4628.664	  7
    4629.558	  7
    4629.948	  7
    4630.178	  7
    4631.276	  7
    4631.640	  7
    4631.732	  7
    4632.054	  7
    4636.994	  7
    4637.584	  7
    4637.654	  7
    4637.800	  7
    4638.004	  7
    4638.102	  7
    4638.848	  7
    4638.850	 53
    4638.966	  7
    4639.132	  7
    4641.312	  8
    4641.312	 20
    4641.312	 27
    4641.322	 28
    4641.322	 19
    4641.422	 29
    4641.560	  8
    4641.858	  9
    4643.244	  8
    4643.514	  8
    4645.778	  8
    4647.732	  8
    4649.876	  8
    4652.216	  8
    4655.904	  8
    4656.438	  8
    4658.122	  8
    4661.442	 51
    4661.452	 18
    4665.358	  8
    4666.450	  8
    4669.868	  8
    4673.566	  8
    4675.068	  8
    4676.268	  8
    4676.410	  8
    4677.348	  8
    4679.416	  8
    4679.720	  8
    4684.094	  8
    4698.410	  8
    4720.166	  8
    4721.452	 53
    4721.928	  8
    4721.928	 20
    4721.928	 27
    4721.938	 28
    4721.938	 19
    4722.038	 29
    4722.228	  9
    4722.280	  8
    4725.244	  8
    4725.726	  8
    4728.576	  8
    4742.058	 51
    4742.068	 18
    4768.926	  8
    4770.472	  8
    4770.694	  8
    4771.026	  8
    4771.204	  8
    4771.444	  8
    4771.716	  8
    4772.182	  8
    4772.286	  8
    4774.288	  8
    4774.762	  8
    4774.998	  8
    4775.324	  8
    4775.830	  8
    4776.932	  8
    4777.292	  8
    4777.778	  8
    4778.418	  8
    4778.900	  8
    4779.174	  8
    4779.318	  8
    4780.014	  8
    4780.674	  8
    4781.632	  8
    4782.350	  8
    4782.560	  8
    4783.352	  8
    4784.148	  8
    4785.082	  8
    4785.650	  8
    4787.306	  8
    4788.136	  8
    4788.432	  8
    4789.060	  8
    4789.478	  8
    4789.694	  8
    4790.494	  8
    4792.402	  8
    4792.914	  8
    4793.290	  8
    4793.548	  8
    4794.130	  8
    4794.990	  8
    4796.010	  8
    4796.896	  8
    4797.464	  8
    4798.026	  8
    4798.454	  8
    4798.656	  8
    4800.992	  8
    4801.258	  8
    4801.750	  8
    4802.068	 53
    4802.658	  8
    4802.658	 20
    4802.658	 27
    4802.668	 28
    4802.668	 19
    4802.768	 29
    4802.958	  9
    4816.108	  8
    4819.676	  8
    4822.188	  8
    4822.788	 50
    4822.798	 17
    4827.378	  8
    4836.092	  8
    4839.534	  8
    4840.688	  8
    4841.370	  8
    4842.538	  8
    4844.320	  8
    4845.066	  8
    4847.160	  8
    4848.918	  8
    4849.658	  8
    4850.568	  8
    4850.866	  8
    4851.642	  8
    4852.234	  8
    4852.496	  8
    4852.798	 53
    4853.066	  8
    4853.066	 20
    4853.066	 27
    4853.076	 28
    4853.076	 19
    4853.176	 29
    4853.366	  9
    4862.256	  8
    4873.196	 52
    4873.206	 10
    4900.056	  8
    4900.980	  8
    4922.602	  8
    4938.764	  7
    4939.072	  7
    4939.598	  7
    4939.824	  7
    4940.032	  7
    4940.358	  7
    4940.460	  7
    4940.552	  7
    4940.662	  7
    4940.772	  7
    4940.992	  7
    4941.244	  7
    4941.374	  7
    4941.740	  7
    4941.848	  7
    4942.230	  7
    4942.490	  7
    4942.590	  7
    4942.754	  7
    4942.882	  7
    4943.876	  7
    4944.154	  7
    4944.388	  7
    4944.564	  7
    4944.730	  7
    4944.910	  7
    4945.108	  7
    4945.612	  7
    4946.554	  7
    4946.658	  7
    4946.766	  7
    4946.872	  7
    4946.986	  7
    4953.028	  7
    4953.144	  7
    4953.270	  7
    4953.406	  7
    4953.550	  7
    4953.702	  7
    4953.858	  7
    4953.992	  7
    4954.130	  7
    4954.394	  7
    4954.544	  7
    4954.682	  7
    4954.824	  7
    4954.982	  7
    4955.120	  7
    4955.270	  7
    4955.418	  7
    4955.562	  7
    4955.714	  7
    4955.864	  7
    4956.012	  7
    4956.136	  7
    4956.282	  7
    4956.442	  7
    4956.578	  7
    4956.654	  7
    4956.754	  7
    4957.122	  7
    4957.212	  7
    4957.344	  7
    4958.358	  7
    4958.444	  7
    4958.742	  7
    4959.010	  7
    4959.142	  7
    4959.280	  7
    4959.422	  7
    4959.558	  7
    4959.704	  7
    4959.836	  7
    4959.986	  7
    4960.142	  7
    4960.272	  7
    4960.408	  7
    4960.556	  7
    4960.714	  7
    4960.864	  7
    4961.054	  7
    4961.222	  7
    4961.338	  7
    4961.478	  7
    4961.658	  7
    4961.792	  7
    4961.928	  7
    4962.092	  7
    4962.208	  7
    4962.344	  7
    4962.482	  7
    4962.624	  7
    4962.754	  7
    4962.904	  7
    4963.034	  7
    4963.172	  7
    4963.336	  7
    4963.480	  7
    4963.618	  7
    4963.770	  7
    4963.964	  7
    4964.088	  7
    4964.238	  7
    4964.392	  7
    4964.524	  7
    4964.676	  7
    4964.822	  7
    4965.002	  7
    4965.132	  7
    4965.270	  7
    4965.408	  7
    4965.552	  7
    4965.690	  7
    4965.830	  7
    4965.972	  7
    4966.122	  7
    4966.324	  7
    4966.448	  7
    4966.560	  7
    4966.738	  7
    4966.970	  7
    4967.104	  7
    4967.230	  7
    4967.360	  7
    4967.494	  7
    4967.626	  7
    4967.768	  7
    4967.896	  7
    4968.050	  7
    4968.164	  7
    4968.308	  7
    4968.470	  7
    4968.610	  7
    4968.758	  7
    4968.896	  7
    4969.066	  7
    4969.204	  7
    4969.396	  7
    4969.518	  7
    4969.656	  7
    4969.804	  7
    4969.940	  7
    4970.082	  7
    4970.236	  7
    4970.406	  7
    4970.558	  7
    4970.770	  7
    4970.892	  7
    4971.038	  7
    4971.176	  7
    4971.310	  7
    4971.466	  7
    4971.602	  7
    4971.770	  7
    4971.894	  7
    4972.044	  7
    4972.190	  7
    4972.334	  7
    4972.472	  7
    4972.622	  7
    4972.774	  7
    4972.946	  7
    4973.158	  7
    4973.284	  7
    4973.412	  7
    4973.550	  7
    4973.688	  7
    4973.820	  7
    4973.966	  7
    4974.182	  7
    4974.314	  7
    4974.454	  7
    4974.582	  7
    4974.726	  7
    4974.948	  7
    4975.100	  7
    4975.234	  7
    4975.398	  7
    4975.532	  7
    4975.690	  7
    4975.828	  7
    4975.972	  7
    4976.130	  7
    4976.258	  7
    4976.396	  7
    4976.536	  7
    4976.682	  7
    4976.832	  7
    4976.972	  7
    4977.144	  7
    4977.278	  7
    4977.428	  7
    4977.560	  7
    4977.726	  7
    4977.900	  7
    4978.050	  7
    4978.194	  7
    4978.478	  7
    4978.586	  7
    4978.706	  7
    4978.844	  7
    4979.066	  7
    4979.182	  7
    4979.320	  7
    4979.494	  7
    4979.618	  7
    4979.750	  7
    4979.880	  7
    4980.074	  7
    4980.286	  7
    4980.402	  7
    4980.540	  7
    4980.724	  7
    4980.946	  7
    4981.062	  7
    4981.186	  7
    4981.340	  7
    4981.472	  7
    4981.614	  7
    4981.758	  7
    4981.906	  7
    4982.048	  7
    4982.212	  7
    4982.436	  7
    4982.554	  7
    4982.704	  7
    4982.872	  7
    4983.068	  7
    4983.220	  7
    4983.350	  7
    4983.526	  7
    4983.676	  7
    4983.814	  7
    4983.962	  7
    4984.102	  7
    4984.246	  7
    4984.404	  7
    4984.526	  7
    4984.684	  7
    4984.816	  7
    4984.958	  7
    4985.128	  7
    4985.316	  7
    4985.438	  7
    4985.572	  7
    4985.726	  7
    4985.854	  7
    4986.020	  7
    4986.154	  7
    4986.304	  7
    4986.426	  7
    4986.564	  7
    4986.734	  7
    4986.886	  7
    4987.040	  7
    4987.212	  7
    4987.354	  7
    4987.524	  7
    4987.650	  7
    4987.864	  7
    4987.998	  7
    4988.158	  7
    4988.308	  7
    4988.452	  7
    4988.594	  7
    4988.750	  7
    4988.918	  7
    4989.092	  7
    4989.282	  7
    4989.414	  7
    4989.596	  7
    4989.894	  7
    4990.042	  7
    4990.186	  7
    4990.330	  7
    4990.450	  7
    4990.576	  7
    4990.724	  7
    4990.862	  7
    4991.022	  7
    4991.142	  7
    4991.296	  7
    4991.440	  7
    4991.598	  7
    4991.762	  7
    4993.206	 53
    4993.216	 20
    4993.216	 27
    5000.372	  7
    5002.752	  7
    5002.850	  7
    5003.974	  7
    5004.094	  7
    5004.206	  7
    5012.354	  7
    5012.580	  7
    5013.050	  7
    5013.130	  7
    5013.236	 52
    5013.246	 10
    5015.734	  7
    5015.862	  7
    5015.994	  7
    5016.136	  7
    5016.270	  7
    5016.418	  7
    5017.018	  7
    5017.764	  7
    5018.476	  7
    5018.776	  7
    5018.918	  7
    5019.006	  7
    5019.748	  7
    5019.896	  7
    5019.996	  7
    5020.302	  7
    5029.578	  7
    5034.882	  7
    5040.748	  8
    5042.496	  8
    5043.322	  8
    5045.770	  8
    5046.488	  8
    5046.980	  8
    5047.294	  8
    5079.822	  8
    5080.014	  8
    5080.464	  8
    5081.202	  8
    5081.546	  8
    5081.912	  8
    5082.130	  8
    5082.656	  8
    5085.250	  8
    5085.446	  8
    5086.128	  8
    5086.276	  8
    5086.420	  8
    5086.638	  8
    5086.810	  8
    5087.016	  8
    5087.484	  8
    5087.630	  8
    5088.300	  8
    5089.134	  8
    5091.438	  8
    5091.690	  8
    5092.908	  8
    5093.240	  8
    5093.360	  8
    5093.624	  8
    5094.552	  8
    5094.930	  8
    5109.192	  8
    5109.338	  8
    5110.010	  8
    5111.982	  8
    5112.868	  8
    5113.622	  8
    5114.180	  8
    5114.986	  8
    5115.656	  8
    5116.222	  8
    5116.674	  8
    5117.146	  8
    5117.520	  8
    5118.858	  8
    5119.772	  8
    5120.690	  8
    5121.578	  8
    5121.904	  8
    5122.370	  8
    5122.612	  8
    5123.198	  8
    5123.644	  8
    5124.504	  8
    5125.426	  8
    5126.140	  8
    5126.700	  8
    5128.724	  8
    5129.282	  8
    5130.684	  8
    5131.056	  8
    5131.490	  8
    5131.778	  8
    5132.208	  8
    5133.246	 53
    5133.256	 20
    5133.256	 27
    5133.652	  8
    5134.872	  8
    5135.372	  8
    5136.332	  8
    5139.188	  8
    5139.830	  8
    5143.604	  8
    5153.276	 50
    5153.286	 17
    5172.168	  8
    5173.922	  8
    5175.162	  8
    5175.542	  8
    5176.278	  8
    5176.652	  8
    5176.960	  8
    5177.034	  8
    5177.430	  8
    5178.050	  8
    5178.724	  8
    5179.376	  8
    5179.628	  8
    5179.908	  8
    5180.260	  8
    5180.988	  8
    5181.880	  8
    5183.230	  8
    5183.286	 53
    5184.022	  8
    5184.022	 20
    5184.022	 27
    5184.032	 28
    5184.032	 19
    5184.132	 29
    5184.568	  9
    5186.004	  8
    5204.152	 51
    5204.162	 18
    5264.162	 53
    5282.252	  8
    5282.252	 20
    5282.252	 27
    5282.262	 28
    5282.262	 19
    5282.362	 29
    5282.502	  8
    5282.554	  9
    5302.382	 51
    5302.392	 18
    5320.462	  8
    5323.990	  8
    5324.746	  8
    5325.380	  8
    5325.798	  8
    5327.094	  8
    5330.598	  8
    5335.022	  8
    5335.508	  8
    5336.884	  8
    5337.310	  8
    5338.362	  8
    5339.074	  8
    5339.738	  8
    5362.392	 53
    5373.920	  8
    5373.920	 20
    5373.920	 27
    5373.930	 28
    5373.930	 19
    5374.030	 29
    5374.116	  8
    5374.220	  9
    5394.050	 51
    5394.060	 18
    5412.658	  8
    5424.926	  8
    5426.310	  8
    5427.502	  8
    5428.450	  8
    5429.204	  8
    5429.582	  8
    5429.908	  8
    5452.546	  8
    5454.060	 53
    5454.092	  8
    5454.092	 20
    5454.092	 27
    5454.102	 28
    5454.102	 19
    5454.202	 29
    5454.392	  9
    5454.474	  8
    5474.222	 52
    5474.232	 10
    5578.474	  8
    5578.712	  8
    5589.016	  8
    5589.812	  8
    5590.656	  8
    5593.388	  8
    5593.816	  8
    5594.232	 53
    5594.242	 20
    5594.242	 27
    5614.262	 51
    5614.272	 18
    5671.194	  8
    5671.394	  8
    5674.272	 53
    5681.138	  8
    5681.138	 20
    5681.138	 27
    5681.148	 28
    5681.148	 19
    5681.248	 29
    5681.258	 61
