      20.010	 51
      20.020	 17
      41.446	  8
      42.126	  8
      48.866	  8
      49.144	  8
      80.020	 53
      80.030	 20
      80.030	 27
     100.050	 50
     100.060	 10
     109.266	  8
     109.352	  8
     110.938	  8
     111.964	  8
     124.678	  8
     124.928	  8
     126.092	  8
     127.128	  8
     128.538	  8
     128.964	  8
     129.542	  8
     130.060	 53
     130.404	  8
     130.404	 20
     130.404	 27
     130.414	 28
     130.414	 19
     130.514	 29
     130.682	  9
     130.754	  8
     131.886	  8
     150.534	 51
     150.544	 17
     154.908	  8
     156.082	  8
     156.822	  8
     159.188	  8
     168.800	  8
     198.974	  8
     199.552	  8
     199.722	  8
     200.090	  8
     200.332	  8
     203.948	  8
     210.544	 53
     210.554	 20
     210.554	 27
     217.894	  8
     218.124	  8
     230.574	 51
     230.584	 17
     236.894	  8
     236.968	  8
     237.172	  8
     249.884	  8
     250.030	  8
     250.162	  8
     250.438	  8
     260.686	  8
     260.766	  8
     261.230	  8
     261.286	  8
     261.720	  8
     267.126	  8
     267.316	  8
     267.840	  8
     268.428	  8
     268.916	  8
     269.206	  8
     281.466	  8
     281.858	  8
     282.300	  8
     282.814	  8
     283.420	  8
     283.792	  8
     283.950	  8
     285.870	  8
     287.568	  7
     290.584	 53
     290.594	 20
     290.594	 27
     310.614	 50
     310.624	 10
     328.938	  8
     329.170	  8
     329.442	  8
     329.782	  8
     330.070	  8
     330.380	  8
     330.756	  8
     331.330	  8
     331.802	  8
     332.238	  8
     332.788	  8
     333.124	  8
     333.472	  8
     333.918	  8
     334.184	  8
     334.280	  8
     335.986	  8
     336.488	  8
     337.038	  8
     337.608	  8
     338.172	  8
     338.416	  8
     338.646	  8
     339.002	  8
     339.596	  8
     339.942	  8
     340.438	  8
     340.624	 53
     341.860	  8
     341.860	 20
     341.860	 27
     341.870	 28
     341.870	 19
     341.970	 29
     342.138	  9
     342.190	  8
     344.358	  8
     361.990	 52
     362.000	 18
     406.382	  8
     406.448	  8
     406.520	  8
     422.614	  8
     422.678	  8
     422.912	  8
     423.124	  8
     423.202	  8
     454.074	  8
     454.210	  8
     454.464	  8
     459.850	  8
     460.020	  8
     460.638	  8
     473.432	  8
     473.502	  8
     474.170	  8
     475.716	  8
     475.784	  8
     476.188	  8
     476.746	  8
     477.660	  8
     479.654	  8
     480.788	  8
     481.742	  8
     482.000	 53
     482.240	  8
     482.240	 20
     482.240	 27
     482.250	 28
     482.250	 19
     482.350	 29
     482.518	  9
     482.526	  8
     502.370	 51
     502.380	 17
     510.366	  7
     510.450	  7
     510.574	  7
     510.718	  7
     510.832	  7
     511.128	  7
     511.242	  7
     511.370	  7
     511.504	  7
     511.640	  7
     511.774	  7
     511.914	  7
     512.048	  7
     512.184	  7
     512.342	  7
     512.474	  7
     512.612	  7
     512.744	  7
     512.874	  7
     513.034	  7
     513.152	  7
     513.282	  7
     513.396	  7
     513.532	  7
     513.658	  7
     513.796	  7
     513.952	  7
     514.080	  7
     514.202	  7
     514.322	  7
     514.462	  7
     514.588	  7
     514.722	  7
     514.860	  7
     515.016	  7
     515.146	  7
     515.276	  7
     515.406	  7
     515.538	  7
     515.678	  7
     515.822	  7
     515.954	  7
     516.110	  7
     516.232	  7
     516.370	  7
     516.512	  7
     516.652	  7
     516.784	  7
     516.950	  7
     517.084	  7
     517.210	  7
     517.354	  7
     517.494	  7
     517.626	  7
     517.772	  7
     517.914	  7
     518.070	  7
     518.200	  7
     518.338	  7
     518.488	  7
     518.634	  7
     518.772	  7
     518.910	  7
     519.072	  7
     519.202	  7
     519.334	  7
     519.476	  7
     519.614	  7
     519.748	  7
     519.900	  7
     520.072	  7
     520.200	  7
     520.328	  7
     520.468	  7
     520.610	  7
     520.746	  7
     520.894	  7
     521.032	  7
     521.196	  7
     521.314	  7
     521.448	  7
     521.590	  7
     521.722	  7
     521.862	  7
     522.010	  7
     522.144	  7
     522.314	  7
     522.424	  7
     522.556	  7
     522.688	  7
     522.836	  7
     522.988	  7
     523.132	  7
     523.262	  7
     523.426	  7
     523.550	  7
     523.686	  7
     523.820	  7
     523.958	  7
     524.100	  7
     524.238	  7
     524.376	  7
     524.520	  7
     524.662	  7
     524.818	  7
     524.944	  7
     525.070	  7
     525.204	  7
     525.332	  7
     525.472	  7
     525.608	  7
     525.878	  7
     525.996	  7
     526.130	  7
     526.276	  7
     526.420	  7
     526.562	  7
     526.712	  7
     526.862	  7
     526.984	  7
     527.110	  7
     527.216	  7
     527.362	  7
     527.512	  7
     527.660	  7
     528.218	  7
     528.336	  7
     528.472	  7
     528.604	  7
     528.748	  7
     528.894	  7
     529.044	  7
     529.218	  7
     529.362	  7
     529.496	  7
     529.636	  7
     529.768	  7
     529.912	  7
     530.060	  7
     530.196	  7
     530.354	  7
     530.502	  7
     530.628	  7
     530.762	  7
     530.900	  7
     531.048	  7
     531.168	  7
     531.322	  7
     531.458	  7
     531.596	  7
     531.774	  7
     531.894	  7
     532.022	  7
     532.168	  7
     532.344	  7
     532.462	  7
     532.598	  7
     532.742	  7
     532.890	  7
     533.036	  7
     533.178	  7
     533.356	  7
     533.498	  7
     533.636	  7
     533.772	  7
     533.928	  7
     534.070	  7
     534.216	  7
     534.342	  7
     534.494	  7
     534.664	  7
     534.786	  7
     534.922	  7
     535.062	  7
     535.192	  7
     535.346	  7
     535.490	  7
     535.646	  7
     535.782	  7
     535.920	  7
     536.060	  7
     536.224	  7
     536.340	  7
     536.488	  7
     536.628	  7
     536.764	  7
     536.912	  7
     537.048	  7
     537.192	  7
     537.320	  7
     537.504	  7
     537.628	  7
     537.756	  7
     537.898	  7
     538.024	  7
     538.170	  7
     538.316	  7
     538.448	  7
     538.590	  7
     538.758	  7
     538.880	  7
     539.028	  7
     539.168	  7
     539.324	  7
     539.488	  7
     539.866	  7
     539.976	  7
     540.302	  7
     540.418	  7
     540.704	  7
     540.796	  7
     542.588	  7
     544.004	  7
     545.732	  7
     548.878	  7
     549.356	  7
     549.472	  7
     550.694	  7
     550.794	  7
     550.938	  7
     551.088	  7
     551.250	  7
     551.384	  7
     551.518	  7
     551.660	  7
     551.816	  7
     551.954	  7
     552.106	  7
     552.258	  7
     552.444	  7
     552.566	  7
     552.714	  7
     552.854	  7
     552.994	  7
     553.140	  7
     553.284	  7
     553.428	  7
     553.564	  7
     553.730	  7
     553.864	  7
     553.996	  7
     554.132	  7
     554.282	  7
     554.430	  7
     554.570	  7
     554.720	  7
     554.864	  7
     555.016	  7
     555.166	  7
     555.322	  7
     555.448	  7
     555.594	  7
     555.744	  7
     555.898	  7
     556.070	  7
     556.216	  7
     556.338	  7
     556.482	  7
     556.622	  7
     556.770	  7
     556.924	  7
     557.076	  7
     557.232	  7
     557.364	  7
     557.502	  7
     557.642	  7
     557.788	  7
     557.928	  7
     558.068	  7
     558.212	  7
     558.358	  7
     558.502	  7
     558.646	  7
     558.794	  7
     558.936	  7
     559.066	  7
     559.226	  7
     559.368	  7
     559.492	  7
     559.646	  7
     559.780	  7
     559.912	  7
     560.080	  7
     560.206	  7
     560.338	  7
     560.462	  7
     560.762	  7
     560.906	  7
     561.248	  7
     561.356	  7
     561.496	  7
     561.658	  7
     561.796	  7
     561.956	  7
     562.084	  7
     562.380	 53
     562.390	 20
     562.390	 27
     562.488	  7
     563.744	  7
     567.464	  8
     567.660	  8
     568.122	  8
     568.202	  8
     568.538	  8
     568.828	  8
     582.410	 51
     582.420	 17
     584.698	  8
     584.888	  8
     585.190	  8
     585.552	  8
     586.064	  8
     586.626	  8
     608.348	  8
     608.466	  8
     608.702	  8
     608.764	  8
     609.174	  8
     609.766	  8
     620.378	  8
     620.736	  8
     620.836	  8
     621.586	  8
     621.924	  8
     622.316	  8
     622.758	  8
     622.968	  8
     623.492	  8
     623.874	  8
     624.306	  8
     624.564	  8
     624.864	  8
     625.426	  8
     642.420	 53
     642.430	 20
     642.430	 27
     642.736	  8
     642.848	  8
     642.972	  8
     643.054	  8
     662.450	 52
     662.460	 18
     665.342	  8
     665.632	  8
     665.992	  8
     666.370	  8
     666.522	  8
     666.804	  8
     692.066	  8
     692.346	  8
     732.796	  8
     732.936	  8
     733.420	  8
     767.842	  8
     768.866	  8
     780.518	  8
     780.862	  8
     781.200	  8
     782.460	 53
     814.332	  8
     814.332	 20
     814.332	 27
     814.342	 28
     814.342	 19
     814.442	 29
     814.548	  8
     814.610	  9
     834.462	 52
     834.472	 18
     880.048	  8
     880.198	  8
     880.686	  8
     885.278	  8
     885.474	  8
     886.030	  8
     886.494	  8
     886.762	  8
     887.058	  8
     893.938	  8
     894.032	  8
     894.116	  8
     894.440	  8
     894.718	  8
     895.228	  8
     895.954	  8
     896.092	  8
     896.444	  8
     897.442	  8
     897.964	  8
     898.246	  8
     898.494	  8
     898.912	  8
     899.374	  8
     899.702	  8
     899.782	  8
     900.280	  8
     903.796	  8
     903.988	  8
     904.306	  8
     904.532	  8
     904.840	  8
     904.962	  8
     905.574	  8
     906.124	  8
     906.420	  8
     906.936	  8
     907.366	  8
     907.892	  8
     908.582	  8
     908.806	  8
     909.448	  8
     911.486	  8
     911.646	  8
     912.344	  8
     912.838	  8
     913.184	  8
     913.544	  8
     914.134	  8
     914.578	  8
     914.898	  8
     915.466	  8
     915.750	  8
     916.120	  8
     916.372	  8
     917.164	  8
     917.486	  8
     917.894	  8
     920.196	  8
     920.582	  8
     921.170	  8
     921.660	  8
     922.114	  8
     925.294	  8
     925.624	  8
     925.828	  8
     925.982	  8
     926.184	  8
     926.548	  8
     927.084	  8
     927.650	  8
     928.002	  8
     928.190	  8
     928.514	  8
     930.644	  8
     931.006	  8
     931.240	  8
     931.612	  8
     932.144	  8
     932.770	  8
     933.002	  8
     933.372	  8
     935.734	  8
     935.886	  8
     936.336	  8
     936.614	  8
     937.056	  8
     941.266	  8
     941.558	  8
     941.770	  8
     942.006	  8
     942.448	  8
     942.718	  8
     943.050	  8
     943.352	  8
     954.472	 53
     965.694	  8
     965.694	 20
     965.694	 27
     965.704	 28
     965.704	 19
     965.750	  8
     965.804	 29
     965.946	  8
     965.972	  9
     985.824	 52
     985.834	 18
     992.068	  7
    1009.028	  8
    1009.682	  8
    1009.872	  8
    1010.188	  8
    1010.640	  8
    1011.560	  8
    1011.628	  8
    1079.064	  8
    1079.156	  8
    1079.746	  8
    1080.428	  8
    1081.208	  8
    1081.648	  8
    1082.084	  8
    1082.556	  8
    1083.170	  8
    1083.482	  8
    1084.202	  8
    1084.462	  8
    1085.268	  8
    1085.790	  8
    1086.246	  8
    1086.824	  8
    1087.106	  8
    1087.442	  8
    1087.766	  8
    1088.066	  8
    1088.722	  8
    1088.878	  8
    1089.232	  8
    1090.404	  8
    1090.864	  8
    1091.404	  8
    1092.158	  8
    1092.514	  8
    1092.838	  8
    1093.326	  8
    1094.178	  8
    1094.800	  8
    1095.246	  8
    1096.742	  8
    1097.324	  8
    1098.192	  8
    1098.470	  8
    1099.808	  8
    1100.328	  8
    1101.630	  8
    1101.814	  8
    1102.198	  8
    1102.552	  8
    1102.788	  8
    1103.034	  8
    1105.322	  8
    1105.592	  8
    1105.820	  8
    1105.834	 53
    1112.090	  8
    1112.090	 20
    1112.090	 27
    1112.100	 28
    1112.100	 19
    1112.138	  8
    1112.200	 29
    1112.348	  8
    1112.612	  9
    1115.476	  8
    1132.220	 52
    1132.230	 18
    1147.386	  8
    1147.604	  8
    1147.778	  8
    1147.914	  8
    1163.970	  8
    1164.142	  8
    1164.430	  8
    1165.138	  8
    1165.394	  8
    1165.746	  8
    1165.988	  8
    1166.244	  8
    1166.564	  8
    1166.930	  8
    1167.102	  8
    1167.380	  8
    1167.726	  8
    1168.230	  8
    1168.746	  8
    1169.228	  8
    1169.646	  8
    1172.770	  8
    1172.874	  8
    1178.162	  8
    1178.382	  8
    1178.770	  8
    1179.474	  8
    1179.952	  8
    1180.710	  8
    1181.122	  8
    1182.068	  8
    1182.818	  8
    1183.072	  8
    1183.296	  8
    1184.488	  8
    1184.914	  8
    1189.788	  8
    1189.874	  8
    1190.144	  8
    1190.402	  8
    1190.948	  8
    1191.398	  8
    1191.860	  8
    1192.416	  8
    1193.138	  8
    1194.076	  8
    1194.322	  8
    1194.624	  8
    1195.064	  8
    1198.218	  8
    1198.590	  8
    1199.314	  8
    1199.556	  8
    1200.170	  8
    1200.658	  8
    1201.086	  8
    1201.486	  8
    1201.940	  8
    1202.438	  8
    1202.824	  8
    1203.196	  8
    1203.902	  8
    1204.204	  8
    1204.886	  8
    1205.580	  8
    1206.000	  8
    1210.014	  8
    1210.792	  8
    1211.140	  8
    1211.916	  8
    1212.372	  8
    1212.754	  8
    1213.894	  8
    1214.360	  8
    1219.168	  8
    1219.738	  8
    1220.380	  8
    1221.156	  8
    1221.558	  8
    1222.030	  8
    1222.284	  8
    1222.882	  8
    1223.750	  8
    1224.662	  8
    1224.900	  8
    1225.232	  8
    1226.640	  8
    1226.934	  8
    1227.200	  8
    1227.522	  8
    1227.998	  8
    1229.432	  8
    1229.456	  8
    1229.706	  8
    1230.438	  8
    1230.698	  8
    1242.700	  8
    1242.898	  8
    1243.162	  8
    1243.932	  8
    1244.406	  8
    1244.976	  8
    1245.364	  8
    1245.656	  8
    1249.300	  8
    1249.526	  8
    1249.826	  8
    1250.036	  8
    1250.320	  8
    1250.806	  8
    1251.210	  8
    1251.892	  8
    1252.230	 53
    1306.288	  8
    1306.288	 20
    1306.288	 27
    1306.298	 28
    1306.298	 19
    1306.398	 29
    1306.530	  8
    1306.566	  9
    1308.650	  8
    1326.418	 51
    1326.428	 17
    1341.426	  7
    1341.758	  7
    1341.994	  7
    1342.174	  7
    1342.814	  7
    1342.910	  7
    1343.036	  7
    1343.180	  7
    1343.312	  7
    1343.456	  7
    1343.600	  7
    1343.746	  7
    1343.908	  7
    1344.040	  7
    1344.166	  7
    1344.308	  7
    1344.448	  7
    1344.588	  7
    1344.754	  7
    1344.878	  7
    1345.004	  7
    1345.144	  7
    1345.274	  7
    1345.396	  7
    1345.534	  7
    1345.676	  7
    1345.800	  7
    1345.936	  7
    1346.106	  7
    1346.242	  7
    1346.390	  7
    1346.514	  7
    1346.640	  7
    1346.776	  7
    1346.924	  7
    1347.048	  7
    1347.188	  7
    1347.384	  7
    1347.936	  7
    1348.056	  7
    1348.194	  7
    1348.342	  7
    1348.482	  7
    1348.574	  7
    1352.476	  7
    1355.102	  7
    1358.028	  7
    1359.984	  7
    1360.112	  7
    1360.556	  7
    1360.724	  7
    1360.878	  7
    1361.032	  7
    1361.176	  7
    1361.328	  7
    1361.466	  7
    1361.636	  7
    1361.766	  7
    1361.922	  7
    1362.056	  7
    1362.180	  7
    1362.334	  7
    1362.490	  7
    1362.650	  7
    1362.786	  7
    1362.928	  7
    1363.072	  7
    1363.212	  7
    1363.350	  7
    1363.496	  7
    1363.624	  7
    1363.776	  7
    1363.918	  7
    1364.048	  7
    1364.198	  7
    1364.354	  7
    1364.490	  7
    1364.624	  7
    1364.746	  7
    1364.896	  7
    1365.030	  7
    1365.152	  7
    1365.298	  7
    1365.472	  7
    1365.612	  7
    1365.752	  7
    1365.876	  7
    1366.022	  7
    1366.148	  7
    1366.280	  7
    1366.386	  7
    1366.520	  7
    1366.666	  7
    1366.838	  7
    1366.980	  7
    1367.120	  7
    1367.284	  7
    1367.430	  7
    1367.572	  7
    1367.708	  7
    1367.838	  7
    1367.984	  7
    1368.112	  7
    1368.270	  7
    1368.414	  7
    1368.552	  7
    1368.738	  7
    1368.870	  7
    1368.990	  7
    1369.140	  7
    1369.282	  7
    1369.584	  7
    1369.742	  7
    1369.868	  7
    1370.018	  7
    1370.178	  7
    1370.316	  7
    1370.438	  7
    1370.590	  7
    1370.724	  7
    1370.882	  7
    1371.010	  7
    1371.168	  7
    1371.290	  7
    1371.444	  7
    1371.578	  7
    1371.706	  7
    1371.866	  7
    1371.990	  7
    1372.130	  7
    1372.262	  7
    1372.580	  7
    1372.740	  7
    1372.864	  7
    1372.982	  7
    1373.120	  7
    1373.268	  7
    1373.390	  7
    1373.526	  7
    1373.678	  7
    1373.812	  7
    1373.966	  7
    1374.094	  7
    1374.234	  7
    1374.512	  7
    1374.654	  7
    1374.796	  7
    1374.934	  7
    1375.388	  7
    1375.808	  7
    1376.448	  7
    1376.758	  7
    1381.358	  8
    1381.458	  8
    1382.220	  8
    1382.598	  8
    1383.394	  8
    1384.264	  8
    1384.926	  8
    1385.268	  8
    1385.686	  8
    1386.190	  8
    1386.428	 53
    1386.438	 20
    1386.438	 27
    1386.790	  8
    1388.162	  8
    1388.542	  8
    1394.192	  8
    1394.368	  8
    1394.492	  8
    1406.458	 51
    1406.468	 17
    1461.142	  8
    1461.640	  8
    1461.740	  8
    1462.350	  8
    1462.484	  8
    1462.730	  8
    1462.940	  8
    1463.070	  8
    1463.484	  8
    1464.300	  8
    1464.844	  8
    1465.460	  8
    1465.806	  8
    1466.042	  8
    1466.428	  8
    1466.468	 53
    1466.478	 20
    1466.478	 27
    1467.072	  8
    1467.900	  8
    1469.400	  8
    1470.426	  8
    1470.668	  8
    1470.824	  8
    1471.338	  8
    1472.006	  8
    1472.532	  8
    1473.024	  8
    1473.340	  8
    1473.740	  8
    1474.454	  8
    1474.694	  8
    1475.202	  8
    1475.680	  8
    1476.194	  8
    1478.012	  8
    1478.404	  8
    1478.440	  8
    1478.756	  8
    1479.092	  8
    1486.498	 52
    1486.508	 18
    1496.718	  8
    1505.218	  8
    1505.360	  8
    1505.582	  8
    1505.814	  8
    1552.872	  8
    1553.080	  8
    1553.734	  8
    1554.692	  8
    1555.246	  8
    1556.212	  8
    1557.174	  8
    1558.036	  8
    1558.888	  8
    1559.720	  8
    1561.060	  8
    1561.162	  8
    1561.622	  8
    1562.212	  8
    1562.588	  8
    1562.814	  8
    1566.460	  8
    1566.858	  8
    1567.676	  8
    1573.350	  8
    1573.426	  8
    1573.924	  8
    1574.750	  8
    1575.478	  8
    1576.116	  8
    1576.372	  8
    1576.998	  8
    1577.310	  8
    1577.928	  8
    1582.956	  8
    1583.766	  8
    1584.154	  8
    1584.786	  8
    1585.354	  8
    1585.726	  8
    1586.198	  8
    1586.706	  8
    1587.058	  8
    1587.204	  8
    1589.144	  8
    1589.210	  8
    1589.540	  8
    1590.142	  8
    1590.752	  8
    1591.118	  8
    1591.580	  8
    1591.968	  8
    1592.398	  8
    1593.554	  8
    1594.418	  8
    1594.894	  8
    1595.398	  8
    1595.710	  8
    1600.330	  8
    1600.728	  8
    1601.108	  8
    1602.702	  8
    1602.906	  8
    1603.324	  8
    1606.508	 53
    1617.164	  8
    1617.164	 20
    1617.164	 27
    1617.174	 28
    1617.174	 19
    1617.274	 29
    1617.442	  9
    1617.444	  8
    1637.294	 50
    1637.304	 10
    1644.494	  7
    1646.648	  7
    1647.372	  7
    1649.174	  7
    1652.018	  7
    1654.164	  7
    1659.326	  7
    1665.254	  7
    1666.570	  8
    1666.722	  8
    1667.228	  8
    1667.304	 53
    1667.730	  8
    1667.730	 20
    1667.730	 27
    1667.740	 28
    1667.740	 19
    1667.840	 29
    1668.008	  9
    1668.016	  8
    1687.860	 52
    1687.870	 18
    1741.850	  8
    1741.948	  8
    1748.840	  8
    1748.932	  8
    1749.502	  8
    1803.922	  8
    1804.104	  8
    1804.212	  8
    1804.356	  8
    1804.972	  8
    1805.708	  8
    1806.460	  8
    1806.918	  8
    1807.456	  8
    1807.870	 53
    1808.250	  8
    1808.250	 20
    1808.250	 27
    1808.260	 28
    1808.260	 19
    1808.360	 29
    1808.528	  9
    1808.626	  8
    1828.380	 50
    1828.390	 10
    1837.002	  8
    1837.118	  8
    1837.222	  8
    1837.810	  8
    1839.064	  8
    1843.706	  8
    1844.294	  8
    1844.508	  8
    1844.762	  8
    1845.536	  8
    1846.460	  8
    1846.782	  8
    1846.860	  8
    1847.586	  8
    1847.894	  8
    1848.696	  8
    1849.144	  8
    1849.798	  8
    1850.422	  8
    1850.932	  8
    1851.628	  8
    1851.990	  8
    1852.218	  8
    1852.790	  8
    1853.250	  8
    1853.616	  8
    1853.890	  8
    1854.702	  8
    1855.262	  8
    1855.496	  8
    1856.148	  8
    1856.674	  8
    1857.076	  8
    1857.570	  8
    1858.102	  8
    1858.344	  8
    1858.390	 53
    1858.504	  8
    1858.504	 20
    1858.504	 27
    1858.514	 28
    1858.514	 19
    1858.614	 29
    1858.782	  9
    1858.904	  8
    1878.634	 51
    1878.644	 17
    1926.794	  8
    1938.644	 53
    1938.654	 20
    1938.654	 27
    1955.756	  8
    1955.974	  8
    1956.336	  8
    1956.556	  8
    1956.916	  8
    1957.458	  8
    1957.978	  8
    1958.296	  8
    1958.674	  8
    1958.674	 52
    1958.684	 18
    1959.064	  8
    1959.286	  8
    1959.600	  8
    2010.068	  8
    2010.254	  8
    2010.370	  8
    2010.662	  8
    2011.012	  8
    2011.288	  8
    2031.296	  8
    2031.378	  8
    2031.750	  8
    2032.152	  8
    2056.394	  8
    2056.584	  8
    2057.224	  8
    2057.418	  8
    2057.620	  8
    2058.066	  8
    2058.444	  8
    2059.190	  8
    2059.664	  8
    2060.010	  8
    2061.104	  8
    2061.714	  8
    2061.834	  8
    2062.454	  8
    2062.778	  8
    2063.032	  8
    2063.664	  8
    2064.080	  8
    2064.136	  8
    2064.840	  8
    2065.520	  8
    2065.994	  8
    2066.382	  8
    2066.774	  8
    2066.822	  8
    2067.554	  8
    2068.074	  8
    2068.594	  8
    2069.136	  8
    2069.776	  8
    2070.260	  8
    2070.726	  8
    2071.144	  8
    2071.744	  8
    2072.106	  8
    2072.342	  8
    2073.228	  8
    2073.766	  8
    2074.342	  8
    2074.774	  8
    2075.882	  8
    2076.178	  8
    2076.258	  8
    2076.678	  8
    2077.194	  8
    2077.978	  8
    2078.268	  8
    2078.460	  8
    2078.684	 53
    2081.008	  8
    2081.008	 20
    2081.008	 27
    2081.018	 28
    2081.018	 19
    2081.118	 29
    2081.286	  9
    2081.374	  8
    2101.138	 52
    2101.148	 18
    2153.752	  8
    2154.030	  8
    2154.240	  8
    2155.152	  8
    2164.676	  7
    2164.830	  7
    2164.968	  7
    2165.146	  7
    2165.292	  7
    2165.492	  7
    2165.682	  7
    2165.848	  7
    2166.032	  7
    2166.212	  7
    2170.460	  8
    2170.568	  8
    2171.032	  8
    2171.370	  8
    2171.802	  8
    2172.726	  8
    2173.174	  8
    2173.796	  8
    2175.140	  8
    2175.488	  8
    2177.256	  8
    2177.930	  8
    2178.416	  8
    2180.226	  8
    2180.998	  8
    2181.518	  8
    2182.862	  8
    2183.510	  8
    2183.884	  8
    2184.454	  8
    2184.980	  8
    2186.574	  8
    2187.130	  8
    2188.054	  8
    2188.564	  8
    2189.286	  8
    2189.808	  8
    2190.254	  8
    2190.684	  8
    2191.880	  8
    2192.278	  8
    2192.784	  8
    2193.342	  8
    2193.438	  8
    2193.846	  8
    2194.396	  8
    2195.056	  8
    2195.388	  8
    2195.742	  8
    2196.548	  8
    2196.890	  8
    2197.504	  8
    2197.902	  8
    2198.520	  8
    2198.748	  8
    2199.116	  8
    2199.818	  8
    2200.086	  8
    2200.396	  8
    2200.776	  8
    2200.924	  8
    2201.914	  8
    2202.204	  8
    2202.844	  8
    2203.138	  8
    2203.446	  8
    2203.578	  8
    2204.096	  8
    2204.314	  8
    2204.830	  8
    2205.490	  8
    2205.768	  8
    2206.856	  8
    2207.538	  8
    2208.186	  8
    2208.410	  8
    2209.846	  8
    2210.602	  8
    2210.978	  8
    2211.574	  8
    2212.326	  8
    2213.284	  8
    2213.512	  8
    2213.774	  8
    2214.046	  8
    2214.534	  8
    2216.348	  8
    2216.662	  8
    2217.106	  8
    2218.152	  8
    2218.486	  8
    2219.024	  8
    2219.332	  8
    2219.778	  8
    2220.292	  8
    2220.688	  8
    2221.126	  8
    2221.148	 53
    2221.752	  8
    2221.752	 20
    2221.752	 27
    2221.762	 28
    2221.762	 19
    2221.862	 29
    2222.030	  9
    2222.104	  8
    2226.910	  8
    2227.940	  8
    2241.882	 50
    2241.892	 10
    2242.098	  8
    2245.084	  7
    2245.402	  7
    2246.180	  7
    2247.944	  7
    2249.482	  7
    2250.578	  7
    2251.614	  7
    2253.208	  7
    2256.212	  7
    2261.884	  7
    2262.260	  7
    2263.494	  7
    2264.316	  7
    2268.896	  8
    2269.128	  8
    2269.332	  8
    2269.536	  8
    2270.138	  8
    2270.442	  8
    2270.894	  8
    2271.164	  8
    2271.486	  8
    2271.814	  8
    2271.892	 53
    2272.086	  8
    2272.086	 20
    2272.086	 27
    2272.096	 28
    2272.096	 19
    2272.196	 29
    2272.330	  8
    2272.364	  9
    2292.216	 50
    2292.226	 10
    2298.712	  8
    2299.168	  8
    2300.026	  8
    2300.374	  8
    2302.356	  8
    2304.274	  8
    2305.176	  8
    2305.268	  8
    2305.524	  8
    2306.724	  8
    2307.096	  8
    2307.692	  8
    2308.010	  8
    2308.354	  8
    2309.408	  8
    2309.918	  8
    2310.256	  8
    2311.020	  8
    2311.686	  8
    2312.422	  8
    2313.610	  8
    2314.210	  8
    2314.520	  8
    2314.592	  8
    2315.234	  8
    2315.886	  8
    2316.174	  8
    2316.910	  8
    2317.236	  8
    2317.494	  8
    2317.918	  8
    2318.236	  8
    2318.850	  8
    2319.426	  8
    2319.840	  8
    2320.114	  8
    2320.552	  8
    2320.780	  8
    2321.122	  8
    2321.542	  8
    2321.832	  8
    2322.226	 53
    2322.400	  8
    2322.400	 20
    2322.400	 27
    2322.410	 28
    2322.410	 19
    2322.510	 29
    2322.678	  9
    2322.680	  8
    2342.530	 50
    2342.540	 10
    2354.188	  8
    2355.180	  8
    2356.194	  8
    2356.298	  8
    2356.770	  8
    2357.284	  8
    2357.800	  8
    2358.252	  8
    2359.062	  8
    2359.274	  8
    2359.778	  8
    2360.384	  8
    2361.044	  8
    2361.682	  8
    2362.288	  8
    2362.594	  8
    2362.868	  8
    2363.424	  8
    2363.578	  8
    2364.200	  8
    2364.464	  8
    2365.346	  8
    2365.958	  8
    2366.192	  8
    2366.602	  8
    2367.122	  8
    2367.468	  8
    2367.868	  8
    2368.316	  8
    2368.878	  8
    2369.212	  8
    2369.468	  8
    2369.850	  8
    2370.268	  8
    2371.116	  8
    2371.630	  8
    2371.750	  8
    2372.500	  8
    2372.540	 53
    2372.646	  8
    2372.646	 20
    2372.646	 27
    2372.656	 28
    2372.656	 19
    2372.756	 29
    2372.904	  8
    2372.924	  9
    2374.600	  8
    2376.252	  8
    2376.860	  8
    2392.776	 51
    2392.786	 17
    2415.846	  7
    2416.028	  7
    2416.162	  7
    2416.306	  7
    2416.634	  7
    2417.576	  7
    2417.706	  7
    2418.544	  7
    2420.520	  7
    2422.544	  7
    2423.188	  7
    2425.702	  7
    2429.378	  7
    2432.324	  7
    2434.250	  7
    2435.800	  7
    2435.840	  7
    2439.032	  7
    2441.412	  8
    2442.162	  8
    2442.536	  8
    2442.878	  8
    2443.282	  8
    2443.484	  8
    2444.364	  8
    2445.000	  8
    2445.678	  8
    2446.488	  8
    2447.664	  8
    2448.410	  8
    2449.258	  8
    2449.734	  8
    2450.506	  8
    2451.328	  8
    2451.690	  8
    2452.492	  8
    2452.786	 53
    2452.796	 20
    2452.796	 27
    2452.860	  8
    2453.092	  8
    2453.482	  8
    2454.226	  8
    2454.794	  8
    2455.332	  8
    2455.752	  8
    2456.154	  8
    2456.866	  8
    2457.630	  8
    2457.856	  8
    2458.236	  8
    2458.966	  8
    2459.198	  8
    2459.604	  8
    2459.980	  8
    2460.736	  8
    2461.726	  8
    2462.118	  8
    2462.656	  8
    2463.230	  8
    2464.226	  8
    2465.936	  8
    2466.108	  8
    2466.692	  8
    2467.158	  8
    2467.588	  8
    2467.800	  8
    2468.502	  8
    2469.216	  8
    2469.470	  8
    2470.358	  8
    2470.700	  8
    2471.262	  8
    2471.792	  8
    2472.372	  8
    2472.816	 50
    2472.826	 10
    2472.834	  8
    2473.094	  8
    2484.190	  8
    2485.150	  8
    2486.270	  8
    2486.754	  8
    2487.308	  8
    2487.780	  8
    2487.944	  8
    2488.252	  8
    2488.540	  8
    2488.702	  8
    2489.006	  8
    2489.338	  8
    2489.544	  8
    2490.286	  8
    2490.554	  8
    2490.754	  8
    2491.214	  8
    2492.028	  8
    2492.472	  8
    2492.766	  8
    2492.830	  8
    2493.660	  8
    2494.038	  8
    2494.516	  8
    2494.880	  8
    2495.604	  8
    2495.828	  8
    2496.578	  8
    2497.000	  8
    2497.448	  8
    2497.864	  8
    2498.104	  8
    2498.474	  8
    2499.488	  8
    2499.826	  8
    2500.822	  8
    2501.002	  8
    2501.360	  8
    2501.582	  8
    2502.028	  8
    2502.180	  8
    2502.826	 53
    2503.102	  8
    2503.102	 20
    2503.102	 27
    2503.112	 28
    2503.112	 19
    2503.212	 29
    2503.380	  9
    2503.394	  8
    2504.418	  8
    2505.176	  8
    2506.896	  8
    2523.232	 51
    2523.242	 17
    2536.582	  7
    2537.776	  7
    2537.934	  7
    2544.522	  7
    2549.430	  7
    2555.614	  7
    2556.156	  7
    2556.282	  7
    2559.624	  8
    2562.508	  8
    2563.338	  8
    2563.780	  8
    2583.242	 53
    2583.252	 20
    2583.252	 27
    2603.272	 50
    2603.282	 10
    2624.762	  8
    2625.000	  8
    2625.232	  8
    2625.634	  8
    2625.906	  8
    2626.452	  8
    2626.884	  8
    2627.334	  8
    2627.828	  8
    2628.092	  8
    2628.630	  8
    2629.364	  8
    2629.618	  8
    2629.928	  8
    2630.460	  8
    2630.764	  8
    2631.116	  8
    2631.812	  8
    2632.280	  8
    2632.730	  8
    2632.954	  8
    2633.138	  8
    2633.282	 53
    2633.536	  8
    2633.536	 20
    2633.536	 27
    2633.546	 28
    2633.546	 19
    2633.646	 29
    2633.814	  9
    2633.924	  8
    2634.774	  8
    2635.602	  8
    2636.034	  8
    2653.666	 50
    2653.676	 10
    2659.092	  8
    2663.294	  8
    2670.714	  8
    2673.404	  8
    2674.830	  8
    2675.620	  8
    2677.114	  8
    2677.376	  8
    2677.696	  8
    2678.356	  8
    2678.974	  8
    2679.508	  8
    2680.224	  8
    2680.890	  8
    2681.140	  8
    2681.450	  8
    2681.836	  8
    2682.346	  8
    2682.544	  8
    2683.410	  8
    2683.638	  8
    2683.676	 53
    2684.028	  8
    2684.028	 20
    2684.028	 27
    2684.038	 28
    2684.038	 19
    2684.138	 29
    2684.306	  8
    2685.978	  8
    2686.732	  8
    2704.158	 52
    2704.168	 18
    2761.172	  8
    2761.258	  8
    2761.916	  8
    2762.740	  8
    2763.028	  8
    2764.332	  8
    2764.898	  8
    2765.426	  8
    2766.114	  8
    2766.254	  8
    2784.004	  8
    2784.268	  8
    2784.920	  8
    2785.510	  8
    2785.690	  8
    2792.624	  8
    2792.688	  8
    2793.210	  8
    2793.718	  8
    2795.080	  8
    2795.256	  8
    2795.300	  8
    2795.462	  8
    2795.894	  8
    2796.882	  8
    2797.482	  8
    2797.786	  8
    2797.874	  8
    2797.980	  8
    2798.164	  8
    2798.712	  8
    2799.774	  8
    2800.428	  8
    2800.472	  8
    2800.914	  8
    2801.238	  8
    2801.522	  8
    2802.792	  8
    2803.216	  8
    2803.696	  8
    2804.372	  8
    2805.536	  8
    2805.922	  8
    2807.144	  8
    2807.528	  8
    2808.104	  8
    2808.450	  8
    2808.956	  8
    2809.414	  8
    2809.830	  8
    2810.438	  8
    2810.882	  8
    2811.382	  8
    2813.260	  8
    2814.084	  8
    2814.554	  8
    2814.938	  8
    2815.404	  8
    2815.928	  8
    2816.724	  8
    2817.132	  8
    2817.658	  8
    2817.886	  8
    2819.566	  8
    2819.884	  8
    2820.462	  8
    2820.736	  8
    2821.104	  8
    2821.744	  8
    2822.400	  8
    2822.890	  8
    2823.366	  8
    2824.168	 53
    2825.244	  8
    2825.244	 20
    2825.244	 27
    2825.254	 28
    2825.254	 19
    2825.354	 29
    2825.522	  9
    2825.552	  8
    2830.706	  8
    2845.374	 52
    2845.384	 18
    2881.370	  8
    2881.596	  8
    2893.170	  8
    2893.706	  8
    2893.946	  8
    2914.780	  8
    2914.862	  8
    2914.988	  8
    2915.626	  8
    2954.384	  8
    2954.908	  8
    2955.450	  8
    2955.922	  8
    2956.808	  8
    2957.000	  8
    2957.992	  8
    2958.812	  8
    2960.002	  8
    2960.346	  8
    2961.014	  8
    2961.330	  8
    2961.568	  8
    2962.138	  8
    2962.800	  8
    2962.926	  8
    2963.514	  8
    2963.630	  8
    2964.896	  8
    2965.132	  8
    2965.384	 53
    2965.698	  8
    2965.698	 20
    2965.698	 27
    2965.708	 28
    2965.708	 19
    2965.808	 29
    2965.976	  9
    2966.026	  8
    2969.344	  8
    2985.828	 51
    2985.838	 17
    3009.290	  7
    3010.810	  7
    3012.446	  7
    3012.692	  7
    3013.080	  7
    3014.884	  7
    3015.320	  7
    3015.992	  7
    3016.152	  7
    3016.282	  7
    3016.452	  7
    3016.622	  7
    3018.544	  8
    3025.734	  8
    3027.026	  8
    3027.118	  8
    3027.310	  8
    3027.480	  8
    3027.566	  8
    3027.648	  8
    3028.694	  8
    3029.508	  8
    3030.684	  8
    3031.502	  8
    3032.146	  8
    3036.772	  8
    3037.588	  8
    3039.092	  8
    3039.584	  8
    3040.332	  8
    3040.790	  8
    3041.158	  8
    3042.196	  8
    3042.646	  8
    3042.886	  8
    3043.474	  8
    3043.980	  8
    3044.466	  8
    3045.062	  8
    3045.616	  8
    3045.838	 53
    3045.848	 20
    3045.848	 27
    3045.930	  8
    3046.278	  8
    3046.890	  8
    3047.564	  8
    3065.868	 51
    3065.878	 17
    3080.368	  8
    3080.560	  8
    3081.102	  8
    3091.384	  8
    3092.156	  8
    3092.676	  8
    3093.800	  8
    3094.284	  8
    3094.476	  8
    3095.902	  8
    3096.302	  8
    3096.974	  8
    3097.688	  8
    3098.228	  8
    3098.584	  8
    3099.540	  8
    3099.818	  8
    3100.716	  8
    3101.188	  8
    3101.574	  8
    3102.248	  8
    3102.728	  8
    3104.188	  8
    3104.794	  8
    3105.286	  8
    3105.710	  8
    3106.332	  8
    3106.794	  8
    3107.134	  8
    3107.734	  8
    3108.468	  8
    3109.746	  8
    3110.058	  8
    3110.422	  8
    3111.006	  8
    3111.698	  8
    3112.442	  8
    3112.700	  8
    3113.218	  8
    3114.196	  8
    3114.686	  8
    3115.208	  8
    3115.352	  8
    3115.812	  8
    3116.500	  8
    3116.690	  8
    3117.610	  8
    3117.840	  8
    3118.200	  8
    3119.090	  8
    3119.148	  8
    3119.374	  8
    3119.630	  8
    3119.708	  8
    3120.242	  8
    3120.626	  8
    3120.948	  8
    3121.906	  8
    3122.038	  8
    3122.520	  8
    3122.964	  8
    3123.826	  8
    3124.528	  8
    3125.032	  8
    3125.490	  8
    3125.878	 53
    3125.888	 20
    3125.888	 27
    3126.330	  8
    3127.048	  8
    3127.400	  8
    3128.206	  8
    3128.656	  8
    3128.946	  8
    3129.722	  8
    3130.282	  8
    3130.988	  8
    3145.908	 52
    3145.918	 18
    3160.518	  8
    3161.892	  8
    3171.394	  8
    3171.746	  8
    3171.830	  8
    3172.698	  8
    3173.304	  8
    3173.672	  8
    3173.906	  8
    3175.018	  8
    3175.932	  8
    3176.592	  8
    3177.232	  8
    3177.914	  8
    3178.044	  8
    3178.182	  8
    3179.112	  8
    3179.664	  8
    3180.278	  8
    3181.340	  8
    3181.902	  8
    3182.216	  8
    3182.712	  8
    3183.234	  8
    3183.860	  8
    3184.964	  8
    3185.154	  8
    3185.448	  8
    3186.068	  8
    3186.596	  8
    3187.268	  8
    3187.634	  8
    3188.424	  8
    3190.488	  8
    3191.002	  8
    3191.842	  8
    3192.302	  8
    3197.334	  8
    3197.394	  8
    3197.874	  8
    3198.286	  8
    3198.914	  8
    3199.332	  8
    3199.886	  8
    3200.566	  8
    3201.264	  8
    3201.500	  8
    3201.926	  8
    3202.480	  8
    3203.074	  8
    3203.668	  8
    3204.416	  8
    3204.638	  8
    3204.926	  8
    3205.758	  8
    3206.032	  8
    3206.428	  8
    3207.554	  8
    3207.820	  8
    3208.354	  8
    3209.026	  8
    3209.500	  8
    3210.206	  8
    3210.618	  8
    3211.266	  8
    3211.728	  8
    3211.932	  8
    3212.474	  8
    3212.948	  8
    3213.158	  8
    3213.568	  8
    3214.400	  8
    3215.540	  8
    3216.032	  8
    3216.266	  8
    3216.768	  8
    3216.890	  8
    3217.392	  8
    3218.194	  8
    3218.522	  8
    3219.032	  8
    3219.696	  8
    3220.040	  8
    3221.606	  8
    3221.842	  8
    3222.210	  8
    3222.982	  8
    3223.510	  8
    3224.352	  8
    3224.826	  8
    3225.488	  8
    3226.004	  8
    3226.706	  8
    3227.358	  8
    3227.882	  8
    3228.430	  8
    3230.504	  8
    3230.744	  8
    3231.480	  8
    3231.948	  8
    3232.090	  8
    3232.674	  8
    3233.176	  8
    3233.598	  8
    3234.042	  8
    3234.696	  8
    3235.902	  8
    3236.440	  8
    3236.832	  8
    3237.516	  8
    3237.882	  8
    3238.010	  8
    3238.180	  8
    3239.468	  8
    3240.234	  8
    3240.626	  8
    3241.270	  8
    3241.658	  8
    3242.156	  8
    3242.488	  8
    3243.310	  8
    3243.650	  8
    3243.870	  8
    3244.180	  8
    3245.234	  8
    3245.346	  8
    3245.724	  8
    3246.960	  8
    3247.100	  8
    3247.762	  8
    3248.074	  8
    3248.684	  8
    3249.296	  8
    3249.750	  8
    3250.266	  8
    3250.878	  8
    3251.236	  8
    3251.508	  8
    3252.182	  8
    3252.556	  8
    3253.576	  8
    3253.902	  8
    3254.468	  8
    3257.110	  8
    3259.566	  8
    3259.838	  8
    3260.356	  8
    3260.792	  8
    3261.054	  8
    3261.404	  8
    3262.008	  8
    3262.500	  8
    3262.828	  8
    3264.198	  8
    3264.624	  8
    3265.280	  8
    3265.656	  8
    3265.918	 53
    3266.260	  8
    3266.260	 20
    3266.260	 27
    3266.270	 28
    3266.270	 19
    3266.298	  8
    3266.370	 29
    3266.538	  9
    3266.624	  8
    3286.390	 50
    3286.400	 10
    3297.942	  8
    3300.300	  8
    3301.284	  8
    3301.580	  8
    3302.046	  8
    3302.394	  8
    3303.270	  8
    3304.146	  8
    3305.078	  8
    3306.468	  8
    3307.000	  8
    3308.610	  8
    3309.728	  8
    3309.844	  8
    3310.934	  8
    3310.978	  8
    3311.376	  8
    3311.806	  8
    3312.360	  8
    3312.790	  8
    3313.090	  8
    3313.644	  8
    3314.206	  8
    3314.480	  8
    3314.728	  8
    3315.028	  8
    3315.668	  8
    3316.120	  8
    3316.400	 53
    3316.746	  8
    3316.746	 20
    3316.746	 27
    3316.756	 28
    3316.756	 19
    3316.856	 29
    3317.024	  9
    3317.048	  8
    3320.724	  8
    3336.876	 52
    3336.886	 18
    3384.016	  8
    3412.816	  8
    3413.384	  8
    3414.786	  8
    3416.186	  8
    3416.304	  8
    3416.754	  8
    3417.890	  8
    3417.982	  8
    3419.000	  8
    3419.808	  8
    3420.362	  8
    3421.160	  8
    3421.682	  8
    3422.398	  8
    3423.252	  8
    3426.666	  8
    3426.926	  8
    3427.438	  8
    3428.900	  8
    3430.878	  8
    3432.060	  8
    3432.860	  8
    3433.696	  8
    3435.000	  8
    3436.130	  8
    3436.694	  8
    3437.674	  8
    3437.954	  8
    3438.748	  8
    3439.580	  8
    3441.432	  8
    3441.670	  8
    3442.266	  8
    3442.766	  8
    3443.798	  8
    3444.312	  8
    3444.708	  8
    3445.388	  8
    3445.750	  8
    3446.872	  8
    3447.204	  8
    3447.636	  8
    3447.894	  8
    3449.030	  8
    3449.426	  8
    3450.302	  8
    3450.822	  8
    3451.380	  8
    3451.606	  8
    3452.180	  8
    3452.578	  8
    3453.098	  8
    3453.798	  8
    3454.200	  8
    3455.362	  8
    3456.094	  8
    3456.886	 53
    3457.424	  8
    3457.424	 20
    3457.424	 27
    3457.434	 28
    3457.434	 19
    3457.534	 29
    3457.694	  9
    3457.756	  8
    3459.280	  8
    3477.554	 50
    3477.564	 10
    3488.518	  8
    3493.306	  8
    3494.300	  8
    3494.650	  8
    3495.116	  8
    3495.310	  8
    3495.572	  8
    3495.780	  8
    3497.328	  8
    3497.502	  8
    3497.758	  8
    3498.006	  8
    3498.422	  8
    3499.702	  8
    3499.842	  8
    3500.960	  8
    3500.964	  8
    3501.498	  8
    3501.986	  8
    3502.458	  8
    3502.846	  8
    3503.286	  8
    3503.558	  8
    3504.024	  8
    3504.676	  8
    3504.902	  8
    3505.438	  8
    3505.666	  8
    3506.350	  8
    3506.808	  8
    3507.270	  8
    3507.564	 53
    3508.490	  8
    3508.490	 20
    3508.490	 27
    3508.500	 28
    3508.500	 19
    3508.600	 29
    3508.732	  8
    3508.768	  9
    3528.620	 52
    3528.630	 18
    3602.598	  8
    3603.162	  8
    3604.026	  8
    3604.328	  8
    3605.068	  8
    3605.862	  8
    3606.500	  8
    3607.040	  8
    3607.644	  8
    3607.972	  8
    3609.394	  8
    3609.642	  8
    3610.340	  8
    3610.890	  8
    3611.878	  8
    3612.630	  8
    3613.050	  8
    3620.232	  8
    3620.814	  8
    3621.076	  8
    3621.556	  8
    3622.522	  8
    3623.472	  8
    3624.246	  8
    3624.850	  8
    3625.654	  8
    3626.434	  8
    3627.208	  8
    3628.014	  8
    3628.522	  8
    3629.156	  8
    3629.728	  8
    3630.326	  8
    3631.072	  8
    3631.350	  8
    3631.868	  8
    3632.376	  8
    3632.702	  8
    3633.146	  8
    3633.452	  8
    3633.956	  8
    3634.246	  8
    3634.700	  8
    3635.166	  8
    3636.784	  8
    3636.964	  8
    3637.328	  8
    3637.858	  8
    3638.574	  8
    3639.392	  8
    3640.002	  8
    3640.484	  8
    3641.084	  8
    3641.542	  8
    3642.096	  8
    3642.654	  8
    3643.098	  8
    3643.966	  8
    3644.490	  8
    3645.078	  8
    3645.484	  8
    3645.862	  8
    3646.552	  8
    3646.780	  8
    3648.152	  8
    3648.320	  8
    3648.630	 53
    3648.642	  8
    3648.642	 20
    3648.642	 27
    3648.652	 28
    3648.652	 19
    3648.752	 29
    3648.920	  9
    3648.956	  8
    3668.772	 51
    3668.782	 17
    3697.992	  8
    3698.614	  8
    3719.918	  8
    3720.896	  8
    3721.874	  8
    3722.280	  8
    3722.800	  8
    3723.950	  8
    3727.132	  8
    3728.092	  8
    3728.782	 53
    3728.792	 20
    3728.792	 27
    3728.818	  8
    3748.812	 52
    3748.822	 18
    3831.038	  8
    3831.718	  8
    3832.804	  8
    3833.764	  8
    3834.608	  8
    3835.288	  8
    3835.994	  8
    3836.708	  8
    3836.846	  8
    3839.242	  8
    3839.310	  8
    3839.942	  8
    3840.680	  8
    3840.962	  8
    3847.990	  8
    3848.058	  8
    3848.346	  8
    3850.436	  8
    3851.212	  8
    3852.002	  8
    3852.612	  8
    3853.966	  8
    3854.874	  8
    3855.750	  8
    3856.854	  8
    3857.060	  8
    3857.546	  8
    3857.876	  8
    3858.244	  8
    3858.606	  8
    3859.346	  8
    3860.794	  8
    3861.376	  8
    3861.664	  8
    3862.520	  8
    3863.444	  8
    3863.746	  8
    3864.260	  8
    3865.652	  8
    3865.886	  8
    3866.582	  8
    3867.338	  8
    3867.948	  8
    3868.524	  8
    3868.746	  8
    3868.822	 53
    3869.108	  8
    3869.108	 20
    3869.108	 27
    3869.118	 28
    3869.118	 19
    3869.218	 29
    3869.386	  9
    3869.460	  8
    3889.238	 52
    3889.248	 18
    3952.350	  8
    3952.896	  8
    3953.424	  8
    3953.790	  8
    3954.390	  8
    3955.794	  8
    3956.300	  8
    3956.756	  8
    3957.246	  8
    3958.064	  8
    3958.768	  8
    3959.470	  8
    3960.466	  8
    3961.288	  8
    3961.702	  8
    3962.050	  8
    3962.654	  8
    3963.178	  8
    3963.460	  8
    3964.418	  8
    3965.116	  8
    3965.590	  8
    3965.886	  8
    3966.400	  8
    3966.918	  8
    3967.830	  8
    3968.428	  8
    3968.928	  8
    3969.592	  8
    3970.034	  8
    3970.558	  8
    3971.436	  8
    3971.958	  8
    3972.514	  8
    3973.374	  8
    3973.956	  8
    3974.220	  8
    3974.442	  8
    3974.686	  8
    3975.090	  8
    3975.828	  8
    3976.224	  8
    3976.336	  8
    3976.368	  8
    3976.440	  8
    3976.756	  8
    3977.984	  8
    3978.194	  8
    3978.718	  8
    3979.036	  8
    3979.952	  8
    3980.038	  8
    3981.066	  8
    3981.362	  8
    3981.504	  8
    3982.146	  8
    3982.548	  8
    3982.974	  8
    3983.392	  8
    3983.922	  8
    3985.216	  8
    3985.494	  8
    3985.922	  8
    3985.964	  8
    3986.464	  8
    3986.902	  8
    3987.630	  8
    3988.614	  8
    3988.970	  8
    3989.206	  8
    3989.728	  8
    3990.190	  8
    3990.836	  8
    3991.104	  8
    3991.910	  8
    3992.280	  8
    3993.018	  8
    3993.312	  8
    3993.690	  8
    3995.314	  8
    3995.590	  8
    3996.116	  8
    3996.384	  8
    3996.918	  8
    3997.008	  8
    3997.788	  8
    3998.208	  8
    3999.092	  8
    4000.068	  8
    4000.624	  8
    4001.174	  8
    4002.126	  8
    4002.424	  8
    4002.692	  8
    4003.340	  8
    4003.964	  8
    4004.734	  8
    4005.240	  8
    4006.664	  8
    4006.924	  8
    4007.486	  8
    4008.164	  8
    4008.682	  8
    4009.248	 53
    4009.268	  8
    4009.268	 20
    4009.268	 27
    4009.278	 28
    4009.278	 19
    4009.378	 29
    4009.546	  9
    4009.552	  8
    4010.722	  8
    4029.398	 51
    4029.408	 17
    4059.356	  8
    4059.756	  8
    4060.194	  8
    4062.742	  8
    4063.922	  8
    4064.516	  8
    4065.188	  8
    4065.508	  8
    4066.868	  8
    4067.152	  8
    4067.858	  8
    4067.986	  8
    4068.782	  8
    4069.304	  8
    4070.294	  8
    4070.446	  8
    4070.820	  8
    4071.880	  8
    4072.178	  8
    4072.982	  8
    4073.356	  8
    4073.714	  8
    4074.418	  8
    4074.814	  8
    4075.908	  8
    4076.194	  8
    4076.778	  8
    4077.046	  8
    4077.328	  8
    4077.620	  8
    4079.306	  8
    4080.474	  8
    4080.940	  8
    4082.078	  8
    4082.666	  8
    4083.526	  8
    4083.894	  8
    4085.184	  8
    4085.480	  8
    4086.316	  8
    4086.588	  8
    4087.382	  8
    4087.702	  8
    4089.006	  8
    4089.276	  8
    4089.408	 53
    4089.418	 20
    4089.418	 27
    4089.626	  8
    4109.438	 52
    4109.448	 18
    4143.656	  8
    4184.668	  8
    4185.222	  8
    4186.406	  8
    4187.264	  8
    4187.932	  8
    4188.762	  8
    4189.020	  8
    4189.870	  8
    4190.118	  8
    4190.374	  8
    4190.704	  8
    4229.448	 53
    4259.350	  8
    4259.350	 20
    4259.350	 27
    4259.360	 28
    4259.360	 19
    4259.460	 29
    4259.468	  8
    4259.628	  9
    4279.480	 50
    4279.490	 10
    4286.862	  8
    4287.406	  8
    4289.484	  8
    4289.910	  8
    4290.818	  8
    4291.374	  8
    4291.742	  8
    4293.276	  8
    4294.578	  8
    4294.858	  8
    4294.958	  8
    4295.712	  8
    4296.844	  8
    4297.630	  8
    4297.896	  8
    4298.762	  8
    4299.300	  8
    4299.874	  8
    4300.396	  8
    4301.262	  8
    4302.004	  8
    4302.484	  8
    4303.488	  8
    4303.840	  8
    4304.216	  8
    4304.860	  8
    4305.482	  8
    4306.030	  8
    4306.492	  8
    4306.714	  8
    4306.908	  8
    4307.246	  8
    4308.176	  8
    4308.714	  8
    4309.374	  8
    4309.490	 53
    4309.944	  8
    4309.944	 20
    4309.944	 27
    4309.954	 28
    4309.954	 19
    4310.054	 29
    4310.222	  9
    4310.226	  8
    4312.444	  8
    4313.448	  8
    4313.534	  8
    4313.868	  8
    4330.074	 52
    4330.084	 18
    4406.824	  8
    4407.196	  8
    4408.154	  8
    4408.888	  8
    4410.380	  8
    4411.434	  8
    4412.168	  8
    4413.456	  8
    4413.998	  8
    4414.472	  8
    4414.986	  8
    4415.966	  8
    4416.484	  8
    4417.836	  8
    4418.102	  8
    4418.530	  8
    4418.998	  8
    4419.366	  8
    4420.022	  8
    4420.958	  8
    4421.720	  8
    4422.676	  8
    4423.446	  8
    4424.426	  8
    4425.390	  8
    4425.910	  8
    4426.836	  8
    4427.642	  8
    4428.398	  8
    4428.918	  8
    4429.288	  8
    4430.462	  8
    4430.732	  8
    4431.290	  8
    4432.194	  8
    4433.120	  8
    4433.482	  8
    4434.174	  8
    4435.032	  8
    4435.668	  8
    4436.282	  8
    4436.328	  8
    4436.826	  8
    4437.244	  8
    4437.528	  8
    4437.910	  8
    4438.254	  8
    4438.790	  8
    4439.444	  8
    4439.808	  8
    4442.214	  8
    4442.786	  8
    4443.084	  8
    4443.514	  8
    4444.080	  8
    4444.420	  8
    4444.854	  8
    4445.728	  8
    4445.886	  8
    4446.628	  8
    4447.458	  8
    4448.150	  8
    4448.588	  8
    4449.100	  8
    4449.762	  8
    4450.084	 53
    4450.668	  8
    4450.668	 20
    4450.668	 27
    4450.678	 28
    4450.678	 19
    4450.778	 29
    4450.946	  9
    4451.040	  8
    4454.960	  8
    4470.798	 52
    4470.808	 18
    4539.340	  8
    4539.580	  8
    4540.000	  8
    4540.802	  8
    4541.546	  8
    4542.452	  8
    4543.448	  8
    4544.628	  8
    4545.380	  8
    4546.146	  8
    4546.796	  8
    4547.544	  8
    4548.180	  8
    4549.462	  8
    4549.710	  8
    4550.664	  8
    4550.732	  8
    4551.274	  8
    4552.160	  8
    4553.152	  8
    4553.884	  8
    4554.322	  8
    4554.578	  8
    4555.402	  8
    4556.020	  8
    4557.178	  8
    4557.448	  8
    4558.536	  8
    4559.066	  8
    4559.194	  8
    4565.992	  8
    4566.612	  8
    4567.410	  8
    4568.284	  8
    4568.884	  8
    4569.792	  8
    4570.704	  8
    4571.420	  8
    4572.200	  8
    4572.436	  8
    4572.916	  8
    4573.834	  8
    4574.530	  8
    4575.196	  8
    4575.478	  8
    4575.884	  8
    4577.202	  8
    4577.398	  8
    4577.842	  8
    4578.442	  8
    4578.832	  8
    4580.118	  8
    4580.744	  8
    4581.776	  8
    4581.944	  8
    4582.470	  8
    4582.942	  8
    4583.462	  8
    4584.342	  8
    4585.088	  8
    4585.902	  8
    4586.194	  8
    4587.058	  8
    4587.344	  8
    4587.714	  8
    4588.486	  8
    4588.954	  8
    4589.808	  8
    4590.808	 53
    4590.838	  8
    4590.838	 20
    4590.838	 27
    4590.848	 28
    4590.848	 19
    4590.948	 29
    4591.116	  9
    4591.154	  8
    4596.348	  8
    4610.968	 51
    4610.978	 17
    4668.752	  8
    4670.978	 53
    4670.988	 20
    4670.988	 27
    4691.008	 52
    4691.018	 18
    4777.902	  8
    4778.276	  8
    4778.732	  8
    4779.026	  8
    4779.282	  8
    4780.364	  8
    4780.990	  8
    4781.874	  8
    4783.008	  8
    4783.384	  8
    4784.648	  8
    4785.990	  8
    4787.042	  8
    4787.354	  8
    4788.014	  8
    4788.224	  8
    4788.962	  8
    4789.322	  8
    4790.140	  8
    4790.558	  8
    4791.444	  8
    4792.146	  8
    4792.200	  8
    4792.968	  8
    4793.672	  8
    4794.380	  8
    4795.166	  8
    4796.166	  8
    4797.444	  8
    4797.692	  8
    4798.486	  8
    4798.930	  8
    4799.094	  8
    4800.164	  8
    4800.902	  8
    4802.008	  8
    4802.568	  8
    4803.000	  8
    4803.476	  8
    4803.934	  8
    4804.210	  8
    4804.716	  8
    4805.418	  8
    4805.886	  8
    4807.076	  8
    4807.868	  8
    4808.324	  8
    4809.858	  8
    4810.060	  8
    4810.882	  8
    4811.018	 53
    4811.994	  8
    4811.994	 20
    4811.994	 27
    4812.004	 28
    4812.004	 19
    4812.026	  8
    4812.104	 29
    4812.272	  9
    4812.350	  8
    4832.124	 51
    4832.134	 17
    4860.692	  8
    4880.958	  8
    4881.038	  8
    4885.614	  8
    4892.134	 53
    4892.144	 20
    4892.144	 27
    4912.164	 52
    4912.174	 18
    4996.306	  8
    4996.512	  8
    4997.722	  8
    4998.586	  8
    4999.936	  8
    5001.082	  8
    5001.872	  8
    5003.258	  8
    5009.208	  8
    5009.778	  8
    5010.978	  8
    5011.580	  8
    5012.650	  8
    5013.674	  8
    5014.794	  8
    5015.626	  8
    5017.278	  8
    5018.252	  8
    5019.262	  8
    5020.462	  8
    5021.790	  8
    5022.090	  8
    5022.672	  8
    5023.122	  8
    5023.730	  8
    5023.990	  8
    5024.054	  8
    5024.748	  8
    5025.444	  8
    5026.532	  8
    5027.448	  8
    5028.088	  8
    5028.658	  8
    5028.918	  8
    5030.166	  8
    5030.490	  8
    5031.080	  8
    5031.454	  8
    5032.004	  8
    5032.174	 53
    5032.402	  8
    5032.402	 20
    5032.402	 27
    5032.412	 28
    5032.412	 19
    5032.512	 29
    5032.680	  9
    5032.740	  8
    5037.254	  8
    5037.482	  8
    5052.532	 52
    5052.542	 18
    5112.186	  8
    5112.294	  8
    5112.670	  8
    5113.888	  8
    5116.114	  8
    5116.638	  8
    5118.220	  8
    5119.816	  8
    5123.990	  8
    5124.152	  8
    5125.820	  8
    5136.912	  8
    5136.982	  8
    5137.722	  8
    5138.110	  8
    5138.712	  8
    5139.508	  8
    5140.568	  8
    5142.278	  8
    5142.602	  8
    5143.024	  8
    5143.732	  8
    5143.842	  8
    5144.324	  8
    5144.588	  8
    5145.262	  8
    5145.718	  8
    5146.230	  8
    5147.122	  8
    5147.912	  8
    5148.670	  8
    5149.844	  8
    5150.882	  8
    5151.632	  8
    5152.980	  8
    5153.488	  8
    5153.602	  8
    5153.804	  8
    5154.152	  8
    5154.936	  8
    5157.422	  8
    5158.130	  8
    5158.756	  8
    5159.318	  8
    5160.014	  8
    5160.254	  8
    5160.992	  8
    5161.984	  8
    5162.330	  8
    5163.054	  8
    5164.070	  8
    5164.788	  8
    5165.424	  8
    5165.696	  8
    5166.550	  8
    5166.962	  8
    5167.584	  8
    5168.110	  8
    5168.666	  8
    5172.542	 53
    5172.544	  8
    5172.544	 20
    5172.544	 27
    5172.554	 28
    5172.554	 19
    5172.654	 29
    5172.822	  9
    5172.886	  8
    5192.674	 51
    5192.684	 17
    5237.468	  7
    5237.650	  7
    5238.272	  7
    5238.398	  7
    5238.546	  7
    5238.706	  7
    5238.856	  7
    5239.020	  7
    5239.598	  7
    5244.280	  7
    5249.816	  7
    5250.162	  7
    5251.860	  7
    5252.684	 53
    5252.694	 20
    5252.694	 27
    5253.036	  7
    5257.612	  7
    5262.416	  7
    5264.362	  7
    5272.714	 52
    5272.724	 18
    5345.382	  8
    5345.456	  8
    5345.590	  8
    5346.076	  8
    5346.250	  8
    5346.580	  8
    5346.718	  8
    5346.930	  8
    5347.544	  8
    5348.144	  8
    5348.490	  8
    5348.952	  8
    5349.538	  8
    5350.668	  8
    5351.586	  8
    5361.310	  8
    5361.538	  8
    5361.784	  8
    5363.608	  8
    5365.282	  8
    5365.594	  8
    5366.674	  8
    5367.758	  8
    5368.206	  8
    5370.350	  8
    5371.158	  8
    5374.886	  8
    5375.290	  8
    5376.172	  8
    5377.138	  8
    5378.402	  8
    5379.310	  8
    5379.754	  8
    5382.290	  8
    5387.420	  8
    5387.838	  8
    5388.052	  8
    5388.594	  8
    5389.340	  8
    5390.042	  8
    5391.044	  8
    5391.320	  8
    5392.724	 53
    5392.814	  8
    5392.814	 20
    5392.814	 27
    5392.824	 28
    5392.824	 19
    5392.924	 29
    5393.092	  9
    5393.198	  8
    5394.102	  8
    5412.944	 52
    5412.954	 18
    5480.798	  8
    5480.884	  8
    5481.902	  8
    5483.504	  8
    5484.762	  8
    5485.716	  8
    5486.266	  8
    5486.930	  8
    5487.258	  8
    5488.650	  8
    5489.822	  8
    5490.466	  8
    5491.124	  8
    5492.450	  8
    5493.472	  8
    5493.778	  8
    5494.206	  8
    5494.770	  8
    5495.168	  8
    5495.478	  8
    5496.676	  8
    5497.264	  8
    5497.550	  8
    5497.982	  8
    5498.328	  8
    5498.966	  8
    5499.922	  8
    5500.486	  8
    5501.368	  8
    5501.696	  8
    5501.984	  8
    5502.640	  8
    5503.194	  8
    5503.440	  8
    5505.060	  8
    5505.456	  8
    5506.226	  8
    5507.244	  8
    5507.718	  8
    5508.554	  8
    5509.504	  8
    5511.128	  8
    5511.764	  8
    5512.436	  8
    5512.692	  8
    5512.974	  8
    5513.270	  8
    5513.744	  8
    5515.180	  8
    5515.364	  8
    5515.834	  8
    5516.354	  8
    5517.008	  8
    5517.442	  8
    5517.996	  8
    5518.086	  8
    5518.860	  8
    5519.384	  8
    5520.354	  8
    5521.080	  8
    5521.280	  8
    5521.662	  8
    5522.212	  8
    5522.772	  8
    5523.434	  8
    5523.964	  8
    5524.430	  8
    5524.812	  8
    5525.090	  8
    5525.468	  8
    5526.978	  8
    5527.174	  8
    5527.610	  8
    5528.644	  8
    5529.470	  8
    5529.786	  8
    5530.328	  8
    5530.930	  8
    5531.180	  8
    5531.728	  8
    5532.252	  8
    5532.680	  8
    5532.954	 53
    5533.070	  8
    5533.070	 20
    5533.070	 27
    5533.080	 28
    5533.080	 19
    5533.180	 29
    5533.348	  9
    5533.454	  8
    5538.342	  8
    5553.200	 50
    5553.210	 10
    5575.920	  8
    5579.066	  8
    5579.512	  8
    5580.268	  8
    5581.836	  8
    5582.064	  8
    5582.682	  8
    5583.210	 53
    5583.546	  8
    5583.546	 20
    5583.546	 27
    5583.556	 28
    5583.556	 19
    5583.656	 29
    5583.824	  9
    5583.880	  8
    5603.676	 51
    5603.686	 17
    5655.290	  7
    5655.472	  7
    5658.326	  7
    5658.366	  7
    5658.786	  7
    5661.492	  7
    5663.686	 53
    5663.696	 20
    5663.696	 27
    5665.122	  7
    5671.148	  7
    5671.588	  7
    5672.272	  7
    5674.288	  7
    5676.560	  7
    5683.716	 50
    5683.726	 10
    5685.450	  7
    5693.674	  7
    5700.864	  8
    5700.992	  8
    5701.406	  8
    5701.810	  8
    5702.052	  8
    5702.102	  8
    5702.514	  8
    5702.948	  8
    5703.206	  8
    5703.312	  8
    5703.348	  8
    5703.854	  8
    5704.100	  8
    5704.628	  8
    5704.744	  8
    5705.184	  8
    5705.790	  8
    5706.200	  8
    5706.526	  8
    5708.070	  8
    5708.516	  8
    5708.844	  8
    5709.360	  8
    5710.462	  8
    5710.740	  8
    5710.926	  8
    5711.280	  8
    5711.642	  8
    5712.040	  8
    5712.304	  8
    5712.522	  8
    5712.872	  8
    5713.410	  8
    5713.606	  8
    5713.726	 53
    5713.994	  8
    5713.994	 20
    5713.994	 27
    5714.004	 28
    5714.004	 19
    5714.104	 29
    5714.272	  9
    5714.430	  8
    5734.124	 52
    5734.134	 18
    5782.708	  8
    5783.272	  8
    5820.370	  8
    5824.322	  8
    5851.192	  8
    5851.768	  8
    5854.134	 53
    5883.446	  8
    5883.446	 20
    5883.446	 27
    5883.456	 28
    5883.456	 19
    5883.512	  8
    5883.556	 29
    5883.724	  9
    5883.746	  8
    5885.968	  8
    5889.256	  8
    5889.356	  8
    5889.960	  8
    5893.778	  8
    5893.984	  8
    5903.576	 51
    5903.586	 17
    5938.742	  8
    5963.586	 53
    5963.596	 20
    5963.596	 27
    5983.616	 50
    5983.626	 10
    5986.574	  8
    5986.652	  8
    5987.046	  8
    5989.632	  8
    5991.062	  8
    5992.818	  8
    5992.990	  8
    5993.924	  8
    5995.016	  8
    5999.260	  8
    6000.044	  8
    6000.524	  8
    6001.002	  8
    6001.060	  8
    6002.048	  8
    6003.130	  8
    6004.446	  8
    6004.732	  8
    6005.048	  8
    6005.326	  8
    6005.638	  8
    6006.786	  8
    6006.878	  8
    6007.198	  8
    6007.672	  8
    6007.888	  8
    6008.482	  8
    6008.906	  8
    6009.870	  8
    6010.092	  8
    6010.520	  8
    6011.064	  8
    6011.304	  8
    6011.560	  8
    6011.862	  8
    6012.114	  8
    6012.568	  8
    6012.812	  8
    6013.538	  8
    6013.626	 53
    6013.750	  8
    6013.750	 20
    6013.750	 27
    6013.760	 28
    6013.760	 19
    6013.860	 29
    6013.870	 61
