     365.938	  7
     366.130	  7
     366.318	  7
     366.578	  7
     366.770	  7
     366.998	  7
     367.200	  7
     367.440	  7
     367.664	  7
     367.916	  7
     368.108	  7
     368.324	  7
     368.542	  7
     368.768	  7
       1.496	  8
       1.570	  8
      20.010	 50
      20.020	 17
      50.020	 53
      65.578	  8
      65.578	 20
      65.578	 27
      65.588	 28
      65.588	 19
      65.688	 29
      65.858	  9
      70.980	  7
      71.112	  7
      71.260	  7
      71.404	  7
      71.780	  7
      71.882	  7
      72.076	  7
      72.202	  7
      72.434	  7
      72.560	  7
      72.682	  7
      72.814	  7
      72.968	  7
      73.108	  7
      73.258	  7
      73.420	  7
      73.546	  7
      73.706	  7
      73.812	  7
      73.948	  7
      74.078	  7
      74.212	  7
      74.338	  7
      74.472	  7
      74.634	  7
      74.798	  7
      74.928	  7
      75.030	  7
      75.226	  7
      75.336	  7
      75.462	  7
      75.592	  7
      75.724	  7
      75.850	  7
      75.984	  7
      76.120	  7
      76.234	  7
      76.374	  7
      76.570	  7
      76.684	  7
      76.836	  7
      76.966	  7
      77.104	  7
      77.246	  7
      77.388	  7
      77.542	  7
      77.690	  7
      77.838	  7
      78.040	  7
      78.306	  7
      78.428	  7
      78.544	  7
      78.668	  7
      78.806	  7
      78.954	  7
      79.108	  7
      79.308	  7
      79.430	  7
      79.570	  7
      79.724	  7
      79.852	  7
      79.992	  7
      80.136	  7
      80.328	  7
      80.462	  7
      80.620	  7
      80.756	  7
      80.906	  7
      81.058	  7
      81.208	  7
      81.396	  7
      81.536	  7
      82.902	  7
      83.030	  7
      83.156	  7
      83.296	  7
      83.454	  7
      85.708	 52
      85.716	  7
      85.718	 18
      85.846	  7
      85.998	  7
      86.156	  7
      86.664	  7
      86.760	  7
      86.888	  7
      87.036	  7
      87.354	  7
     138.858	  8
     175.992	  8
     188.944	  8
     205.718	 53
     234.410	  8
     234.410	 20
     234.410	 27
     234.420	 28
     234.420	 19
     234.520	 29
     234.690	  9
     234.716	  8
     238.404	  8
     254.540	 52
     254.550	 18
     281.674	  7
     281.854	  7
     331.208	  8
     331.882	  8
     332.314	  8
     374.550	 53
     385.258	  8
     385.258	 20
     385.258	 27
     385.268	 28
     385.268	 19
     385.368	 29
     385.538	  9
     393.540	  8
     398.780	  8
     399.242	  8
     399.326	  8
     400.800	  8
     405.388	 51
     405.398	 10
     413.446	  8
     413.732	  8
     415.458	  8
     416.038	  8
     416.276	  8
     425.504	  8
     425.998	  8
     426.920	  8
     427.196	  8
     427.744	  8
     427.934	  8
     428.666	  8
     429.980	  8
     430.912	  8
     431.752	  8
     433.074	  8
     433.106	  8
     434.836	  8
     436.278	  8
     436.858	  8
     437.124	  8
     437.990	  8
     440.294	  8
     440.726	  8
     441.164	  8
     441.598	  8
     442.438	  8
     442.842	  8
     443.410	  8
     446.624	  8
     447.006	  8
     447.522	  8
     447.958	  8
     448.578	  8
     450.222	  8
     451.986	  8
     452.144	  8
     454.800	  8
     455.124	  8
     456.552	  8
     465.398	 53
     465.408	 20
     465.408	 27
     468.978	  8
     469.076	  8
     469.916	  8
     470.320	  8
     470.520	  8
     471.982	  8
     475.826	  8
     476.180	  8
     476.486	  8
     476.948	  8
     479.664	  8
     485.428	 50
     485.438	 17
     489.396	  8
     489.560	  8
     489.874	  8
     490.324	  8
     490.736	  8
     491.080	  8
     491.516	  8
     492.086	  8
     492.564	  8
     492.862	  8
     493.394	  8
     498.172	  8
     498.340	  8
     498.776	  8
     499.258	  8
     499.830	  8
     500.634	  8
     500.932	  8
     501.586	  8
     501.910	  8
     502.454	  8
     502.842	  8
     503.690	  8
     504.132	  8
     504.948	  8
     505.778	  8
     506.198	  8
     507.402	  8
     507.896	  8
     508.582	  8
     509.352	  8
     509.976	  8
     510.780	  8
     511.246	  8
     511.502	  8
     513.576	  8
     513.730	  8
     514.038	  8
     514.340	  8
     514.928	  8
     515.290	  8
     515.438	 53
     516.120	  8
     516.120	 20
     516.120	 27
     516.130	 28
     516.130	 19
     516.230	 29
     516.400	  9
     536.250	 52
     536.260	 18
     551.376	  7
     551.556	  7
     555.266	  7
     555.432	  7
     556.086	  7
     556.206	  7
     556.762	  7
     556.912	  7
     557.158	  7
     557.342	  7
     557.516	  7
     557.876	  7
     557.982	  7
     558.112	  7
     558.272	  7
     558.420	  7
     558.572	  7
     558.718	  7
     558.866	  7
     559.004	  7
     559.142	  7
     559.278	  7
     559.428	  7
     559.584	  7
     559.726	  7
     559.864	  7
     560.012	  7
     560.158	  7
     560.312	  7
     560.506	  7
     560.676	  7
     560.808	  7
     560.940	  7
     561.084	  7
     561.214	  7
     561.346	  7
     561.496	  7
     561.630	  7
     561.768	  7
     561.914	  7
     562.132	  7
     562.248	  7
     562.364	  7
     562.506	  7
     562.646	  7
     562.778	  7
     562.916	  7
     563.062	  7
     563.198	  7
     563.418	  7
     563.546	  7
     563.668	  7
     563.808	  7
     563.938	  7
     564.078	  7
     564.204	  7
     564.348	  7
     564.554	  7
     564.664	  7
     564.796	  7
     564.928	  7
     565.066	  7
     565.198	  7
     565.326	  7
     565.536	  7
     565.672	  7
     565.804	  7
     565.966	  7
     566.114	  7
     566.312	  7
     566.446	  7
     566.600	  7
     566.754	  7
     566.900	  7
     567.050	  7
     567.208	  7
     567.410	  7
     567.548	  7
     567.692	  7
     567.836	  7
     567.970	  7
     568.106	  7
     568.256	  7
     568.670	  7
     570.814	  7
     571.178	  7
     571.430	  7
     576.548	  7
     576.996	  7
     577.144	  7
     581.254	  7
     583.446	  7
     583.822	  7
     583.920	  7
     585.584	  7
     595.552	  8
     595.640	  8
     616.414	  7
     616.664	  7
     617.930	  7
     618.230	  7
     622.318	  7
     625.844	  8
     626.610	  8
     656.260	 53
     698.212	  8
     698.212	 20
     698.212	 27
     698.222	 28
     698.222	 19
     698.322	 29
     698.434	  8
     698.492	  9
     718.342	 52
     718.352	 18
     719.736	  8
     796.312	  8
     796.780	  8
     797.180	  8
     797.622	  8
     797.976	  8
     798.258	  8
     798.518	  8
     798.740	  8
     798.868	  8
     799.470	  8
     799.726	  8
     799.814	  8
     800.100	  8
     801.226	  8
     801.594	  8
     801.908	  8
     802.616	  8
     803.476	  8
     803.992	  8
     804.320	  8
     804.966	  8
     806.258	  8
     806.522	  8
     807.244	  8
     807.572	  8
     808.016	  8
     811.256	  8
     811.400	  8
     811.894	  8
     812.354	  8
     812.896	  8
     813.504	  8
     813.736	  8
     814.192	  8
     815.546	  8
     815.982	  8
     816.508	  8
     817.106	  8
     817.954	  8
     818.788	  8
     818.844	  8
     819.558	  8
     819.820	  8
     832.682	  8
     838.352	 53
     869.004	  8
     869.004	 20
     869.004	 27
     869.014	 28
     869.014	 19
     869.114	 29
     869.170	  8
     869.284	  9
     889.134	 51
     889.144	 10
     919.976	  8
     920.482	  8
     920.800	  8
     920.894	  8
     921.154	  8
     921.710	  8
     923.662	  8
     924.590	  8
     925.982	  8
     926.408	  8
     926.600	  8
     926.696	  8
     930.098	  8
     930.400	  8
     931.326	  8
     931.758	  8
     932.460	  8
     933.038	  8
     933.400	  8
     934.122	  8
     934.556	  8
     934.844	  8
     935.802	  8
     936.282	  8
     936.450	  8
     936.512	  8
     939.230	  8
     939.394	  8
     939.906	  8
     942.370	  8
     942.688	  8
     943.212	  8
     943.558	  8
     943.926	  8
     944.400	  8
     944.944	  8
     945.338	  8
     945.580	  8
     945.946	  8
     946.136	  8
     946.466	  8
     946.838	  8
     947.594	  8
     948.096	  8
     948.908	  8
     949.144	 53
     949.154	 20
     949.154	 27
     949.388	  8
     949.984	  8
     950.150	  8
     954.874	  8
     955.202	  8
     955.358	  8
     955.524	  8
     956.018	  8
     956.440	  8
     959.216	  8
     969.174	 51
     969.184	 10
     973.728	  7
     973.892	  7
     979.696	  8
     979.796	  8
     981.096	  8
     981.506	  8
     997.638	  8
     998.000	  8
     998.550	  8
    1004.548	  8
    1005.112	  8
    1005.646	  8
    1006.190	  8
    1008.716	  8
    1008.806	  8
    1009.902	  8
    1010.460	  8
    1010.992	  8
    1011.606	  8
    1012.142	  8
    1012.454	  8
    1012.812	  8
    1013.466	  8
    1013.810	  8
    1014.280	  8
    1014.744	  8
    1015.392	  8
    1015.748	  8
    1016.676	  8
    1017.946	  8
    1019.096	  8
    1019.760	  8
    1020.422	  8
    1020.670	  8
    1020.982	  8
    1021.318	  8
    1022.120	  8
    1022.414	  8
    1022.752	  8
    1023.080	  8
    1023.884	  8
    1026.210	  8
    1026.706	  8
    1026.886	  8
    1027.044	  8
    1027.410	  8
    1027.746	  8
    1028.936	  8
    1029.184	 53
    1029.194	 20
    1029.194	 27
    1049.214	 51
    1049.224	 10
    1049.812	  7
    1050.410	  7
    1050.590	  7
    1051.140	  7
    1054.276	  7
    1054.654	  7
    1057.266	  7
    1057.346	  7
    1061.020	  7
    1061.156	  7
    1063.140	  7
    1065.722	  7
    1067.970	  7
    1069.618	  7
    1075.134	  8
    1075.610	  8
    1076.284	  8
    1076.690	  8
    1077.142	  8
    1077.704	  8
    1077.846	  8
    1079.058	  8
    1079.918	  8
    1080.256	  8
    1080.574	  8
    1081.062	  8
    1081.728	  8
    1082.004	  8
    1082.400	  8
    1082.618	  8
    1082.988	  8
    1083.336	  8
    1083.740	  8
    1083.964	  8
    1084.254	  8
    1084.582	  8
    1090.158	  8
    1090.552	  8
    1091.074	  8
    1091.534	  8
    1092.316	  8
    1093.032	  8
    1093.694	  8
    1094.160	  8
    1094.514	  8
    1094.594	  8
    1095.556	  8
    1095.944	  8
    1097.128	  8
    1097.378	  8
    1097.998	  8
    1098.270	  8
    1098.698	  8
    1099.056	  8
    1099.660	  8
    1099.970	  8
    1101.078	  8
    1106.480	  8
    1106.768	  8
    1107.242	  8
    1107.536	  8
    1109.224	 53
    1109.234	 20
    1109.234	 27
    1129.254	 52
    1129.264	 18
    1145.678	  8
    1145.866	  8
    1162.168	  7
    1163.214	  7
    1163.560	  7
    1163.976	  7
    1164.180	  7
    1164.424	  7
    1164.636	  7
    1164.864	  7
    1165.086	  7
    1165.582	  7
    1165.808	  7
    1166.042	  7
    1166.952	  7
    1167.416	  7
    1168.090	  7
    1168.902	  7
    1187.628	  7
    1188.518	  7
    1188.586	  7
    1188.850	  7
    1190.234	  7
    1190.384	  7
    1190.548	  7
    1190.772	  7
    1191.468	  7
    1191.676	  7
    1194.488	  7
    1196.680	  7
    1196.842	  7
    1200.054	  7
    1206.588	  7
    1206.800	  7
    1207.156	  7
    1207.406	  7
    1207.578	  7
    1207.784	  7
    1208.100	  7
    1208.766	  7
    1209.320	  7
    1209.436	  7
    1212.324	  7
    1216.466	  7
    1222.722	  7
    1223.130	  7
    1225.926	  7
    1228.502	  7
    1228.624	  7
    1228.770	  7
    1229.338	  7
    1229.504	  7
    1229.748	  7
    1232.228	  7
    1234.380	  8
    1234.702	  8
    1234.924	  8
    1249.264	 53
    1267.534	  8
    1267.534	 20
    1267.534	 27
    1267.544	 28
    1267.544	 19
    1267.644	 29
    1267.732	  8
    1267.814	  9
    1275.228	  8
    1275.290	  8
    1287.404	  7
    1287.664	 50
    1287.674	 17
    1288.214	  7
    1288.352	  7
    1288.556	  7
    1288.716	  7
    1288.888	  7
    1289.056	  7
    1289.250	  7
    1289.454	  7
    1289.662	  7
    1290.156	  7
    1290.462	  7
    1290.550	  7
    1297.192	  7
    1297.688	  7
    1297.850	  7
    1298.028	  7
    1298.254	  7
    1299.716	  7
    1299.818	  7
    1302.730	  7
    1304.834	  7
    1308.788	  7
    1310.936	  7
    1311.054	  7
    1311.194	  7
    1311.312	  7
    1314.480	  7
    1314.612	  7
    1314.780	  7
    1314.952	  7
    1316.012	  7
    1316.146	  7
    1316.316	  7
    1316.484	  7
    1317.010	  7
    1317.674	 53
    1319.690	  7
    1319.932	  7
    1320.284	  7
    1320.394	  7
    1320.564	  7
    1320.738	  7
    1320.968	  7
    1321.136	  7
    1322.260	  7
    1322.378	  7
    1322.430	  7
    1324.490	  7
    1326.522	  7
    1326.720	  7
    1327.094	  7
    1327.390	  7
    1327.536	  7
    1330.380	  8
    1330.380	 20
    1330.380	 27
    1330.390	 28
    1330.390	 19
    1330.490	 29
    1330.496	  8
    1330.660	  9
    1339.912	  8
    1342.608	  7
    1344.836	  7
    1344.980	  7
    1346.112	  7
    1346.270	  7
    1346.594	  7
    1347.658	  7
    1347.774	  7
    1347.936	  7
    1348.140	  7
    1348.316	  7
    1350.510	 52
    1350.520	 18
    1350.954	  7
    1351.066	  7
    1353.990	  7
    1357.460	  7
    1357.660	  7
    1357.958	  7
    1358.124	  7
    1373.840	  7
    1374.082	  7
    1374.266	  7
    1374.666	  7
    1374.906	  7
    1375.140	  7
    1375.390	  7
    1375.608	  7
    1376.092	  7
    1376.534	  7
    1387.024	  8
    1387.136	  8
    1387.328	  8
    1425.572	  8
    1426.110	  8
    1426.384	  8
    1445.512	  8
    1445.746	  8
    1446.152	  8
    1446.474	  8
    1446.624	  8
    1446.952	  8
    1447.314	  8
    1447.610	  8
    1448.078	  8
    1453.294	  8
    1456.884	  8
    1457.444	  8
    1465.112	  8
    1465.436	  8
    1470.390	  8
    1470.520	 53
    1470.772	  8
    1470.772	 20
    1470.772	 27
    1470.782	 28
    1470.782	 19
    1470.882	 29
    1471.050	  8
    1471.052	  9
    1490.902	 50
    1490.912	 17
    1507.696	  8
    1512.998	  8
    1513.126	  8
    1513.406	  8
    1513.754	  8
    1518.914	  8
    1519.018	  8
    1519.354	  8
    1520.912	 53
    1523.962	  8
    1523.962	 20
    1523.962	 27
    1523.972	 28
    1523.972	 19
    1524.072	 29
    1524.242	  9
    1524.244	  8
    1544.092	 51
    1544.102	 10
    1558.344	  8
    1579.782	  8
    1588.668	  8
    1588.778	  8
    1589.234	  8
    1589.524	  8
    1589.854	  8
    1590.260	  8
    1596.088	  8
    1596.316	  8
    1596.692	  8
    1596.874	  8
    1602.006	  8
    1602.336	  8
    1602.746	  8
    1603.316	  8
    1603.788	  8
    1604.102	 53
    1604.112	 20
    1604.112	 27
    1624.132	 51
    1624.142	 10
    1626.748	  8
    1627.142	  8
    1633.124	  8
    1633.496	  8
    1633.898	  8
    1639.996	  8
    1640.168	  8
    1641.132	  8
    1641.286	  8
    1641.848	  8
    1642.310	  8
    1645.886	  8
    1646.290	  8
    1646.674	  8
    1647.286	  8
    1647.702	  8
    1652.320	  8
    1652.468	  8
    1652.812	  8
    1653.272	  8
    1653.740	  8
    1654.102	  8
    1654.444	  8
    1654.770	  8
    1655.136	  8
    1656.744	  8
    1657.034	  8
    1657.928	  8
    1658.308	  8
    1659.246	  8
    1659.584	  8
    1659.956	  8
    1661.688	  8
    1662.368	  8
    1662.856	  8
    1662.952	  8
    1663.004	  8
    1663.624	  8
    1664.222	  8
    1666.290	  8
    1666.756	  8
    1667.048	  8
    1667.584	  8
    1668.286	  8
    1669.018	  8
    1669.502	  8
    1670.364	  8
    1672.484	  8
    1673.088	  8
    1673.448	  8
    1673.724	  8
    1674.016	  8
    1674.556	  8
    1675.044	  8
    1675.566	  8
    1676.092	  8
    1678.438	  8
    1679.224	  8
    1679.540	  8
    1679.928	  8
    1680.588	  8
    1680.916	  8
    1681.508	  8
    1682.014	  8
    1682.082	  8
    1682.266	  8
    1683.704	  8
    1684.142	 53
    1684.152	 20
    1684.152	 27
    1685.842	  8
    1698.054	  8
    1702.486	  7
    1704.172	 52
    1704.182	 18
    1727.686	  7
    1727.922	  7
    1728.092	  7
    1728.278	  7
    1728.476	  7
    1729.054	  7
    1729.328	  7
    1729.684	  7
    1730.682	  7
    1730.850	  7
    1732.478	  7
    1732.632	  7
    1733.156	  7
    1733.664	  7
    1733.794	  7
    1733.922	  7
    1734.090	  7
    1734.350	  7
    1734.490	  7
    1734.652	  7
    1734.788	  7
    1734.944	  7
    1735.134	  7
    1735.684	  7
    1736.498	  7
    1736.798	  7
    1736.982	  7
    1737.022	  7
    1738.994	  7
    1741.128	  7
    1745.056	  7
    1745.322	  7
    1749.736	  7
    1749.882	  7
    1750.270	  7
    1750.510	  7
    1750.686	  7
    1750.922	  7
    1751.134	  7
    1751.612	  7
    1751.852	  7
    1752.070	  7
    1752.260	  7
    1752.502	  7
    1752.758	  7
    1752.946	  7
    1753.164	  7
    1753.366	  7
    1753.584	  7
    1753.778	  7
    1754.226	  7
    1754.634	  7
    1754.862	  7
    1755.078	  7
    1755.286	  7
    1755.500	  7
    1755.712	  7
    1755.926	  7
    1756.972	  7
    1760.996	  8
    1786.648	  8
    1817.378	  7
    1820.790	  7
    1821.558	  7
    1824.182	 53
    1829.244	  8
    1829.244	 20
    1829.244	 27
    1829.254	 28
    1829.254	 19
    1829.354	 29
    1829.472	  8
    1829.524	  9
    1846.962	  8
    1847.470	  8
    1849.374	 51
    1849.384	 10
    1849.526	  8
    1890.878	  8
    1891.128	  8
    1891.516	  8
    1892.244	  8
    1893.088	  8
    1894.324	  8
    1895.070	  8
    1895.526	  8
    1896.008	  8
    1896.482	  8
    1897.206	  8
    1897.914	  8
    1898.506	  8
    1899.360	  8
    1900.136	  8
    1900.524	  8
    1901.406	  8
    1901.922	  8
    1903.478	  8
    1904.476	  8
    1905.378	  8
    1906.078	  8
    1906.402	  8
    1906.730	  8
    1907.206	  8
    1908.568	  8
    1909.384	 53
    1909.394	 20
    1909.394	 27
    1909.452	  8
    1929.414	 52
    1929.424	 18
    1950.736	  8
    1966.486	  8
    2006.806	  8
    2006.978	  8
    2021.610	  8
    2022.334	  8
    2022.768	  8
    2023.368	  8
    2023.800	  8
    2024.666	  8
    2025.620	  8
    2025.988	  8
    2027.348	  8
    2028.110	  8
    2029.136	  8
    2030.880	  8
    2031.426	  8
    2032.868	  8
    2033.902	  8
    2034.456	  8
    2035.000	  8
    2035.490	  8
    2036.104	  8
    2036.534	  8
    2036.798	  8
    2042.102	  8
    2042.742	  8
    2043.748	  8
    2044.778	  8
    2045.518	  8
    2045.944	  8
    2046.264	  8
    2047.416	  8
    2047.944	  8
    2048.962	  8
    2049.424	 53
    2049.706	  8
    2049.706	 20
    2049.706	 27
    2049.716	 28
    2049.716	 19
    2049.816	 29
    2049.966	  8
    2049.986	  9
    2069.836	 50
    2069.846	 17
    2098.474	  8
    2098.864	  8
    2099.548	  8
    2099.846	 53
    2100.244	  8
    2100.244	 20
    2100.244	 27
    2100.254	 28
    2100.254	 19
    2100.354	 29
    2100.524	  9
    2100.528	  8
    2120.374	 50
    2120.384	 17
    2150.384	 53
    2150.422	  8
    2150.422	 20
    2150.422	 27
    2150.432	 28
    2150.432	 19
    2150.532	 29
    2150.702	  9
    2150.704	  8
    2170.552	 52
    2170.562	 18
    2202.212	  7
    2202.598	  7
    2203.040	  7
    2203.502	  7
    2203.972	  7
    2204.244	  7
    2204.342	  7
    2215.708	  7
    2247.926	  8
    2248.302	  8
    2248.686	  8
    2249.054	  8
    2249.450	  8
    2249.864	  8
    2267.328	  8
    2290.562	 53
    2315.122	  8
    2315.122	 20
    2315.122	 27
    2315.132	 28
    2315.132	 19
    2315.232	 29
    2315.350	  8
    2315.402	  9
    2335.252	 52
    2335.262	 18
    2341.296	  8
    2341.790	  8
    2348.480	  8
    2359.402	  8
    2360.444	  8
    2360.924	  8
    2370.238	  8
    2370.454	  8
    2371.474	  8
    2378.278	  8
    2378.456	  8
    2378.798	  8
    2379.424	  8
    2382.462	  8
    2383.060	  8
    2383.606	  8
    2383.886	  8
    2383.950	  8
    2384.304	  8
    2385.212	  8
    2387.814	  8
    2388.696	  8
    2389.138	  8
    2389.564	  8
    2392.956	  8
    2393.336	  8
    2393.410	  8
    2394.360	  8
    2394.746	  8
    2395.304	  8
    2395.606	  8
    2396.378	  8
    2396.752	  8
    2397.548	  8
    2397.884	  8
    2398.250	  8
    2399.358	  8
    2399.758	  8
    2401.486	  8
    2401.830	  8
    2402.246	  8
    2402.286	  8
    2402.916	  8
    2403.442	  8
    2403.844	  8
    2404.602	  8
    2404.994	  8
    2406.240	  8
    2406.418	  8
    2407.046	  8
    2408.018	  8
    2408.448	  8
    2408.736	  8
    2409.238	  8
    2409.740	  8
    2410.494	  8
    2412.022	  8
    2412.566	  8
    2413.160	  8
    2414.296	  8
    2414.660	  8
    2414.962	  8
    2415.318	  8
    2415.586	  8
    2416.248	  8
    2418.938	  8
    2419.658	  8
    2420.212	  8
    2420.738	  8
    2421.244	  8
    2421.528	  8
    2421.862	  8
    2422.244	  8
    2423.312	  8
    2424.236	  8
    2427.806	  8
    2427.948	  8
    2429.168	  8
    2429.576	  8
    2429.952	  8
    2430.556	  8
    2430.896	  8
    2432.120	  8
    2432.680	  8
    2433.008	  8
    2433.756	  8
    2434.204	  8
    2434.838	  8
    2435.452	  8
    2436.026	  8
    2437.766	  8
    2438.296	  8
    2438.658	  8
    2441.018	  8
    2441.326	  8
    2442.324	  8
    2445.274	  8
    2445.698	  8
    2446.462	  8
    2447.030	  8
    2447.554	  8
    2447.996	  8
    2448.510	  8
    2448.874	  8
    2449.676	  8
    2450.740	  8
    2451.404	  8
    2451.996	  8
    2452.552	  8
    2454.868	  8
    2455.062	  8
    2455.262	 53
    2455.560	  8
    2455.560	 20
    2455.560	 27
    2455.570	 28
    2455.570	 19
    2455.670	 29
    2455.818	  8
    2455.840	  9
    2475.690	 51
    2475.700	 10
    2494.548	  8
    2494.692	  8
    2495.188	  8
    2504.148	  8
    2509.442	  8
    2509.662	  8
    2509.996	  8
    2510.742	  8
    2511.490	  8
    2512.676	  8
    2513.034	  8
    2514.108	  8
    2514.894	  8
    2515.700	  8
    2516.394	  8
    2517.164	  8
    2517.722	  8
    2518.612	  8
    2519.140	  8
    2519.608	  8
    2520.258	  8
    2521.062	  8
    2521.684	  8
    2522.774	  8
    2523.168	  8
    2524.146	  8
    2524.584	  8
    2524.860	  8
    2525.394	  8
    2525.794	  8
    2526.126	  8
    2526.352	  8
    2529.082	  8
    2529.482	  8
    2529.836	  8
    2530.568	  8
    2531.094	  8
    2531.870	  8
    2532.232	  8
    2533.262	  8
    2533.656	  8
    2533.958	  8
    2534.570	  8
    2534.892	  8
    2535.252	  8
    2535.700	 53
    2535.710	 20
    2535.710	 27
    2537.280	  8
    2538.320	  8
    2538.996	  8
    2539.490	  8
    2555.730	 51
    2555.740	 10
    2560.020	  8
    2580.384	  7
    2580.898	  7
    2585.564	  7
    2588.134	  7
    2588.276	  7
    2588.442	  7
    2591.770	  7
    2594.068	  7
    2594.120	  7
    2595.342	  7
    2595.466	  7
    2595.622	  7
    2595.820	  7
    2595.982	  7
    2597.866	  7
    2598.264	  7
    2613.918	  8
    2614.008	  8
    2614.990	  8
    2615.476	  8
    2615.740	 53
    2615.750	 20
    2615.750	 27
    2616.014	  8
    2616.862	  8
    2626.328	  7
    2629.362	  7
    2629.744	  7
    2629.952	  7
    2630.158	  7
    2630.444	  7
    2630.618	  7
    2630.864	  7
    2631.110	  7
    2633.760	  7
    2634.302	  7
    2635.770	 52
    2635.780	 18
    2637.148	  7
    2637.442	  7
    2637.602	  7
    2637.818	  7
    2638.034	  7
    2638.204	  7
    2638.434	  7
    2638.632	  7
    2638.854	  7
    2639.048	  7
    2639.262	  7
    2639.506	  7
    2639.722	  7
    2639.968	  7
    2640.162	  7
    2640.374	  7
    2640.594	  7
    2648.588	  8
    2648.874	  8
    2663.792	  8
    2679.118	  8
    2680.526	  8
    2681.348	  8
    2681.870	  8
    2682.196	  8
    2682.866	  8
    2683.412	  8
    2685.522	  8
    2686.120	  8
    2686.510	  8
    2687.402	  8
    2688.662	  8
    2689.086	  8
    2689.864	  8
    2690.380	  8
    2690.826	  8
    2691.884	  8
    2692.924	  8
    2694.006	  8
    2694.384	  8
    2695.140	  8
    2695.456	  8
    2695.782	  8
    2696.294	  8
    2696.870	  8
    2697.516	  8
    2698.236	  8
    2698.764	  8
    2700.056	  8
    2700.644	  8
    2701.752	  8
    2702.352	  8
    2702.892	  8
    2703.494	  8
    2704.368	  8
    2704.758	  8
    2705.342	  8
    2705.620	  8
    2708.048	  8
    2709.098	  8
    2709.632	  8
    2710.268	  8
    2710.690	  8
    2711.360	  8
    2711.852	  8
    2712.182	  8
    2712.960	  8
    2713.628	  8
    2714.276	  8
    2714.658	  8
    2715.042	  8
    2717.084	  8
    2717.412	  8
    2718.062	  8
    2718.354	  8
    2718.570	  8
    2718.956	  8
    2719.698	  8
    2720.014	  8
    2720.540	  8
    2721.710	  8
    2722.060	  8
    2723.702	  8
    2724.338	  8
    2725.544	  8
    2725.892	  8
    2726.440	  8
    2726.940	  8
    2727.248	  8
    2727.978	  8
    2728.452	  8
    2732.426	  8
    2733.594	  8
    2734.702	  8
    2735.386	  8
    2735.826	  8
    2736.738	  8
    2737.308	  8
    2737.596	  8
    2738.092	  8
    2738.876	  8
    2739.398	  8
    2739.764	  8
    2740.494	  8
    2740.676	  8
    2740.786	  8
    2741.912	  8
    2742.676	  8
    2744.590	  8
    2744.976	  8
    2745.818	  8
    2746.308	  8
    2746.784	  8
    2747.210	  8
    2747.888	  8
    2748.464	  8
    2748.926	  8
    2749.688	  8
    2750.680	  8
    2753.272	  8
    2753.590	  8
    2754.304	  8
    2754.514	  8
    2754.678	  8
    2755.780	 53
    2757.822	  8
    2757.822	 20
    2757.822	 27
    2757.832	 28
    2757.832	 19
    2757.932	 29
    2758.102	  9
    2777.952	 50
    2777.962	 17
    2801.226	  8
    2801.502	  8
    2801.812	  8
    2802.452	  8
    2807.962	 53
    2808.146	  8
    2808.146	 20
    2808.146	 27
    2808.156	 28
    2808.156	 19
    2808.256	 29
    2808.426	  9
    2828.276	 51
    2828.286	 10
    2852.412	  7
    2852.820	  7
    2853.096	  7
    2853.350	  7
    2853.528	  7
    2854.010	  7
    2857.222	  7
    2858.338	  7
    2858.548	  7
    2858.720	  7
    2858.920	  7
    2859.100	  7
    2861.430	  7
    2861.912	  7
    2864.372	  7
    2866.114	  7
    2866.272	  7
    2871.146	  7
    2871.664	  7
    2876.290	  7
    2876.692	  7
    2876.830	  7
    2876.988	  7
    2877.146	  7
    2877.318	  7
    2877.544	  7
    2879.354	  7
    2879.486	  7
    2879.556	  7
    2881.598	  7
    2881.688	  7
    2881.778	  7
    2881.954	  7
    2882.750	  7
    2882.894	  7
    2883.014	  7
    2883.050	  7
    2883.214	  7
    2883.364	  7
    2883.520	  7
    2883.772	  7
    2883.954	  7
    2887.248	  8
    2887.726	  8
    2888.286	 53
    2888.296	 20
    2888.296	 27
    2888.332	  8
    2888.786	  8
    2889.260	  8
    2889.626	  8
    2890.534	  8
    2891.250	  8
    2891.800	  8
    2892.186	  8
    2908.012	  7
    2908.316	 51
    2908.326	 10
    2908.538	  7
    2908.842	  7
    2909.068	  7
    2909.546	  7
    2910.526	  7
    2910.752	  7
    2911.034	  7
    2911.176	  7
    2911.262	  7
    2912.938	  7
    2913.124	  7
    2914.318	  7
    2918.674	  7
    2918.754	  7
    2921.066	  7
    2921.226	  7
    2925.648	  7
    2925.830	  7
    2929.836	  7
    2930.206	  7
    2930.352	  7
    2931.854	  7
    2931.972	  7
    2932.102	  7
    2932.190	  7
    2937.216	  7
    2937.394	  7
    2937.992	  7
    2938.128	  7
    2938.278	  7
    2938.624	  7
    2939.392	  7
    2939.496	  7
    2939.656	  7
    2939.820	  7
    2940.038	  7
    2940.202	  7
    2940.402	  7
    2942.306	  7
    2942.600	  7
    2942.736	  7
    2947.072	  7
    2947.238	  7
    2947.936	  7
    2948.064	  7
    2948.228	  7
    2948.448	  7
    2948.680	  7
    2949.338	  7
    2949.820	  7
    2949.948	  7
    2950.134	  7
    2950.406	  7
    2950.952	  7
    2953.646	  7
    2953.830	  7
    2954.828	  7
    2954.968	  7
    2955.150	  7
    2955.324	  7
    2960.254	  8
    2960.668	  8
    2961.142	  8
    2961.546	  8
    2961.852	  8
    2961.954	  8
    2962.482	  8
    2963.198	  8
    2963.666	  8
    2964.556	  8
    2964.788	  8
    2965.464	  8
    2965.714	  8
    2966.190	  8
    2966.754	  8
    2967.054	  8
    2967.826	  8
    2968.326	 53
    2968.336	 20
    2968.336	 27
    2968.534	  8
    2969.570	  8
    2970.060	  8
    2970.422	  8
    2970.644	  8
    2988.356	 52
    2988.366	 18
    3001.352	  7
    3001.466	  7
    3001.892	  7
    3002.124	  7
    3002.656	  7
    3002.974	  7
    3003.446	  7
    3004.002	  7
    3005.120	  7
    3005.470	  7
    3005.642	  7
    3006.284	  7
    3006.770	  7
    3007.740	  7
    3010.222	  7
    3010.450	  7
    3010.802	  7
    3010.934	  7
    3011.292	  7
    3018.200	  7
    3018.314	  7
    3018.536	  7
    3018.656	  7
    3018.766	  7
    3019.328	  7
    3019.702	  7
    3035.688	  7
    3035.874	  7
    3036.050	  7
    3036.246	  7
    3036.440	  7
    3038.236	  7
    3042.192	  7
    3042.660	  7
    3042.940	  7
    3046.232	  7
    3046.398	  7
    3046.570	  7
    3046.894	  7
    3047.032	  7
    3052.044	  8
    3052.184	  8
    3084.224	  8
    3085.228	  8
    3097.100	  8
    3097.230	  8
    3097.576	  8
    3098.372	  8
    3098.946	  8
    3099.406	  8
    3100.054	  8
    3100.196	  8
    3102.184	  8
    3102.964	  8
    3103.368	  8
    3103.776	  8
    3104.212	  8
    3105.906	  8
    3108.366	 53
    3109.714	  8
    3109.714	 20
    3109.714	 27
    3109.724	 28
    3109.724	 19
    3109.824	 29
    3109.968	  8
    3109.994	  9
    3129.844	 52
    3129.854	 18
    3155.522	  6
    3164.118	  7
    3164.270	  7
    3164.626	  7
    3165.022	  7
    3165.182	  7
    3165.414	  7
    3165.570	  7
    3165.818	  7
    3166.240	  7
    3172.436	  7
    3172.516	  7
    3172.724	  7
    3172.918	  7
    3173.092	  7
    3173.294	  7
    3173.466	  7
    3173.708	  7
    3173.850	  7
    3185.704	  7
    3186.104	  7
    3186.536	  7
    3186.806	  7
    3195.352	  8
    3195.772	  8
    3197.588	  8
    3209.622	  7
    3210.024	  7
    3210.592	  7
    3210.852	  7
    3210.974	  7
    3211.224	  7
    3228.032	  7
    3235.142	  8
    3235.634	  8
    3236.434	  8
    3236.908	  8
    3237.452	  8
    3238.002	  8
    3238.302	  8
    3238.576	  8
    3238.882	  8
    3239.282	  8
    3239.758	  8
    3240.240	  8
    3240.892	  8
    3242.098	  8
    3242.568	  8
    3243.060	  8
    3243.578	  8
    3244.512	  8
    3244.976	  8
    3248.160	  8
    3249.670	  8
    3249.854	 53
    3250.378	  8
    3250.378	 20
    3250.378	 27
    3250.388	 28
    3250.388	 19
    3250.488	 29
    3250.658	  9
    3270.508	 52
    3270.518	 18
    3302.166	  7
    3302.280	  7
    3319.238	  8
    3319.820	  8
    3321.822	  8
    3322.068	  8
    3325.772	  8
    3327.048	  8
    3327.482	  8
    3364.594	  8
    3364.746	  8
    3365.284	  8
    3365.792	  8
    3366.540	  8
    3366.744	  8
    3366.794	  8
    3367.026	  8
    3367.572	  8
    3368.830	  8
    3369.910	  8
    3370.568	  8
    3371.332	  8
    3372.248	  8
    3372.658	  8
    3372.988	  8
    3373.448	  8
    3373.926	  8
    3378.408	  8
    3378.828	  8
    3379.174	  8
    3379.542	  8
    3379.980	  8
    3380.442	  8
    3381.116	  8
    3381.382	  8
    3382.160	  8
    3382.948	  8
    3383.638	  8
    3384.536	  8
    3384.942	  8
    3386.488	  8
    3387.138	  8
    3390.518	 53
    3391.806	  8
    3391.806	 20
    3391.806	 27
    3391.816	 28
    3391.816	 19
    3391.916	 29
    3391.968	  8
    3392.086	  9
    3392.142	  8
    3411.936	 50
    3411.946	 17
    3433.184	  8
    3433.542	  8
    3433.924	  8
    3434.470	  8
    3434.986	  8
    3435.070	  8
    3435.406	  8
    3435.954	  8
    3436.380	  8
    3436.780	  8
    3437.086	  8
    3437.392	  8
    3437.970	  8
    3438.402	  8
    3438.974	  8
    3439.376	  8
    3440.036	  8
    3440.942	  8
    3441.262	  8
    3441.580	  8
    3441.946	 53
    3442.884	  8
    3442.884	 20
    3442.884	 27
    3442.894	 28
    3442.894	 19
    3442.994	 29
    3443.164	  9
    3463.014	 50
    3463.024	 17
    3484.682	  8
    3484.782	  8
    3485.520	  8
    3485.998	  8
    3486.318	  8
    3486.604	  8
    3486.828	  8
    3487.268	  8
    3487.726	  8
    3488.148	  8
    3488.772	  8
    3489.922	  8
    3490.046	  8
    3491.452	  8
    3491.688	  8
    3491.890	  8
    3492.224	  8
    3492.600	  8
    3493.024	 53
    3493.386	  8
    3493.386	 20
    3493.386	 27
    3493.396	 28
    3493.396	 19
    3493.496	 29
    3493.666	  9
    3513.516	 51
    3513.526	 10
    3531.882	  7
    3532.266	  7
    3532.506	  7
    3532.668	  7
    3533.094	  7
    3533.320	  7
    3533.558	  7
    3536.760	  7
    3537.072	  7
    3537.192	  7
    3537.644	  7
    3537.884	  7
    3544.550	  7
    3545.182	  7
    3545.306	  7
    3545.430	  7
    3545.566	  7
    3547.460	  7
    3547.674	  7
    3549.106	  7
    3549.320	  7
    3553.110	  7
    3555.300	  7
    3555.710	  7
    3559.868	  7
    3560.594	  7
    3560.738	  7
    3560.906	  7
    3561.080	  7
    3561.290	  7
    3562.404	  7
    3562.504	  7
    3562.680	  7
    3562.826	  7
    3563.010	  7
    3563.178	  7
    3563.364	  7
    3566.046	  7
    3569.416	  7
    3569.556	  7
    3570.256	  7
    3570.400	  7
    3570.626	  7
    3571.446	  7
    3571.550	  7
    3571.700	  7
    3571.870	  7
    3572.086	  7
    3572.268	  7
    3572.404	  7
    3572.576	  7
    3573.526	 53
    3573.536	 20
    3573.536	 27
    3593.556	 50
    3593.566	 17
    3610.712	  8
    3611.056	  8
    3611.648	  8
    3611.974	  8
    3612.496	  8
    3612.888	  8
    3613.604	  8
    3614.016	  8
    3614.572	  8
    3615.212	  8
    3616.114	  8
    3617.174	  8
    3617.512	  8
    3617.750	  8
    3618.702	  8
    3619.056	  8
    3619.490	  8
    3619.550	  8
    3620.098	  8
    3620.678	  8
    3622.714	  8
    3623.106	  8
    3623.566	 53
    3623.832	  8
    3623.832	 20
    3623.832	 27
    3623.842	 28
    3623.842	 19
    3623.942	 29
    3624.112	  9
    3643.962	 52
    3643.972	 18
    3663.354	  7
    3663.828	  7
    3663.990	  7
    3664.214	  7
    3664.490	  7
    3664.716	  7
    3665.296	  7
    3665.852	  7
    3666.090	  7
    3667.020	  7
    3667.212	  7
    3668.034	  7
    3668.760	  7
    3689.784	  7
    3690.824	  7
    3710.190	  8
    3731.790	  8
    3731.922	  8
    3733.014	  8
    3733.420	  8
    3734.008	  8
    3736.168	  8
    3736.690	  8
    3737.318	  8
    3737.898	  8
    3738.164	  8
    3738.610	  8
    3739.240	  8
    3740.224	  8
    3742.430	  8
    3742.778	  8
    3743.336	  8
    3744.280	  8
    3744.902	  8
    3745.204	  8
    3745.650	  8
    3746.112	  8
    3746.722	  8
    3746.998	  8
    3747.354	  8
    3747.898	  8
    3750.710	  8
    3751.662	  8
    3752.226	  8
    3752.788	  8
    3753.610	  8
    3754.666	  8
    3754.972	  8
    3755.352	  8
    3756.682	  8
    3757.244	  8
    3757.632	  8
    3758.104	  8
    3758.582	  8
    3760.150	  8
    3761.408	  8
    3761.790	  8
    3762.800	  8
    3763.494	  8
    3763.972	 53
    3764.098	  8
    3764.098	 20
    3764.098	 27
    3764.108	 28
    3764.108	 19
    3764.208	 29
    3764.356	  8
    3764.378	  9
    3784.228	 51
    3784.238	 10
    3801.988	  7
    3802.958	  7
    3803.068	  7
    3803.432	  7
    3803.564	  7
    3803.690	  7
    3803.834	  7
    3804.014	  7
    3804.164	  7
    3804.578	  7
    3805.414	  7
    3805.562	  7
    3808.832	  7
    3811.624	  7
    3818.614	  8
    3818.736	  8
    3819.448	  8
    3820.170	  8
    3820.830	  8
    3821.588	  8
    3822.008	  8
    3822.552	  8
    3823.006	  8
    3823.576	  8
    3824.714	  8
    3825.092	  8
    3825.986	  8
    3826.432	  8
    3826.516	  8
    3827.048	  8
    3827.876	  8
    3828.568	  8
    3828.980	  8
    3829.468	  8
    3829.898	  8
    3830.476	  8
    3832.072	  8
    3832.788	  8
    3833.194	  8
    3833.696	  8
    3833.980	  8
    3834.294	  8
    3834.662	  8
    3835.052	  8
    3836.246	  8
    3836.832	  8
    3839.242	  8
    3840.080	  8
    3840.674	  8
    3841.280	  8
    3842.034	  8
    3842.390	  8
    3842.842	  8
    3843.234	  8
    3843.948	  8
    3844.238	 53
    3844.248	 20
    3844.248	 27
    3845.814	  8
    3846.370	  8
    3847.054	  8
    3847.576	  8
    3864.268	 51
    3864.278	 10
    3886.328	  8
    3886.494	  8
    3887.622	  8
    3905.310	  8
    3905.722	  8
    3906.244	  8
    3906.636	  8
    3907.120	  8
    3907.606	  8
    3908.384	  8
    3908.996	  8
    3909.738	  8
    3910.100	  8
    3910.420	  8
    3910.824	  8
    3911.140	  8
    3911.394	  8
    3912.026	  8
    3912.498	  8
    3913.528	  8
    3914.180	  8
    3914.688	  8
    3915.476	  8
    3916.252	  8
    3917.138	  8
    3918.626	  8
    3919.000	  8
    3920.194	  8
    3920.658	  8
    3920.920	  8
    3921.288	  8
    3921.698	  8
    3922.110	  8
    3922.650	  8
    3923.330	  8
    3923.442	  8
    3924.278	 53
    3924.288	 20
    3924.288	 27
    3942.254	  7
    3944.308	 50
    3944.318	 17
    3945.994	  7
    3946.382	  7
    3946.810	  7
    3947.100	  7
    3947.248	  7
    3948.542	  7
    3948.768	  7
    3948.858	  7
    3949.232	  7
    3949.332	  7
    3949.470	  7
    3949.616	  7
    3953.752	  7
    3953.844	  7
    3957.664	  7
    3957.914	  7
    3958.876	  7
    3961.442	  7
    3962.932	  7
    3963.252	  7
    3967.398	  7
    3967.500	  7
    3969.052	  7
    3969.216	  7
    3973.390	  7
    3973.538	  7
    3973.700	  7
    3973.874	  7
    3974.098	  7
    3974.318	 53
    3976.800	  7
    3976.948	  7
    3981.020	  7
    3983.930	  7
    3984.210	  7
    3984.812	  7
    3987.320	  7
    3987.504	  7
    3987.690	  7
    3987.968	  7
    3991.444	  8
    3991.444	 20
    3991.444	 27
    3991.454	 28
    3991.454	 19
    3991.554	 29
    3991.684	  8
    3991.724	  9
    4011.574	 50
    4011.584	 17
    4017.838	  7
    4018.054	  7
    4018.264	  7
    4018.516	  7
    4018.704	  7
    4018.990	  7
    4019.174	  7
    4019.434	  7
    4019.628	  7
    4020.114	  7
    4020.320	  7
    4020.536	  7
    4020.780	  7
    4020.990	  7
    4024.742	  7
    4025.356	  7
    4025.606	  7
    4025.714	  7
    4025.840	  7
    4026.004	  7
    4026.166	  7
    4027.710	  7
    4041.584	 53
    4066.930	  7
    4067.068	  7
    4067.244	  7
    4067.404	  7
    4068.062	  7
    4068.184	  7
    4068.326	  7
    4068.472	  7
    4068.618	  7
    4068.752	  7
    4068.936	  7
    4069.062	  7
    4069.186	  7
    4069.322	  7
    4069.466	  7
    4069.622	  7
    4069.752	  7
    4069.906	  7
    4070.052	  7
    4070.204	  7
    4070.358	  7
    4070.512	  7
    4070.646	  7
    4070.808	  7
    4070.968	  7
    4071.212	  7
    4071.354	  7
    4071.540	  7
    4071.690	  7
    4072.262	  7
    4072.380	  7
    4072.526	  7
    4072.666	  7
    4072.822	  7
    4072.960	  7
    4073.102	  7
    4073.240	  7
    4073.388	  7
    4073.576	  7
    4073.698	  7
    4073.836	  7
    4073.984	  7
    4074.144	  7
    4074.282	  7
    4074.416	  7
    4074.544	  7
    4074.684	  7
    4074.830	  7
    4075.010	  7
    4075.158	  7
    4075.294	  7
    4075.454	  7
    4075.602	  7
    4075.762	  7
    4075.914	  7
    4076.074	  7
    4076.234	  7
    4076.364	  7
    4076.518	  7
    4076.704	  7
    4076.916	  7
    4077.218	  7
    4078.428	  7
    4078.540	  7
    4078.702	  7
    4078.848	  7
    4079.758	  7
    4079.852	  7
    4080.004	  7
    4080.134	  7
    4080.318	  7
    4080.446	  7
    4080.588	  7
    4080.724	  7
    4080.880	  7
    4081.020	  7
    4081.166	  7
    4081.308	  7
    4081.442	  7
    4081.634	  7
    4081.842	  7
    4081.984	  7
    4082.082	  7
    4082.242	  7
    4082.398	  7
    4082.526	  7
    4082.690	  7
    4082.840	  7
    4082.988	  7
    4083.126	  7
    4083.280	  7
    4083.434	  7
    4083.630	  7
    4083.744	  7
    4083.758	  7
    4083.824	  7
    4083.966	  7
    4084.108	  7
    4084.252	  7
    4084.364	  7
    4084.548	  7
    4084.688	  7
    4084.822	  7
    4084.954	  7
    4085.092	  7
    4085.240	  7
    4086.586	  8
    4086.586	 20
    4086.586	 27
    4086.596	 28
    4086.596	 19
    4086.696	 29
    4086.864	  8
    4086.866	  9
    4106.716	 51
    4106.726	 10
    4107.528	  7
    4107.892	  7
    4108.310	  7
    4108.560	  7
    4108.792	  7
    4109.258	  7
    4109.694	  7
    4109.934	  7
    4110.142	  7
    4111.424	  7
    4112.068	  7
    4112.220	  7
    4112.658	  7
    4113.096	  7
    4113.530	  7
    4114.834	  7
    4115.098	  7
    4115.268	  7
    4115.566	  7
    4118.658	  7
    4119.078	  7
    4121.382	  7
    4123.964	  7
    4130.090	  7
    4130.974	  7
    4131.064	  7
    4131.724	  7
    4131.904	  7
    4132.038	  7
    4132.226	  7
    4132.330	  7
    4132.472	  7
    4132.610	  7
    4132.744	  7
    4132.884	  7
    4133.010	  7
    4133.166	  7
    4133.308	  7
    4133.466	  7
    4133.616	  7
    4133.752	  7
    4133.888	  7
    4134.054	  7
    4134.176	  7
    4134.322	  7
    4134.946	  7
    4135.078	  7
    4135.240	  7
    4135.448	  7
    4135.592	  7
    4135.688	  7
    4136.018	  7
    4136.124	  7
    4136.274	  7
    4136.406	  7
    4136.590	  7
    4136.806	  7
    4137.736	  7
    4137.878	  7
    4137.998	  7
    4138.148	  7
    4138.308	  7
    4138.488	  7
    4138.630	  7
    4142.026	  7
    4142.230	  7
    4145.584	  7
    4150.822	  7
    4151.006	  7
    4151.714	  7
    4151.870	  7
    4152.046	  7
    4152.236	  7
    4152.418	  7
    4153.084	  7
    4153.210	  7
    4153.372	  7
    4153.538	  7
    4155.640	  7
    4155.774	  7
    4160.714	  7
    4160.898	  7
    4161.240	  7
    4161.632	  7
    4164.978	  7
    4165.054	  7
    4165.250	  7
    4166.726	 53
    4166.736	 20
    4166.736	 27
    4166.738	  7
    4167.222	  7
    4167.350	  7
    4167.460	  7
    4167.618	  7
    4167.806	  7
    4168.652	  7
    4171.106	  7
    4171.318	  7
    4177.762	  8
    4184.926	  5
    4186.756	 50
    4186.766	 17
    4197.386	  8
    4197.916	  8
    4199.694	  8
    4199.728	  8
    4201.150	  8
    4201.758	  8
    4202.224	  8
    4203.614	  8
    4203.818	  8
    4204.104	  8
    4204.798	  8
    4205.652	  8
    4205.960	  8
    4206.230	  8
    4206.534	  8
    4207.236	  8
    4207.558	  8
    4207.894	  8
    4208.396	  8
    4209.558	  8
    4210.144	  8
    4210.430	  8
    4210.858	  8
    4211.160	  8
    4211.556	  8
    4212.020	  8
    4214.192	  8
    4214.480	  8
    4215.086	  8
    4215.490	  8
    4215.928	  8
    4216.692	  8
    4216.766	 53
    4216.938	  8
    4216.938	 20
    4216.938	 27
    4216.948	 28
    4216.948	 19
    4217.048	 29
    4217.218	  9
    4237.068	 50
    4237.078	 17
    4255.344	  8
    4255.520	  8
    4256.420	  8
    4256.890	  8
    4257.646	  8
    4258.266	  8
    4258.502	  8
    4258.816	  8
    4258.984	  8
    4259.382	  8
    4260.688	  8
    4261.186	  8
    4261.676	  8
    4263.708	  8
    4264.178	  8
    4264.612	  8
    4265.060	  8
    4266.246	  8
    4266.606	  8
    4267.062	  8
    4267.078	 53
    4267.200	  8
    4267.200	 20
    4267.200	 27
    4267.210	 28
    4267.210	 19
    4267.310	 29
    4267.478	  8
    4267.480	  9
    4287.330	 52
    4287.340	 18
    4348.932	  7
    4349.054	  7
    4349.350	  7
    4349.552	  7
    4349.770	  7
    4349.930	  7
    4350.208	  7
    4350.440	  7
    4350.640	  7
    4350.890	  7
    4360.558	  7
    4360.712	  7
    4361.086	  7
    4361.228	  7
    4361.402	  7
    4361.620	  7
    4361.860	  7
    4362.058	  7
    4362.284	  7
    4364.224	  7
    4364.484	  7
    4364.698	  7
    4364.928	  7
    4378.020	  7
    4380.588	  7
    4380.740	  7
    4381.148	  7
    4381.570	  7
    4381.732	  7
    4382.156	  7
    4384.958	  8
    4386.084	  8
    4389.216	  8
    4389.870	  8
    4394.936	  8
    4395.096	  8
    4395.618	  8
    4396.240	  8
    4396.670	  8
    4407.340	 53
    4413.946	  7
    4414.726	  7
    4415.180	  7
    4415.684	  7
    4415.848	  7
    4416.930	  7
    4417.036	  7
    4417.296	  7
    4417.394	  7
    4417.548	  7
    4417.670	  7
    4417.840	  7
    4420.242	  7
    4426.604	  7
    4426.710	  7
    4426.844	  7
    4427.406	  7
    4428.040	  7
    4428.140	  7
    4439.960	  7
    4440.468	  7
    4455.144	  7
    4455.314	  7
    4458.644	  7
    4460.786	  7
    4460.860	  7
    4466.632	  7
    4466.824	  7
    4467.092	  7
    4472.892	  7
    4473.230	  7
    4473.388	  7
    4473.562	  7
    4476.122	  7
    4476.964	  7
    4480.710	  7
    4480.902	  7
    4481.078	  7
    4481.954	  7
    4485.408	  7
    4490.190	  8
    4490.190	 20
    4490.190	 27
    4490.200	 28
    4490.200	 19
    4490.296	  8
    4490.300	 29
    4490.420	  8
    4490.470	  9
    4510.320	 50
    4510.330	 17
    4526.150	  7
    4526.874	  7
    4527.106	  7
    4527.532	  7
    4527.766	  7
    4527.982	  7
    4528.250	  7
    4528.444	  7
    4528.696	  7
    4528.926	  7
    4529.158	  7
    4529.382	  7
    4529.638	  7
    4529.858	  7
    4530.094	  7
    4532.028	  7
    4532.144	  7
    4540.330	 53
    4541.282	  7
    4541.748	  7
    4542.356	  7
    4542.434	  7
    4553.668	  8
    4553.668	 20
    4553.668	 27
    4553.678	 28
    4553.678	 19
    4553.778	 29
    4553.948	  9
    4566.228	  7
    4571.674	  7
    4572.052	  7
    4572.482	  7
    4572.742	  7
    4572.918	  7
    4573.188	  7
    4573.352	  7
    4573.798	 51
    4573.808	 10
    4573.816	  7
    4597.402	  8
    4598.010	  8
    4598.382	  8
    4598.868	  8
    4599.516	  8
    4600.126	  8
    4600.606	  8
    4601.064	  8
    4619.552	  7
    4619.730	  7
    4619.954	  7
    4620.368	  7
    4621.484	  7
    4622.232	  7
    4622.426	  7
    4622.646	  7
    4622.838	  7
    4623.084	  7
    4629.606	  8
    4630.012	  8
    4630.280	  8
    4630.788	  8
    4631.490	  8
    4632.184	  8
    4632.506	  8
    4632.908	  8
    4633.808	 53
    4633.818	 20
    4633.818	 27
    4633.880	  8
    4634.052	  8
    4634.716	  8
    4635.046	  8
    4635.314	  8
    4637.088	  8
    4637.578	  8
    4653.838	 52
    4653.848	 18
    4664.426	  7
    4664.612	  7
    4665.034	  7
    4665.524	  7
    4665.810	  7
    4668.022	  7
    4668.584	  7
    4668.816	  7
    4669.436	  7
    4669.708	  7
    4669.930	  7
    4670.178	  7
    4674.356	  8
    4678.562	  8
    4678.884	  8
    4714.512	  8
    4721.698	  8
    4722.194	  8
    4723.578	  8
    4724.298	  8
    4725.042	  8
    4725.500	  8
    4725.980	  8
    4726.366	  8
    4726.846	  8
    4728.084	  8
    4728.632	  8
    4729.162	  8
    4730.174	  8
    4730.638	  8
    4731.052	  8
    4731.522	  8
    4732.000	  8
    4733.836	  8
    4734.358	  8
    4736.190	  8
    4736.576	  8
    4737.454	  8
    4737.928	  8
    4738.764	  8
    4739.112	  8
    4739.162	  8
    4739.700	  8
    4740.384	  8
    4740.850	  8
    4741.440	  8
    4743.904	  8
    4744.224	  8
    4744.760	  8
    4745.284	  8
    4745.746	  8
    4746.374	  8
    4746.860	  8
    4747.342	  8
    4748.596	  8
    4750.672	  8
    4750.956	  8
    4752.344	  8
    4752.770	  8
    4753.316	  8
    4753.844	  8
    4754.212	  8
    4754.390	  8
    4754.962	  8
    4755.370	  8
    4756.080	  8
    4757.040	  8
    4757.590	  8
    4758.160	  8
    4758.860	  8
    4759.400	  8
    4759.848	  8
    4760.114	  8
    4760.742	  8
    4761.782	  8
    4762.262	  8
    4762.630	  8
    4763.934	  8
    4764.536	  8
    4764.580	  8
    4764.988	  8
    4765.490	  8
    4766.926	  8
    4767.310	  8
    4767.956	  8
    4768.104	  8
    4768.756	  8
    4769.236	  8
    4769.402	  8
    4769.878	  8
    4773.110	  8
    4773.458	  8
    4773.848	 53
    4774.078	  8
    4774.078	 20
    4774.078	 27
    4774.088	 28
    4774.088	 19
    4774.188	 29
    4774.358	  9
    4774.422	  8
    4794.208	 50
    4794.218	 17
    4812.898	  8
    4813.172	  8
    4818.018	  8
    4818.244	  8
    4818.546	  8
    4818.918	  8
    4819.372	  8
    4819.966	  8
    4820.462	  8
    4821.500	  8
    4821.898	  8
    4822.328	  8
    4822.720	  8
    4824.016	  8
    4824.218	 53
    4824.516	  8
    4824.516	 20
    4824.516	 27
    4824.526	 28
    4824.526	 19
    4824.626	 29
    4824.760	  8
    4824.796	  9
    4844.646	 50
    4844.656	 17
    4860.346	  8
    4861.090	  8
    4861.720	  8
    4862.218	  8
    4862.592	  8
    4863.298	  8
    4863.510	  8
    4863.958	  8
    4864.398	  8
    4866.076	  8
    4866.374	  8
    4866.700	  8
    4867.296	  8
    4867.750	  8
    4868.144	  8
    4868.558	  8
    4871.188	  8
    4871.648	  8
    4871.970	  8
    4872.056	  8
    4872.514	  8
    4873.510	  8
    4873.900	  8
    4874.628	  8
    4874.656	 53
    4874.748	  8
    4874.748	 20
    4874.748	 27
    4874.758	 28
    4874.758	 19
    4874.858	 29
    4875.028	  9
    4894.878	 52
    4894.888	 18
    4941.736	  7
    4942.198	  7
    4943.770	  7
    4943.978	  7
    4944.132	  7
    4955.650	  7
    4956.064	  7
    4956.292	  7
    4956.672	  7
    4968.004	  7
    4976.606	  8
    4977.730	  8
    5014.888	 53
    5046.116	  8
    5046.116	 20
    5046.116	 27
    5046.126	 28
    5046.126	 19
    5046.226	 29
    5046.358	  8
    5046.396	  9
    5056.382	  8
    5066.246	 51
    5066.256	 10
    5125.466	  8
    5125.620	  8
    5126.124	  8
    5126.256	 53
    5126.266	 20
    5126.266	 27
    5126.408	  8
    5126.612	  8
    5127.904	  8
    5146.286	 51
    5146.296	 10
    5166.466	  8
    5167.266	  8
    5167.654	  8
    5197.868	  8
    5198.286	  8
    5199.018	  8
    5199.332	  8
    5200.104	  8
    5201.274	  8
    5201.688	  8
    5203.340	  8
    5203.416	  8
    5204.008	  8
    5204.404	  8
    5204.840	  8
    5205.556	  8
    5206.296	 53
    5206.306	 20
    5206.306	 27
    5206.556	  8
    5226.326	 51
    5226.336	 10
    5232.966	  7
    5232.992	  7
    5233.490	  7
    5233.920	  7
    5238.810	  7
    5238.982	  7
    5260.712	  8
    5260.928	  8
    5261.654	  8
    5261.974	  8
    5262.732	  8
    5263.076	  8
    5275.844	  7
    5286.336	 53
    5286.346	 20
    5286.346	 27
    5287.810	  7
    5288.028	  7
    5288.394	  7
    5295.760	  7
    5295.958	  7
    5296.366	  7
    5296.638	  7
    5296.814	  7
    5297.660	  7
    5297.984	  7
    5298.170	  7
    5298.312	  7
    5298.538	  7
    5298.710	  7
    5299.172	  7
    5299.450	  7
    5301.930	  7
    5302.046	  7
    5302.298	  7
    5302.336	  7
    5302.404	  7
    5303.154	  7
    5303.264	  7
    5303.626	  7
    5303.752	  7
    5303.876	  7
    5303.984	  7
    5304.116	  7
    5304.262	  7
    5304.360	  7
    5304.526	  7
    5304.628	  7
    5304.774	  7
    5304.928	  7
    5305.070	  7
    5305.234	  7
    5305.374	  7
    5305.492	  7
    5305.620	  7
    5305.760	  7
    5305.880	  7
    5306.030	  7
    5306.184	  7
    5306.356	  7
    5306.366	 50
    5306.376	 17
    5306.510	  7
    5306.668	  7
    5306.922	  7
    5307.096	  7
    5307.218	  7
    5307.348	  7
    5307.866	  7
    5308.098	  7
    5308.208	  7
    5308.308	  7
    5308.424	  7
    5308.542	  7
    5308.670	  7
    5308.822	  7
    5308.980	  7
    5309.106	  7
    5309.250	  7
    5309.546	  7
    5311.202	  7
    5311.548	  7
    5314.422	  7
    5314.470	  7
    5319.198	  7
    5319.390	  7
    5319.624	  7
    5320.406	  7
    5320.566	  7
    5320.740	  7
    5320.916	  7
    5323.548	  7
    5326.466	  7
    5327.982	  7
    5330.890	  7
    5331.062	  7
    5333.478	  7
    5336.376	 53
    5337.336	  7
    5339.210	  7
    5339.326	  7
    5343.000	  7
    5343.168	  7
    5343.328	  7
    5343.874	  7
    5345.876	  7
    5346.114	  7
    5346.184	  7
    5346.190	  7
    5348.120	  7
    5348.292	  7
    5351.164	  7
    5352.644	  7
    5352.820	  7
    5355.814	  7
    5359.260	  8
    5359.260	 20
    5359.260	 27
    5359.270	 28
    5359.270	 19
    5359.370	 29
    5359.540	  9
    5379.390	 50
    5379.400	 17
    5397.146	  8
    5397.512	  8
    5397.918	  8
    5398.268	  8
    5398.588	  8
    5399.190	  8
    5399.642	  8
    5400.260	  8
    5400.808	  8
    5401.068	  8
    5401.658	  8
    5402.386	  8
    5402.968	  8
    5403.642	  8
    5404.376	  8
    5405.190	  8
    5405.698	  8
    5406.222	  8
    5407.166	  8
    5408.148	  8
    5409.198	  8
    5409.400	 53
    5409.908	  8
    5409.908	 20
    5409.908	 27
    5409.918	 28
    5409.918	 19
    5410.018	 29
    5410.166	  8
    5410.188	  9
    5430.038	 51
    5430.048	 10
    5430.362	  7
    5430.566	  7
    5430.724	  7
    5430.972	  7
    5431.124	  7
    5431.566	  7
    5431.810	  7
    5432.026	  7
    5432.260	  7
    5433.336	  7
    5434.122	  7
    5434.378	  7
    5437.436	  7
    5437.700	  7
    5437.816	  7
    5438.518	  7
    5438.778	  7
    5438.862	  7
    5439.004	  7
    5439.164	  7
    5442.134	  7
    5444.838	  7
    5445.576	  7
    5445.718	  7
    5445.884	  7
    5446.064	  7
    5446.238	  7
    5448.490	  7
    5448.570	  7
    5453.574	  7
    5455.054	  7
    5455.166	  7
    5481.876	  7
    5481.982	  7
    5482.112	  7
    5485.330	  7
    5485.470	  7
    5485.632	  7
    5487.768	  7
    5487.982	  7
    5488.144	  7
    5490.048	 53
    5490.058	 20
    5490.058	 27
    5491.596	  7
    5491.744	  7
    5494.538	  7
    5494.724	  7
    5495.080	  7
    5495.264	  7
    5496.896	  7
    5497.012	  7
    5501.184	  7
    5501.810	  7
    5504.660	  7
    5510.078	 50
    5510.088	 17
    5532.624	  8
    5533.152	  8
    5533.672	  8
    5534.302	  8
    5534.916	  8
    5535.856	  8
    5536.480	  8
    5537.204	  8
    5537.396	  8
    5537.664	  8
    5539.070	  8
    5539.574	  8
    5540.026	  8
    5540.088	 53
    5540.316	  8
    5540.316	 20
    5540.316	 27
    5540.326	 28
    5540.326	 19
    5540.426	 29
    5540.596	  9
    5560.446	 51
    5560.456	 10
    5579.644	  8
    5586.204	  8
    5586.368	  8
    5586.880	  8
    5593.538	  8
    5593.794	  8
    5594.268	  8
    5620.456	 53
    5620.466	 20
    5620.466	 27
    5632.190	  7
    5632.396	  7
    5633.224	  7
    5633.422	  7
    5633.642	  7
    5633.850	  7
    5634.130	  7
    5634.970	  7
    5635.174	  7
    5635.308	  7
    5635.480	  7
    5635.690	  7
    5635.912	  7
    5636.404	  7
    5636.610	  7
    5636.852	  7
    5637.088	  7
    5637.634	  7
    5639.728	  7
    5639.928	  7
    5640.226	  7
    5640.416	  7
    5640.486	 51
    5640.496	 10
    5640.580	  7
    5640.746	  7
    5640.942	  7
    5641.120	  7
    5656.014	  7
    5656.256	  7
    5660.164	  7
    5660.318	  7
    5660.728	  7
    5661.286	  7
    5662.084	  7
    5664.600	  7
    5670.396	  7
    5670.508	  7
    5676.510	  7
    5676.582	  7
    5677.322	  7
    5677.412	  7
    5689.402	  8
    5689.576	  8
    5689.912	  8
    5690.620	  8
    5691.142	  8
    5691.980	  8
    5692.848	  8
    5693.112	  8
    5693.622	  8
    5694.352	  8
    5695.624	  8
    5695.834	  8
    5696.074	  8
    5698.908	  8
    5699.126	  8
    5699.698	  8
    5700.496	 53
    5700.506	 20
    5700.506	 27
    5700.516	 61
