     433.802	  8
     434.118	  8
     434.760	  8
     437.020	  8
     437.090	  8
     437.384	  8
     437.764	  8
     438.416	  8
     438.988	  8
     443.142	  8
     453.848	  7
     458.296	  8
       4.380	  8
      20.010	 51
      20.020	 17
      33.100	  8
      39.324	  8
      39.966	  8
      40.350	  8
      45.930	  8
      47.464	  8
      47.952	  8
      48.352	  8
      48.706	  8
      49.858	  8
      50.982	  8
      52.474	  8
      52.980	  8
      53.712	  8
      54.178	  8
      54.588	  8
      57.836	  8
      59.710	  8
      61.806	  8
      62.246	  8
      62.612	  8
      63.214	  8
      68.034	  8
      70.090	  8
      70.958	  8
      74.340	  8
      74.450	  8
      76.938	  8
      77.928	  8
      80.020	 53
      88.810	  8
      88.810	 20
      88.810	 27
      88.820	 28
      88.820	 19
      88.920	 29
      89.114	  9
     108.940	 51
     108.950	 17
     119.854	  7
     120.920	  7
     123.826	  7
     146.588	  7
     147.020	  7
     147.316	  7
     147.442	  7
     148.652	  7
     148.752	  7
     149.274	  7
     150.778	  7
     154.050	  8
     154.300	  8
     154.804	  8
     155.180	  8
     155.776	  8
     156.136	  8
     156.642	  8
     156.960	  8
     157.302	  8
     157.654	  8
     158.068	  8
     158.218	  8
     158.752	  8
     159.158	  8
     159.474	  8
     159.994	  8
     160.824	  8
     161.190	  8
     161.654	  8
     161.784	  8
     161.848	  8
     162.204	  8
     162.608	  8
     163.062	  8
     164.198	  8
     165.464	  8
     165.882	  8
     166.284	  8
     168.260	  8
     168.670	  8
     168.950	 53
     169.020	  8
     169.020	 20
     169.020	 27
     169.030	 28
     169.030	 19
     169.130	 29
     169.324	  9
     189.150	 52
     189.160	 18
     248.684	  8
     249.252	  8
     249.838	  8
     263.340	  8
     264.170	  8
     267.204	  8
     277.376	  7
     277.682	  7
     277.874	  7
     280.596	  7
     280.786	  7
     283.364	  7
     287.598	  7
     289.766	  7
     292.408	  7
     294.300	  7
     304.818	  7
     304.866	  7
     305.140	  7
     305.618	  7
     305.872	  7
     306.226	  7
     306.416	  7
     309.160	 53
     309.632	  7
     313.480	  7
     314.374	  7
     325.440	  8
     325.440	 20
     325.440	 27
     325.450	 28
     325.450	 19
     325.550	 29
     325.744	  9
     345.570	 52
     345.580	 18
     353.488	  3
     354.530	  4
     354.788	  3
     355.146	  4
     355.306	  3
     355.542	  4
     355.618	  3
     355.996	  4
     356.480	  3
     356.774	  4
     356.996	  3
     357.078	  4
     357.348	  8
     381.578	  7
     381.858	  7
     382.722	  7
     386.774	  7
     391.810	  7
     395.362	  7
     399.624	  7
     401.874	  7
     402.432	  7
     404.410	  7
     416.860	  7
     419.898	  7
     420.136	  7
     423.396	  8
     423.996	  8
     424.490	  8
     424.922	  8
     425.506	  8
     427.606	  8
     431.074	  8
     444.108	  8
     444.938	  8
     445.542	  8
     445.964	  8
     446.534	  8
     446.910	  8
     447.324	  8
     447.616	  8
     448.110	  8
     448.564	  8
     448.944	  8
     449.426	  8
     449.664	  8
     452.664	  8
     453.160	  8
     453.674	  8
     454.302	  8
     463.324	  8
     463.812	  8
     464.610	  8
     465.222	  8
     465.580	 53
     465.704	  8
     465.704	 20
     465.704	 27
     465.714	 28
     465.714	 19
     465.814	 29
     466.008	  9
     485.834	 50
     485.844	 10
     494.444	  8
     494.870	  8
     495.358	  8
     495.678	  8
     496.014	  8
     496.374	  8
     496.750	  8
     497.726	  8
     498.044	  8
     498.370	  8
     498.706	  8
     499.048	  8
     500.124	  8
     500.496	  8
     500.684	  8
     501.006	  8
     501.336	  8
     501.652	  8
     501.982	  8
     502.320	  8
     502.546	  8
     502.852	  8
     503.124	  8
     503.922	  8
     504.294	  8
     504.600	  8
     504.912	  8
     505.256	  8
     505.530	  8
     506.024	  8
     506.428	  8
     506.980	  8
     507.272	  8
     507.560	  8
     507.870	  8
     508.126	  8
     508.438	  8
     508.818	  8
     509.062	  8
     509.788	  8
     510.110	  8
     510.742	  8
     511.008	  8
     511.498	  8
     512.312	  8
     512.654	  8
     513.426	  8
     513.612	  8
     514.050	  8
     514.372	  8
     514.688	  8
     515.526	  8
     515.596	  8
     515.844	 53
     515.854	 20
     515.854	 27
     515.886	  8
     516.860	  8
     516.972	  8
     518.350	  8
     518.918	  8
     519.404	  8
     520.742	  8
     529.138	  8
     535.874	 52
     535.884	 18
     577.206	  8
     577.262	  8
     582.018	  8
     582.064	  8
     624.450	  8
     624.786	  8
     625.488	  8
     625.924	  8
     626.660	  8
     627.044	  8
     627.338	  8
     627.800	  8
     628.172	  8
     628.540	  8
     628.908	  8
     629.314	  8
     629.866	  8
     630.402	  8
     630.876	  8
     632.010	  8
     632.304	  8
     632.624	  8
     632.894	  8
     633.216	  8
     633.574	  8
     633.896	  8
     634.204	  8
     634.574	  8
     634.898	  8
     636.308	  8
     636.792	  8
     637.178	  8
     637.678	  8
     637.996	  8
     641.238	  8
     642.108	  8
     642.480	  8
     643.050	  8
     643.772	  8
     644.202	  8
     644.642	  8
     645.444	  8
     649.556	  8
     650.944	  8
     651.276	  8
     651.620	  8
     652.026	  8
     652.400	  8
     652.818	  8
     653.480	  8
     653.842	  8
     654.168	  8
     654.714	  8
     655.100	  8
     655.608	  8
     655.884	 53
     655.932	  8
     655.932	 20
     655.932	 27
     655.942	 28
     655.942	 19
     656.042	 29
     656.236	  9
     660.650	  8
     676.062	 52
     676.072	 18
     707.336	  8
     708.804	  8
     739.328	  8
     750.644	  8
     751.398	  8
     752.326	  8
     752.716	  8
     755.708	  8
     756.408	  8
     756.968	  8
     785.486	  8
     786.208	  8
     786.364	  8
     786.922	  8
     787.580	  8
     787.982	  8
     788.350	  8
     788.854	  8
     789.282	  8
     789.722	  8
     790.160	  8
     790.682	  8
     791.276	  8
     791.624	  8
     792.004	  8
     792.740	  8
     793.190	  8
     793.792	  8
     794.262	  8
     794.954	  8
     795.912	  8
     796.072	 53
     796.328	  8
     796.328	 20
     796.328	 27
     796.338	 28
     796.338	 19
     796.438	 29
     796.632	  9
     816.458	 50
     816.468	 10
     832.172	  8
     833.090	  8
     833.698	  8
     834.096	  8
     834.510	  8
     834.808	  8
     835.168	  8
     835.492	  8
     835.794	  8
     836.310	  8
     836.664	  8
     837.048	  8
     837.424	  8
     837.800	  8
     838.562	  8
     838.864	  8
     839.246	  8
     839.530	  8
     839.844	  8
     840.174	  8
     840.538	  8
     840.858	  8
     841.184	  8
     841.458	  8
     841.776	  8
     842.396	  8
     842.720	  8
     842.844	  8
     843.130	  8
     843.468	  8
     843.832	  8
     844.172	  8
     844.502	  8
     844.742	  8
     845.030	  8
     845.334	  8
     845.606	  8
     846.224	  8
     846.468	 53
     846.478	 20
     846.478	 27
     846.480	  8
     846.702	  8
     847.190	  8
     847.566	  8
     848.086	  8
     849.080	  8
     849.344	  8
     849.562	  8
     849.960	  8
     850.664	  8
     851.128	  8
     851.604	  8
     852.140	  8
     852.344	  8
     852.682	  8
     853.014	  8
     853.676	  8
     854.026	  8
     854.486	  8
     855.110	  8
     855.948	  8
     856.256	  8
     856.430	  8
     856.766	  8
     857.112	  8
     857.532	  8
     857.874	  8
     858.216	  8
     859.430	  8
     859.790	  8
     860.290	  8
     860.658	  8
     860.938	  8
     861.100	  8
     861.508	  8
     862.114	  8
     862.452	  8
     862.748	  8
     863.012	  8
     863.434	  8
     863.842	  8
     864.260	  8
     864.460	  8
     864.780	  8
     865.242	  8
     865.522	  8
     866.042	  8
     866.272	  8
     866.498	 51
     866.508	 17
     866.516	  8
     866.674	  8
     868.186	  8
     868.524	  8
     868.856	  8
     869.252	  8
     869.618	  8
     869.958	  8
     870.372	  8
     871.154	  8
     871.618	  8
     871.942	  8
     872.596	  8
     873.252	  8
     874.320	  8
     880.702	  8
     880.982	  8
     881.436	  8
     881.792	  8
     882.100	  8
     882.548	  8
     886.676	  8
     887.462	  8
     887.744	  8
     888.090	  8
     888.486	  8
     889.330	  8
     889.656	  8
     889.920	  8
     890.346	  8
     890.678	  8
     891.190	  8
     891.522	  8
     891.754	  8
     892.110	  8
     892.572	  8
     893.258	  8
     893.478	  8
     893.762	  8
     893.980	  8
     894.258	  8
     894.416	  8
     894.640	  8
     894.736	  8
     895.262	  8
     895.680	  8
     896.130	  8
     896.290	  8
     896.608	  8
     896.986	  8
     897.480	  8
     897.832	  8
     898.244	  8
     898.638	  8
     899.160	  8
     899.734	  8
     900.038	  8
     900.258	  8
     900.464	  8
     900.860	  8
     901.266	  8
     901.462	  8
     901.648	  8
     901.814	  8
     902.070	  8
     902.456	  8
     903.054	  8
     903.554	  8
     903.970	  8
     904.284	  8
     904.546	  8
     905.530	  8
     905.894	  8
     906.420	  8
     906.768	  8
     907.412	  8
     907.688	  8
     908.338	  8
     909.070	  8
     909.298	  8
     909.712	  8
     910.434	  8
     910.554	  8
     912.154	  8
     913.310	  8
     913.972	  8
     914.424	  8
     914.780	  8
     915.102	  8
     915.392	  8
     916.164	  8
     916.748	  8
     917.018	  8
     918.274	  8
     918.788	  8
     919.770	  8
     919.828	  8
     920.552	  8
     920.870	  8
     921.392	  8
     921.800	  8
     922.520	  8
     922.644	  8
     923.162	  8
     924.104	  8
     924.660	  8
     925.542	  8
     926.508	 53
     928.694	  8
     928.694	 20
     928.694	 27
     928.704	 28
     928.704	 19
     928.804	 29
     928.998	  9
     948.824	 51
     948.834	 17
     955.818	  7
     956.268	  7
     956.806	  7
     957.500	  7
     961.568	  7
     963.604	  7
     966.360	  7
     969.154	  7
     971.570	  7
     971.784	  7
     975.090	  7
     979.486	  7
     981.974	  7
     985.236	  7
     989.248	  8
     989.524	  8
     990.222	  8
     990.788	  8
     991.094	  8
     991.542	  8
     992.074	  8
     992.496	  8
     992.886	  8
     993.438	  8
     993.798	  8
     994.138	  8
     994.542	  8
     994.974	  8
     995.364	  8
     995.758	  8
     996.146	  8
     996.782	  8
     996.966	  8
     997.324	  8
     997.700	  8
     998.168	  8
     998.756	  8
     999.106	  8
     999.440	  8
     999.734	  8
    1000.046	  8
    1000.412	  8
    1000.914	  8
    1001.396	  8
    1001.958	  8
    1002.324	  8
    1003.172	  8
    1003.450	  8
    1003.760	  8
    1004.242	  8
    1004.770	  8
    1005.014	  8
    1005.308	  8
    1005.482	  8
    1005.806	  8
    1006.482	  8
    1006.876	  8
    1007.278	  8
    1007.448	  8
    1007.856	  8
    1008.094	  8
    1008.518	  8
    1008.834	 53
    1009.172	  8
    1009.172	 20
    1009.172	 27
    1009.182	 28
    1009.182	 19
    1009.282	 29
    1009.476	  9
    1029.302	 50
    1029.312	 10
    1047.718	  7
    1049.800	  7
    1052.830	  7
    1058.730	  7
    1058.996	  7
    1059.312	 53
    1059.322	 20
    1059.322	 27
    1062.140	  7
    1062.440	  7
    1079.342	 51
    1079.352	 17
    1082.128	  7
    1084.712	  7
    1088.530	  7
    1091.448	  7
    1095.524	  7
    1098.538	  7
    1101.058	  7
    1104.956	  8
    1105.244	  8
    1105.736	  8
    1106.100	  8
    1106.488	  8
    1107.060	  8
    1107.466	  8
    1108.116	  8
    1108.612	  8
    1109.226	  8
    1109.636	  8
    1110.204	  8
    1110.716	  8
    1110.962	  8
    1111.512	  8
    1112.186	  8
    1112.492	  8
    1112.822	  8
    1113.274	  8
    1114.208	  8
    1114.470	  8
    1114.740	  8
    1114.966	  8
    1115.388	  8
    1115.898	  8
    1116.398	  8
    1116.796	  8
    1117.188	  8
    1117.578	  8
    1118.022	  8
    1118.356	  8
    1119.000	  8
    1119.384	  8
    1119.778	  8
    1120.226	  8
    1120.748	  8
    1121.076	  8
    1121.470	  8
    1122.126	  8
    1122.272	  8
    1122.480	  8
    1122.708	  8
    1122.970	  8
    1123.268	  8
    1123.592	  8
    1123.988	  8
    1124.300	  8
    1124.748	  8
    1124.944	  8
    1125.478	  8
    1125.798	  8
    1126.082	  8
    1126.170	  8
    1126.426	  8
    1126.754	  8
    1126.992	  8
    1127.434	  8
    1128.050	  8
    1128.338	  8
    1128.616	  8
    1128.950	  8
    1129.288	  8
    1129.632	  8
    1129.932	  8
    1130.288	  8
    1130.924	  8
    1131.552	  8
    1132.096	  8
    1132.256	  8
    1132.622	  8
    1132.990	  8
    1133.310	  8
    1133.762	  8
    1134.052	  8
    1134.498	  8
    1134.858	  8
    1135.176	  8
    1135.510	  8
    1135.862	  8
    1136.034	  8
    1136.468	  8
    1136.722	  8
    1136.938	  8
    1137.442	  8
    1137.708	  8
    1138.012	  8
    1138.336	  8
    1138.900	  8
    1139.352	 53
    1139.408	  8
    1139.408	 20
    1139.408	 27
    1139.418	 28
    1139.418	 19
    1139.518	 29
    1139.712	  9
    1159.538	 51
    1159.548	 17
    1173.526	  8
    1175.718	  8
    1178.376	  8
    1180.582	  8
    1187.462	  8
    1187.878	  8
    1190.822	  8
    1191.122	  8
    1191.574	  8
    1191.896	  8
    1193.434	  8
    1194.016	  8
    1194.706	  8
    1196.924	  8
    1197.700	  8
    1198.082	  8
    1198.524	  8
    1198.928	  8
    1199.358	  8
    1200.562	  8
    1201.148	  8
    1201.428	  8
    1201.720	  8
    1202.098	  8
    1202.572	  8
    1202.812	  8
    1203.176	  8
    1203.752	  8
    1203.882	  8
    1204.212	  8
    1205.256	  8
    1205.630	  8
    1206.068	  8
    1206.432	  8
    1207.200	  8
    1207.556	  8
    1207.880	  8
    1208.284	  8
    1208.524	  8
    1209.234	  8
    1209.410	  8
    1209.812	  8
    1211.342	  8
    1211.852	  8
    1212.266	  8
    1212.672	  8
    1213.298	  8
    1214.144	  8
    1214.408	  8
    1215.116	  8
    1215.832	  8
    1216.270	  8
    1216.894	  8
    1217.596	  8
    1218.350	  8
    1218.574	  8
    1219.278	  8
    1219.414	  8
    1219.548	 53
    1219.758	  8
    1219.758	 20
    1219.758	 27
    1219.768	 28
    1219.768	 19
    1219.868	 29
    1220.062	  9
    1224.576	  8
    1239.888	 51
    1239.898	 17
    1247.126	  7
    1248.188	  7
    1251.130	  7
    1254.200	  7
    1256.528	  7
    1259.898	  7
    1263.216	  7
    1266.036	  7
    1267.656	  7
    1270.872	  7
    1271.118	  7
    1273.364	  7
    1276.068	  7
    1279.328	  7
    1279.556	  7
    1279.734	  7
    1279.982	  7
    1280.116	  7
    1280.302	  7
    1280.410	  7
    1280.590	  7
    1280.840	  7
    1280.972	  7
    1281.190	  7
    1281.488	  7
    1281.798	  7
    1281.950	  7
    1282.572	  7
    1285.250	  7
    1286.978	  7
    1287.240	  7
    1289.556	  7
    1290.168	  7
    1294.744	  8
    1295.564	  8
    1296.034	  8
    1296.372	  8
    1296.748	  8
    1297.194	  8
    1297.736	  8
    1298.108	  8
    1298.544	  8
    1298.966	  8
    1299.312	  8
    1299.672	  8
    1299.898	 53
    1300.058	  8
    1300.058	 20
    1300.058	 27
    1300.068	 28
    1300.068	 19
    1300.168	 29
    1300.362	  9
    1320.188	 51
    1320.198	 17
    1334.360	  8
    1337.996	  8
    1349.946	  8
    1350.466	  8
    1351.778	  8
    1352.340	  8
    1352.844	  8
    1353.452	  8
    1354.148	  8
    1354.788	  8
    1355.184	  8
    1355.992	  8
    1356.446	  8
    1357.348	  8
    1358.104	  8
    1358.716	  8
    1359.210	  8
    1359.946	  8
    1360.754	  8
    1361.362	  8
    1361.742	  8
    1362.102	  8
    1362.508	  8
    1362.848	  8
    1363.538	  8
    1364.092	  8
    1364.816	  8
    1365.720	  8
    1366.078	  8
    1366.706	  8
    1367.616	  8
    1368.648	  8
    1369.656	  8
    1370.186	  8
    1371.398	  8
    1372.018	  8
    1372.694	  8
    1373.046	  8
    1374.100	  8
    1374.338	  8
    1374.876	  8
    1375.352	  8
    1375.694	  8
    1376.058	  8
    1376.490	  8
    1376.802	  8
    1377.520	  8
    1377.906	  8
    1378.366	  8
    1378.616	  8
    1378.918	  8
    1379.242	  8
    1379.524	  8
    1379.824	  8
    1380.198	 53
    1380.704	  8
    1380.704	 20
    1380.704	 27
    1380.714	 28
    1380.714	 19
    1380.814	 29
    1381.008	  9
    1400.834	 50
    1400.844	 10
    1430.416	  8
    1430.844	 53
    1430.854	 20
    1430.854	 27
    1430.904	  8
    1440.760	  7
    1441.890	  7
    1442.814	  7
    1450.874	 51
    1450.884	 17
    1469.206	  7
    1469.472	  7
    1469.892	  7
    1470.024	  7
    1470.734	  7
    1470.950	  7
    1471.560	  7
    1471.684	  7
    1475.504	  7
    1479.780	  7
    1483.672	  7
    1483.734	  7
    1486.360	  7
    1488.668	  7
    1488.910	  7
    1493.748	  7
    1497.682	  8
    1498.064	  8
    1498.418	  8
    1498.900	  8
    1499.362	  8
    1499.844	  8
    1500.158	  8
    1500.766	  8
    1501.162	  8
    1501.674	  8
    1502.002	  8
    1502.386	  8
    1502.974	  8
    1503.300	  8
    1503.674	  8
    1504.200	  8
    1504.528	  8
    1505.002	  8
    1505.608	  8
    1506.052	  8
    1506.496	  8
    1506.916	  8
    1507.550	  8
    1507.872	  8
    1508.052	  8
    1508.686	  8
    1508.960	  8
    1509.392	  8
    1509.596	  8
    1509.920	  8
    1510.270	  8
    1510.536	  8
    1510.884	 53
    1511.338	  8
    1511.338	 20
    1511.338	 27
    1511.348	 28
    1511.348	 19
    1511.448	 29
    1511.642	  9
    1531.468	 50
    1531.478	 10
    1550.170	  8
    1550.650	  8
    1550.872	  8
    1551.216	  8
    1552.082	  8
    1552.456	  8
    1552.870	  8
    1553.330	  8
    1554.022	  8
    1554.274	  8
    1554.536	  8
    1554.852	  8
    1555.212	  8
    1555.566	  8
    1556.024	  8
    1556.648	  8
    1557.144	  8
    1557.464	  8
    1557.778	  8
    1558.044	  8
    1558.302	  8
    1558.576	  8
    1558.962	  8
    1559.386	  8
    1559.714	  8
    1560.138	  8
    1561.132	  8
    1561.478	 53
    1561.488	 20
    1561.488	 27
    1561.698	  8
    1562.824	  8
    1563.690	  8
    1564.010	  8
    1581.508	 50
    1581.518	 10
    1599.830	  8
    1600.300	  8
    1600.598	  8
    1600.786	  8
    1601.280	  8
    1601.742	  8
    1602.194	  8
    1603.074	  8
    1603.504	  8
    1604.036	  8
    1604.476	  8
    1604.832	  8
    1605.218	  8
    1605.650	  8
    1606.128	  8
    1606.508	  8
    1607.040	  8
    1607.362	  8
    1607.726	  8
    1608.728	  8
    1609.066	  8
    1609.712	  8
    1610.242	  8
    1610.690	  8
    1611.054	  8
    1611.400	  8
    1611.518	 53
    1611.528	 20
    1611.528	 27
    1612.350	  8
    1631.548	 50
    1631.558	 10
    1641.188	  8
    1644.332	  8
    1644.656	  8
    1645.084	  8
    1645.550	  8
    1646.204	  8
    1647.514	  8
    1647.888	  8
    1648.284	  8
    1649.044	  8
    1649.418	  8
    1649.836	  8
    1650.042	  8
    1650.662	  8
    1651.092	  8
    1651.750	  8
    1653.002	  8
    1653.388	  8
    1653.820	  8
    1654.188	  8
    1654.326	  8
    1655.008	  8
    1655.900	  8
    1656.082	  8
    1656.276	  8
    1656.570	  8
    1657.006	  8
    1657.464	  8
    1658.254	  8
    1658.632	  8
    1659.026	  8
    1659.654	  8
    1659.922	  8
    1660.250	  8
    1660.564	  8
    1661.004	  8
    1661.362	  8
    1661.558	 53
    1661.568	 20
    1661.568	 27
    1661.598	  8
    1662.352	  8
    1662.698	  8
    1663.184	  8
    1663.626	  8
    1663.940	  8
    1664.198	  8
    1664.616	  8
    1664.920	  8
    1665.118	  8
    1665.466	  8
    1665.558	  8
    1665.816	  8
    1666.336	  8
    1667.916	  8
    1668.322	  8
    1668.716	  8
    1668.754	  8
    1669.230	  8
    1669.694	  8
    1670.532	  8
    1681.588	 50
    1681.598	 10
    1684.494	  7
    1684.782	  7
    1687.478	  7
    1690.398	  7
    1691.354	  7
    1694.134	  7
    1696.502	  7
    1696.646	  7
    1699.244	  7
    1701.608	  7
    1705.950	  7
    1708.124	  8
    1708.440	  8
    1708.808	  8
    1709.224	  8
    1709.756	  8
    1710.178	  8
    1710.856	  8
    1711.230	  8
    1711.598	 53
    1711.608	 20
    1711.608	 27
    1711.656	  8
    1712.320	  8
    1714.074	  8
    1719.468	  7
    1719.858	  7
    1720.306	  7
    1720.550	  7
    1720.618	  7
    1720.756	  7
    1722.102	  7
    1722.482	  7
    1727.772	  7
    1728.920	  7
    1729.354	  7
    1729.450	  7
    1731.628	 51
    1731.638	 17
    1733.268	  7
    1737.292	  7
    1739.296	  7
    1739.500	  7
    1739.812	  7
    1740.202	  7
    1744.024	  7
    1744.142	  7
    1744.290	  7
    1747.030	  7
    1750.928	  7
    1757.426	  7
    1761.098	  7
    1766.588	  7
    1769.054	  7
    1769.406	  7
    1769.448	  7
    1772.802	  8
    1773.334	  8
    1773.860	  8
    1774.462	  8
    1774.996	  8
    1775.492	  8
    1775.934	  8
    1776.344	  8
    1776.692	  8
    1777.190	  8
    1777.716	  8
    1778.366	  8
    1778.808	  8
    1779.252	  8
    1779.810	  8
    1780.366	  8
    1780.932	  8
    1781.382	  8
    1782.022	  8
    1782.394	  8
    1782.844	  8
    1783.196	  8
    1783.540	  8
    1784.048	  8
    1784.534	  8
    1785.132	  8
    1785.516	  8
    1786.042	  8
    1786.830	  8
    1787.148	  8
    1787.776	  8
    1788.028	  8
    1788.464	  8
    1788.500	  8
    1788.898	  8
    1789.362	  8
    1789.414	  8
    1789.542	  8
    1789.846	  8
    1790.192	  8
    1790.544	  8
    1790.862	  8
    1791.012	  8
    1791.416	  8
    1791.638	 53
    1791.770	  8
    1791.770	 20
    1791.770	 27
    1791.780	 28
    1791.780	 19
    1791.880	 29
    1792.074	  9
    1811.900	 50
    1811.910	 10
    1827.688	  8
    1834.188	  8
    1841.910	 53
    1841.920	 20
    1841.920	 27
    1861.940	 52
    1861.950	 18
    1965.290	  8
    1965.662	  8
    1966.048	  8
    1966.484	  8
    1967.046	  8
    1967.470	  8
    1967.988	  8
    1968.572	  8
    1969.330	  8
    1969.746	  8
    1970.074	  8
    1970.526	  8
    1971.020	  8
    1971.468	  8
    1972.130	  8
    1973.410	  8
    1973.602	  8
    1973.808	  8
    1974.204	  8
    1974.844	  8
    1975.208	  8
    1975.644	  8
    1976.328	  8
    1976.864	  8
    1977.518	  8
    1977.882	  8
    1978.274	  8
    1978.898	  8
    1980.508	  8
    1980.918	  8
    1981.408	  8
    1981.794	  8
    1981.950	 53
    1982.198	  8
    1982.198	 20
    1982.198	 27
    1982.208	 28
    1982.208	 19
    1982.308	 29
    1982.502	  9
    1986.626	  8
    1987.124	  8
    2002.328	 50
    2002.338	 10
    2016.576	  8
    2020.482	  8
    2032.338	 53
    2032.348	 20
    2032.348	 27
    2032.398	  8
    2052.368	 50
    2052.378	 10
    2063.884	  8
    2064.166	  8
    2064.700	  8
    2065.122	  8
    2065.580	  8
    2066.218	  8
    2066.738	  8
    2067.160	  8
    2067.720	  8
    2068.250	  8
    2068.784	  8
    2069.286	  8
    2070.074	  8
    2070.394	  8
    2070.746	  8
    2071.058	  8
    2071.396	  8
    2071.932	  8
    2072.476	  8
    2072.784	  8
    2073.116	  8
    2073.518	  8
    2073.862	  8
    2074.252	  8
    2075.272	  8
    2075.604	  8
    2075.952	  8
    2076.376	  8
    2076.864	  8
    2077.302	  8
    2077.812	  8
    2078.236	  8
    2078.594	  8
    2078.956	  8
    2079.284	  8
    2079.668	  8
    2079.968	  8
    2080.378	  8
    2081.038	  8
    2081.470	  8
    2081.882	  8
    2082.230	  8
    2082.378	 53
    2082.388	 20
    2082.388	 27
    2082.540	  8
    2083.028	  8
    2083.274	  8
    2084.550	  8
    2084.636	  8
    2085.694	  8
    2086.416	  8
    2097.652	  8
    2098.014	  8
    2099.118	  8
    2102.408	 51
    2102.418	 17
    2114.660	  8
    2116.262	  8
    2116.690	  8
    2117.404	  8
    2118.486	  8
    2119.420	  8
    2119.982	  8
    2120.424	  8
    2121.374	  8
    2121.608	  8
    2122.142	  8
    2123.496	  8
    2123.758	  8
    2124.400	  8
    2125.084	  8
    2125.476	  8
    2125.852	  8
    2127.504	  8
    2128.758	  8
    2129.412	  8
    2129.824	  8
    2130.270	  8
    2130.672	  8
    2131.072	  8
    2132.406	  8
    2133.004	  8
    2133.488	  8
    2134.078	  8
    2134.492	  8
    2134.790	  8
    2135.204	  8
    2135.846	  8
    2136.226	  8
    2136.580	  8
    2137.246	  8
    2137.878	  8
    2138.350	  8
    2138.880	  8
    2139.194	  8
    2139.354	  8
    2139.612	  8
    2139.924	  8
    2140.296	  8
    2140.656	  8
    2141.280	  8
    2142.238	  8
    2142.592	  8
    2142.820	  8
    2143.350	  8
    2143.738	  8
    2144.078	  8
    2144.970	  8
    2145.466	  8
    2146.548	  8
    2146.832	  8
    2148.472	  8
    2149.096	  8
    2151.196	  8
    2151.830	  8
    2152.288	  8
    2152.576	  8
    2152.930	  8
    2153.466	  8
    2153.766	  8
    2154.130	  8
    2154.520	  8
    2154.826	  8
    2155.110	  8
    2155.448	  8
    2156.358	  8
    2156.946	  8
    2157.262	  8
    2157.796	  8
    2158.506	  8
    2161.306	  8
    2161.600	  8
    2161.948	  8
    2162.212	  8
    2162.418	 53
    2162.502	  8
    2162.502	 20
    2162.502	 27
    2162.512	 28
    2162.512	 19
    2162.612	 29
    2162.806	  9
    2164.350	  8
    2182.632	 51
    2182.642	 17
    2206.838	  8
    2207.138	  8
    2207.414	  8
    2207.550	  8
    2208.118	  8
    2208.480	  8
    2209.020	  8
    2209.388	  8
    2209.938	  8
    2210.542	  8
    2211.246	  8
    2211.590	  8
    2212.074	  8
    2212.804	  8
    2213.296	  8
    2213.652	  8
    2213.980	  8
    2214.094	  8
    2214.512	  8
    2214.802	  8
    2215.222	  8
    2215.398	  8
    2215.800	  8
    2216.218	  8
    2216.356	  8
    2216.742	  8
    2217.152	  8
    2220.452	  8
    2220.740	  8
    2227.548	  8
    2227.934	  8
    2228.224	  8
    2228.544	  8
    2229.038	  8
    2229.612	  8
    2230.844	  8
    2231.746	  8
    2232.300	  8
    2232.604	  8
    2233.416	  8
    2234.326	  8
    2234.784	  8
    2235.144	  8
    2235.522	  8
    2235.914	  8
    2236.692	  8
    2237.484	  8
    2237.712	  8
    2238.108	  8
    2238.548	  8
    2239.020	  8
    2239.636	  8
    2239.968	  8
    2240.720	  8
    2241.748	  8
    2242.186	  8
    2242.568	  8
    2242.642	 53
    2243.238	  8
    2243.238	 20
    2243.238	 27
    2243.248	 28
    2243.248	 19
    2243.348	 29
    2243.542	  9
    2263.368	 52
    2263.378	 18
    2299.110	  8
    2308.474	  7
    2309.244	  7
    2310.170	  7
    2317.860	  7
    2318.152	  7
    2322.536	  7
    2322.756	  7
    2326.298	  7
    2326.572	  7
    2329.674	  7
    2333.320	  7
    2333.680	  7
    2337.076	  7
    2341.490	  7
    2344.396	  7
    2348.814	  8
    2363.462	  8
    2364.986	  8
    2381.344	  8
    2382.142	  8
    2383.378	 53
    2383.668	  8
    2383.668	 20
    2383.668	 27
    2383.678	 28
    2383.678	 19
    2383.778	 29
    2384.216	  9
    2403.798	 50
    2403.808	 10
    2423.360	  8
    2423.964	  8
    2424.862	  8
    2425.418	  8
    2426.100	  8
    2426.452	  8
    2427.888	  8
    2428.730	  8
    2429.160	  8
    2429.538	  8
    2429.956	  8
    2430.254	  8
    2430.738	  8
    2431.236	  8
    2431.634	  8
    2432.052	  8
    2432.394	  8
    2432.818	  8
    2433.190	  8
    2433.604	  8
    2433.808	 53
    2433.818	 20
    2433.818	 27
    2453.838	 50
    2453.848	 10
    2460.506	  8
    2460.952	  8
    2466.544	  8
    2480.040	  8
    2480.600	  8
    2483.572	  8
    2483.848	 53
    2483.858	 20
    2483.858	 27
    2503.878	 52
    2503.888	 18
    2528.676	  8
    2532.466	  8
    2533.108	  8
    2533.778	  8
    2535.356	  8
    2535.546	  8
    2536.320	  8
    2538.438	  8
    2539.424	  8
    2539.842	  8
    2547.822	  8
    2548.026	  8
    2548.380	  8
    2548.826	  8
    2552.982	  8
    2554.538	  8
    2623.888	 53
    2635.966	  8
    2635.966	 20
    2635.966	 27
    2635.976	 28
    2635.976	 19
    2636.076	 29
    2636.270	  9
    2656.096	 50
    2656.106	 10
    2681.232	  8
    2684.058	  8
    2684.398	  8
    2685.024	  8
    2685.428	  8
    2685.908	  8
    2686.106	 53
    2686.116	 20
    2686.116	 27
    2687.390	  8
    2687.558	  8
    2691.306	  8
    2692.222	  8
    2697.760	  8
    2699.072	  8
    2703.838	  8
    2704.094	  8
    2706.136	 50
    2706.146	 10
    2712.242	  7
    2712.330	  7
    2714.946	  7
    2715.614	  7
    2721.274	  7
    2723.362	  7
    2725.960	  7
    2729.230	  7
    2732.742	  7
    2735.444	  7
    2736.146	 53
    2736.156	 20
    2736.156	 27
    2740.664	  7
    2741.028	  7
    2744.468	  7
    2744.686	  7
    2748.764	  7
    2753.960	  8
    2756.176	 52
    2756.186	 18
    2759.520	  8
    2767.328	  8
    2769.368	  8
    2796.830	  8
    2797.298	  8
    2797.758	  8
    2798.444	  8
    2799.222	  8
    2800.674	  8
    2801.148	  8
    2803.320	  8
    2804.610	  8
    2805.056	  8
    2805.546	  8
    2806.004	  8
    2806.556	  8
    2807.060	  8
    2807.540	  8
    2809.814	  8
    2811.856	  8
    2812.886	  8
    2813.296	  8
    2813.734	  8
    2814.422	  8
    2815.506	  8
    2815.990	  8
    2816.390	  8
    2816.870	  8
    2820.558	  8
    2821.208	  8
    2821.572	  8
    2822.058	  8
    2822.646	  8
    2823.190	  8
    2824.078	  8
    2824.982	  8
    2825.550	  8
    2826.408	  8
    2828.226	  8
    2829.544	  8
    2830.032	  8
    2830.780	  8
    2831.926	  8
    2832.736	  8
    2833.162	  8
    2833.620	  8
    2834.066	  8
    2834.170	  8
    2834.804	  8
    2835.182	  8
    2836.642	  8
    2836.966	  8
    2837.532	  8
    2837.902	  8
    2838.554	  8
    2838.932	  8
    2839.320	  8
    2839.846	  8
    2840.748	  8
    2841.466	  8
    2842.082	  8
    2842.490	  8
    2843.072	  8
    2843.742	  8
    2844.138	  8
    2844.600	  8
    2845.254	  8
    2845.692	  8
    2846.136	  8
    2846.594	  8
    2847.390	  8
    2848.160	  8
    2848.386	  8
    2848.492	  8
    2848.806	  8
    2849.228	  8
    2849.662	  8
    2850.066	  8
    2850.514	  8
    2851.058	  8
    2851.926	  8
    2852.622	  8
    2853.222	  8
    2853.758	  8
    2854.504	  8
    2855.242	  8
    2855.690	  8
    2856.144	  8
    2856.568	  8
    2858.270	  8
    2859.090	  8
    2859.996	  8
    2860.440	  8
    2860.848	  8
    2861.364	  8
    2861.996	  8
    2862.752	  8
    2863.430	  8
    2863.846	  8
    2864.224	  8
    2864.604	  8
    2864.948	  8
    2865.376	  8
    2865.882	  8
    2866.298	  8
    2866.430	  8
    2866.698	  8
    2866.742	  8
    2866.990	  8
    2867.394	  8
    2867.830	  8
    2868.730	  8
    2869.352	  8
    2869.854	  8
    2870.234	  8
    2870.790	  8
    2871.436	  8
    2871.878	  8
    2872.336	  8
    2873.018	  8
    2873.484	  8
    2873.944	  8
    2874.346	  8
    2875.688	  8
    2876.186	 53
    2876.474	  8
    2876.474	 20
    2876.474	 27
    2876.484	 28
    2876.484	 19
    2876.584	 29
    2876.778	  9
    2896.604	 52
    2896.614	 18
    2972.958	  8
    2973.424	  8
    2973.642	  8
    2991.916	  8
    2992.756	  8
    2993.184	  8
    2993.300	  8
    2994.046	  8
    2995.918	  8
    2996.290	  8
    2996.792	  8
    2997.104	  8
    3000.878	  8
    3001.860	  8
    3003.844	  8
    3004.780	  8
    3006.492	  8
    3007.664	  8
    3008.356	  8
    3008.832	  8
    3009.888	  8
    3010.760	  8
    3011.330	  8
    3012.166	  8
    3012.818	  8
    3013.684	  8
    3014.288	  8
    3014.824	  8
    3015.468	  8
    3016.386	  8
    3016.614	 53
    3016.806	  8
    3016.806	 20
    3016.806	 27
    3016.816	 28
    3016.816	 19
    3016.916	 29
    3017.110	  9
    3036.936	 50
    3036.946	 10
    3055.094	  8
    3056.798	  8
    3057.166	  8
    3057.522	  8
    3058.760	  8
    3059.646	  8
    3060.282	  8
    3060.662	  8
    3061.098	  8
    3061.874	  8
    3062.190	  8
    3062.554	  8
    3062.940	  8
    3063.274	  8
    3063.574	  8
    3064.274	  8
    3064.814	  8
    3065.202	  8
    3065.780	  8
    3066.856	  8
    3066.946	 53
    3066.956	 20
    3066.956	 27
    3067.756	  8
    3069.044	  8
    3086.976	 50
    3086.986	 10
    3097.100	  8
    3097.654	  8
    3098.158	  8
    3098.698	  8
    3099.146	  8
    3099.554	  8
    3099.982	  8
    3102.448	  8
    3102.928	  8
    3103.744	  8
    3104.184	  8
    3104.574	  8
    3105.610	  8
    3106.120	  8
    3106.598	  8
    3107.896	  8
    3108.364	  8
    3112.406	  8
    3112.816	  8
    3113.172	  8
    3113.550	  8
    3114.020	  8
    3114.406	  8
    3114.874	  8
    3115.580	  8
    3116.108	  8
    3116.808	  8
    3116.986	 53
    3116.996	 20
    3116.996	 27
    3117.762	  8
    3135.268	  8
    3137.016	 52
    3137.026	 18
    3193.824	  7
    3194.784	  7
    3197.178	  7
    3201.616	  7
    3205.002	  7
    3208.352	  7
    3208.774	  7
    3208.874	  7
    3212.366	  7
    3217.846	  7
    3218.368	  7
    3221.494	  7
    3221.806	  7
    3224.888	  7
    3225.160	  7
    3228.080	  7
    3228.468	  7
    3231.278	  7
    3231.606	  7
    3237.326	  8
    3237.568	  8
    3237.708	  8
    3238.008	  8
    3238.392	  8
    3238.910	  8
    3239.350	  8
    3239.940	  8
    3240.288	  8
    3240.688	  8
    3241.146	  8
    3241.630	  8
    3242.054	  8
    3242.570	  8
    3243.070	  8
    3243.604	  8
    3244.124	  8
    3245.360	  8
    3245.792	  8
    3246.116	  8
    3246.344	  8
    3246.450	  8
    3247.000	  8
    3247.740	  8
    3248.452	  8
    3249.160	  8
    3249.604	  8
    3250.388	  8
    3250.410	  8
    3250.566	  8
    3250.886	  8
    3251.212	  8
    3251.624	  8
    3251.994	  8
    3252.410	  8
    3252.956	  8
    3253.870	  8
    3254.470	  8
    3254.772	  8
    3255.306	  8
    3255.806	  8
    3256.488	  8
    3256.848	  8
    3257.026	 53
    3257.242	  8
    3257.242	 20
    3257.242	 27
    3257.252	 28
    3257.252	 19
    3257.352	 29
    3257.546	  9
    3258.688	  8
    3277.372	 52
    3277.382	 18
    3315.830	  7
    3316.140	  7
    3316.188	  7
    3316.330	  7
    3316.508	  7
    3318.300	  7
    3321.500	  7
    3322.434	  7
    3324.776	  7
    3328.108	  7
    3328.236	  7
    3329.132	  7
    3329.772	  7
    3334.382	  7
    3335.338	  7
    3336.254	  7
    3340.072	  7
    3343.364	  7
    3343.488	  7
    3348.236	  7
    3348.540	  7
    3355.144	  7
    3359.430	  7
    3361.000	  7
    3366.212	  7
    3366.434	  7
    3370.830	  7
    3370.970	  7
    3371.132	  7
    3371.262	  7
    3372.860	  7
    3372.982	  7
    3373.134	  7
    3373.308	  7
    3373.510	  7
    3373.566	  7
    3377.312	  7
    3377.466	  7
    3377.646	  7
    3379.388	  7
    3382.722	  7
    3382.778	  7
    3383.754	  7
    3384.520	  7
    3384.802	  7
    3388.046	  7
    3391.098	  7
    3394.210	  7
    3394.596	  7
    3397.382	 53
    3397.846	  7
    3399.524	  7
    3402.334	  7
    3405.282	  7
    3407.558	  7
    3411.986	  8
    3411.986	 20
    3411.986	 27
    3411.996	 28
    3411.996	 19
    3412.096	 29
    3412.290	  9
    3432.116	 52
    3432.126	 18
    3465.342	  8
    3466.126	  8
    3467.036	  8
    3468.190	  8
    3469.546	  8
    3470.466	  8
    3507.542	  8
    3508.466	  8
    3509.168	  8
    3509.496	  8
    3512.188	  8
    3513.458	  8
    3514.036	  8
    3514.602	  8
    3515.282	  8
    3517.544	  8
    3518.112	  8
    3519.016	  8
    3519.382	  8
    3520.110	  8
    3520.636	  8
    3521.450	  8
    3522.068	  8
    3522.618	  8
    3522.994	  8
    3523.674	  8
    3524.482	  8
    3524.972	  8
    3527.288	  8
    3527.592	  8
    3527.940	  8
    3528.378	  8
    3528.730	  8
    3529.118	  8
    3529.510	  8
    3529.774	  8
    3529.900	  8
    3531.638	  8
    3532.064	  8
    3532.472	  8
    3532.848	  8
    3533.536	  8
    3534.008	  8
    3534.800	  8
    3535.174	  8
    3535.594	  8
    3535.950	  8
    3536.382	  8
    3536.932	  8
    3537.506	  8
    3538.060	  8
    3538.704	  8
    3539.282	  8
    3539.706	  8
    3540.502	  8
    3541.134	  8
    3544.536	  8
    3544.870	  8
    3545.286	  8
    3545.652	  8
    3546.052	  8
    3546.526	  8
    3546.868	  8
    3547.248	  8
    3547.562	  8
    3547.948	  8
    3548.326	  8
    3548.772	  8
    3549.322	  8
    3549.632	  8
    3550.132	  8
    3550.432	  8
    3550.844	  8
    3551.288	  8
    3551.686	  8
    3552.126	 53
    3552.422	  8
    3552.422	 20
    3552.422	 27
    3552.432	 28
    3552.432	 19
    3552.532	 29
    3552.726	  9
    3572.552	 52
    3572.562	 18
    3578.580	  8
    3601.670	  8
    3635.406	  8
    3636.248	  8
    3636.526	  8
    3638.748	  8
    3639.228	  8
    3639.452	  8
    3639.542	  8
    3639.628	  8
    3656.620	  8
    3657.120	  8
    3657.456	  8
    3657.870	  8
    3658.712	  8
    3659.068	  8
    3661.880	  8
    3662.326	  8
    3662.774	  8
    3663.136	  8
    3663.564	  8
    3664.008	  8
    3664.362	  8
    3664.816	  8
    3667.010	  8
    3667.494	  8
    3668.030	  8
    3668.570	  8
    3669.140	  8
    3669.554	  8
    3670.146	  8
    3670.528	  8
    3671.002	  8
    3688.050	  8
    3688.530	  8
    3689.026	  8
    3689.324	  8
    3689.734	  8
    3690.372	  8
    3690.882	  8
    3691.284	  8
    3691.656	  8
    3692.166	  8
    3692.562	 53
    3692.664	  8
    3692.664	 20
    3692.664	 27
    3692.674	 28
    3692.674	 19
    3692.774	 29
    3693.212	  9
    3712.794	 50
    3712.804	 10
    3731.112	  8
    3734.052	  8
    3735.164	  8
    3735.754	  8
    3736.236	  8
    3736.762	  8
    3737.658	  8
    3738.544	  8
    3742.176	  8
    3742.752	  8
    3742.804	 53
    3742.814	 20
    3742.814	 27
    3743.934	  8
    3747.884	  8
    3762.834	 52
    3762.844	 18
    3765.870	  7
    3766.230	  7
    3767.552	  7
    3767.684	  7
    3768.926	  7
    3769.408	  7
    3771.632	  7
    3772.128	  7
    3772.924	  7
    3773.080	  7
    3773.630	  7
    3776.994	  7
    3777.480	  7
    3778.550	  7
    3779.356	  7
    3779.500	  7
    3782.778	  7
    3783.054	  7
    3787.630	  7
    3787.772	  7
    3788.292	  7
    3789.524	  7
    3789.772	  7
    3790.606	  7
    3791.202	  7
    3791.608	  7
    3798.088	  7
    3803.260	  7
    3803.422	  7
    3808.314	  7
    3812.398	  7
    3816.850	  7
    3818.416	  7
    3819.702	  7
    3825.100	  7
    3827.708	  7
    3828.066	  7
    3830.818	  7
    3836.820	  8
    3837.192	  8
    3837.570	  8
    3837.928	  8
    3838.308	  8
    3838.656	  8
    3839.026	  8
    3839.390	  8
    3839.726	  8
    3840.168	  8
    3840.604	  8
    3841.040	  8
    3841.602	  8
    3841.970	  8
    3842.518	  8
    3842.910	  8
    3843.196	  8
    3843.644	  8
    3844.236	  8
    3844.804	  8
    3845.162	  8
    3845.656	  8
    3845.978	  8
    3846.316	  8
    3846.938	  8
    3847.490	  8
    3847.912	  8
    3848.148	  8
    3848.532	  8
    3849.012	  8
    3849.394	  8
    3850.014	  8
    3850.502	  8
    3850.860	  8
    3851.318	  8
    3851.720	  8
    3852.298	  8
    3852.684	  8
    3852.832	  8
    3853.116	  8
    3853.534	  8
    3854.236	  8
    3854.886	  8
    3855.524	  8
    3856.252	  8
    3856.906	  8
    3857.304	  8
    3857.694	  8
    3858.072	  8
    3859.466	  8
    3859.956	  8
    3860.308	  8
    3860.688	  8
    3861.206	  8
    3861.402	  8
    3861.730	  8
    3862.070	  8
    3862.486	  8
    3862.856	  8
    3863.258	  8
    3863.506	  8
    3863.798	  8
    3864.060	  8
    3864.712	  8
    3865.318	  8
    3865.672	  8
    3866.166	  8
    3866.508	  8
    3866.744	  8
    3867.138	  8
    3867.570	  8
    3867.966	  8
    3868.618	  8
    3868.940	  8
    3869.198	  8
    3869.456	  8
    3869.984	  8
    3870.280	  8
    3870.538	  8
    3870.606	  8
    3870.952	  8
    3871.300	  8
    3871.560	  8
    3871.908	  8
    3872.248	  8
    3872.516	  8
    3872.788	  8
    3873.020	  8
    3873.946	  8
    3874.274	  8
    3874.626	  8
    3875.096	  8
    3876.188	  8
    3876.968	  8
    3877.200	  8
    3877.766	  8
    3878.078	  8
    3878.422	  8
    3878.674	  8
    3878.932	  8
    3879.382	  8
    3879.766	  8
    3880.542	  8
    3881.114	  8
    3881.528	  8
    3882.040	  8
    3882.448	  8
    3882.844	 53
    3883.240	  8
    3883.240	 20
    3883.240	 27
    3883.250	 28
    3883.250	 19
    3883.350	 29
    3883.544	  9
    3903.370	 50
    3903.380	 10
    3917.322	  8
    3931.394	  8
    3931.824	  8
    3933.380	 53
    3933.390	 20
    3933.390	 27
    3944.204	  8
    3944.750	  8
    3953.410	 52
    3953.420	 18
    3994.240	  8
    4031.214	  8
    4031.696	  8
    4032.336	  8
    4033.408	  8
    4033.872	  8
    4034.672	  8
    4035.014	  8
    4035.774	  8
    4036.496	  8
    4036.592	  8
    4036.994	  8
    4073.420	 53
    4089.856	  8
    4089.856	 20
    4089.856	 27
    4089.866	 28
    4089.866	 19
    4089.966	 29
    4090.404	  9
    4109.986	 52
    4109.996	 18
    4151.914	  8
    4159.438	  8
    4163.646	  8
    4168.908	  8
    4169.638	  8
    4170.086	  8
    4170.652	  8
    4172.190	  8
    4172.820	  8
    4174.560	  8
    4176.858	  8
    4177.478	  8
    4178.122	  8
    4178.570	  8
    4179.436	  8
    4179.698	  8
    4180.382	  8
    4181.072	  8
    4182.002	  8
    4183.498	  8
    4185.294	  8
    4188.758	  8
    4189.456	  8
    4189.774	  8
    4190.874	  8
    4191.880	  8
    4192.268	  8
    4193.392	  8
    4194.444	  8
    4194.908	  8
    4195.494	  8
    4195.888	  8
    4196.468	  8
    4196.974	  8
    4197.626	  8
    4198.002	  8
    4198.668	  8
    4199.116	  8
    4199.556	  8
    4200.016	  8
    4200.440	  8
    4200.868	  8
    4201.720	  8
    4202.016	  8
    4202.594	  8
    4203.542	  8
    4203.878	  8
    4204.234	  8
    4204.530	  8
    4205.172	  8
    4205.622	  8
    4206.010	  8
    4206.724	  8
    4206.996	  8
    4207.886	  8
    4208.164	  8
    4208.906	  8
    4209.302	  8
    4209.630	  8
    4210.134	  8
    4210.566	  8
    4210.978	  8
    4212.204	  8
    4212.564	  8
    4213.154	  8
    4213.658	  8
    4214.016	  8
    4214.324	  8
    4214.648	  8
    4215.050	  8
    4215.484	  8
    4215.802	  8
    4216.248	  8
    4216.570	  8
    4217.054	  8
    4217.414	  8
    4218.118	  8
    4218.724	  8
    4219.666	  8
    4220.100	  8
    4220.412	  8
    4220.812	  8
    4221.402	  8
    4221.966	  8
    4222.384	  8
    4222.746	  8
    4223.416	  8
    4223.538	  8
    4224.032	  8
    4224.226	  8
    4224.616	  8
    4224.962	  8
    4225.256	  8
    4225.546	  8
    4226.082	  8
    4226.866	  8
    4227.238	  8
    4228.206	  8
    4228.496	  8
    4228.848	  8
    4229.188	  8
    4229.608	  8
    4229.996	 53
    4230.104	  8
    4230.104	 20
    4230.104	 27
    4230.114	 28
    4230.114	 19
    4230.214	 29
    4230.408	  9
    4250.234	 50
    4250.244	 10
    4278.000	  8
    4280.244	 53
    4280.254	 20
    4280.254	 27
    4300.274	 52
    4300.284	 18
    4312.570	  8
    4383.816	  8
    4384.272	  8
    4385.202	  8
    4385.736	  8
    4386.142	  8
    4386.692	  8
    4387.174	  8
    4387.658	  8
    4388.414	  8
    4388.936	  8
    4389.662	  8
    4390.188	  8
    4390.840	  8
    4391.574	  8
    4392.634	  8
    4392.830	  8
    4393.888	  8
    4394.384	  8
    4394.812	  8
    4395.618	  8
    4397.070	  8
    4397.354	  8
    4397.702	  8
    4398.122	  8
    4398.244	  8
    4398.736	  8
    4399.860	  8
    4400.878	  8
    4401.254	  8
    4401.782	  8
    4402.350	  8
    4402.880	  8
    4403.368	  8
    4403.958	  8
    4404.464	  8
    4404.752	  8
    4405.280	  8
    4405.604	  8
    4405.732	  8
    4406.168	  8
    4406.680	  8
    4406.932	  8
    4407.240	  8
    4407.540	  8
    4407.944	  8
    4409.244	  8
    4409.364	  8
    4409.566	  8
    4409.980	  8
    4410.904	  8
    4411.352	  8
    4411.936	  8
    4412.406	  8
    4412.882	  8
    4413.158	  8
    4413.522	  8
    4413.880	  8
    4414.464	  8
    4414.868	  8
    4415.258	  8
    4415.736	  8
    4416.232	  8
    4416.450	  8
    4416.902	  8
    4417.410	  8
    4417.766	  8
    4418.250	  8
    4418.596	  8
    4419.360	  8
    4419.658	  8
    4419.950	  8
    4420.252	  8
    4420.284	 53
    4420.696	  8
    4420.696	 20
    4420.696	 27
    4420.706	 28
    4420.706	 19
    4420.806	 29
    4421.000	  9
    4422.568	  8
    4422.928	  8
    4440.826	 51
    4440.836	 17
    4452.626	  7
    4453.466	  7
    4457.466	  7
    4461.514	  7
    4466.598	  7
    4472.424	  7
    4477.326	  7
    4480.698	  7
    4485.050	  8
    4485.432	  8
    4486.392	  8
    4486.728	  8
    4487.094	  8
    4487.576	  8
    4488.128	  8
    4488.584	  8
    4489.388	  8
    4490.570	  8
    4490.954	  8
    4491.542	  8
    4492.062	  8
    4492.548	  8
    4493.046	  8
    4493.696	  8
    4494.354	  8
    4494.808	  8
    4495.278	  8
    4495.840	  8
    4496.216	  8
    4496.612	  8
    4497.044	  8
    4498.080	  8
    4499.114	  8
    4499.470	  8
    4499.990	  8
    4500.538	  8
    4500.836	 53
    4500.966	  8
    4500.966	 20
    4500.966	 27
    4500.976	 28
    4500.976	 19
    4501.076	 29
    4501.270	  9
    4507.306	  8
    4507.436	  8
    4510.354	  8
    4521.096	 52
    4521.106	 18
    4550.310	  8
    4555.034	  3
    4555.528	  4
    4555.832	  3
    4558.280	  4
    4558.532	  3
    4558.652	  4
    4565.164	  7
    4566.708	  7
    4571.768	  7
    4573.172	  7
    4578.216	  7
    4582.750	  7
    4583.114	  7
    4587.724	  7
    4591.620	  7
    4595.270	  7
    4597.880	  7
    4603.132	  7
    4603.562	  7
    4606.670	  7
    4610.484	  7
    4611.302	  7
    4611.456	  7
    4615.128	  7
    4618.708	  7
    4622.414	  8
    4622.734	  8
    4623.462	  8
    4623.904	  8
    4624.346	  8
    4624.770	  8
    4625.226	  8
    4625.686	  8
    4626.086	  8
    4626.468	  8
    4626.918	  8
    4627.344	  8
    4627.822	  8
    4628.284	  8
    4628.728	  8
    4629.200	  8
    4629.834	  8
    4630.206	  8
    4630.626	  8
    4631.080	  8
    4631.712	  8
    4632.180	  8
    4632.866	  8
    4633.486	  8
    4633.890	  8
    4634.158	  8
    4634.640	  8
    4635.020	  8
    4635.360	  8
    4635.704	  8
    4636.060	  8
    4636.554	  8
    4636.868	  8
    4637.230	  8
    4637.670	  8
    4638.084	  8
    4638.416	  8
    4638.834	  8
    4639.324	  8
    4639.640	  8
    4640.010	  8
    4640.326	  8
    4641.106	 53
    4641.186	  8
    4641.186	 20
    4641.186	 27
    4641.196	 28
    4641.196	 19
    4641.296	 29
    4641.490	  9
    4661.316	 50
    4661.326	 10
    4691.326	 53
    4691.336	 20
    4691.336	 27
    4711.356	 50
    4711.366	 10
    4731.456	  8
    4731.874	  8
    4732.276	  8
    4733.360	  8
    4733.424	  8
    4734.404	  8
    4734.794	  8
    4741.366	 53
    4741.376	 20
    4741.376	 27
    4761.396	 51
    4761.406	 17
    4764.766	  7
    4765.910	  7
    4770.210	  7
    4774.572	  7
    4778.974	  7
    4784.198	  7
    4784.956	  7
    4789.584	  7
    4789.830	  7
    4790.976	  7
    4794.124	  7
    4798.084	  8
    4798.330	  8
    4799.196	  8
    4799.722	  8
    4800.618	  8
    4801.366	  8
    4802.924	  8
    4805.352	  8
    4805.784	  8
    4806.196	  8
    4807.352	  8
    4807.914	  8
    4808.366	  8
    4809.606	  8
    4809.884	  8
    4810.276	  8
    4810.766	  8
    4811.768	  8
    4812.846	  8
    4813.680	  8
    4814.218	  8
    4814.724	  8
    4815.130	  8
    4815.548	  8
    4816.120	  8
    4816.452	  8
    4816.836	  8
    4817.226	  8
    4817.622	  8
    4818.064	  8
    4818.520	  8
    4818.936	  8
    4819.472	  8
    4819.546	  8
    4819.690	  8
    4820.042	  8
    4820.590	  8
    4821.060	  8
    4821.290	  8
    4821.406	 53
    4821.804	  8
    4821.804	 20
    4821.804	 27
    4821.814	 28
    4821.814	 19
    4821.914	 29
    4822.108	  9
    4841.934	 50
    4841.944	 10
    4871.944	 53
    4871.954	 20
    4871.954	 27
    4891.974	 51
    4891.984	 17
    4941.638	  8
    4942.118	  8
    4942.496	  8
    4943.302	  8
    4943.726	  8
    4944.262	  8
    4944.778	  8
    4945.618	  8
    4946.148	  8
    4946.548	  8
    4946.978	  8
    4947.984	  8
    4948.594	  8
    4949.536	  8
    4949.858	  8
    4950.522	  8
    4950.886	  8
    4951.246	  8
    4951.658	  8
    4951.984	 53
    4952.084	  8
    4952.084	 20
    4952.084	 27
    4952.094	 28
    4952.094	 19
    4952.194	 29
    4952.388	  9
    4972.214	 52
    4972.224	 18
    5015.998	  8
    5016.428	  8
    5059.498	  8
    5061.948	  8
    5062.030	  8
    5063.024	  8
    5064.696	  8
    5065.794	  8
    5077.948	  8
    5079.188	  8
    5080.422	  8
    5080.718	  8
    5081.088	  8
    5081.528	  8
    5081.894	  8
    5082.428	  8
    5082.928	  8
    5083.870	  8
    5084.236	  8
    5084.854	  8
    5085.382	  8
    5086.122	  8
    5086.952	  8
    5087.620	  8
    5089.694	  8
    5090.482	  8
    5091.002	  8
    5091.560	  8
    5092.016	  8
    5092.224	 53
    5095.524	  8
    5095.524	 20
    5095.524	 27
    5095.534	 28
    5095.534	 19
    5095.634	 29
    5095.828	  9
    5115.654	 50
    5115.664	 10
    5145.664	 53
    5145.674	 20
    5145.674	 27
    5165.694	 51
    5165.704	 17
    5177.434	  8
    5177.820	  8
    5179.018	  8
    5179.662	  8
    5180.304	  8
    5180.916	  8
    5181.306	  8
    5182.244	  8
    5183.392	  8
    5183.922	  8
    5185.272	  8
    5185.592	  8
    5186.222	  8
    5186.836	  8
    5187.282	  8
    5187.908	  8
    5188.458	  8
    5188.900	  8
    5189.862	  8
    5190.306	  8
    5190.900	  8
    5191.154	  8
    5191.854	  8
    5193.160	  8
    5194.464	  8
    5194.984	  8
    5195.662	  8
    5196.358	  8
    5196.928	  8
    5197.290	  8
    5198.006	  8
    5198.436	  8
    5198.812	  8
    5199.244	  8
    5199.754	  8
    5200.242	  8
    5200.582	  8
    5201.174	  8
    5201.228	  8
    5201.884	  8
    5202.196	  8
    5202.470	  8
    5203.274	  8
    5203.650	  8
    5204.196	  8
    5204.668	  8
    5205.024	  8
    5205.410	  8
    5205.900	  8
    5206.524	  8
    5207.016	  8
    5207.408	  8
    5207.782	  8
    5208.550	  8
    5208.860	  8
    5209.736	  8
    5210.222	  8
    5210.640	  8
    5210.940	  8
    5211.214	  8
    5211.552	  8
    5211.904	  8
    5212.434	  8
    5212.888	  8
    5213.736	  8
    5214.354	  8
    5214.792	  8
    5215.928	  8
    5216.124	  8
    5216.510	  8
    5216.890	  8
    5217.254	  8
    5217.572	  8
    5218.204	  8
    5218.400	  8
    5218.654	  8
    5219.082	  8
    5219.304	  8
    5219.658	  8
    5219.996	  8
    5220.208	  8
    5220.460	  8
    5220.632	  8
    5220.726	  8
    5221.304	  8
    5221.486	  8
    5222.266	  8
    5222.804	  8
    5223.122	  8
    5223.576	  8
    5224.242	  8
    5224.534	  8
    5224.708	  8
    5224.746	  8
    5225.096	  8
    5225.482	  8
    5225.704	 53
    5225.710	  8
    5225.710	 20
    5225.710	 27
    5225.720	 28
    5225.720	 19
    5225.820	 29
    5226.014	  9
    5228.202	  8
    5245.840	 52
    5245.850	 18
    5299.284	  8
    5317.130	  8
    5325.126	  8
    5365.850	 53
    5375.004	  8
    5375.004	 20
    5375.004	 27
    5375.014	 28
    5375.014	 19
    5375.114	 29
    5375.124	 61
