      20.576	  7
      21.156	  7
      21.378	  7
      21.472	  7
      21.984	  7
      22.216	  7
      22.430	  7
       1.966	  7
       2.578	  7
      20.010	 50
      20.020	 17
      37.062	  8
      37.224	  8
      39.240	  8
      39.474	  8
      50.020	 53
      53.406	  8
      53.406	 20
      53.406	 27
      53.416	 28
      53.416	 19
      53.516	 29
      53.678	  8
      53.708	  9
      55.260	  8
      55.338	  8
      55.534	  8
      73.536	 51
      73.546	 18
     133.546	 53
     133.556	 20
     133.556	 27
     153.576	 50
     153.586	 17
     164.214	  8
     164.428	  8
     164.922	  8
     176.488	  8
     179.548	  8
     179.768	  8
     183.586	 53
     200.756	  8
     200.756	 20
     200.756	 27
     200.766	 28
     200.766	 19
     200.866	 29
     200.958	  8
     201.058	  9
     201.166	  8
     203.196	  8
     220.886	 50
     220.896	 17
     237.436	  7
     237.572	  7
     237.800	  7
     237.916	  7
     238.046	  7
     238.176	  7
     238.310	  7
     238.602	  7
     240.220	  7
     243.230	  8
     243.426	  8
     250.896	 53
     259.190	  8
     259.190	 20
     259.190	 27
     259.200	 28
     259.200	 19
     259.300	 29
     259.376	  8
     259.492	  9
     279.320	 52
     279.330	 10
     288.852	  7
     289.188	  7
     289.304	  7
     289.434	  7
     289.542	  7
     289.706	  7
     289.908	  7
     290.232	  7
     319.794	  8
     335.056	  8
     342.544	  8
     343.760	  8
     346.674	  8
     354.282	  8
     384.930	  8
     385.134	  8
     388.398	  7
     388.542	  7
     388.678	  7
     391.350	  7
     391.584	  7
     391.652	  7
     391.822	  7
     394.048	  7
     394.450	  7
     394.724	  7
     394.808	  7
     394.958	  7
     395.438	  7
     395.530	  7
     395.658	  7
     396.126	  7
     397.850	  7
     398.784	  7
     399.144	  7
     399.330	 53
     399.470	  7
     399.602	  7
     402.982	  7
     403.346	  7
     403.464	  7
     406.974	  7
     407.252	  7
     408.810	  8
     408.810	 20
     408.810	 27
     408.820	 28
     408.820	 19
     408.920	 29
     408.938	  8
     409.112	  9
     409.156	  8
     428.940	 50
     428.950	 17
     458.950	 53
     514.986	  8
     514.986	 20
     514.986	 27
     514.996	 28
     514.996	 19
     515.096	 29
     515.242	  8
     515.288	  9
     517.116	  8
     535.116	 50
     535.126	 17
     542.692	  8
     546.650	  8
     546.846	  8
     565.126	 53
     566.236	  8
     566.236	 20
     566.236	 27
     566.246	 28
     566.246	 19
     566.346	 29
     566.482	  8
     566.538	  9
     566.678	  8
     576.402	  7
     577.168	  7
     577.286	  7
     579.600	  7
     579.918	  7
     582.110	  7
     582.212	  7
     584.864	  7
     584.970	  7
     585.098	  7
     585.218	  7
     585.344	  7
     585.472	  7
     585.612	  7
     585.732	  7
     585.864	  7
     586.004	  7
     586.126	  7
     586.252	  7
     586.366	 51
     586.376	 18
     586.384	  7
     586.514	  7
     586.642	  7
     586.770	  7
     586.888	  7
     587.014	  7
     587.160	  7
     587.268	  7
     587.394	  7
     587.522	  7
     587.652	  7
     587.778	  7
     587.942	  7
     588.064	  7
     588.180	  7
     588.318	  7
     588.446	  7
     588.580	  7
     588.732	  7
     588.850	  7
     588.982	  7
     589.116	  7
     589.196	  7
     589.336	  7
     589.476	  7
     589.624	  7
     589.750	  7
     589.870	  7
     590.004	  7
     590.140	  7
     590.278	  7
     590.420	  7
     590.552	  7
     590.698	  7
     590.838	  7
     590.958	  7
     591.088	  7
     591.222	  7
     591.362	  7
     591.502	  7
     591.662	  7
     591.788	  7
     591.924	  7
     592.090	  7
     592.210	  7
     592.344	  7
     592.490	  7
     592.626	  7
     592.790	  7
     592.918	  7
     593.060	  7
     593.200	  7
     593.494	  7
     593.612	  7
     593.746	  7
     593.884	  7
     594.026	  7
     594.160	  7
     594.324	  7
     594.444	  7
     594.582	  7
     594.722	  7
     594.878	  7
     595.014	  7
     595.142	  7
     595.282	  7
     595.424	  7
     595.562	  7
     595.718	  7
     595.846	  7
     595.984	  7
     596.124	  7
     596.274	  7
     596.394	  7
     596.526	  7
     596.664	  7
     596.800	  7
     596.960	  7
     597.084	  7
     597.220	  7
     597.358	  7
     597.500	  7
     597.664	  7
     597.790	  7
     597.928	  7
     598.068	  7
     598.210	  7
     598.350	  7
     598.508	  7
     598.634	  7
     598.766	  7
     598.908	  7
     599.050	  7
     599.190	  7
     599.326	  7
     599.492	  7
     599.614	  7
     599.788	  7
     599.914	  7
     600.052	  7
     600.196	  7
     600.348	  7
     600.476	  7
     600.616	  7
     600.752	  7
     600.906	  7
     601.022	  7
     601.158	  7
     601.294	  7
     601.452	  7
     601.582	  7
     601.742	  7
     601.860	  7
     601.996	  7
     602.158	  7
     602.278	  7
     602.422	  7
     602.560	  7
     602.734	  7
     602.854	  7
     603.000	  7
     603.138	  7
     603.292	  7
     603.412	  7
     603.552	  7
     603.696	  7
     603.842	  7
     604.006	  7
     604.128	  7
     604.270	  7
     604.420	  7
     604.556	  7
     604.742	  7
     604.986	  7
     605.116	  7
     605.250	  7
     605.402	  7
     605.526	  7
     605.672	  7
     605.810	  7
     605.942	  7
     606.084	  7
     606.222	  7
     606.388	  7
     606.512	  7
     606.694	  7
     609.848	  8
     646.376	 53
     646.386	 20
     646.386	 27
     666.406	 51
     666.416	 18
     714.218	  8
     714.780	  8
     715.026	  8
     715.808	  8
     716.134	  8
     717.190	  8
     717.424	  8
     717.864	  8
     718.120	  8
     718.580	  8
     726.416	 53
     726.426	 20
     726.426	 27
     730.712	  8
     730.856	  8
     746.446	 51
     746.456	 18
     790.306	  8
     790.430	  8
     793.196	  8
     802.524	  7
     802.614	  7
     802.772	  7
     802.892	  7
     803.034	  7
     803.626	  7
     803.758	  7
     806.456	 53
     806.466	 20
     806.466	 27
     809.266	  7
     810.266	  7
     810.406	  7
     814.426	  7
     815.832	  7
     818.928	  7
     824.362	  8
     824.496	  8
     826.486	 50
     826.496	 17
     827.456	  7
     827.918	  7
     842.360	  7
     842.552	  7
     849.376	  7
     849.736	  7
     850.770	  7
     855.716	  7
     856.496	 53
     856.868	  7
     860.408	  7
     863.256	  7
     863.402	  7
     866.166	  7
     866.658	  7
     867.422	  7
     871.790	  7
     872.610	  7
     875.858	  8
     875.858	 20
     875.858	 27
     875.868	 28
     875.868	 19
     875.968	 29
     876.116	  8
     876.152	  9
     876.288	  8
     877.494	  8
     881.288	  7
     889.988	  7
     895.988	 51
     895.998	 18
     898.476	  8
     936.224	  8
     940.516	  8
     955.998	 53
     956.008	 20
     956.008	 27
     976.028	 52
     976.038	 10
    1026.626	  8
    1027.028	  8
    1030.824	  8
    1031.516	  8
    1041.756	  8
    1086.466	  8
    1087.294	  8
    1096.038	 53
    1108.142	  8
    1108.142	 20
    1108.142	 27
    1108.152	 28
    1108.152	 19
    1108.252	 29
    1108.402	  8
    1108.444	  9
    1108.630	  8
    1128.272	 50
    1128.282	 17
    1138.344	  7
    1138.622	  7
    1138.748	  7
    1139.698	  7
    1139.810	  7
    1142.630	  7
    1143.404	  7
    1144.628	  7
    1145.470	  7
    1145.880	  7
    1145.980	  7
    1151.324	  7
    1151.980	  7
    1152.412	  7
    1152.500	  7
    1152.640	  7
    1152.758	  7
    1152.886	  7
    1153.006	  7
    1153.128	  7
    1153.248	  7
    1153.386	  7
    1153.504	  7
    1153.624	  7
    1153.748	  7
    1153.876	  7
    1154.000	  7
    1154.126	  7
    1154.270	  7
    1154.392	  7
    1154.514	  7
    1154.644	  7
    1154.772	  7
    1154.908	  7
    1155.038	  7
    1155.184	  7
    1155.306	  7
    1155.430	  7
    1155.570	  7
    1155.690	  7
    1155.844	  7
    1155.960	  7
    1156.092	  7
    1156.228	  7
    1156.382	  7
    1156.500	  7
    1156.622	  7
    1156.752	  7
    1156.886	  7
    1157.042	  7
    1157.158	  7
    1157.292	  7
    1157.446	  7
    1157.570	  7
    1157.708	  7
    1157.844	  7
    1157.998	  7
    1158.116	  7
    1158.256	  7
    1158.282	 53
    1158.416	  7
    1158.542	  7
    1158.664	  7
    1158.798	  7
    1158.970	  7
    1159.084	  7
    1159.224	  7
    1159.380	  7
    1159.492	  7
    1159.624	  7
    1159.758	  7
    1159.916	  7
    1160.026	  7
    1160.162	  7
    1160.302	  7
    1160.460	  7
    1160.580	  7
    1160.722	  7
    1160.862	  7
    1161.020	  7
    1161.138	  7
    1161.274	  7
    1161.420	  7
    1161.588	  7
    1161.704	  7
    1161.844	  7
    1161.982	  7
    1162.140	  7
    1162.276	  7
    1162.406	  7
    1162.548	  7
    1162.826	  7
    1162.938	  7
    1163.074	  7
    1163.210	  7
    1163.378	  7
    1163.538	  7
    1163.666	  7
    1163.806	  7
    1163.970	  7
    1164.100	  7
    1164.238	  7
    1164.380	  7
    1164.540	  7
    1164.666	  7
    1164.802	  7
    1164.964	  7
    1165.094	  7
    1165.228	  7
    1165.358	  7
    1165.526	  7
    1165.650	  7
    1165.782	  7
    1165.914	  7
    1166.192	  7
    1166.314	  7
    1167.046	  7
    1167.310	  7
    1169.840	  8
    1169.840	 20
    1169.840	 27
    1169.850	 28
    1169.850	 19
    1169.950	 29
    1170.086	  8
    1170.142	  9
    1189.970	 52
    1189.980	 10
    1194.206	  7
    1194.284	  7
    1195.222	  7
    1196.996	  7
    1200.308	  7
    1201.516	  7
    1207.284	  7
    1207.432	  7
    1210.632	  7
    1211.664	  7
    1211.780	  7
    1211.890	  7
    1212.008	  7
    1212.258	  7
    1212.372	  7
    1212.498	  7
    1212.694	  7
    1212.790	  7
    1213.154	  7
    1238.602	  8
    1238.820	  8
    1249.960	  8
    1309.980	 53
    1338.232	  8
    1338.232	 20
    1338.232	 27
    1338.242	 28
    1338.242	 19
    1338.342	 29
    1338.378	  8
    1338.534	  8
    1339.962	  8
    1340.678	  8
    1341.120	  8
    1342.602	  8
    1342.784	  8
    1343.798	  8
    1358.362	 51
    1358.372	 18
    1374.164	  7
    1374.258	  7
    1376.152	  7
    1380.318	  7
    1380.414	  7
    1383.388	  7
    1383.814	  7
    1386.474	  7
    1387.282	  7
    1387.954	  7
    1388.048	  7
    1390.858	  7
    1391.054	  7
    1391.148	  7
    1391.284	  7
    1393.580	  7
    1396.396	  7
    1396.556	  7
    1399.060	  7
    1399.194	  7
    1399.250	  7
    1399.646	  7
    1399.774	  7
    1400.102	  7
    1418.372	 53
    1418.382	 20
    1418.382	 27
    1424.524	  8
    1424.870	  8
    1427.560	  7
    1428.714	  7
    1429.238	  7
    1429.980	  7
    1433.134	  7
    1438.402	 52
    1438.412	 10
    1446.368	  7
    1456.736	  7
    1457.184	  7
    1472.138	  7
    1472.602	  7
    1487.232	  7
    1496.566	  8
    1496.946	  8
    1497.534	  8
    1497.862	  8
    1506.506	  8
    1506.682	  8
    1507.344	  8
    1507.496	  8
    1512.808	  8
    1558.412	 53
    1564.554	  8
    1564.554	 20
    1564.554	 27
    1564.564	 28
    1564.564	 19
    1564.664	 29
    1564.856	  9
    1564.992	  8
    1567.300	  8
    1567.704	  8
    1584.684	 50
    1584.694	 17
    1612.824	  8
    1613.000	  8
    1613.886	  8
    1614.376	  8
    1614.598	  8
    1614.694	 53
    1614.728	  8
    1614.728	 20
    1614.728	 27
    1614.738	 28
    1614.738	 19
    1614.838	 29
    1615.030	  9
    1634.858	 52
    1634.868	 10
    1720.392	  8
    1721.032	  8
    1721.430	  8
    1721.748	  8
    1724.382	  8
    1736.894	  7
    1737.222	  7
    1737.714	  7
    1740.382	  7
    1740.766	  7
    1742.236	  7
    1742.314	  7
    1749.904	  5
    1751.394	  7
    1754.868	 53
    1759.646	  8
    1759.646	 20
    1759.646	 27
    1759.656	 28
    1759.656	 19
    1759.756	 29
    1759.892	  8
    1759.948	  9
    1779.776	 51
    1779.786	 18
    1790.902	  7
    1790.962	  7
    1791.246	  7
    1793.978	  7
    1794.332	  7
    1794.422	  7
    1799.244	  7
    1799.942	  7
    1800.084	  7
    1802.846	  7
    1802.966	  7
    1805.082	  7
    1805.276	  7
    1805.434	  7
    1808.010	  7
    1808.596	  7
    1809.688	  7
    1810.302	  7
    1810.418	  7
    1810.818	  7
    1810.936	  7
    1811.094	  7
    1811.198	  7
    1811.348	  7
    1811.468	  7
    1811.574	  7
    1811.716	  7
    1811.832	  7
    1811.962	  7
    1812.086	  7
    1812.210	  7
    1812.336	  7
    1812.474	  7
    1812.626	  7
    1812.742	  7
    1812.878	  7
    1813.012	  7
    1813.134	  7
    1813.270	  7
    1813.396	  7
    1813.562	  7
    1813.684	  7
    1813.812	  7
    1813.948	  7
    1814.068	  7
    1814.214	  7
    1814.330	  7
    1814.464	  7
    1814.600	  7
    1814.738	  7
    1814.904	  7
    1815.038	  7
    1815.170	  7
    1815.308	  7
    1815.448	  7
    1815.612	  7
    1815.734	  7
    1815.878	  7
    1816.040	  7
    1816.162	  7
    1816.306	  7
    1816.456	  7
    1816.580	  7
    1816.740	  7
    1816.862	  7
    1816.994	  7
    1817.138	  7
    1817.276	  7
    1817.416	  7
    1817.582	  7
    1817.702	  7
    1817.840	  7
    1818.002	  7
    1818.128	  7
    1818.266	  7
    1818.442	  7
    1818.552	  7
    1818.694	  7
    1818.858	  7
    1818.982	  7
    1819.126	  7
    1819.294	  7
    1819.414	  7
    1819.552	  7
    1819.710	  7
    1819.836	  7
    1819.968	  7
    1820.116	  7
    1820.392	  7
    1820.500	  7
    1820.636	  7
    1820.796	  7
    1820.904	  7
    1821.042	  7
    1821.214	  7
    1821.328	  7
    1821.464	  7
    1821.638	  7
    1821.752	  7
    1821.902	  7
    1822.032	  7
    1822.200	  7
    1822.316	  7
    1822.450	  7
    1822.592	  7
    1822.766	  7
    1822.878	  7
    1823.020	  7
    1823.158	  7
    1823.294	  7
    1823.462	  7
    1823.580	  7
    1823.722	  7
    1823.854	  7
    1824.020	  7
    1824.144	  7
    1824.288	  7
    1824.426	  7
    1824.616	  7
    1824.738	  7
    1824.870	  7
    1825.006	  7
    1825.178	  7
    1825.292	  7
    1825.426	  7
    1825.566	  7
    1825.744	  7
    1825.858	  7
    1825.996	  7
    1826.164	  7
    1826.286	  7
    1826.414	  7
    1826.558	  7
    1826.702	  7
    1826.842	  7
    1827.000	  7
    1827.124	  7
    1827.276	  7
    1827.410	  7
    1827.556	  7
    1827.720	  7
    1827.842	  7
    1827.978	  7
    1828.118	  7
    1828.288	  7
    1828.412	  7
    1828.554	  7
    1828.696	  7
    1828.836	  7
    1829.002	  7
    1829.124	  7
    1829.270	  7
    1829.414	  7
    1829.568	  7
    1829.738	  7
    1829.858	  7
    1830.008	  7
    1830.138	  7
    1830.272	  7
    1830.408	  7
    1830.566	  7
    1830.694	  7
    1830.834	  7
    1830.964	  7
    1831.104	  7
    1831.248	  7
    1831.394	  7
    1831.536	  7
    1831.698	  7
    1831.822	  7
    1831.950	  7
    1832.100	  7
    1832.234	  7
    1832.378	  7
    1832.514	  7
    1832.664	  7
    1832.800	  7
    1832.976	  7
    1833.098	  7
    1833.244	  7
    1833.380	  7
    1833.524	  7
    1833.670	  7
    1833.832	  7
    1833.950	  7
    1834.088	  7
    1834.230	  7
    1834.370	  7
    1834.508	  7
    1834.686	  7
    1834.812	  7
    1834.952	  7
    1835.090	  7
    1835.234	  7
    1835.384	  7
    1835.556	  7
    1835.682	  7
    1835.830	  7
    1835.962	  7
    1836.100	  7
    1836.250	  7
    1836.434	  7
    1836.552	  7
    1836.832	  7
    1836.958	  7
    1837.100	  7
    1837.276	  7
    1837.400	  7
    1837.540	  7
    1837.684	  7
    1837.828	  7
    1837.966	  7
    1838.100	  7
    1838.248	  7
    1838.388	  7
    1838.548	  7
    1838.692	  7
    1838.828	  7
    1838.968	  7
    1839.116	  7
    1839.250	  7
    1839.404	  7
    1839.554	  7
    1839.696	  7
    1839.786	 53
    1839.796	 20
    1839.796	 27
    1839.860	  7
    1839.986	  7
    1840.126	  7
    1840.270	  7
    1840.404	  7
    1840.550	  7
    1840.686	  7
    1840.864	  7
    1840.978	  7
    1841.140	  7
    1841.268	  7
    1841.410	  7
    1841.542	  7
    1841.762	  7
    1841.896	  7
    1842.026	  7
    1846.246	  8
    1846.394	  8
    1847.046	  8
    1847.290	  8
    1847.430	  8
    1847.830	  8
    1847.910	  8
    1848.198	  8
    1848.614	  8
    1848.856	  8
    1855.290	  8
    1856.692	  8
    1858.004	  8
    1858.504	  8
    1859.144	  8
    1859.816	 51
    1859.826	 18
    1860.174	  8
    1860.594	  8
    1860.852	  8
    1861.446	  8
    1862.040	  8
    1862.404	  8
    1862.584	  8
    1863.004	  8
    1863.470	  8
    1863.816	  8
    1864.182	  8
    1864.698	  8
    1865.962	  8
    1866.436	  8
    1866.884	  8
    1867.252	  8
    1867.930	  8
    1868.320	  8
    1868.838	  8
    1869.048	  8
    1870.940	  8
    1871.566	  8
    1872.012	  8
    1872.666	  8
    1872.954	  8
    1873.574	  8
    1873.836	  8
    1874.364	  8
    1874.814	  8
    1875.050	  8
    1875.808	  8
    1875.948	  8
    1876.704	  8
    1877.412	  8
    1877.826	  8
    1877.908	  8
    1878.006	  8
    1878.264	  8
    1879.240	  8
    1880.554	  8
    1880.836	  8
    1881.210	  8
    1881.486	  8
    1882.062	  8
    1882.842	  8
    1884.326	  8
    1884.712	  8
    1885.438	  8
    1885.838	  8
    1886.114	  8
    1886.526	  8
    1886.998	  8
    1887.920	  8
    1888.946	  8
    1889.400	  8
    1889.972	  8
    1890.366	  8
    1891.252	  8
    1891.376	  8
    1891.610	  8
    1891.872	  8
    1892.134	  8
    1892.300	  8
    1892.494	  8
    1893.034	  8
    1893.432	  8
    1894.240	  8
    1894.726	  8
    1895.634	  8
    1896.088	  8
    1897.286	  8
    1898.294	  8
    1901.428	  8
    1901.748	  8
    1903.702	  8
    1912.810	  7
    1912.940	  7
    1919.826	 53
    1919.836	 20
    1919.836	 27
    1922.454	  7
    1929.700	  8
    1929.888	  8
    1930.632	  8
    1939.856	 51
    1939.866	 18
    1941.110	  8
    1941.348	  8
    1953.134	  8
    1953.336	  8
    1954.574	  8
    1974.770	  8
    1975.014	  8
    1979.042	  7
    1980.180	  7
    1980.940	  7
    1982.734	  7
    1982.862	  7
    1983.756	  7
    1984.194	  7
    1984.288	  7
    1984.432	  7
    1985.248	  7
    1998.044	  7
    1999.866	 53
    1999.876	 20
    1999.876	 27
    2012.840	  7
    2019.896	 50
    2019.906	 17
    2024.192	  7
    2028.994	  8
    2029.192	  8
    2030.376	  8
    2031.522	  8
    2031.962	  8
    2032.362	  8
    2032.572	  8
    2032.856	  8
    2033.332	  8
    2034.124	  8
    2034.538	  8
    2035.276	  8
    2035.774	  8
    2036.220	  8
    2037.110	  8
    2037.690	  8
    2038.066	  8
    2038.348	  8
    2038.804	  8
    2039.324	  8
    2039.952	  8
    2041.116	  8
    2041.688	  8
    2042.486	  8
    2042.886	  8
    2043.074	  8
    2043.220	  8
    2043.466	  8
    2043.816	  8
    2044.332	  8
    2044.536	  8
    2044.938	  8
    2045.308	  8
    2046.016	  8
    2046.278	  8
    2047.296	  8
    2047.384	  8
    2048.024	  8
    2049.208	  8
    2049.906	 53
    2050.696	  8
    2050.696	 20
    2050.696	 27
    2050.706	 28
    2050.706	 19
    2050.806	 29
    2050.972	  8
    2051.242	  9
    2053.934	  8
    2054.908	  8
    2055.812	  8
    2056.842	  8
    2057.098	  8
    2057.454	  8
    2057.606	  8
    2070.826	 52
    2070.836	 10
    2089.556	  7
    2090.016	  7
    2090.206	  7
    2090.320	  7
    2090.706	  7
    2090.786	  7
    2092.318	  7
    2095.586	  7
    2095.880	  7
    2096.902	  7
    2097.518	  7
    2098.154	  7
    2098.784	  7
    2099.400	  7
    2104.684	  7
    2105.378	  7
    2107.008	  7
    2110.112	  7
    2110.260	  7
    2110.342	  7
    2114.048	  7
    2114.974	  7
    2115.440	  7
    2115.508	  7
    2116.056	  7
    2116.724	  7
    2119.922	  7
    2120.670	  7
    2120.772	  7
    2121.076	  7
    2124.320	  7
    2126.256	  7
    2128.736	  7
    2129.022	  7
    2129.092	  7
    2147.904	  7
    2148.350	  7
    2149.406	  7
    2150.868	  7
    2150.966	  7
    2151.044	  7
    2153.238	  7
    2153.408	  7
    2155.422	  7
    2158.156	  7
    2158.824	  7
    2158.968	  7
    2160.666	  7
    2161.354	  7
    2161.732	  7
    2162.164	  7
    2170.012	  7
    2174.324	  7
    2181.042	  7
    2182.648	  7
    2182.850	  7
    2182.960	  7
    2183.198	  7
    2190.836	 53
    2191.278	  8
    2191.278	 20
    2191.278	 27
    2191.288	 28
    2191.288	 19
    2191.312	  8
    2191.388	 29
    2191.580	  9
    2191.586	  8
    2211.408	 50
    2211.418	 17
    2241.418	 53
    2255.354	  5
    2261.056	  7
    2261.148	  7
    2266.656	  7
    2270.032	  7
    2277.202	  7
    2281.872	  8
    2281.872	 20
    2281.872	 27
    2281.882	 28
    2281.882	 19
    2281.982	 29
    2282.082	  8
    2282.326	  8
    2282.418	  9
    2283.818	  8
    2284.624	  8
    2284.734	  8
    2285.506	  8
    2285.686	  8
    2286.154	  8
    2302.002	 50
    2302.012	 17
    2332.012	 53
    2342.790	  8
    2342.790	 20
    2342.790	 27
    2342.800	 28
    2342.800	 19
    2342.888	  8
    2342.900	 29
    2343.092	  9
    2343.106	  8
    2350.398	  8
    2350.710	  8
    2362.920	 52
    2362.930	 10
    2371.662	  7
    2372.212	  7
    2375.146	  7
    2376.892	  7
    2380.690	  7
    2381.280	  7
    2385.398	  7
    2387.990	  7
    2388.090	  7
    2388.148	  7
    2388.288	  7
    2388.420	  7
    2389.172	  7
    2389.848	  7
    2390.352	  7
    2391.298	  7
    2398.108	  7
    2405.664	  7
    2406.098	  7
    2420.694	  7
    2431.394	  8
    2431.522	  8
    2448.238	  8
    2476.724	  8
    2476.898	  8
    2477.198	  8
    2478.100	  8
    2479.450	  8
    2479.800	  8
    2480.326	  8
    2480.674	  8
    2480.882	  8
    2482.930	 53
    2485.692	  8
    2485.692	 20
    2485.692	 27
    2485.702	 28
    2485.702	 19
    2485.802	 29
    2485.974	  8
    2485.994	  9
    2486.986	  8
    2491.594	  8
    2505.822	 50
    2505.832	 17
    2517.984	  8
    2519.276	  8
    2520.320	  8
    2523.962	  8
    2524.240	  8
    2524.818	  8
    2525.598	  8
    2526.886	  8
    2528.786	  8
    2530.502	  8
    2531.448	  8
    2531.988	  8
    2532.292	  8
    2533.170	  8
    2533.652	  8
    2534.548	  8
    2534.702	  8
    2534.806	  8
    2535.520	  8
    2535.832	 53
    2537.666	  8
    2537.666	 20
    2537.666	 27
    2537.676	 28
    2537.676	 19
    2537.776	 29
    2537.968	  9
    2538.042	  8
    2538.898	  8
    2557.796	 50
    2557.806	 17
    2570.076	  8
    2571.136	  8
    2573.076	  8
    2573.304	  8
    2575.606	  8
    2576.022	  8
    2576.400	  8
    2576.930	  8
    2577.960	  8
    2578.462	  8
    2578.834	  8
    2580.530	  8
    2581.084	  8
    2581.720	  8
    2581.884	  8
    2582.590	  8
    2583.230	  8
    2583.702	  8
    2584.034	  8
    2585.540	  8
    2586.702	  8
    2587.150	  8
    2587.750	  8
    2587.806	 53
    2588.206	  8
    2588.206	 20
    2588.206	 27
    2588.216	 28
    2588.216	 19
    2588.316	 29
    2588.436	  8
    2588.508	  9
    2589.894	  8
    2608.336	 51
    2608.346	 18
    2618.912	  7
    2619.918	  7
    2620.650	  7
    2622.040	  7
    2622.210	  7
    2623.756	  7
    2624.010	  7
    2625.716	  7
    2626.096	  7
    2626.308	  7
    2626.868	  7
    2626.976	  7
    2651.912	  7
    2652.052	  7
    2659.056	  7
    2660.524	  7
    2660.624	  7
    2660.776	  7
    2665.748	  7
    2667.006	  7
    2668.346	 53
    2668.356	 20
    2668.356	 27
    2668.624	  7
    2668.738	  7
    2668.878	  7
    2668.988	  7
    2669.246	  7
    2671.104	  7
    2673.188	  7
    2673.636	  7
    2674.798	  7
    2675.876	  7
    2676.006	  7
    2676.306	  7
    2676.510	  7
    2676.626	  7
    2677.410	  7
    2678.070	  7
    2678.186	  7
    2688.376	 52
    2688.386	 10
    2697.290	  8
    2697.426	  8
    2697.734	  8
    2707.700	  7
    2712.032	  7
    2720.374	  8
    2720.532	  8
    2720.938	  8
    2726.940	  8
    2727.054	  8
    2727.820	  8
    2728.320	  8
    2741.120	  8
    2741.270	  8
    2741.562	  8
    2742.448	  8
    2742.864	  8
    2743.234	  8
    2753.790	  8
    2754.074	  8
    2755.080	  8
    2755.468	  8
    2755.830	  8
    2756.210	  8
    2756.374	  8
    2758.158	  8
    2759.554	  8
    2760.272	  8
    2760.546	  8
    2760.734	  8
    2760.966	  8
    2761.214	  8
    2765.776	  8
    2765.998	  8
    2766.524	  8
    2766.650	  8
    2767.402	  8
    2767.628	  8
    2768.326	  8
    2770.342	  8
    2770.554	  8
    2803.126	  8
    2803.290	  8
    2803.640	  8
    2804.554	  8
    2804.834	  8
    2805.610	  8
    2806.068	  8
    2806.392	  8
    2807.010	  8
    2807.110	  8
    2807.724	  8
    2808.102	  8
    2808.386	 53
    2808.968	  8
    2808.968	 20
    2808.968	 27
    2808.978	 28
    2808.978	 19
    2809.078	 29
    2809.252	  8
    2809.270	  9
    2811.524	  8
    2811.884	  8
    2813.412	  8
    2829.098	 51
    2829.108	 18
    2834.960	  7
    2836.016	  7
    2837.184	  7
    2838.112	  7
    2838.292	  7
    2838.496	  7
    2838.594	  7
    2840.706	  7
    2841.846	  7
    2842.560	  7
    2842.976	  7
    2843.376	  7
    2843.766	  7
    2846.882	  7
    2846.990	  7
    2847.166	  7
    2848.348	  7
    2848.456	  7
    2848.650	  7
    2851.320	  7
    2852.468	  7
    2853.000	  7
    2853.256	  7
    2853.602	  7
    2854.086	  7
    2854.748	  7
    2855.260	  7
    2856.528	  7
    2856.916	  7
    2857.034	  7
    2857.174	  7
    2857.276	  7
    2860.026	  7
    2860.180	  7
    2860.288	  7
    2860.392	  7
    2860.512	  7
    2860.778	  7
    2860.920	  7
    2866.662	  7
    2871.822	  7
    2872.216	  7
    2876.696	  7
    2882.830	  7
    2887.144	  7
    2889.108	 53
    2889.118	 20
    2889.118	 27
    2893.248	  7
    2894.802	  7
    2894.918	  7
    2894.958	  7
    2895.082	  7
    2895.274	  7
    2895.362	  7
    2895.476	  7
    2896.008	  7
    2896.140	  7
    2896.264	  7
    2896.378	  7
    2896.498	  7
    2896.618	  7
    2896.744	  7
    2896.862	  7
    2896.984	  7
    2897.104	  7
    2897.250	  7
    2897.368	  7
    2897.494	  7
    2897.616	  7
    2897.740	  7
    2897.878	  7
    2898.006	  7
    2898.128	  7
    2898.280	  7
    2898.396	  7
    2898.526	  7
    2898.652	  7
    2898.788	  7
    2898.922	  7
    2899.068	  7
    2899.190	  7
    2899.318	  7
    2899.452	  7
    2899.600	  7
    2899.720	  7
    2899.852	  7
    2900.000	  7
    2900.116	  7
    2900.250	  7
    2900.410	  7
    2900.526	  7
    2900.656	  7
    2900.814	  7
    2900.934	  7
    2901.068	  7
    2901.232	  7
    2901.356	  7
    2901.486	  7
    2901.652	  7
    2901.774	  7
    2901.908	  7
    2902.074	  7
    2902.188	  7
    2902.320	  7
    2902.484	  7
    2902.598	  7
    2902.734	  7
    2902.880	  7
    2903.036	  7
    2903.150	  7
    2903.284	  7
    2903.454	  7
    2903.562	  7
    2903.694	  7
    2903.868	  7
    2903.984	  7
    2904.110	  7
    2904.284	  7
    2904.394	  7
    2904.532	  7
    2904.716	  7
    2904.826	  7
    2904.970	  7
    2905.134	  7
    2905.246	  7
    2905.380	  7
    2905.518	  7
    2905.698	  7
    2905.808	  7
    2905.942	  7
    2906.118	  7
    2906.236	  7
    2906.374	  7
    2906.514	  7
    2906.658	  7
    2906.826	  7
    2906.940	  7
    2907.076	  7
    2907.206	  7
    2907.378	  7
    2907.488	  7
    2907.624	  7
    2907.764	  7
    2907.902	  7
    2908.064	  7
    2908.176	  7
    2908.332	  7
    2908.476	  7
    2908.638	  7
    2908.752	  7
    2908.882	  7
    2909.016	  7
    2909.138	 51
    2909.148	 18
    2909.152	  7
    2909.318	  7
    2909.434	  7
    2909.566	  7
    2909.704	  7
    2909.874	  7
    2909.992	  7
    2910.128	  7
    2910.266	  7
    2910.410	  7
    2910.574	  7
    2910.690	  7
    2910.830	  7
    2910.988	  7
    2911.118	  7
    2918.594	  8
    2918.698	  8
    2919.452	  8
    2919.646	  8
    2919.892	  8
    2920.076	  8
    2920.272	  8
    2920.528	  8
    2920.816	  8
    2921.056	  8
    2921.576	  8
    2922.016	  8
    2922.838	  8
    2923.126	  8
    2923.684	  8
    2924.072	  8
    2924.762	  8
    2925.040	  8
    2925.632	  8
    2926.188	  8
    2927.190	  8
    2927.740	  8
    2928.274	  8
    2928.530	  8
    2929.538	  8
    2930.324	  8
    2931.528	  8
    2933.202	  8
    2934.264	  8
    2934.836	  8
    2935.522	  8
    2935.966	  8
    2936.274	  8
    2936.766	  8
    2937.020	  8
    2938.660	  8
    2939.176	  8
    2939.676	  8
    2940.686	  8
    2941.432	  8
    2941.738	  8
    2941.896	  8
    2942.274	  8
    2942.404	  8
    2942.662	  8
    2944.286	  8
    2944.612	  8
    2945.124	  8
    2945.280	  8
    2945.808	  8
    2946.854	  8
    2947.310	  8
    2947.816	  8
    2948.238	  8
    2951.798	  8
    2952.184	  8
    2953.218	  8
    2953.776	  8
    2954.158	  8
    2954.646	  8
    2955.118	  8
    2955.690	  8
    2957.040	  8
    2957.448	  8
    2958.354	  8
    2959.690	  8
    2960.434	  8
    2961.044	  8
    2961.818	  8
    2962.514	  8
    2964.550	  8
    2964.844	  8
    2965.632	  8
    2966.062	  8
    2966.452	  8
    2966.944	  8
    2967.474	  8
    2968.012	  8
    2968.728	  8
    2969.148	 53
    2969.158	 20
    2969.158	 27
    2969.604	  8
    2969.978	  8
    2970.918	  8
    2971.356	  8
    2972.536	  8
    2972.758	  8
    2973.122	  8
    2973.732	  8
    2975.508	  8
    2975.804	  8
    2976.194	  8
    2977.236	  8
    2977.392	  8
    2977.906	  8
    2981.134	  8
    2982.032	  8
    2982.664	  8
    2989.178	 51
    2989.188	 18
    2995.206	  7
    2995.428	  7
    2998.930	  7
    3001.630	  7
    3002.130	  7
    3002.254	  7
    3003.398	  7
    3007.460	  7
    3009.942	  7
    3010.048	  7
    3010.218	  7
    3010.324	  7
    3010.726	  7
    3011.240	  7
    3011.774	  7
    3014.964	  7
    3015.314	  7
    3016.002	  7
    3017.256	  7
    3017.956	  7
    3018.388	  7
    3018.804	  7
    3019.336	  7
    3019.574	  7
    3019.890	  7
    3020.066	  7
    3020.728	  7
    3021.546	  7
    3021.814	  7
    3029.396	  7
    3030.322	  7
    3030.558	  7
    3030.660	  7
    3030.810	  7
    3036.476	  7
    3037.926	  7
    3038.048	  7
    3038.332	  7
    3038.454	  7
    3038.724	  7
    3038.862	  7
    3040.488	  7
    3040.568	  7
    3041.164	  7
    3041.544	  7
    3041.840	  7
    3042.162	  7
    3042.630	  7
    3042.936	  7
    3043.216	  7
    3043.560	  7
    3046.308	  7
    3046.644	  7
    3049.188	 53
    3049.198	 20
    3049.198	 27
    3056.484	  7
    3056.852	  7
    3056.940	  7
    3059.524	  7
    3059.626	  7
    3059.800	  7
    3059.888	  7
    3063.036	  7
    3063.124	  7
    3069.218	 51
    3069.228	 18
    3076.020	  8
    3076.408	  8
    3077.490	  8
    3077.912	  8
    3088.286	  8
    3088.550	  8
    3088.886	  8
    3089.198	  8
    3089.320	  8
    3106.562	  8
    3106.950	  8
    3108.026	  8
    3108.688	  8
    3112.410	  8
    3112.800	  8
    3113.440	  8
    3113.626	  8
    3113.868	  8
    3114.628	  8
    3114.804	  8
    3115.692	  8
    3129.228	 53
    3129.238	 20
    3129.238	 27
    3140.466	  8
    3140.684	  8
    3141.300	  8
    3149.258	 51
    3149.268	 18
    3153.926	  8
    3154.084	  8
    3162.480	  8
    3163.864	  8
    3166.166	  8
    3166.568	  8
    3167.244	  8
    3168.032	  8
    3169.322	  8
    3170.146	  8
    3170.968	  8
    3171.088	  8
    3171.438	  8
    3172.232	  8
    3172.962	  8
    3173.640	  8
    3173.944	  8
    3174.508	  8
    3175.016	  8
    3176.360	  8
    3177.512	  8
    3178.448	  8
    3178.736	  8
    3178.984	  8
    3179.570	  8
    3180.164	  8
    3180.710	  8
    3182.768	  8
    3184.812	  8
    3189.850	  8
    3190.498	  8
    3191.202	  8
    3209.268	 53
    3209.278	 20
    3209.278	 27
    3229.298	 51
    3229.308	 18
    3229.674	  8
    3229.872	  8
    3230.260	  8
    3230.302	  8
    3230.424	  8
    3231.214	  8
    3232.174	  8
    3233.088	  8
    3233.432	  8
    3233.754	  8
    3234.050	  8
    3235.248	  8
    3236.130	  8
    3236.242	  8
    3237.224	  8
    3238.232	  8
    3239.312	  8
    3240.254	  8
    3240.602	  8
    3241.178	  8
    3241.644	  8
    3242.618	  8
    3242.908	  8
    3243.314	  8
    3244.308	  8
    3244.886	  8
    3245.228	  8
    3246.234	  8
    3247.788	  8
    3248.058	  8
    3248.452	  8
    3248.670	  8
    3248.876	  8
    3250.372	  8
    3254.362	  8
    3254.884	  8
    3255.894	  8
    3256.460	  8
    3256.920	  8
    3257.496	  8
    3258.218	  8
    3258.682	  8
    3259.170	  8
    3259.976	  8
    3260.288	  8
    3261.058	  8
    3264.680	  8
    3289.308	 53
    3289.318	 20
    3289.318	 27
    3296.490	  8
    3296.800	  8
    3297.462	  8
    3306.062	  8
    3306.836	  8
    3306.992	  8
    3309.338	 50
    3309.348	 17
    3319.292	  8
    3320.504	  8
    3320.932	  8
    3321.604	  8
    3321.664	  8
    3322.096	  8
    3323.582	  8
    3324.650	  8
    3325.224	  8
    3325.892	  8
    3326.504	  8
    3326.676	  8
    3327.622	  8
    3328.042	  8
    3328.636	  8
    3329.206	  8
    3329.330	  8
    3329.540	  8
    3330.048	  8
    3330.420	  8
    3331.566	  8
    3332.006	  8
    3332.916	  8
    3333.820	  8
    3334.542	  8
    3335.042	  8
    3335.828	  8
    3336.438	  8
    3336.930	  8
    3337.358	  8
    3338.158	  8
    3338.564	  8
    3339.348	 53
    3339.646	  8
    3339.646	 20
    3339.646	 27
    3339.656	 28
    3339.656	 19
    3339.756	 29
    3339.886	  8
    3339.948	  9
    3346.278	  8
    3359.776	 52
    3359.786	 10
    3383.158	  7
    3383.948	  7
    3386.678	  7
    3388.526	  7
    3388.608	  7
    3388.638	  7
    3389.950	  7
    3390.470	  7
    3390.890	  7
    3394.432	  7
    3394.996	  7
    3395.612	  7
    3396.536	  7
    3396.678	  7
    3398.622	  7
    3398.740	  7
    3398.810	  7
    3398.884	  7
    3399.150	  7
    3399.244	  7
    3399.358	  7
    3399.502	  7
    3404.060	  7
    3404.200	  7
    3404.454	  7
    3404.534	  7
    3417.146	  7
    3417.728	  7
    3422.220	  7
    3425.714	  7
    3427.452	  7
    3427.590	  7
    3428.900	  7
    3432.248	  7
    3433.666	  7
    3433.796	  7
    3436.428	  7
    3436.544	  7
    3436.792	  7
    3436.944	  7
    3444.084	  7
    3444.430	  7
    3448.130	  7
    3453.270	  7
    3467.796	  7
    3476.866	  7
    3479.786	 53
    3481.880	  8
    3481.880	 20
    3481.880	 27
    3481.890	 28
    3481.890	 19
    3481.990	 29
    3482.182	  9
    3482.204	  8
    3483.520	  8
    3502.010	 52
    3502.020	 10
    3550.986	  8
    3586.606	  8
    3587.310	  8
    3622.020	 53
    3654.876	  8
    3654.876	 20
    3654.876	 27
    3654.886	 28
    3654.886	 19
    3654.986	 29
    3655.178	  9
    3675.006	 50
    3675.016	 17
    3685.276	  8
    3696.964	  8
    3698.836	  8
    3700.376	  8
    3701.810	  8
    3702.390	  8
    3702.716	  8
    3704.788	  8
    3705.016	 53
    3705.062	  8
    3705.062	 20
    3705.062	 27
    3705.072	 28
    3705.072	 19
    3705.172	 29
    3705.262	  8
    3705.358	  9
    3705.360	  8
    3705.426	  8
    3707.446	  8
    3707.698	  8
    3707.864	  8
    3709.442	  8
    3725.192	 52
    3725.202	 10
    3764.666	  7
    3764.748	  7
    3770.540	  7
    3772.346	  7
    3773.000	  7
    3775.452	  7
    3775.574	  7
    3775.710	  7
    3775.838	  7
    3775.984	  7
    3776.100	  7
    3776.226	  7
    3776.350	  7
    3776.478	  7
    3776.606	  7
    3776.736	  7
    3776.860	  7
    3776.984	  7
    3777.136	  7
    3777.248	  7
    3777.382	  7
    3777.518	  7
    3777.640	  7
    3777.772	  7
    3777.910	  7
    3778.044	  7
    3778.170	  7
    3778.326	  7
    3778.438	  7
    3778.568	  7
    3778.700	  7
    3778.834	  7
    3778.970	  7
    3779.096	  7
    3779.246	  7
    3779.366	  7
    3779.506	  7
    3779.646	  7
    3779.788	  7
    3779.908	  7
    3780.064	  7
    3780.180	  7
    3780.310	  7
    3780.440	  7
    3780.576	  7
    3780.720	  7
    3780.866	  7
    3780.982	  7
    3781.112	  7
    3781.244	  7
    3781.382	  7
    3781.526	  7
    3781.644	  7
    3781.772	  7
    3781.900	  7
    3782.032	  7
    3782.192	  7
    3782.310	  7
    3782.444	  7
    3782.578	  7
    3782.712	  7
    3782.866	  7
    3782.982	  7
    3783.114	  7
    3783.260	  7
    3783.388	  7
    3783.548	  7
    3783.658	  7
    3783.802	  7
    3783.936	  7
    3784.098	  7
    3784.206	  7
    3784.334	  7
    3784.478	  7
    3784.612	  7
    3784.778	  7
    3784.902	  7
    3785.030	  7
    3785.192	  7
    3785.298	  7
    3785.438	  7
    3785.574	  7
    3785.758	  7
    3785.874	  7
    3786.012	  7
    3786.152	  7
    3786.316	  7
    3786.430	  7
    3786.576	  7
    3786.712	  7
    3786.848	  7
    3787.024	  7
    3787.132	  7
    3787.264	  7
    3787.428	  7
    3787.538	  7
    3787.680	  7
    3787.808	  7
    3787.952	  7
    3788.088	  7
    3788.264	  7
    3788.374	  7
    3788.520	  7
    3788.658	  7
    3788.802	  7
    3788.964	  7
    3789.078	  7
    3789.220	  7
    3789.358	  7
    3789.494	  7
    3789.662	  7
    3789.902	  7
    3790.026	  7
    3790.158	  7
    3790.320	  7
    3790.430	  7
    3790.572	  7
    3790.696	  7
    3790.826	  7
    3790.994	  7
    3791.102	  7
    3791.244	  7
    3791.400	  7
    3791.516	  7
    3791.654	  7
    3791.794	  7
    3791.944	  7
    3792.068	  7
    3792.212	  7
    3792.336	  7
    3792.472	  7
    3792.606	  7
    3792.750	  7
    3792.892	  7
    3793.018	  7
    3793.160	  7
    3793.442	  7
    3793.564	  7
    3793.700	  7
    3795.484	  8
    3796.730	  8
    3808.336	  8
    3813.714	  8
    3813.966	  8
    3829.116	  7
    3829.254	  7
    3831.670	  7
    3834.026	  7
    3834.096	  7
    3836.078	  7
    3836.204	  7
    3836.424	  7
    3837.188	  7
    3839.126	  7
    3845.202	 53
    3856.396	  7
    3856.506	  7
    3856.620	  7
    3856.746	  7
    3856.874	  7
    3857.016	  7
    3857.476	  7
    3858.300	  7
    3858.354	  7
    3870.668	  7
    3876.504	  8
    3876.504	 20
    3876.504	 27
    3876.514	 28
    3876.514	 19
    3876.614	 29
    3876.666	  8
    3876.806	  9
    3876.944	  8
    3878.506	  8
    3896.634	 51
    3896.644	 18
    3927.934	  5
    3929.538	  7
    3929.866	  7
    3931.128	  7
    3933.720	  7
    3933.854	  7
    3936.848	  7
    3937.158	  7
    3937.234	  7
    3938.776	  7
    3939.266	  7
    3939.690	  7
    3939.866	  7
    3940.298	  7
    3940.918	  7
    3941.228	  7
    3942.414	  7
    3942.642	  7
    3943.858	  7
    3944.090	  7
    3944.578	  7
    3944.822	  7
    3945.396	  7
    3945.938	  7
    3948.188	  7
    3948.324	  7
    3951.342	  7
    3951.680	  7
    3953.014	  7
    3955.140	  7
    3956.644	 53
    3956.654	 20
    3956.654	 27
    3957.780	  7
    3959.050	  7
    3959.090	  7
    3959.194	  7
    3959.506	  7
    3959.570	  7
    3959.690	  7
    3959.782	  7
    3960.534	  7
    3961.568	  7
    3961.968	  7
    3962.306	  7
    3962.696	  7
    3962.896	  7
    3963.536	  7
    3964.906	  7
    3965.464	  7
    3965.522	  7
    3965.652	  7
    3966.534	  7
    3966.792	  7
    3966.896	  7
    3970.140	  7
    3973.046	  7
    3973.620	  7
    3976.674	 51
    3976.684	 18
    3977.466	  7
    3979.722	  8
    3980.270	  8
    4009.706	  7
    4015.980	  7
    4016.038	  7
    4030.412	  7
    4031.286	  7
    4036.684	 53
    4036.694	 20
    4036.694	 27
    4046.090	  8
    4046.230	  8
    4046.722	  8
    4053.266	  7
    4056.714	 50
    4056.724	 17
    4057.338	  7
    4057.806	  7
    4068.106	  7
    4068.872	  7
    4068.970	  7
    4074.020	  7
    4074.534	  7
    4075.272	  7
    4082.996	  7
    4083.728	  7
    4086.724	 53
    4089.086	  7
    4089.434	  7
    4099.676	  7
    4100.398	  7
    4108.546	  7
    4110.596	  7
    4110.718	  7
    4110.856	  7
    4110.972	  7
    4111.082	  7
    4111.206	  7
    4111.410	  7
    4111.980	  7
    4112.226	  7
    4112.622	  7
    4112.850	  7
    4113.020	  7
    4113.534	  7
    4113.972	  7
    4114.374	  7
    4114.594	  7
    4116.100	  7
    4117.624	  7
    4118.170	  7
    4118.720	  7
    4118.864	  7
    4119.018	  7
    4119.344	  7
    4147.190	  8
    4147.190	 20
    4147.190	 27
    4147.200	 28
    4147.200	 19
    4147.300	 29
    4147.488	  8
    4147.492	  9
    4147.642	  8
    4167.320	 52
    4167.330	 10
    4167.704	  7
    4171.134	  7
    4171.392	  7
    4176.738	  7
    4177.404	  7
    4184.326	  7
    4189.670	  7
    4197.078	  7
    4197.234	  7
    4198.166	  7
    4198.456	  7
    4199.002	  7
    4199.244	  7
    4205.098	  7
    4205.976	  7
    4220.960	  8
    4226.888	  8
    4227.028	  8
    4228.684	  8
    4243.578	  8
    4243.912	  8
    4272.514	  8
    4287.330	 53
    4299.948	  8
    4299.948	 20
    4299.948	 27
    4299.958	 28
    4299.958	 19
    4300.058	 29
    4300.070	  8
    4300.222	  8
    4300.250	  9
    4320.078	 52
    4320.088	 10
    4322.124	  8
    4327.784	  8
    4361.488	  8
    4365.920	  7
    4366.342	  7
    4367.042	  7
    4367.130	  7
    4367.266	  7
    4368.068	  7
    4368.140	  7
    4368.670	  7
    4368.742	  7
    4369.254	  7
    4370.246	  7
    4370.588	  7
    4370.926	  7
    4371.456	  7
    4371.672	  7
    4371.882	  7
    4372.120	  7
    4372.604	  7
    4373.636	  7
    4375.466	  7
    4375.822	  7
    4375.934	  7
    4377.868	  7
    4378.204	  7
    4378.536	  7
    4378.834	  7
    4379.156	  7
    4379.460	  7
    4379.628	  7
    4380.330	  7
    4380.508	  7
    4381.220	  7
    4381.890	  7
    4382.608	  7
    4383.206	  7
    4384.944	  7
    4385.300	  7
    4385.580	  7
    4385.734	  7
    4386.552	  7
    4387.028	  7
    4387.230	  7
    4387.444	  7
    4387.658	  7
    4388.062	  7
    4396.088	  7
    4400.840	  7
    4401.670	  7
    4401.932	  7
    4402.342	  7
    4402.512	  7
    4403.066	  7
    4413.584	  8
    4415.000	  8
    4418.444	  8
    4419.450	  8
    4422.448	  8
    4422.904	  8
    4440.088	 53
    4445.844	  8
    4445.844	 20
    4445.844	 27
    4445.854	 28
    4445.854	 19
    4445.954	 29
    4446.146	  9
    4447.732	  8
    4447.968	  8
    4465.974	 51
    4465.984	 18
    4525.984	 53
    4525.994	 20
    4525.994	 27
    4544.304	  8
    4544.646	  8
    4545.138	  8
    4545.706	  8
    4546.014	 52
    4546.024	 10
    4546.518	  8
    4550.332	  8
    4550.396	  8
    4577.752	  8
    4577.958	  8
    4578.598	  8
    4579.182	  8
    4580.000	  8
    4580.362	  8
    4580.700	  8
    4581.228	  8
    4582.118	  8
    4585.048	  8
    4590.736	  8
    4591.606	  8
    4592.196	  8
    4595.228	  8
    4599.982	  8
    4600.156	  8
    4600.844	  8
    4601.432	  8
    4602.026	  8
    4602.490	  8
    4602.844	  8
    4603.216	  8
    4603.738	  8
    4604.280	  8
    4604.824	  8
    4605.364	  8
    4605.736	  8
    4606.380	  8
    4606.868	  8
    4607.124	  8
    4607.688	  8
    4608.070	  8
    4608.434	  8
    4610.202	  8
    4611.780	  8
    4612.224	  8
    4612.814	  8
    4613.734	  8
    4614.338	  8
    4614.858	  8
    4616.878	  8
    4617.610	  8
    4618.284	  8
    4619.438	  8
    4620.352	  8
    4621.450	  8
    4622.462	  8
    4623.414	  8
    4626.598	  8
    4628.558	  8
    4628.748	  8
    4631.206	  8
    4631.484	  8
    4633.784	  8
    4634.190	  8
    4634.502	  8
    4634.970	  8
    4635.144	  8
    4636.352	  8
    4636.534	  8
    4636.926	  8
    4637.994	  8
    4638.378	  8
    4638.522	  8
    4639.380	  8
    4640.966	  8
    4641.512	  8
    4641.702	  8
    4645.516	  8
    4645.824	  8
    4649.912	  8
    4666.024	 53
    4695.688	  8
    4695.688	 20
    4695.688	 27
    4695.698	 28
    4695.698	 19
    4695.798	 29
    4695.990	  9
    4715.818	 50
    4715.828	 17
    4733.592	  8
    4736.692	  8
    4739.562	  8
    4739.764	  8
    4740.150	  8
    4741.512	  8
    4744.140	  8
    4745.028	  8
    4745.776	  8
    4745.828	 53
    4746.818	  8
    4746.818	 20
    4746.818	 27
    4746.828	 28
    4746.828	 19
    4746.928	 29
    4747.120	  9
    4751.984	  8
    4754.818	  8
    4766.948	 52
    4766.958	 10
    4789.090	  8
    4792.606	  8
    4792.912	  8
    4797.132	  7
    4797.612	  7
    4797.714	  7
    4797.798	  7
    4798.646	  7
    4799.556	  7
    4799.732	  7
    4799.952	  7
    4800.950	  7
    4801.026	  7
    4801.888	  7
    4802.648	  7
    4802.936	  7
    4803.308	  7
    4803.674	  7
    4803.848	  7
    4804.202	  7
    4804.886	  7
    4804.984	  7
    4806.518	  7
    4806.674	  7
    4806.772	  7
    4806.854	  7
    4810.744	  7
    4811.212	  7
    4811.588	  7
    4811.792	  7
    4813.186	  7
    4813.570	  7
    4814.256	  7
    4814.608	  7
    4815.052	  7
    4815.250	  7
    4816.442	  7
    4816.934	  7
    4817.538	  7
    4817.940	  7
    4818.248	  7
    4818.602	  7
    4819.542	  7
    4819.936	  7
    4820.258	  7
    4831.680	  7
    4831.770	  7
    4831.906	  7
    4832.026	  7
    4832.114	  7
    4832.630	  7
    4832.854	  7
    4833.080	  7
    4833.516	  7
    4833.630	  7
    4833.754	  7
    4834.336	  7
    4834.696	  7
    4835.018	  7
    4835.634	  7
    4836.242	  7
    4836.948	  7
    4836.988	  7
    4837.522	  7
    4838.788	  7
    4847.998	  8
    4848.122	  8
    4854.066	  8
    4857.400	  8
    4858.368	  8
    4872.112	  8
    4873.146	  8
    4874.372	  8
    4874.532	  8
    4881.170	  8
    4881.372	  8
    4881.606	  8
    4882.038	  8
    4886.958	 53
    4910.484	  8
    4910.484	 20
    4910.484	 27
    4910.494	 28
    4910.494	 19
    4910.594	 29
    4910.776	  8
    4910.786	  9
    4912.370	  8
    4930.614	 50
    4930.624	 17
    4951.290	  5
    4952.252	  5
    4958.628	  8
    4958.912	  8
    4960.624	 53
    4963.812	  7
    4964.364	  7
    4964.692	  7
    4965.780	  7
    4967.900	  7
    4968.448	  7
    4969.134	  7
    4969.730	  7
    4970.306	  7
    4971.318	  7
    4971.640	  7
    4971.948	  7
    4972.280	  7
    4972.680	  7
    4972.986	  7
    4973.308	  7
    4973.632	  7
    4974.110	  7
    4974.422	  7
    4974.732	  7
    4975.102	  7
    4975.434	  7
    4975.924	  7
    4976.396	  7
    4976.818	  7
    4976.988	  7
    4977.292	  7
    4977.482	  7
    4977.626	  7
    4977.782	  7
    4977.926	  7
    4978.084	  7
    4978.232	  7
    4978.358	  7
    4978.424	  7
    4978.662	  7
    4979.244	  7
    4980.410	  7
    4985.278	  7
    4987.918	  7
    4989.676	  7
    4989.942	  7
    4990.074	  7
    5001.860	  7
    5002.454	  7
    5003.092	  7
    5005.476	  7
    5008.616	  7
    5009.084	  7
    5013.200	  8
    5013.200	 20
    5013.200	 27
    5013.210	 28
    5013.210	 19
    5013.310	 29
    5013.502	  9
    5013.576	  8
    5014.802	  8
    5030.206	  7
    5030.774	  7
    5031.010	  7
    5033.330	 52
    5033.340	 10
    5044.928	  7
    5067.700	  8
    5073.954	  8
    5092.790	  8
    5093.510	  8
    5098.504	  8
    5098.642	  8
    5098.724	  8
    5099.482	  8
    5125.828	  8
    5126.080	  8
    5126.416	  8
    5153.340	 53
    5155.436	  8
    5155.436	 20
    5155.436	 27
    5155.446	 28
    5155.446	 19
    5155.546	 29
    5155.648	  8
    5155.738	  9
    5155.898	  8
    5175.566	 50
    5175.576	 17
    5205.576	 53
    5217.200	  8
    5217.200	 20
    5217.200	 27
    5217.210	 28
    5217.210	 19
    5217.310	 29
    5217.368	  8
    5217.502	  9
    5218.522	  8
    5237.330	 50
    5237.340	 17
    5245.844	  8
    5251.886	  8
    5253.046	  8
    5253.808	  8
    5254.328	  8
    5255.860	  8
    5256.620	  8
    5257.236	  8
    5258.694	  8
    5259.206	  8
    5260.226	  8
    5260.878	  8
    5261.270	  8
    5261.650	  8
    5262.898	  8
    5263.400	  8
    5264.244	  8
    5264.920	  8
    5265.344	  8
    5265.398	  8
    5265.856	  8
    5266.406	  8
    5266.924	  8
    5267.340	 53
    5267.588	  8
    5267.588	 20
    5267.588	 27
    5267.598	 28
    5267.598	 19
    5267.698	 29
    5267.890	  9
    5287.718	 52
    5287.728	 10
    5329.200	  8
    5329.360	  8
    5336.070	  8
    5336.848	  8
    5343.192	  7
    5343.298	  7
    5343.752	  7
    5344.410	  7
    5345.040	  7
    5346.812	  7
    5346.916	  7
    5347.042	  7
    5348.718	  7
    5349.376	  7
    5351.586	  7
    5351.686	  7
    5352.492	  7
    5352.668	  7
    5352.740	  7
    5355.012	  7
    5355.378	  7
    5355.786	  7
    5356.142	  7
    5356.450	  7
    5356.670	  7
    5356.976	  7
    5357.974	  7
    5358.140	  7
    5358.332	  7
    5358.544	  7
    5359.100	  7
    5367.500	  8
    5368.046	  8
    5368.244	  8
    5368.794	  8
    5377.928	  8
    5378.184	  8
    5378.542	  8
    5379.196	  8
    5394.958	  8
    5395.140	  8
    5395.868	  8
    5395.986	  8
    5396.938	  8
    5400.900	  8
    5401.414	  8
    5407.728	 53
    5420.254	  8
    5420.254	 20
    5420.254	 27
    5420.264	 28
    5420.264	 19
    5420.364	 29
    5420.508	  8
    5420.556	  9
    5440.384	 51
    5440.394	 18
    5456.718	  8
    5456.840	  8
    5500.394	 53
    5500.404	 20
    5500.404	 27
    5514.972	  8
    5517.456	  8
    5520.424	 52
    5520.434	 10
    5530.270	  7
    5530.680	  7
    5532.568	  7
    5534.590	  7
    5534.882	  7
    5534.962	  7
    5535.636	  7
    5537.154	  7
    5537.310	  7
    5542.752	  7
    5542.864	  7
    5543.018	  7
    5543.116	  7
    5543.268	  7
    5543.354	  7
    5544.646	  7
    5545.236	  7
    5545.854	  7
    5547.152	  7
    5550.232	  7
    5550.326	  7
    5555.056	  7
    5557.252	  7
    5560.108	  7
    5560.232	  7
    5561.308	  7
    5561.442	  7
    5561.614	  7
    5562.172	  7
    5563.082	  7
    5565.092	  7
    5565.216	  7
    5565.334	  7
    5565.480	  7
    5565.574	  7
    5572.414	  8
    5572.748	  8
    5576.654	  7
    5582.784	  7
    5586.330	  7
    5593.602	  8
    5593.842	  8
    5594.314	  8
    5594.634	  8
    5594.844	  8
    5596.342	  8
    5596.872	  8
    5601.734	  7
    5601.962	  7
    5608.832	  7
    5609.634	  7
    5626.450	  8
    5626.856	  8
    5627.564	  8
    5632.376	  7
    5635.442	  7
    5636.822	  7
    5637.876	  7
    5637.994	  7
    5638.316	  7
    5638.554	  7
    5639.182	  7
    5639.272	  7
    5640.434	 53
    5641.004	  7
    5643.548	  7
    5643.672	  7
    5649.884	  7
    5651.330	  7
    5651.580	  7
    5651.684	  7
    5652.512	  7
    5653.596	  7
    5653.948	  7
    5654.028	  7
    5657.828	  7
    5657.958	  7
    5658.088	  7
    5658.240	  7
    5658.352	  7
    5658.492	  7
    5658.644	  7
    5658.766	  7
    5658.898	  7
    5659.040	  7
    5659.192	  7
    5659.310	  7
    5659.448	  7
    5659.576	  7
    5659.738	  7
    5659.856	  7
    5660.020	  7
    5660.134	  7
    5660.268	  7
    5660.404	  7
    5660.578	  7
    5660.698	  7
    5660.836	  7
    5660.998	  7
    5661.110	  7
    5661.248	  7
    5661.390	  7
    5661.530	  7
    5661.702	  7
    5661.818	  7
    5661.958	  7
    5662.098	  7
    5662.276	  7
    5662.390	  7
    5662.528	  7
    5662.666	  7
    5662.832	  7
    5662.946	  7
    5663.092	  7
    5663.230	  7
    5663.376	  7
    5663.530	  7
    5663.656	  7
    5663.804	  7
    5663.946	  7
    5664.118	  7
    5664.238	  7
    5664.368	  7
    5664.510	  7
    5664.686	  7
    5664.792	  7
    5664.926	  7
    5665.068	  7
    5665.106	  7
    5665.242	  7
    5665.370	  7
    5665.504	  7
    5665.640	  7
    5665.774	  7
    5665.940	  7
    5666.060	  7
    5666.200	  7
    5666.364	  7
    5666.494	  7
    5666.636	  7
    5666.778	  7
    5666.920	  7
    5667.062	  7
    5667.220	  7
    5667.342	  7
    5667.482	  7
    5667.616	  7
    5667.916	  7
    5668.030	  7
    5668.172	  7
    5668.306	  7
    5668.468	  7
    5668.588	  7
    5668.732	  7
    5668.872	  7
    5669.012	  7
    5669.146	  7
    5669.296	  7
    5669.468	  7
    5669.580	  7
    5669.722	  7
    5669.868	  7
    5670.008	  7
    5670.172	  7
    5670.286	  7
    5670.428	  7
    5670.572	  7
    5670.716	  7
    5670.848	  7
    5671.024	  7
    5671.138	  7
    5671.270	  7
    5671.400	  7
    5671.538	  7
    5671.674	  7
    5671.806	  7
    5671.944	  7
    5672.114	  7
    5672.238	  7
    5672.374	  7
    5672.506	  7
    5672.650	  7
    5672.812	  7
    5672.928	  7
    5673.068	  7
    5673.234	  7
    5673.362	  7
    5673.504	  7
    5673.678	  7
    5673.798	  7
    5673.952	  7
    5674.078	  7
    5674.232	  7
    5674.354	  7
    5674.500	  7
    5674.650	  7
    5674.792	  7
    5674.950	  7
    5675.066	  7
    5675.214	  7
    5675.344	  7
    5675.486	  7
    5675.612	  7
    5675.780	  7
    5675.892	  7
    5676.038	  7
    5676.172	  7
    5676.320	  7
    5676.450	  7
    5676.594	  7
    5676.754	  7
    5676.876	  7
    5677.034	  7
    5677.160	  7
    5677.300	  7
    5677.438	  7
    5677.582	  7
    5677.750	  7
    5677.868	  7
    5678.014	  7
    5678.162	  7
    5678.300	  7
    5678.446	  7
    5678.590	  7
    5678.730	  7
    5678.904	  7
    5679.026	  7
    5679.170	  7
    5679.314	  7
    5679.472	  7
    5679.618	  7
    5679.788	  7
    5679.914	  7
    5680.060	  7
    5680.204	  7
    5680.350	  7
    5680.500	  7
    5680.794	  7
    5680.912	  7
    5681.056	  7
    5681.198	  7
    5681.338	  7
    5681.482	  7
    5681.642	  7
    5681.770	  7
    5681.916	  7
    5682.066	  7
    5682.192	  7
    5682.348	  7
    5682.480	  7
    5682.636	  7
    5682.794	  7
    5682.916	  7
    5683.060	  7
    5683.198	  7
    5683.342	  7
    5683.492	  7
    5684.976	  8
    5684.976	 20
    5684.976	 27
    5684.986	 28
    5684.986	 19
    5685.086	 29
    5685.252	  8
    5685.278	  9
    5686.554	  8
    5705.106	 50
    5705.116	 17
    5734.808	  8
    5735.024	  8
    5735.116	 53
    5735.608	  8
    5735.608	 20
    5735.608	 27
    5735.618	 28
    5735.618	 19
    5735.704	  8
    5735.718	 29
    5735.910	  9
    5735.988	  8
    5755.738	 51
    5755.748	 18
    5815.748	 53
    5815.758	 20
    5815.758	 27
    5815.768	 61
