      30.526	  8
      66.374	  8
      66.674	  8
      67.332	  8
      75.090	  8
      20.010	 50
      20.020	 10
      24.078	  8
      50.020	 53
      51.838	  8
      51.838	 20
      51.838	 27
      51.848	 28
      51.848	 19
      51.948	 29
      52.090	  8
      52.116	  9
      64.050	  8
      64.124	  8
      71.968	 52
      71.978	 18
     121.944	  8
     122.132	  8
     132.838	  8
     132.888	  8
     171.206	  8
     171.526	  8
     172.080	  8
     172.192	  8
     172.458	  8
     176.270	  8
     176.354	  8
     176.444	  8
     176.974	  8
     187.508	  8
     187.570	  8
     187.850	  8
     191.978	 53
     194.594	  8
     194.594	 20
     194.594	 27
     194.604	 28
     194.604	 19
     194.704	 29
     194.872	  9
     194.928	  8
     209.206	  8
     214.724	 50
     214.734	 10
     222.852	  8
     237.116	  7
     237.218	  7
     237.424	  7
     237.892	  7
     238.288	  7
     240.582	  8
     240.888	  8
     241.540	  8
     242.258	  8
     242.554	  8
     243.218	  8
     243.674	  8
     244.416	  8
     244.734	 53
     244.854	  8
     244.854	 20
     244.854	 27
     244.864	 28
     244.864	 19
     244.964	 29
     245.132	  9
     245.260	  8
     251.070	  8
     264.984	 52
     264.994	 18
     296.676	  8
     296.816	  8
     297.244	  8
     310.070	  8
     310.202	  8
     323.052	  8
     323.684	  8
     323.914	  8
     363.942	  8
     364.204	  8
     364.316	  8
     364.452	  8
     364.844	  8
     372.926	  8
     374.820	  8
     375.548	  8
     384.994	 53
     388.284	  8
     388.284	 20
     388.284	 27
     388.294	 28
     388.294	 19
     388.394	 29
     388.562	  9
     388.590	  8
     392.496	  8
     408.414	 51
     408.424	 17
     426.668	  8
     438.480	  8
     438.532	  8
     438.810	  8
     443.144	  8
     444.356	  8
     444.530	  8
     448.816	  8
     448.860	  8
     449.986	  8
     452.504	  8
     452.696	  8
     457.636	  8
     458.258	  8
     458.622	  8
     459.592	  8
     460.842	  8
     461.106	  8
     461.824	  8
     461.830	  8
     462.112	  8
     462.330	  8
     462.740	  8
     463.380	  8
     463.720	  8
     465.284	  8
     465.624	  8
     466.264	  8
     466.654	  8
     466.922	  8
     467.198	  8
     467.930	  8
     468.228	  8
     468.424	 53
     468.434	 20
     468.434	 27
     469.376	  8
     469.472	  8
     470.406	  8
     470.680	  8
     471.082	  8
     471.880	  8
     472.128	  8
     472.848	  8
     474.012	  8
     474.190	  8
     474.654	  8
     475.500	  8
     475.954	  8
     476.280	  8
     478.734	  8
     479.084	  8
     479.506	  8
     479.876	  8
     480.582	  8
     480.832	  8
     481.282	  8
     481.698	  8
     481.970	  8
     482.390	  8
     482.648	  8
     485.676	  8
     485.948	  8
     486.164	  8
     486.494	  8
     487.612	  8
     488.454	 52
     488.464	 18
     489.720	  8
     490.020	  8
     490.106	  8
     490.164	  8
     491.958	  8
     492.264	  8
     492.328	  8
     500.340	  8
     500.536	  8
     501.016	  8
     501.526	  8
     502.334	  8
     502.538	  8
     514.168	  7
     514.574	  7
     514.756	  7
     514.910	  7
     515.066	  7
     515.254	  7
     515.432	  7
     517.010	  8
     517.058	  8
     517.482	  8
     518.166	  8
     527.728	  8
     527.954	  8
     528.864	  8
     597.726	  8
     597.908	  8
     598.614	  8
     599.034	  8
     600.816	  8
     601.330	  8
     601.792	  8
     602.360	  8
     603.046	  8
     608.464	 53
     613.834	  8
     613.834	 20
     613.834	 27
     613.844	 28
     613.844	 19
     613.944	 29
     614.112	  8
     616.024	  8
     633.964	 51
     633.974	 17
     643.590	  8
     648.652	  8
     648.686	  8
     649.000	  8
     664.320	  8
     664.544	  8
     664.644	  8
     665.052	  8
     673.876	  8
     674.042	  8
     674.708	  8
     675.728	  8
     677.462	  8
     677.790	  8
     678.472	  8
     678.830	  8
     679.326	  8
     679.842	  8
     681.050	  8
     682.014	  8
     682.298	  8
     683.608	  8
     685.524	  8
     685.830	  8
     686.198	  8
     687.384	  8
     688.352	  8
     689.592	  8
     689.844	  8
     690.226	  8
     690.290	  8
     691.740	  8
     691.994	  8
     693.162	  8
     693.422	  8
     693.974	 53
     693.984	 20
     693.984	 27
     694.972	  8
     695.320	  8
     695.568	  8
     695.692	  8
     702.780	  8
     703.192	  8
     714.004	 52
     714.014	 18
     732.712	  8
     733.826	  8
     734.438	  8
     734.810	  8
     747.084	  8
     751.282	  8
     752.240	  8
     769.094	  8
     769.678	  8
     770.708	  8
     771.440	  8
     773.154	  8
     773.330	  8
     780.140	  8
     780.232	  8
     782.076	  8
     782.394	  8
     783.220	  8
     783.628	  8
     787.392	  8
     792.212	  8
     793.426	  8
     803.252	  8
     803.750	  8
     809.830	  8
     809.942	  8
     810.222	  8
     810.970	  8
     812.202	  8
     815.768	  8
     815.880	  8
     817.530	  8
     818.398	  8
     818.936	  8
     819.446	  8
     820.580	  8
     821.020	  8
     821.446	  8
     821.706	  8
     831.102	  8
     831.318	  8
     831.598	  8
     831.690	  8
     832.278	  8
     833.576	  8
     834.014	 53
     834.324	  8
     834.324	 20
     834.324	 27
     834.334	 28
     834.334	 19
     834.434	 29
     834.602	  9
     834.760	  8
     854.454	 52
     854.464	 18
     885.408	  8
     885.458	  8
     907.172	  8
     907.410	  8
     908.154	  8
     910.420	  8
     911.654	  8
     913.056	  8
     913.662	  8
     914.346	  8
     914.722	  8
     930.524	  8
     930.726	  8
     931.272	  8
     931.366	  8
     931.692	  8
     932.270	  8
     932.840	  8
     933.240	  8
     933.978	  8
     934.746	  8
     935.018	  8
     936.054	  8
     936.322	  8
     936.590	  8
     936.728	  8
     936.800	  8
     940.662	  8
     940.914	  8
     941.878	  8
     941.924	  8
     943.826	  8
     944.222	  8
     944.590	  8
     945.060	  8
     945.500	  8
     946.180	  8
     946.662	  8
     947.196	  8
     952.330	  8
     952.542	  8
     952.830	  8
     953.758	  8
     954.184	  8
     954.690	  8
     955.180	  8
     956.232	  8
     956.592	  8
     957.236	  8
     957.538	  8
     957.796	  8
     958.024	  8
     963.618	  8
     964.882	  8
     965.078	  8
     966.104	  8
     966.456	  8
     966.986	  8
     967.714	  8
     968.264	  8
     971.364	  8
     971.684	  8
     972.602	  8
     972.918	  8
     974.464	 53
     974.664	  8
     974.664	 20
     974.664	 27
     974.674	 28
     974.674	 19
     974.774	 29
     974.942	  9
     975.062	  8
     976.346	  8
     976.498	  8
     978.474	  8
     980.488	  8
     980.600	  8
     994.794	 52
     994.804	 18
    1015.150	  7
    1015.268	  7
    1015.788	  7
    1015.984	  7
    1016.154	  7
    1018.622	  7
    1021.844	  7
    1023.296	  7
    1028.280	  7
    1029.162	  7
    1030.742	  7
    1035.630	  7
    1038.630	  8
    1038.712	  8
    1038.850	  8
    1040.872	  8
    1057.750	  8
    1061.038	  8
    1062.148	  8
    1063.620	  8
    1064.362	  8
    1064.800	  8
    1065.128	  8
    1065.754	  8
    1065.860	  8
    1067.678	  8
    1068.568	  8
    1069.078	  8
    1070.264	  8
    1070.932	  8
    1071.828	  8
    1072.110	  8
    1074.252	  8
    1074.518	  8
    1075.000	  8
    1075.878	  8
    1076.262	  8
    1076.586	  8
    1078.434	  8
    1078.820	  8
    1079.494	  8
    1079.832	  8
    1080.396	  8
    1081.048	  8
    1081.496	  8
    1082.354	  8
    1083.646	  8
    1085.022	  8
    1085.454	  8
    1087.752	  8
    1088.034	  8
    1088.666	  8
    1089.042	  8
    1089.632	  8
    1090.114	  8
    1090.516	  8
    1091.104	  8
    1091.588	  8
    1092.092	  8
    1092.584	  8
    1093.164	  8
    1093.622	  8
    1094.258	  8
    1095.148	  8
    1095.732	  8
    1096.376	  8
    1097.134	  8
    1097.718	  8
    1097.894	  8
    1097.988	  8
    1098.144	  8
    1098.520	  8
    1099.276	  8
    1100.860	  8
    1101.438	  8
    1102.294	  8
    1102.806	  8
    1103.376	  8
    1104.662	  8
    1105.170	  8
    1106.096	  8
    1106.432	  8
    1106.552	  8
    1107.980	  8
    1109.786	  8
    1110.342	  8
    1110.676	  8
    1111.426	  8
    1112.016	  8
    1112.354	  8
    1112.922	  8
    1113.204	  8
    1113.678	  8
    1114.220	  8
    1114.804	 53
    1116.106	  8
    1116.106	 20
    1116.106	 27
    1116.116	 28
    1116.116	 19
    1116.216	 29
    1116.384	  9
    1116.514	  8
    1118.130	  8
    1118.846	  8
    1136.236	 50
    1136.246	 10
    1147.946	  7
    1148.062	  7
    1148.238	  7
    1148.412	  7
    1148.554	  7
    1148.690	  7
    1148.852	  7
    1149.008	  7
    1149.164	  7
    1149.310	  7
    1149.472	  7
    1149.638	  7
    1149.800	  7
    1149.936	  7
    1150.070	  7
    1150.216	  7
    1150.366	  7
    1150.554	  7
    1150.700	  7
    1150.850	  7
    1150.998	  7
    1151.154	  7
    1151.292	  7
    1151.436	  7
    1151.576	  7
    1151.730	  7
    1151.892	  7
    1152.078	  7
    1152.216	  7
    1152.360	  7
    1152.510	  7
    1152.654	  7
    1152.802	  7
    1152.946	  7
    1153.106	  7
    1153.242	  7
    1153.410	  7
    1153.548	  7
    1153.706	  7
    1153.868	  7
    1154.016	  7
    1154.174	  7
    1154.332	  7
    1154.482	  7
    1154.640	  7
    1154.822	  7
    1154.948	  7
    1155.120	  7
    1155.234	  7
    1155.384	  7
    1155.536	  7
    1155.684	  7
    1155.828	  7
    1155.974	  7
    1156.140	  7
    1156.292	  7
    1156.422	  7
    1156.562	  7
    1156.704	  7
    1156.832	  7
    1156.972	  7
    1157.122	  7
    1157.266	  7
    1157.412	  7
    1157.664	  7
    1157.794	  7
    1157.954	  7
    1158.104	  7
    1158.252	  7
    1158.412	  7
    1158.540	  7
    1158.690	  7
    1158.812	  7
    1158.974	  7
    1159.124	  7
    1159.238	  7
    1159.374	  7
    1159.524	  7
    1159.678	  7
    1159.832	  7
    1159.980	  7
    1160.138	  7
    1160.312	  7
    1160.434	  7
    1160.580	  7
    1160.724	  7
    1160.884	  7
    1161.036	  7
    1161.194	  7
    1161.332	  7
    1161.506	  7
    1161.622	  7
    1161.776	  7
    1161.900	  7
    1162.046	  7
    1162.202	  7
    1162.330	  7
    1162.488	  7
    1162.660	  7
    1162.770	  7
    1162.908	  7
    1163.068	  7
    1163.194	  7
    1163.342	  7
    1163.500	  7
    1163.660	  7
    1163.802	  7
    1163.946	  7
    1164.074	  7
    1164.236	  7
    1164.362	  7
    1164.514	  7
    1164.630	  7
    1164.794	  7
    1164.952	  7
    1165.094	  7
    1165.238	  7
    1165.368	  7
    1165.512	  7
    1165.658	  7
    1165.802	  7
    1165.944	  7
    1166.114	  7
    1166.246	 53
    1166.256	  7
    1166.408	  7
    1166.542	  7
    1166.716	  7
    1166.866	  7
    1166.998	  7
    1167.132	  7
    1167.290	  7
    1167.456	  7
    1167.586	  7
    1167.732	  7
    1167.872	  7
    1168.030	  7
    1168.170	  7
    1168.322	  7
    1168.452	  7
    1168.604	  7
    1168.762	  7
    1168.896	  7
    1169.058	  7
    1169.194	  7
    1169.342	  7
    1169.474	  7
    1169.614	  7
    1169.952	  7
    1170.072	  7
    1170.266	  7
    1170.398	  7
    1170.552	  7
    1170.706	  7
    1170.858	  7
    1170.986	  7
    1171.124	  7
    1171.272	  7
    1171.416	  7
    1171.564	  7
    1171.704	  7
    1171.836	  7
    1171.994	  7
    1172.160	  7
    1172.290	  7
    1172.428	  7
    1172.574	  7
    1172.718	  7
    1172.896	  7
    1173.024	  7
    1173.158	  7
    1173.304	  7
    1173.452	  7
    1173.602	  7
    1173.742	  7
    1173.904	  7
    1174.072	  7
    1174.208	  7
    1174.332	  7
    1174.484	  7
    1174.634	  7
    1174.778	  7
    1174.922	  7
    1175.078	  7
    1175.214	  7
    1175.366	  7
    1175.514	  7
    1175.656	  7
    1175.802	  7
    1175.946	  7
    1176.086	  7
    1176.250	  7
    1176.376	  7
    1176.530	  7
    1176.670	  7
    1176.812	  7
    1176.960	  7
    1177.096	  7
    1177.254	  7
    1177.388	  7
    1177.576	  7
    1177.708	  7
    1177.846	  7
    1177.986	  7
    1178.138	  7
    1178.282	  7
    1178.438	  7
    1178.590	  7
    1178.764	  7
    1178.904	  7
    1179.050	  7
    1179.192	  7
    1179.346	  7
    1179.488	  7
    1179.640	  7
    1179.796	  7
    1179.926	  7
    1180.084	  7
    1180.254	  7
    1180.382	  7
    1180.534	  7
    1180.964	  7
    1181.248	  7
    1181.412	  7
    1181.748	  7
    1181.886	  7
    1182.250	  7
    1182.380	  7
    1182.514	  7
    1182.516	  7
    1182.518	  7
    1182.524	  7
    1182.526	  7
    1182.648	  7
    1182.798	  7
    1183.242	  7
    1183.370	  7
    1183.498	  7
    1183.644	  7
    1183.996	  7
    1184.112	  7
    1184.284	  7
    1184.696	  7
    1184.810	  7
    1184.950	  7
    1185.106	  7
    1185.250	  7
    1185.396	  7
    1185.542	  7
    1185.696	  7
    1185.836	  7
    1186.008	  7
    1186.136	  7
    1186.268	  7
    1186.410	  7
    1186.550	  7
    1186.696	  7
    1186.832	  7
    1186.972	  7
    1187.126	  7
    1187.250	  7
    1187.422	  7
    1187.542	  7
    1187.684	  7
    1187.818	  7
    1187.962	  7
    1188.104	  7
    1189.446	  8
    1189.446	 20
    1189.446	 27
    1189.456	 28
    1189.456	 19
    1189.556	 29
    1189.594	  8
    1189.724	  9
    1209.576	 51
    1209.586	 17
    1221.598	  7
    1222.006	  7
    1222.942	  7
    1224.426	  7
    1225.546	  7
    1225.768	  7
    1226.126	  7
    1229.636	  7
    1231.158	  7
    1233.030	  7
    1237.430	  7
    1243.298	  8
    1243.586	  8
    1245.136	  8
    1247.156	  8
    1247.642	  8
    1248.256	  8
    1248.386	  8
    1248.920	  8
    1249.700	  8
    1250.098	  8
    1251.212	  8
    1253.230	  8
    1254.004	  8
    1254.806	  8
    1254.898	  8
    1255.254	  8
    1255.996	  8
    1256.298	  8
    1256.424	  8
    1256.816	  8
    1257.390	  8
    1257.718	  8
    1258.974	  8
    1259.490	  8
    1260.486	  8
    1260.528	  8
    1260.988	  8
    1261.556	  8
    1261.992	  8
    1262.332	  8
    1262.572	  8
    1263.008	  8
    1263.878	  8
    1264.122	  8
    1264.804	  8
    1265.094	  8
    1265.324	  8
    1265.576	  8
    1266.792	  8
    1267.004	  8
    1267.338	  8
    1268.152	  8
    1268.452	  8
    1269.298	  8
    1269.586	 53
    1269.596	 20
    1269.596	 27
    1270.268	  8
    1270.442	  8
    1270.894	  8
    1271.422	  8
    1271.834	  8
    1272.456	  8
    1273.564	  8
    1273.816	  8
    1274.048	  8
    1274.516	  8
    1274.838	  8
    1275.564	  8
    1275.818	  8
    1276.024	  8
    1276.558	  8
    1277.688	  8
    1278.464	  8
    1278.912	  8
    1279.356	  8
    1279.802	  8
    1281.218	  8
    1281.266	  8
    1281.978	  8
    1282.428	  8
    1283.096	  8
    1283.334	  8
    1284.902	  8
    1285.062	  8
    1285.622	  8
    1285.734	  8
    1286.562	  8
    1287.014	  8
    1287.454	  8
    1287.704	  8
    1288.030	  8
    1288.308	  8
    1288.640	  8
    1289.466	  8
    1289.616	 51
    1289.626	 17
    1289.738	  8
    1290.324	  8
    1291.268	  8
    1291.530	  8
    1292.002	  8
    1292.662	  8
    1292.828	  8
    1294.048	  8
    1294.678	  8
    1295.242	  8
    1296.052	  8
    1296.248	  8
    1296.736	  8
    1297.248	  8
    1297.778	  8
    1298.014	  8
    1298.518	  8
    1298.754	  8
    1298.836	  8
    1300.532	  8
    1300.906	  8
    1301.456	  8
    1301.920	  8
    1302.170	  8
    1302.660	  8
    1302.668	  8
    1303.050	  8
    1303.614	  8
    1304.008	  8
    1304.520	  8
    1305.240	  8
    1305.654	  8
    1306.118	  8
    1306.618	  8
    1307.524	  8
    1308.012	  8
    1308.296	  8
    1308.814	  8
    1309.092	  8
    1310.256	  8
    1310.620	  8
    1310.954	  8
    1311.524	  8
    1312.194	  8
    1312.814	  8
    1313.252	  8
    1313.742	  8
    1314.014	  8
    1314.442	  8
    1315.006	  8
    1315.482	  8
    1316.068	  8
    1316.418	  8
    1317.744	  8
    1318.042	  8
    1318.248	  8
    1318.576	  8
    1319.900	  8
    1320.762	  8
    1321.430	  8
    1322.738	  8
    1323.014	  8
    1323.446	  8
    1323.944	  8
    1324.618	  8
    1324.916	  8
    1325.688	  8
    1326.118	  8
    1326.422	  8
    1327.192	  8
    1327.508	  8
    1327.572	  8
    1328.164	  8
    1328.426	  8
    1329.420	  8
    1329.674	  8
    1329.910	  8
    1331.174	  8
    1331.464	  8
    1332.090	  8
    1332.780	  8
    1333.300	  8
    1334.080	  8
    1334.476	  8
    1335.002	  8
    1335.530	  8
    1336.380	  8
    1337.000	  8
    1337.098	  8
    1338.680	  8
    1339.174	  8
    1339.592	  8
    1340.008	  8
    1340.438	  8
    1340.728	  8
    1341.186	  8
    1341.996	  8
    1342.330	  8
    1342.700	  8
    1343.310	  8
    1343.664	  8
    1344.408	  8
    1344.906	  8
    1345.772	  8
    1346.240	  8
    1346.640	  8
    1346.720	  8
    1347.102	  8
    1347.886	  8
    1348.124	  8
    1348.364	  8
    1348.816	  8
    1349.110	  8
    1349.626	 53
    1349.636	 20
    1349.636	 27
    1350.854	  8
    1351.030	  8
    1351.598	  8
    1352.136	  8
    1352.594	  8
    1353.062	  8
    1353.294	  8
    1353.986	  8
    1354.784	  8
    1355.012	  8
    1369.656	 51
    1369.666	 17
    1388.700	  8
    1389.514	  8
    1389.918	  8
    1390.488	  8
    1390.924	  8
    1391.530	  8
    1391.808	  8
    1393.186	  8
    1394.770	  8
    1395.538	  8
    1397.908	  8
    1398.408	  8
    1398.732	  8
    1399.358	  8
    1399.704	  8
    1400.520	  8
    1401.650	  8
    1402.028	  8
    1402.500	  8
    1403.922	  8
    1404.340	  8
    1405.134	  8
    1406.040	  8
    1406.876	  8
    1407.570	  8
    1408.090	  8
    1408.928	  8
    1409.510	  8
    1409.822	  8
    1409.958	  8
    1410.520	  8
    1411.250	  8
    1412.302	  8
    1412.658	  8
    1414.270	  8
    1414.926	  8
    1415.474	  8
    1419.398	  8
    1419.828	  8
    1420.208	  8
    1420.750	  8
    1421.272	  8
    1421.892	  8
    1422.794	  8
    1422.808	  8
    1422.890	  8
    1422.954	  8
    1423.394	  8
    1423.686	  8
    1423.804	  8
    1424.462	  8
    1426.244	  8
    1426.812	  8
    1427.202	  8
    1427.614	  8
    1428.150	  8
    1428.996	  8
    1429.492	  8
    1429.666	 53
    1429.676	 20
    1429.676	 27
    1430.262	  8
    1430.842	  8
    1431.182	  8
    1431.276	  8
    1449.696	 50
    1449.706	 10
    1453.956	  8
    1454.020	  8
    1454.460	  8
    1460.500	  8
    1461.132	  8
    1461.534	  8
    1464.986	  8
    1465.314	  8
    1465.686	  8
    1465.772	  8
    1466.278	  8
    1467.048	  8
    1467.540	  8
    1468.022	  8
    1468.742	  8
    1469.136	  8
    1470.194	  8
    1471.126	  8
    1471.690	  8
    1471.960	  8
    1472.324	  8
    1473.168	  8
    1473.480	  8
    1474.004	  8
    1474.862	  8
    1475.138	  8
    1475.692	  8
    1476.304	  8
    1476.522	  8
    1476.892	  8
    1477.878	  8
    1478.108	  8
    1478.614	  8
    1479.074	  8
    1479.534	  8
    1479.706	 53
    1480.094	  8
    1480.094	 20
    1480.094	 27
    1480.104	 28
    1480.104	 19
    1480.204	 29
    1480.372	  9
    1480.412	  8
    1500.224	 50
    1500.234	 10
    1506.052	  8
    1506.124	  8
    1506.302	  8
    1507.466	  8
    1514.994	  8
    1516.284	  8
    1517.466	  8
    1517.816	  8
    1518.038	  8
    1518.598	  8
    1518.850	  8
    1518.984	  8
    1519.146	  8
    1520.916	  8
    1521.140	  8
    1521.408	  8
    1521.710	  8
    1523.152	  8
    1523.270	  8
    1523.988	  8
    1524.076	  8
    1524.454	  8
    1524.846	  8
    1525.238	  8
    1525.510	  8
    1526.260	  8
    1526.564	  8
    1526.828	  8
    1527.574	  8
    1528.024	  8
    1528.802	  8
    1529.222	  8
    1529.792	  8
    1530.184	  8
    1530.234	 53
    1530.650	  8
    1530.650	 20
    1530.650	 27
    1530.660	 28
    1530.660	 19
    1530.760	 29
    1530.928	  9
    1531.050	  8
    1550.780	 51
    1550.790	 17
    1582.522	  8
    1582.786	  8
    1596.372	  8
    1596.440	  8
    1597.862	  8
    1598.052	  8
    1598.242	  8
    1598.322	  8
    1600.850	  8
    1600.932	  8
    1601.812	  8
    1601.916	  8
    1607.850	  8
    1608.184	  8
    1609.258	  8
    1610.742	  8
    1610.790	 53
    1610.800	 20
    1610.800	 27
    1611.552	  8
    1611.642	  8
    1612.082	  8
    1626.680	  8
    1626.762	  8
    1626.868	  8
    1627.356	  8
    1630.820	 50
    1630.830	 10
    1643.040	  8
    1644.026	  8
    1645.144	  8
    1645.298	  8
    1645.858	  8
    1646.202	  8
    1646.494	  8
    1646.748	  8
    1647.090	  8
    1647.244	  8
    1647.856	  8
    1648.200	  8
    1648.758	  8
    1649.210	  8
    1649.744	  8
    1650.250	  8
    1651.016	  8
    1651.452	  8
    1651.688	  8
    1652.708	  8
    1652.834	  8
    1653.124	  8
    1653.564	  8
    1653.820	  8
    1654.354	  8
    1654.898	  8
    1654.952	  8
    1655.304	  8
    1655.618	  8
    1656.346	  8
    1656.766	  8
    1657.200	  8
    1657.448	  8
    1657.826	  8
    1659.108	  8
    1659.342	  8
    1659.422	  8
    1659.748	  8
    1660.056	  8
    1660.556	  8
    1660.830	 53
    1661.368	  8
    1661.368	 20
    1661.368	 27
    1661.378	 28
    1661.378	 19
    1661.478	 29
    1661.646	  9
    1661.672	  8
    1663.018	  8
    1681.498	 52
    1681.508	 18
    1718.876	  8
    1738.586	  8
    1749.768	  8
    1750.378	  8
    1751.260	  8
    1752.396	  8
    1752.824	  8
    1753.308	  8
    1753.840	  8
    1755.508	  8
    1755.860	  8
    1756.184	  8
    1761.614	  8
    1762.458	  8
    1762.964	  8
    1763.540	  8
    1764.882	  8
    1765.634	  8
    1765.894	  8
    1767.292	  8
    1768.044	  8
    1771.740	  8
    1772.624	  8
    1773.896	  8
    1774.394	  8
    1774.900	  8
    1775.892	  8
    1776.326	  8
    1782.034	  8
    1782.566	  8
    1783.134	  8
    1783.406	  8
    1784.688	  8
    1785.188	  8
    1785.802	  8
    1786.202	  8
    1786.370	  8
    1789.202	  8
    1789.656	  8
    1790.470	  8
    1791.044	  8
    1791.516	  8
    1791.892	  8
    1792.564	  8
    1792.870	  8
    1801.508	 53
    1813.090	  8
    1813.090	 20
    1813.090	 27
    1813.100	 28
    1813.100	 19
    1813.200	 29
    1813.368	  9
    1813.430	  8
    1815.740	  8
    1833.220	 50
    1833.230	 10
    1840.332	  7
    1840.600	  7
    1840.770	  7
    1840.896	  7
    1841.044	  7
    1841.540	  7
    1841.754	  7
    1841.880	  7
    1843.126	  7
    1846.974	  7
    1847.140	  7
    1847.284	  7
    1847.430	  7
    1847.618	  7
    1847.786	  7
    1847.966	  7
    1848.126	  7
    1848.288	  7
    1848.436	  7
    1848.588	  7
    1848.772	  7
    1848.912	  7
    1849.076	  7
    1849.228	  7
    1849.414	  7
    1849.554	  7
    1849.734	  7
    1849.874	  7
    1850.034	  7
    1850.184	  7
    1850.346	  7
    1850.494	  7
    1850.644	  7
    1850.798	  7
    1850.952	  7
    1851.112	  7
    1851.308	  7
    1851.416	  7
    1851.566	  7
    1851.722	  7
    1851.872	  7
    1852.010	  7
    1852.152	  7
    1852.306	  7
    1852.458	  7
    1852.606	  7
    1852.822	  7
    1852.924	  7
    1853.072	  7
    1853.224	  7
    1853.388	  7
    1853.532	  7
    1853.684	  7
    1853.836	  7
    1853.992	  7
    1854.134	  7
    1854.346	  7
    1854.442	  7
    1854.588	  7
    1854.732	  7
    1854.884	  7
    1855.036	  7
    1855.190	  7
    1855.326	  7
    1855.472	  7
    1855.628	  7
    1855.762	  7
    1855.944	  7
    1856.084	  7
    1856.226	  7
    1856.372	  7
    1856.526	  7
    1856.674	  7
    1856.838	  7
    1856.990	  7
    1857.136	  7
    1857.316	  7
    1857.446	  7
    1857.602	  7
    1857.748	  7
    1857.902	  7
    1858.060	  7
    1858.208	  7
    1858.370	  7
    1858.530	  7
    1858.722	  7
    1858.842	  7
    1859.006	  7
    1859.140	  7
    1859.298	  7
    1859.444	  7
    1859.594	  7
    1859.766	  7
    1859.884	  7
    1860.030	  7
    1860.208	  7
    1860.328	  7
    1860.512	  7
    1860.684	  7
    1860.798	  7
    1860.946	  7
    1861.092	  7
    1861.248	  7
    1861.374	  7
    1861.504	  7
    1861.650	  7
    1861.788	  7
    1861.926	  7
    1862.074	  7
    1862.296	  7
    1862.412	  7
    1862.576	  7
    1862.728	  7
    1862.874	  7
    1863.044	  7
    1863.170	  7
    1863.230	 53
    1863.340	  7
    1863.478	  7
    1863.622	  7
    1863.782	  7
    1863.924	  7
    1864.066	  7
    1864.212	  7
    1864.678	  7
    1865.008	  7
    1865.098	  7
    1865.254	  7
    1867.078	  8
    1867.078	 20
    1867.078	 27
    1867.088	 28
    1867.088	 19
    1867.188	 29
    1867.332	  8
    1867.356	  9
    1887.208	 51
    1887.218	 17
    1917.632	  8
    1922.866	  8
    1924.180	  8
    1925.172	  8
    1927.190	  8
    1928.434	  8
    1929.798	  8
    1930.396	  8
    1931.504	  8
    1932.014	  8
    1932.770	  8
    1933.406	  8
    1933.866	  8
    1934.288	  8
    1934.414	  8
    1934.750	  8
    1936.246	  8
    1937.454	  8
    1938.066	  8
    1938.622	  8
    1939.378	  8
    1940.198	  8
    1940.582	  8
    1941.254	  8
    1941.820	  8
    1941.930	  8
    1943.592	  8
    1944.322	  8
    1944.860	  8
    1945.468	  8
    1946.342	  8
    1946.986	  8
    1947.218	 53
    1947.228	 20
    1947.228	 27
    1947.322	  8
    1948.110	  8
    1948.356	  8
    1948.656	  8
    1949.170	  8
    1949.468	  8
    1949.726	  8
    1950.546	  8
    1951.172	  8
    1953.838	  8
    1954.498	  8
    1955.062	  8
    1955.512	  8
    1956.428	  8
    1957.508	  8
    1957.898	  8
    1958.246	  8
    1958.700	  8
    1960.118	  8
    1967.248	 52
    1967.258	 18
    1998.864	  8
    1998.976	  8
    1999.074	  8
    2000.640	  8
    2001.148	  8
    2020.840	  8
    2029.404	  8
    2029.480	  8
    2069.338	  8
    2069.460	  8
    2070.378	  8
    2070.878	  8
    2078.966	  8
    2079.270	  8
    2080.392	  8
    2080.874	  8
    2080.990	  8
    2087.258	 53
    2094.862	  8
    2094.862	 20
    2094.862	 27
    2094.872	 28
    2094.872	 19
    2094.972	 29
    2095.140	  9
    2095.146	  8
    2114.992	 52
    2115.002	 18
    2171.914	  8
    2198.808	  8
    2199.008	  8
    2199.100	  8
    2199.884	  8
    2214.558	  8
    2217.152	  8
    2217.450	  8
    2235.002	 53
    2238.022	  8
    2238.022	 20
    2238.022	 27
    2238.032	 28
    2238.032	 19
    2238.132	 29
    2238.300	  9
    2238.342	  8
    2258.152	 52
    2258.162	 18
    2340.038	  8
    2341.686	  8
    2342.082	  8
    2342.492	  8
    2342.936	  8
    2351.200	  7
    2351.312	  7
    2351.486	  7
    2351.640	  7
    2351.776	  7
    2351.960	  7
    2352.142	  7
    2352.292	  7
    2352.476	  7
    2352.658	  7
    2352.838	  7
    2353.072	  7
    2357.228	  8
    2358.030	  8
    2361.962	  8
    2363.578	  8
    2365.754	  8
    2372.888	  8
    2373.002	  8
    2378.162	 53
    2378.968	  8
    2378.968	 20
    2378.968	 27
    2378.978	 28
    2378.978	 19
    2379.078	 29
    2379.218	  8
    2379.246	  9
    2399.098	 51
    2399.108	 17
    2418.392	  7
    2420.122	  7
    2420.918	  7
    2421.734	  7
    2423.930	  7
    2426.072	  7
    2427.082	  7
    2431.894	  7
    2434.022	  7
    2435.594	  7
    2435.840	  7
    2441.108	  8
    2441.174	  8
    2441.434	  8
    2441.574	  8
    2444.372	  8
    2445.206	  8
    2446.018	  8
    2447.456	  8
    2448.148	  8
    2448.766	  8
    2448.936	  8
    2449.980	  8
    2450.552	  8
    2451.026	  8
    2451.826	  8
    2452.226	  8
    2452.646	  8
    2452.946	  8
    2453.750	  8
    2454.562	  8
    2455.590	  8
    2455.750	  8
    2456.342	  8
    2456.714	  8
    2458.628	  8
    2459.108	 53
    2459.118	 20
    2459.118	 27
    2459.998	  8
    2460.392	  8
    2460.730	  8
    2479.138	 51
    2479.148	 17
    2491.966	  8
    2492.092	  8
    2495.296	  8
    2495.470	  8
    2495.796	  8
    2496.194	  8
    2496.644	  8
    2496.958	  8
    2499.482	  8
    2500.064	  8
    2500.774	  8
    2501.324	  8
    2502.098	  8
    2503.226	  8
    2503.696	  8
    2503.708	  8
    2504.380	  8
    2505.028	  8
    2505.700	  8
    2505.992	  8
    2506.278	  8
    2506.630	  8
    2506.816	  8
    2507.280	  8
    2507.582	  8
    2507.856	  8
    2508.504	  8
    2508.752	  8
    2509.660	  8
    2509.964	  8
    2510.318	  8
    2511.404	  8
    2512.140	  8
    2513.176	  8
    2513.456	  8
    2513.824	  8
    2515.224	  8
    2515.672	  8
    2516.300	  8
    2516.890	  8
    2517.134	  8
    2517.582	  8
    2518.246	  8
    2518.750	  8
    2519.202	  8
    2519.802	  8
    2520.068	  8
    2520.460	  8
    2520.814	  8
    2521.226	  8
    2521.740	  8
    2522.384	  8
    2522.808	  8
    2523.078	  8
    2523.616	  8
    2525.014	  8
    2525.200	  8
    2525.668	  8
    2526.418	  8
    2526.900	  8
    2527.360	  8
    2527.630	  8
    2527.956	  8
    2528.498	  8
    2529.024	  8
    2529.986	  8
    2530.392	  8
    2530.660	  8
    2532.774	  8
    2533.640	  8
    2534.476	  8
    2535.018	  8
    2535.716	  8
    2536.502	  8
    2537.148	  8
    2537.740	  8
    2538.324	  8
    2538.846	  8
    2539.148	 53
    2539.158	 20
    2539.158	 27
    2540.486	  8
    2540.980	  8
    2541.574	  8
    2542.690	  8
    2543.208	  8
    2543.534	  8
    2543.670	  8
    2548.082	  8
    2548.276	  8
    2559.178	 50
    2559.188	 10
    2563.434	  8
    2567.654	  8
    2567.966	  8
    2568.786	  8
    2569.904	  8
    2570.552	  8
    2570.800	  8
    2572.038	  8
    2572.502	  8
    2573.188	  8
    2573.806	  8
    2574.060	  8
    2574.432	  8
    2574.668	  8
    2575.248	  8
    2575.530	  8
    2575.822	  8
    2576.304	  8
    2576.806	  8
    2577.110	  8
    2577.632	  8
    2578.112	  8
    2578.434	  8
    2579.374	  8
    2579.608	  8
    2580.126	  8
    2580.456	  8
    2581.022	  8
    2581.226	  8
    2581.670	  8
    2582.320	  8
    2582.772	  8
    2583.000	  8
    2583.460	  8
    2584.012	  8
    2584.290	  8
    2584.330	  8
    2584.722	  8
    2584.892	  8
    2585.222	  8
    2585.560	  8
    2585.982	  8
    2586.404	  8
    2586.792	  8
    2587.266	  8
    2588.108	  8
    2588.970	  8
    2589.188	 53
    2589.434	  8
    2589.434	 20
    2589.434	 27
    2589.444	 28
    2589.444	 19
    2589.544	 29
    2589.712	  9
    2589.724	  8
    2609.564	 50
    2609.574	 10
    2626.906	  8
    2628.054	  8
    2628.434	  8
    2632.916	  8
    2633.014	  8
    2634.014	  8
    2635.068	  8
    2635.186	  8
    2635.804	  8
    2636.070	  8
    2636.990	  8
    2637.422	  8
    2638.366	  8
    2639.574	 53
    2639.608	  8
    2639.608	 20
    2639.608	 27
    2639.618	 28
    2639.618	 19
    2639.718	 29
    2639.878	  9
    2639.892	  8
    2659.738	 50
    2659.748	 10
    2668.200	  8
    2673.908	  8
    2680.554	  8
    2682.908	  8
    2684.762	  8
    2684.816	  8
    2685.356	  8
    2685.634	  8
    2686.258	  8
    2686.452	  8
    2686.870	  8
    2687.350	  8
    2688.042	  8
    2688.494	  8
    2689.022	  8
    2689.450	  8
    2689.748	 53
    2690.596	  8
    2690.596	 20
    2690.596	 27
    2690.606	 28
    2690.606	 19
    2690.706	 29
    2690.874	  9
    2690.888	  8
    2710.726	 50
    2710.736	 10
    2729.716	  8
    2731.472	  8
    2731.662	  8
    2734.082	  8
    2734.840	  8
    2735.042	  8
    2735.928	  8
    2736.356	  8
    2736.572	  8
    2737.290	  8
    2737.816	  8
    2738.046	  8
    2738.472	  8
    2739.016	  8
    2739.120	  8
    2739.506	  8
    2740.304	  8
    2740.736	 53
    2740.998	  8
    2740.998	 20
    2740.998	 27
    2741.008	 28
    2741.008	 19
    2741.108	 29
    2741.276	  9
    2741.304	  8
    2744.710	  8
    2761.128	 52
    2761.138	 18
    2832.472	  8
    2840.576	  8
    2851.164	  8
    2851.362	  8
    2852.602	  8
    2873.298	  7
    2873.406	  7
    2873.558	  7
    2873.706	  7
    2873.862	  7
    2874.012	  7
    2874.180	  7
    2874.376	  7
    2874.538	  7
    2874.716	  7
    2874.884	  7
    2875.060	  7
    2875.258	  7
    2875.418	  7
    2875.618	  7
    2875.794	  7
    2875.964	  7
    2876.132	  7
    2876.294	  7
    2876.466	  7
    2876.872	  7
    2877.442	  7
    2877.560	  7
    2881.138	 53
    2911.380	  8
    2911.380	 20
    2911.380	 27
    2911.390	 28
    2911.390	 19
    2911.490	 29
    2911.658	  9
    2911.716	  8
    2931.510	 52
    2931.520	 18
    2979.278	  8
    3004.264	  8
    3004.428	  8
    3007.348	  8
    3007.438	  8
    3008.902	  8
    3009.308	  8
    3011.724	  8
    3034.740	  8
    3035.906	  8
    3035.962	  8
    3045.922	  8
    3049.054	  8
    3050.286	  8
    3050.670	  8
    3051.202	  8
    3051.520	 53
    3055.450	  8
    3055.450	 20
    3055.450	 27
    3055.460	 28
    3055.460	 19
    3055.560	 29
    3055.728	  9
    3055.818	  8
    3057.140	  8
    3057.246	  8
    3057.386	  8
    3057.636	  8
    3057.726	  8
    3058.072	  8
    3058.742	  8
    3059.908	  8
    3060.290	  8
    3075.580	 50
    3075.590	 10
    3083.604	  8
    3092.684	  8
    3092.788	  8
    3093.002	  8
    3093.792	  8
    3095.314	  8
    3095.960	  8
    3096.552	  8
    3097.220	  8
    3097.466	  8
    3098.452	  8
    3099.380	  8
    3099.904	  8
    3100.388	  8
    3100.878	  8
    3101.164	  8
    3101.558	  8
    3102.234	  8
    3102.746	  8
    3102.922	  8
    3103.544	  8
    3104.170	  8
    3104.822	  8
    3104.986	  8
    3105.346	  8
    3105.590	  8
    3105.590	 53
    3105.690	  8
    3105.690	 20
    3105.690	 27
    3105.700	 28
    3105.700	 19
    3105.800	 29
    3105.968	  9
    3106.112	  8
    3108.484	  8
    3125.820	 50
    3125.830	 10
    3136.690	  8
    3136.784	  8
    3144.014	  8
    3147.714	  8
    3148.666	  8
    3149.036	  8
    3149.792	  8
    3150.360	  8
    3151.054	  8
    3151.524	  8
    3152.402	  8
    3153.288	  8
    3153.926	  8
    3155.440	  8
    3155.660	  8
    3155.830	 53
    3155.994	  8
    3155.994	 20
    3155.994	 27
    3156.004	 28
    3156.004	 19
    3156.104	 29
    3156.272	  9
    3156.292	  8
    3158.520	  8
    3158.686	  8
    3176.124	 52
    3176.134	 18
    3183.442	  8
    3183.558	  8
    3183.622	  8
    3184.440	  8
    3184.858	  8
    3231.624	  8
    3231.696	  8
    3231.984	  8
    3236.078	  8
    3237.556	  8
    3237.986	  8
    3241.812	  8
    3244.554	  8
    3246.916	  8
    3247.912	  8
    3248.766	  8
    3249.212	  8
    3250.038	  8
    3250.378	  8
    3251.566	  8
    3252.354	  8
    3253.096	  8
    3253.458	  8
    3253.598	  8
    3255.492	  8
    3255.880	  8
    3256.460	  8
    3256.592	  8
    3257.366	  8
    3258.344	  8
    3258.790	  8
    3259.348	  8
    3260.472	  8
    3261.848	  8
    3262.318	  8
    3262.882	  8
    3263.540	  8
    3264.560	  8
    3265.372	  8
    3265.608	  8
    3266.234	  8
    3266.810	  8
    3267.108	  8
    3267.474	  8
    3267.934	  8
    3268.268	  8
    3270.190	  8
    3270.770	  8
    3271.188	  8
    3272.006	  8
    3272.620	  8
    3272.990	  8
    3273.770	  8
    3274.224	  8
    3275.838	  8
    3276.052	  8
    3276.488	  8
    3276.934	  8
    3277.652	  8
    3278.004	  8
    3278.482	  8
    3279.088	  8
    3279.820	  8
    3280.746	  8
    3281.458	  8
    3281.860	  8
    3282.488	  8
    3283.024	  8
    3284.470	  8
    3284.854	  8
    3285.344	  8
    3285.858	  8
    3286.310	  8
    3286.800	  8
    3287.640	  8
    3288.162	  8
    3288.554	  8
    3288.938	  8
    3289.620	  8
    3290.552	  8
    3291.284	  8
    3292.172	  8
    3293.052	  8
    3293.256	  8
    3294.686	  8
    3294.860	  8
    3295.384	  8
    3296.134	 53
    3296.570	  8
    3296.570	 20
    3296.570	 27
    3296.580	 28
    3296.580	 19
    3296.680	 29
    3296.848	  9
    3296.998	  8
    3298.366	  8
    3316.700	 51
    3316.710	 17
    3349.884	  7
    3350.476	  7
    3350.588	  7
    3350.790	  7
    3350.960	  7
    3351.106	  7
    3351.282	  7
    3351.426	  7
    3351.576	  7
    3351.710	  7
    3351.898	  7
    3352.030	  7
    3352.174	  7
    3352.346	  7
    3352.520	  7
    3352.692	  7
    3352.868	  7
    3353.020	  7
    3353.212	  7
    3353.342	  7
    3353.482	  7
    3353.638	  7
    3353.784	  7
    3353.936	  7
    3354.116	  7
    3354.236	  7
    3354.388	  7
    3354.536	  7
    3354.688	  7
    3354.852	  7
    3355.014	  7
    3355.208	  7
    3355.366	  7
    3355.530	  7
    3355.690	  7
    3355.850	  7
    3356.012	  7
    3356.168	  7
    3356.332	  7
    3356.490	  7
    3356.634	  7
    3356.786	  7
    3356.952	  7
    3357.074	  7
    3357.222	  7
    3357.370	  7
    3357.502	  7
    3357.658	  7
    3357.790	  7
    3357.948	  7
    3358.102	  7
    3358.234	  7
    3358.382	  7
    3358.536	  7
    3358.664	  7
    3358.818	  7
    3358.970	  7
    3359.110	  7
    3359.264	  7
    3359.420	  7
    3359.572	  7
    3359.746	  7
    3359.878	  7
    3360.040	  7
    3360.234	  7
    3360.366	  7
    3360.530	  7
    3360.692	  7
    3360.822	  7
    3360.984	  7
    3361.136	  7
    3361.282	  7
    3361.428	  7
    3361.566	  7
    3361.718	  7
    3361.906	  7
    3362.028	  7
    3362.174	  7
    3362.326	  7
    3362.476	  7
    3362.626	  7
    3362.780	  7
    3362.930	  7
    3363.182	  7
    3363.312	  7
    3363.486	  7
    3363.640	  7
    3363.796	  7
    3363.988	  7
    3364.126	  7
    3364.268	  7
    3364.422	  7
    3364.580	  7
    3364.722	  7
    3365.072	  7
    3365.194	  7
    3365.334	  7
    3365.476	  7
    3365.626	  7
    3365.768	  7
    3365.936	  7
    3366.064	  7
    3366.204	  7
    3366.346	  7
    3366.488	  7
    3366.640	  7
    3366.790	  7
    3366.940	  7
    3367.074	  7
    3367.222	  7
    3367.364	  7
    3367.548	  7
    3367.670	  7
    3367.836	  7
    3367.974	  7
    3368.122	  7
    3368.284	  7
    3368.438	  7
    3368.594	  7
    3368.760	  7
    3368.900	  7
    3369.074	  7
    3369.204	  7
    3369.348	  7
    3369.494	  7
    3369.648	  7
    3369.792	  7
    3369.942	  7
    3370.090	  7
    3370.228	  7
    3370.376	  7
    3370.520	  7
    3370.662	  7
    3370.830	  7
    3370.950	  7
    3371.100	  7
    3371.246	  7
    3371.400	  7
    3371.540	  7
    3371.684	  7
    3371.846	  7
    3371.988	  7
    3372.138	  7
    3372.306	  7
    3372.438	  7
    3372.582	  7
    3372.750	  7
    3372.924	  7
    3373.058	  7
    3373.342	  7
    3374.038	  7
    3374.160	  7
    3374.304	  7
    3374.472	  7
    3374.604	  7
    3374.756	  7
    3374.906	  7
    3375.064	  7
    3375.204	  7
    3375.346	  7
    3375.482	  7
    3375.626	  7
    3375.774	  7
    3376.088	  7
    3376.208	  7
    3376.356	  7
    3376.710	 53
    3376.720	 20
    3376.720	 27
    3376.772	  7
    3376.908	  7
    3377.058	  7
    3377.232	  7
    3377.384	  7
    3377.520	  7
    3378.186	  7
    3378.290	  7
    3378.622	  7
    3378.952	  7
    3380.524	  7
    3380.668	  7
    3380.822	  7
    3381.270	  7
    3381.422	  7
    3381.572	  7
    3381.728	  7
    3381.878	  7
    3382.038	  7
    3382.194	  7
    3382.348	  7
    3382.508	  7
    3382.658	  7
    3382.834	  7
    3382.966	  7
    3383.122	  7
    3383.274	  7
    3383.432	  7
    3383.574	  7
    3383.734	  7
    3383.896	  7
    3384.060	  7
    3384.210	  7
    3384.360	  7
    3384.526	  7
    3384.670	  7
    3384.830	  7
    3384.982	  7
    3385.108	  7
    3385.290	  7
    3385.452	  7
    3385.654	  7
    3385.832	  7
    3385.960	  7
    3386.112	  7
    3386.300	  7
    3386.428	  7
    3386.576	  7
    3386.712	  7
    3386.850	  7
    3387.002	  7
    3387.148	  7
    3387.300	  7
    3387.472	  7
    3387.602	  7
    3387.748	  7
    3387.904	  7
    3388.054	  7
    3388.208	  7
    3388.360	  7
    3388.498	  7
    3388.646	  7
    3388.792	  7
    3388.960	  7
    3389.122	  7
    3389.270	  7
    3389.682	  7
    3390.008	  7
    3390.144	  7
    3390.300	  7
    3390.460	  7
    3390.620	  7
    3390.786	  7
    3390.952	  7
    3391.082	  7
    3391.240	  7
    3391.380	  7
    3391.532	  7
    3391.690	  7
    3391.842	  7
    3392.006	  7
    3392.154	  7
    3392.284	  7
    3392.448	  7
    3392.590	  7
    3392.776	  7
    3392.908	  7
    3393.068	  7
    3393.212	  7
    3393.366	  7
    3393.516	  7
    3393.686	  7
    3393.812	  7
    3393.996	  7
    3394.140	  7
    3394.294	  7
    3394.434	  7
    3394.610	  7
    3394.740	  7
    3394.904	  7
    3395.034	  7
    3395.190	  7
    3395.338	  7
    3395.494	  7
    3395.666	  7
    3395.810	  7
    3395.962	  7
    3396.114	  7
    3396.332	  7
    3396.448	  7
    3396.600	  7
    3396.736	  7
    3396.740	 50
    3396.750	 10
    3396.872	  7
    3397.028	  7
    3397.206	  7
    3397.322	  7
    3397.630	  7
    3397.770	  7
    3397.926	  7
    3398.082	  7
    3398.216	  7
    3398.378	  7
    3398.530	  7
    3398.676	  7
    3398.822	  7
    3398.980	  7
    3399.140	  7
    3399.292	  7
    3399.444	  7
    3399.590	  7
    3399.776	  7
    3399.904	  7
    3400.058	  7
    3400.196	  7
    3400.348	  7
    3400.500	  7
    3400.632	  7
    3400.794	  7
    3400.930	  7
    3401.090	  7
    3401.260	  7
    3401.382	  7
    3401.530	  7
    3401.682	  7
    3401.840	  7
    3401.980	  7
    3402.130	  7
    3402.316	  7
    3402.448	  7
    3402.592	  7
    3402.742	  7
    3402.890	  7
    3403.032	  7
    3403.184	  7
    3403.338	  7
    3403.502	  7
    3403.640	  7
    3403.792	  7
    3403.938	  7
    3404.118	  7
    3404.246	  7
    3404.386	  7
    3404.516	  7
    3404.680	  7
    3404.826	  7
    3404.976	  7
    3405.138	  7
    3405.274	  7
    3405.428	  7
    3405.578	  7
    3405.722	  7
    3405.870	  7
    3406.022	  7
    3406.186	  7
    3406.336	  7
    3406.498	  7
    3406.628	  7
    3406.790	  7
    3406.932	  7
    3407.084	  7
    3407.234	  7
    3407.380	  7
    3407.540	  7
    3407.682	  7
    3407.868	  7
    3407.988	  7
    3408.134	  7
    3408.288	  7
    3408.432	  7
    3408.594	  7
    3408.746	  7
    3408.890	  7
    3409.064	  7
    3409.200	  7
    3409.364	  7
    3409.508	  7
    3409.654	  7
    3409.806	  7
    3409.956	  7
    3410.112	  7
    3410.266	  7
    3410.458	  7
    3410.586	  7
    3410.738	  7
    3410.890	  7
    3411.048	  7
    3411.208	  7
    3411.354	  7
    3411.526	  7
    3411.656	  7
    3411.812	  7
    3411.958	  7
    3412.102	  7
    3412.266	  7
    3412.426	  7
    3412.570	  7
    3412.730	  7
    3412.882	  7
    3413.062	  7
    3413.202	  7
    3413.352	  7
    3413.510	  7
    3413.664	  7
    3413.824	  7
    3413.976	  7
    3414.126	  7
    3414.284	  7
    3414.436	  7
    3414.614	  7
    3414.752	  7
    3414.914	  7
    3415.044	  7
    3415.192	  7
    3415.342	  7
    3415.516	  7
    3415.640	  7
    3415.820	  7
    3415.942	  7
    3416.086	  7
    3416.228	  7
    3416.386	  7
    3416.546	  7
    3416.686	  7
    3416.838	  7
    3416.988	  7
    3417.122	  7
    3417.290	  7
    3417.428	  7
    3417.576	  7
    3417.716	  7
    3417.876	  7
    3418.042	  7
    3418.172	  7
    3418.336	  7
    3418.458	  7
    3418.620	  7
    3418.752	  7
    3418.898	  7
    3419.050	  7
    3419.196	  7
    3419.364	  7
    3419.494	  7
    3419.630	  7
    3419.786	  7
    3419.932	  7
    3420.086	  7
    3420.236	  7
    3420.412	  7
    3420.572	  7
    3420.714	  7
    3420.858	  7
    3421.000	  7
    3421.148	  7
    3421.296	  7
    3421.444	  7
    3421.600	  7
    3421.772	  7
    3421.894	  7
    3422.060	  7
    3422.204	  7
    3422.338	  7
    3422.502	  7
    3422.654	  7
    3422.784	  7
    3424.092	  8
    3424.144	  8
    3424.592	  8
    3424.966	  8
    3425.360	  8
    3425.718	  8
    3426.270	  8
    3426.746	  8
    3426.750	 53
    3427.202	  8
    3427.202	 20
    3427.202	 27
    3427.212	 28
    3427.212	 19
    3427.312	 29
    3427.480	  9
    3427.496	  8
    3447.332	 52
    3447.342	 18
    3504.648	  8
    3514.124	  8
    3526.418	  8
    3526.754	  8
    3536.738	  8
    3537.912	  8
    3538.318	  8
    3539.830	  8
    3540.418	  8
    3541.302	  8
    3541.936	  8
    3547.854	  8
    3547.946	  8
    3548.282	  8
    3549.262	  8
    3549.954	  8
    3550.806	  8
    3551.706	  8
    3552.312	  8
    3552.910	  8
    3553.182	  8
    3554.336	  8
    3555.314	  8
    3556.184	  8
    3556.722	  8
    3557.384	  8
    3557.820	  8
    3558.266	  8
    3559.092	  8
    3559.938	  8
    3560.386	  8
    3560.888	  8
    3561.338	  8
    3561.900	  8
    3562.416	  8
    3563.158	  8
    3563.416	  8
    3563.786	  8
    3565.812	  8
    3566.276	  8
    3566.878	  8
    3567.342	 53
    3567.440	  8
    3567.440	 20
    3567.440	 27
    3567.450	 28
    3567.450	 19
    3567.550	 29
    3567.718	  9
    3567.878	  8
    3587.570	 51
    3587.580	 17
    3618.272	  8
    3622.694	  8
    3629.464	  8
    3632.282	  8
    3633.860	  8
    3634.002	  8
    3634.860	  8
    3634.920	  8
    3636.034	  8
    3636.838	  8
    3638.196	  8
    3639.350	  8
    3639.528	  8
    3640.118	  8
    3640.536	  8
    3641.128	  8
    3643.244	  8
    3643.436	  8
    3643.946	  8
    3644.098	  8
    3644.502	  8
    3645.064	  8
    3645.776	  8
    3646.034	  8
    3646.590	  8
    3646.662	  8
    3647.162	  8
    3647.580	 53
    3647.590	 20
    3647.590	 27
    3648.056	  8
    3648.288	  8
    3648.686	  8
    3649.868	  8
    3650.434	  8
    3651.156	  8
    3651.648	  8
    3652.106	  8
    3652.910	  8
    3653.292	  8
    3653.642	  8
    3654.640	  8
    3654.964	  8
    3655.718	  8
    3656.330	  8
    3656.690	  8
    3657.576	  8
    3658.306	  8
    3658.890	  8
    3659.152	  8
    3659.430	  8
    3661.816	  8
    3662.380	  8
    3663.052	  8
    3664.136	  8
    3664.648	  8
    3665.192	  8
    3665.688	  8
    3666.540	  8
    3666.782	  8
    3666.998	  8
    3667.496	  8
    3667.610	 52
    3667.620	 18
    3670.496	  8
    3670.630	  8
    3685.268	  8
    3685.796	  8
    3686.922	  8
    3687.780	  8
    3688.164	  8
    3688.418	  8
    3689.256	  8
    3689.680	  8
    3690.310	  8
    3690.858	  8
    3691.324	  8
    3691.842	  8
    3692.534	  8
    3692.996	  8
    3693.770	  8
    3694.392	  8
    3694.680	  8
    3695.056	  8
    3695.322	  8
    3695.772	  8
    3696.534	  8
    3697.160	  8
    3697.548	  8
    3697.988	  8
    3699.504	  8
    3699.918	  8
    3700.334	  8
    3700.826	  8
    3701.318	  8
    3701.740	  8
    3702.170	  8
    3704.670	  8
    3706.016	  8
    3706.574	  8
    3707.684	  8
    3708.076	  8
    3709.450	  8
    3709.712	  8
    3710.692	  8
    3711.348	  8
    3714.146	  8
    3715.804	  8
    3716.592	  8
    3716.940	  8
    3718.742	  8
    3720.304	  8
    3721.258	  8
    3721.780	  8
    3722.310	  8
    3723.656	  8
    3724.072	  8
    3724.610	  8
    3724.996	  8
    3725.390	  8
    3725.988	  8
    3728.242	  8
    3728.562	  8
    3729.164	  8
    3729.616	  8
    3730.406	  8
    3730.930	  8
    3733.086	  8
    3733.712	  8
    3734.324	  8
    3734.578	  8
    3734.992	  8
    3735.414	  8
    3735.972	  8
    3737.270	  8
    3737.998	  8
    3738.574	  8
    3738.820	  8
    3739.400	  8
    3739.780	  8
    3742.990	  8
    3744.036	  8
    3744.918	  8
    3745.822	  8
    3746.336	  8
    3747.032	  8
    3747.582	  8
    3748.172	  8
    3748.752	  8
    3749.274	  8
    3749.468	  8
    3749.896	  8
    3753.168	  8
    3754.020	  8
    3754.912	  8
    3755.134	  8
    3755.536	  8
    3756.030	  8
    3762.430	  8
    3762.636	  8
    3763.204	  8
    3763.598	  8
    3763.994	  8
    3764.354	  8
    3767.536	  8
    3767.606	  8
    3768.224	  8
    3769.038	  8
    3769.244	  8
    3770.210	  8
    3770.646	  8
    3771.162	  8
    3771.584	  8
    3773.032	  8
    3773.652	  8
    3773.726	  8
    3779.338	  8
    3779.512	  8
    3779.782	  8
    3781.148	  8
    3781.594	  8
    3781.666	  8
    3785.006	  8
    3785.560	  8
    3787.620	 53
    3792.218	  8
    3792.218	 20
    3792.218	 27
    3792.228	 28
    3792.228	 19
    3792.328	 29
    3792.496	  9
    3792.568	  8
    3812.348	 51
    3812.358	 17
    3849.426	  7
    3849.666	  7
    3851.202	  7
    3852.122	  7
    3852.356	  7
    3853.240	  7
    3856.056	  8
    3856.114	  8
    3856.566	  8
    3857.458	  8
    3858.974	  8
    3860.054	  8
    3861.134	  8
    3861.894	  8
    3862.444	  8
    3862.644	  8
    3863.154	  8
    3863.494	  8
    3864.352	  8
    3865.162	  8
    3865.572	  8
    3866.032	  8
    3866.614	  8
    3867.230	  8
    3867.590	  8
    3868.184	  8
    3868.730	  8
    3869.762	  8
    3869.842	  8
    3870.636	  8
    3870.970	  8
    3871.322	  8
    3871.784	  8
    3872.026	  8
    3872.354	  8
    3872.358	 53
    3872.368	 20
    3872.368	 27
    3872.632	  8
    3873.512	  8
    3873.972	  8
    3874.468	  8
    3874.952	  8
    3875.478	  8
    3892.388	 50
    3892.398	 10
    3895.298	  7
    3895.968	  7
    3896.486	  7
    3896.746	  7
    3897.030	  7
    3910.772	  8
    3910.856	  8
    3910.962	  8
    3911.362	  8
    3911.658	  8
    3912.022	  8
    3912.238	  8
    3912.724	  8
    3913.082	  8
    3913.470	  8
    3913.746	  8
    3913.964	  8
    3914.538	  8
    3914.866	  8
    3915.254	  8
    3915.694	  8
    3916.028	  8
    3916.320	  8
    3916.872	  8
    3917.138	  8
    3917.716	  8
    3918.028	  8
    3918.528	  8
    3919.566	  8
    3919.814	  8
    3920.254	  8
    3920.496	  8
    3921.322	  8
    3921.736	  8
    3922.332	  8
    3922.398	 53
    3922.652	  8
    3922.652	 20
    3922.652	 27
    3922.662	 28
    3922.662	 19
    3922.762	 29
    3922.930	  9
    3922.988	  8
    3942.782	 52
    3942.792	 18
    4038.192	  8
    4038.338	  8
    4055.040	  8
    4055.292	  8
    4056.010	  8
    4056.234	  8
    4056.996	  8
    4057.522	  8
    4058.474	  8
    4059.296	  8
    4059.618	  8
    4060.308	  8
    4060.874	  8
    4062.792	 53
    4064.718	  8
    4064.718	 20
    4064.718	 27
    4064.728	 28
    4064.728	 19
    4064.828	 29
    4064.916	  9
    4064.918	  8
    4065.986	  8
    4066.730	  8
    4068.466	  8
    4084.848	 51
    4084.858	 17
    4110.064	  7
    4112.824	  7
    4112.926	  7
    4113.232	  7
    4113.390	  7
    4113.564	  7
    4113.742	  7
    4113.922	  7
    4114.112	  7
    4114.278	  7
    4114.650	  7
    4114.798	  7
    4114.926	  7
    4115.118	  7
    4115.294	  7
    4115.470	  7
    4115.664	  7
    4120.928	  8
    4125.144	  8
    4125.474	  8
    4128.300	  8
    4128.418	  8
    4129.524	  8
    4129.560	  8
    4129.744	  8
    4129.826	  8
    4129.994	  8
    4130.144	  8
    4130.968	  8
    4131.556	  8
    4132.744	  8
    4133.872	  8
    4134.156	  8
    4135.008	  8
    4135.292	  8
    4135.952	  8
    4136.812	  8
    4137.746	  8
    4138.574	  8
    4139.626	  8
    4140.380	  8
    4141.094	  8
    4142.376	  8
    4143.436	  8
    4144.106	  8
    4144.858	 53
    4144.868	 20
    4144.868	 27
    4145.376	  8
    4145.666	  8
    4146.062	  8
    4147.868	  8
    4148.384	  8
    4148.698	  8
    4149.240	  8
    4149.320	  8
    4157.610	  8
    4158.044	  8
    4159.948	  8
    4160.516	  8
    4160.616	  8
    4161.208	  8
    4161.494	  8
    4162.394	  8
    4163.024	  8
    4163.548	  8
    4163.818	  8
    4164.418	  8
    4164.836	  8
    4164.888	 52
    4164.898	 18
    4165.058	  8
    4165.668	  8
    4166.044	  8
    4167.498	  8
    4168.820	  8
    4168.876	  8
    4169.092	  8
    4169.732	  8
    4178.414	  8
    4178.604	  8
    4179.562	  8
    4180.006	  8
    4180.408	  8
    4180.868	  8
    4181.086	  8
    4181.690	  8
    4182.050	  8
    4182.512	  8
    4183.494	  8
    4183.886	  8
    4184.116	  8
    4184.288	  8
    4184.630	  8
    4189.734	  8
    4190.158	  8
    4191.186	  8
    4191.648	  8
    4192.232	  8
    4192.604	  8
    4193.244	  8
    4193.852	  8
    4194.208	  8
    4194.876	  8
    4195.768	  8
    4196.444	  8
    4196.720	  8
    4196.984	  8
    4197.566	  8
    4198.152	  8
    4198.560	  8
    4199.182	  8
    4199.846	  8
    4200.192	  8
    4202.166	  8
    4202.664	  8
    4203.834	  8
    4204.774	  8
    4205.600	  8
    4206.378	  8
    4207.192	  8
    4207.654	  8
    4208.802	  8
    4209.306	  8
    4227.984	  8
    4228.094	  8
    4228.984	  8
    4229.352	  8
    4229.940	  8
    4230.498	  8
    4230.982	  8
    4231.456	  8
    4232.248	  8
    4232.706	  8
    4235.984	  8
    4236.630	  8
    4238.138	  8
    4238.644	  8
    4239.408	  8
    4240.030	  8
    4240.710	  8
    4241.312	  8
    4242.116	  8
    4242.338	  8
    4243.884	  8
    4244.240	  8
    4245.708	  8
    4246.468	  8
    4248.338	  8
    4249.156	  8
    4249.656	  8
    4250.170	  8
    4250.720	  8
    4256.154	  8
    4256.452	  8
    4256.750	  8
    4258.848	  8
    4259.336	  8
    4259.904	  8
    4260.476	  8
    4261.400	  8
    4262.214	  8
    4262.682	  8
    4263.844	  8
    4264.778	  8
    4265.868	  8
    4266.928	  8
    4267.278	  8
    4267.874	  8
    4270.364	  8
    4270.530	  8
    4271.332	  8
    4271.788	  8
    4272.322	  8
    4272.350	  8
    4272.416	  8
    4272.872	  8
    4274.050	  8
    4274.704	  8
    4277.200	  8
    4277.780	  8
    4279.102	  8
    4279.456	  8
    4280.182	  8
    4280.598	  8
    4281.898	  8
    4282.496	  8
    4282.914	  8
    4283.670	  8
    4284.288	  8
    4284.898	 53
    4286.674	  8
    4286.674	 20
    4286.674	 27
    4286.684	 28
    4286.684	 19
    4286.784	 29
    4286.952	  9
    4287.034	  8
    4306.804	 50
    4306.814	 10
    4322.576	  8
    4327.458	  8
    4329.346	  8
    4330.464	  8
    4330.672	  8
    4331.210	  8
    4331.760	  8
    4332.668	  8
    4332.990	  8
    4333.908	  8
    4334.168	  8
    4334.436	  8
    4334.642	  8
    4335.076	  8
    4335.588	  8
    4336.148	  8
    4336.432	  8
    4336.814	 53
    4337.036	  8
    4337.036	 20
    4337.036	 27
    4337.046	 28
    4337.046	 19
    4337.146	 29
    4337.314	  9
    4337.388	  8
    4338.656	  8
    4357.166	 50
    4357.176	 10
    4370.752	  8
    4376.278	  8
    4378.272	  8
    4378.930	  8
    4379.850	  8
    4380.076	  8
    4380.426	  8
    4380.894	  8
    4381.066	  8
    4381.310	  8
    4381.846	  8
    4382.088	  8
    4382.550	  8
    4383.092	  8
    4383.490	  8
    4383.820	  8
    4384.430	  8
    4384.654	  8
    4385.022	  8
    4385.938	  8
    4386.436	  8
    4386.652	  8
    4387.020	  8
    4387.176	 53
    4388.110	  8
    4388.110	 20
    4388.110	 27
    4388.120	 28
    4388.120	 19
    4388.220	 29
    4388.384	  8
    4388.388	  9
    4389.624	  8
    4390.130	  8
    4408.240	 52
    4408.250	 18
    4437.334	  8
    4476.124	  8
    4476.308	  8
    4486.642	  8
    4487.458	  8
    4488.626	  8
    4489.520	  8
    4490.172	  8
    4491.444	  8
    4499.310	  8
    4499.778	  8
    4501.282	  8
    4501.884	  8
    4515.290	  8
    4515.476	  8
    4515.646	  8
    4515.866	  8
    4516.208	  8
    4517.080	  8
    4517.786	  8
    4518.482	  8
    4518.590	  8
    4519.376	  8
    4519.756	  8
    4520.484	  8
    4520.916	  8
    4521.648	  8
    4522.568	  8
    4522.974	  8
    4523.026	  8
    4523.656	  8
    4524.096	  8
    4524.418	  8
    4524.786	  8
    4524.876	  8
    4525.394	  8
    4525.774	  8
    4525.908	  8
    4527.306	  8
    4527.872	  8
    4528.250	 53
    4528.330	  8
    4528.330	 20
    4528.330	 27
    4528.340	 28
    4528.340	 19
    4528.440	 29
    4528.608	  9
    4528.772	  8
    4548.460	 51
    4548.470	 17
    4578.408	  8
    4597.106	  8
    4605.244	  8
    4607.010	  8
    4608.362	  8
    4608.470	 53
    4608.480	 20
    4608.480	 27
    4609.534	  8
    4626.124	  8
    4627.696	  8
    4628.500	 52
    4628.510	 18
    4632.482	  8
    4633.706	  8
    4634.132	  8
    4663.500	  8
    4663.800	  8
    4663.974	  8
    4665.428	  8
    4665.448	  8
    4675.390	  8
    4675.556	  8
    4676.082	  8
    4677.634	  8
    4678.326	  8
    4678.606	  8
    4678.764	  8
    4680.042	  8
    4680.806	  8
    4682.716	  8
    4683.266	  8
    4684.190	  8
    4684.550	  8
    4685.416	  8
    4686.266	  8
    4687.104	  8
    4687.920	  8
    4688.352	  8
    4688.988	  8
    4689.630	  8
    4690.084	  8
    4692.652	  8
    4694.272	  8
    4695.122	  8
    4695.960	  8
    4696.510	  8
    4697.194	  8
    4697.552	  8
    4698.198	  8
    4698.858	  8
    4699.266	  8
    4700.094	  8
    4700.434	  8
    4702.204	  8
    4702.686	  8
    4703.118	  8
    4703.640	  8
    4703.944	  8
    4704.442	  8
    4705.024	  8
    4705.544	  8
    4706.454	  8
    4706.976	  8
    4707.404	  8
    4708.132	  8
    4708.466	  8
    4710.136	  8
    4710.364	  8
    4711.048	  8
    4711.536	  8
    4712.288	  8
    4712.852	  8
    4713.348	  8
    4713.990	  8
    4714.724	  8
    4714.944	  8
    4716.288	  8
    4717.198	  8
    4717.470	  8
    4717.908	  8
    4718.272	  8
    4718.796	  8
    4719.318	  8
    4720.120	  8
    4720.396	  8
    4720.970	  8
    4721.962	  8
    4722.254	  8
    4722.678	  8
    4723.014	  8
    4725.026	  8
    4725.078	  8
    4725.288	  8
    4726.000	  8
    4727.038	  8
    4727.292	  8
    4727.852	  8
    4728.366	  8
    4728.876	  8
    4729.150	  8
    4729.608	  8
    4730.340	  8
    4730.848	  8
    4731.230	  8
    4731.760	  8
    4732.754	  8
    4733.348	  8
    4733.676	  8
    4733.778	  8
    4734.656	  8
    4735.194	  8
    4735.424	  8
    4735.678	  8
    4735.800	  8
    4736.556	  8
    4738.336	  8
    4738.692	  8
    4738.730	  8
    4739.224	  8
    4739.724	  8
    4740.234	  8
    4741.054	  8
    4741.676	  8
    4742.078	  8
    4742.458	  8
    4743.034	  8
    4743.330	  8
    4743.600	  8
    4744.082	  8
    4744.510	  8
    4745.670	  8
    4746.160	  8
    4746.714	  8
    4746.994	  8
    4747.526	  8
    4747.882	  8
    4748.090	  8
    4748.510	 53
    4748.658	  8
    4748.658	 20
    4748.658	 27
    4748.668	 28
    4748.668	 19
    4748.768	 29
    4748.936	  9
    4749.064	  8
    4768.788	 52
    4768.798	 18
    4796.948	  8
    4832.546	  8
    4834.948	  8
    4835.122	  8
    4836.650	  8
    4838.584	  8
    4839.704	  8
    4840.116	  8
    4840.708	  8
    4841.304	  8
    4858.600	  8
    4859.412	  8
    4859.882	  8
    4860.184	  8
    4868.298	  8
    4868.530	  8
    4869.120	  8
    4869.348	  8
    4870.260	  8
    4870.836	  8
    4871.084	  8
    4871.974	  8
    4872.084	  8
    4872.790	  8
    4874.238	  8
    4875.154	  8
    4875.666	  8
    4876.744	  8
    4877.378	  8
    4877.890	  8
    4878.542	  8
    4879.000	  8
    4879.752	  8
    4880.426	  8
    4880.706	  8
    4881.236	  8
    4881.878	  8
    4881.972	  8
    4882.736	  8
    4883.332	  8
    4883.898	  8
    4884.282	  8
    4884.574	  8
    4884.918	  8
    4885.096	  8
    4885.956	  8
    4886.606	  8
    4887.174	  8
    4887.946	  8
    4888.264	  8
    4888.608	  8
    4888.798	 53
    4889.202	  8
    4889.202	 20
    4889.202	 27
    4889.212	 28
    4889.212	 19
    4889.312	 29
    4889.480	  9
    4889.622	  8
    4890.626	  8
    4890.688	  8
    4890.788	  8
    4909.332	 51
    4909.342	 17
    4962.320	  8
    4963.626	  8
    4963.690	  8
    4965.942	  8
    4967.018	  8
    4968.048	  8
    4968.954	  8
    4969.342	 53
    4969.352	 20
    4969.352	 27
    4969.852	  8
    4970.142	  8
    4970.716	  8
    4977.650	  8
    4978.278	  8
    4978.996	  8
    4979.340	  8
    4979.660	  8
    4980.452	  8
    4981.162	  8
    4981.582	  8
    4981.688	  8
    4981.914	  8
    4989.372	 50
    4989.382	 10
    4991.272	  7
    4991.414	  7
    4991.930	  7
    4992.344	  7
    4992.546	  7
    4993.060	  7
    4993.186	  7
    4993.356	  7
    4993.526	  7
    4993.694	  7
    4993.846	  7
    4994.000	  7
    4994.152	  7
    4994.316	  7
    4994.462	  7
    4994.642	  7
    4994.780	  7
    4994.932	  7
    4995.102	  7
    4995.246	  7
    4995.402	  7
    4995.560	  7
    4995.724	  7
    4995.866	  7
    4996.024	  7
    4996.172	  7
    4996.332	  7
    4996.490	  7
    4996.706	  7
    4996.954	  7
    4997.176	  7
    4997.422	  7
    4997.588	  7
    4997.754	  7
    4997.922	  7
    4998.068	  7
    4998.226	  7
    4998.382	  7
    4998.536	  7
    4998.692	  7
    4998.836	  7
    4999.000	  7
    4999.150	  7
    4999.334	  7
    4999.472	  7
    4999.602	  7
    4999.756	  7
    4999.910	  7
    5000.062	  7
    5000.216	  7
    5000.368	  7
    5000.510	  7
    5000.668	  7
    5000.816	  7
    5000.978	  7
    5001.130	  7
    5001.258	  7
    5001.414	  7
    5001.568	  7
    5001.716	  7
    5001.862	  7
    5002.010	  7
    5002.170	  7
    5002.326	  7
    5002.498	  7
    5002.662	  7
    5002.802	  7
    5002.956	  7
    5003.110	  7
    5003.260	  7
    5003.424	  7
    5003.564	  7
    5003.708	  7
    5003.856	  7
    5004.034	  7
    5004.174	  7
    5004.330	  7
    5004.456	  7
    5004.616	  7
    5004.754	  7
    5004.896	  7
    5005.058	  7
    5005.234	  7
    5005.360	  7
    5005.510	  7
    5005.666	  7
    5005.816	  7
    5005.962	  7
    5006.128	  7
    5006.276	  7
    5006.438	  7
    5006.614	  7
    5006.734	  7
    5006.890	  7
    5007.024	  7
    5007.174	  7
    5007.338	  7
    5007.480	  7
    5007.632	  7
    5007.776	  7
    5007.924	  7
    5008.106	  7
    5008.224	  7
    5008.378	  7
    5008.536	  7
    5008.688	  7
    5008.842	  7
    5008.986	  7
    5009.146	  7
    5009.300	  7
    5009.444	  7
    5009.610	  7
    5009.748	  7
    5009.892	  7
    5010.048	  7
    5010.196	  7
    5010.344	  7
    5010.644	  7
    5010.808	  7
    5010.980	  7
    5011.268	  7
    5011.650	  7
    5011.940	  7
    5012.064	  7
    5012.224	  7
    5012.382	  7
    5012.570	  7
    5012.712	  7
    5012.856	  7
    5013.014	  7
    5013.184	  7
    5013.316	  7
    5013.494	  7
    5013.634	  7
    5013.820	  7
    5013.982	  7
    5014.200	  7
    5014.442	  7
    5015.208	  7
    5015.334	  7
    5015.482	  7
    5015.630	  7
    5015.776	  7
    5015.932	  7
    5016.116	  7
    5016.246	  7
    5016.388	  7
    5016.550	  7
    5016.972	  7
    5017.264	  7
    5019.382	 53
    5019.570	  8
    5019.570	 20
    5019.570	 27
    5019.580	 28
    5019.580	 19
    5019.680	 29
    5019.814	  8
    5019.848	  9
    5039.700	 52
    5039.710	 18
    5090.302	  8
    5090.408	  8
    5090.774	  8
    5132.500	  8
    5132.716	  8
    5133.158	  8
    5133.568	  8
    5135.330	  8
    5149.036	  8
    5149.198	  8
    5150.178	  8
    5151.808	  8
    5159.710	 53
    5163.516	  8
    5163.516	 20
    5163.516	 27
    5163.526	 28
    5163.526	 19
    5163.626	 29
    5163.794	  9
    5163.840	  8
    5183.646	 50
    5183.656	 10
    5186.150	  8
    5193.158	  8
    5198.264	  8
    5198.528	  8
    5199.196	  8
    5199.714	  8
    5200.414	  8
    5200.678	  8
    5203.364	  8
    5204.348	  8
    5204.878	  8
    5206.410	  8
    5207.692	  8
    5208.500	  8
    5209.038	  8
    5209.428	  8
    5209.880	  8
    5210.214	  8
    5210.958	  8
    5211.212	  8
    5211.664	  8
    5212.164	  8
    5212.422	  8
    5212.640	  8
    5212.966	  8
    5213.374	  8
    5213.656	 53
    5213.786	  8
    5213.786	 20
    5213.786	 27
    5213.796	 28
    5213.796	 19
    5213.896	 29
    5214.064	  9
    5214.140	  8
    5215.298	  8
    5215.482	  8
    5233.916	 50
    5233.926	 10
    5260.116	  8
    5260.524	  8
    5260.600	  8
    5261.424	  8
    5262.326	  8
    5262.598	  8
    5263.222	  8
    5263.404	  8
    5263.900	  8
    5263.926	 53
    5264.220	  8
    5264.220	 20
    5264.220	 27
    5264.230	 28
    5264.230	 19
    5264.330	 29
    5264.498	  9
    5264.502	  8
    5284.350	 51
    5284.360	 17
    5299.556	  8
    5302.092	  8
    5312.550	  7
    5314.064	  7
    5315.018	  7
    5315.380	  7
    5315.494	  7
    5315.676	  7
    5315.844	  7
    5316.008	  7
    5316.170	  7
    5316.330	  7
    5316.506	  7
    5316.688	  7
    5316.866	  7
    5318.606	  7
    5318.874	  7
    5321.164	  7
    5321.302	  7
    5321.458	  7
    5321.820	  7
    5321.936	  7
    5322.128	  7
    5322.272	  7
    5322.450	  7
    5322.580	  7
    5322.868	  7
    5339.500	  8
    5339.656	  8
    5340.626	  8
    5343.886	  8
    5343.972	  8
    5344.360	 53
    5344.370	 20
    5344.370	 27
    5344.936	  8
    5349.658	  8
    5349.696	  8
    5352.136	  8
    5360.796	  8
    5360.876	  8
    5360.968	  8
    5361.316	  8
    5361.414	  8
    5362.282	  8
    5363.206	  8
    5364.390	 51
    5364.400	 17
    5365.002	  8
    5366.240	  8
    5369.364	  8
    5369.702	  8
    5378.258	  8
    5378.428	  8
    5378.978	  8
    5380.294	  8
    5380.382	  8
    5381.914	  8
    5382.166	  8
    5382.566	  8
    5384.068	  8
    5384.616	  8
    5385.426	  8
    5385.716	  8
    5385.958	  8
    5385.974	  8
    5386.550	  8
    5387.496	  8
    5387.998	  8
    5389.692	  8
    5390.258	  8
    5390.732	  8
    5391.086	  8
    5392.284	  8
    5392.748	  8
    5393.516	  8
    5393.782	  8
    5394.346	  8
    5394.418	  8
    5395.660	  8
    5395.940	  8
    5396.428	  8
    5396.694	  8
    5397.100	  8
    5397.608	  8
    5398.424	  8
    5399.000	  8
    5399.376	  8
    5399.678	  8
    5400.166	  8
    5401.140	  8
    5401.956	  8
    5402.660	  8
    5403.090	  8
    5403.562	  8
    5403.982	  8
    5404.260	  8
    5404.700	  8
    5405.024	  8
    5405.462	  8
    5406.912	  8
    5407.076	  8
    5407.640	  8
    5407.892	  8
    5408.624	  8
    5408.902	  8
    5408.968	  8
    5409.206	  8
    5409.716	  8
    5410.114	  8
    5410.562	  8
    5411.030	  8
    5411.332	  8
    5411.666	  8
    5412.278	  8
    5412.984	  8
    5413.380	  8
    5413.878	  8
    5414.532	  8
    5414.878	  8
    5415.448	  8
    5415.864	  8
    5416.346	  8
    5416.530	  8
    5417.916	  8
    5418.994	  8
    5419.246	  8
    5419.586	  8
    5420.182	  8
    5420.814	  8
    5421.290	  8
    5422.178	  8
    5422.852	  8
    5423.384	  8
    5424.400	 53
    5424.410	 20
    5424.410	 27
    5424.700	  8
    5425.246	  8
    5425.788	  8
    5426.306	  8
    5426.686	  8
    5427.112	  8
    5427.486	  8
    5428.054	  8
    5428.998	  8
    5444.430	 50
    5444.440	 10
    5449.936	  8
    5453.184	  8
    5454.222	  8
    5454.690	  8
    5454.876	  8
    5455.994	  8
    5456.600	  8
    5457.246	  8
    5458.158	  8
    5459.562	  8
    5461.904	  8
    5462.020	  8
    5462.540	  8
    5463.042	  8
    5463.386	  8
    5463.784	  8
    5464.616	  8
    5464.990	  8
    5465.406	  8
    5465.876	  8
    5466.578	  8
    5466.852	  8
    5467.226	  8
    5467.544	  8
    5467.884	  8
    5468.290	  8
    5468.666	  8
    5469.330	  8
    5469.720	  8
    5470.156	  8
    5470.482	  8
    5470.810	  8
    5471.246	  8
    5471.676	  8
    5471.896	  8
    5472.440	  8
    5472.962	  8
    5473.604	  8
    5474.110	  8
    5474.440	 53
    5474.764	  8
    5474.764	 20
    5474.764	 27
    5474.774	 28
    5474.774	 19
    5474.846	  8
    5474.874	 29
    5494.894	 51
    5494.904	 17
    5520.628	  8
    5552.074	  8
    5554.904	 53
    5554.914	 20
    5554.914	 27
    5554.924	 61
