     437.796	  8
     454.650	  8
      20.010	 51
      20.020	 10
      43.112	  8
      43.250	  8
      43.462	  8
      44.120	  8
      44.434	  8
      47.270	  8
      47.600	  8
      52.980	  8
      53.294	  8
      56.422	  8
      80.020	 53
      94.824	  8
      94.824	 20
      94.824	 27
      94.834	 28
      94.834	 19
      94.934	 29
      95.012	  8
      95.104	  9
     102.314	  8
     104.726	  7
     104.860	  7
     105.024	  7
     105.150	  7
     105.282	  7
     105.390	  7
     105.552	  7
     105.694	  7
     105.840	  7
     105.956	  7
     106.068	  7
     106.208	  7
     106.342	  7
     106.546	  7
     106.672	  7
     106.786	  7
     106.914	  7
     107.038	  7
     107.164	  7
     107.302	  7
     107.428	  7
     107.590	  7
     107.714	  7
     107.852	  7
     107.982	  7
     108.132	  7
     108.262	  7
     108.474	  7
     108.604	  7
     108.718	  7
     108.848	  7
     109.374	  7
     109.476	  7
     109.612	  7
     109.762	  7
     109.902	  7
     110.048	  7
     110.192	  7
     110.386	  7
     110.500	  7
     110.622	  7
     110.778	  7
     110.894	  7
     111.030	  7
     111.160	  7
     111.306	  7
     111.818	  7
     111.916	  7
     112.056	  7
     112.218	  7
     112.346	  7
     112.476	  7
     112.604	  7
     112.740	  7
     112.888	  7
     113.048	  7
     113.230	  7
     113.346	  7
     113.498	  7
     113.638	  7
     113.788	  7
     113.934	  7
     114.076	  7
     114.224	  7
     114.362	  7
     114.544	  7
     114.680	  7
     114.824	  7
     114.940	  7
     114.954	 51
     114.964	 10
     115.070	  7
     115.202	  7
     115.342	  7
     115.470	  7
     115.608	  7
     116.332	  7
     116.472	  7
     116.596	  7
     117.646	  7
     117.784	  7
     117.916	  7
     118.050	  7
     118.438	  7
     118.548	  7
     118.684	  7
     118.810	  7
     118.936	  7
     119.090	  7
     119.228	  7
     119.364	  7
     119.508	  7
     119.654	  7
     119.828	  7
     119.962	  7
     120.094	  7
     120.250	  7
     120.388	  7
     120.528	  7
     120.668	  7
     120.798	  7
     120.938	  7
     121.062	  7
     121.254	  7
     121.382	  7
     121.524	  7
     122.602	  7
     122.724	  7
     122.840	  7
     123.552	  7
     123.732	  7
     123.854	  7
     124.006	  7
     124.158	  7
     124.310	  7
     124.464	  7
     124.608	  7
     124.742	  7
     124.924	  7
     125.042	  7
     125.172	  7
     125.326	  7
     125.454	  7
     126.214	  7
     126.370	  7
     126.478	  7
     126.624	  7
     126.792	  7
     126.928	  7
     127.076	  7
     127.230	  7
     127.378	  7
     127.526	  7
     127.664	  7
     127.846	  7
     127.974	  7
     128.106	  7
     128.248	  7
     128.394	  7
     128.540	  7
     128.676	  7
     128.818	  7
     128.964	  7
     130.046	  7
     130.178	  7
     130.336	  7
     130.472	  7
     130.622	  7
     130.770	  7
     130.920	  7
     131.076	  7
     131.752	  7
     132.090	  7
     132.254	  7
     132.374	  7
     132.534	  7
     132.724	  7
     133.134	  7
     133.300	  7
     133.408	  7
     133.552	  7
     136.024	  8
     136.108	  8
     137.938	  8
     138.152	  8
     142.912	  8
     143.170	  8
     143.386	  8
     150.912	  8
     150.998	  8
     165.504	  8
     166.090	  8
     166.568	  8
     174.964	 53
     177.742	  8
     177.742	 20
     177.742	 27
     177.752	 28
     177.752	 19
     177.852	 29
     177.978	  8
     178.022	  9
     182.218	  8
     182.322	  8
     185.914	  7
     186.032	  7
     186.352	  7
     186.714	  7
     197.872	 50
     197.882	 17
     223.044	  8
     223.418	  8
     223.946	  8
     224.502	  8
     224.690	  8
     225.166	  8
     225.418	  8
     225.924	  8
     226.544	  8
     226.820	  8
     226.968	  8
     227.238	  8
     227.718	  8
     227.882	 53
     227.892	 20
     227.892	 27
     227.908	  8
     246.968	  8
     247.288	  8
     247.472	  8
     247.912	 50
     247.922	 17
     250.916	  8
     251.520	  8
     251.644	  8
     252.088	  8
     252.148	  8
     254.540	  8
     254.744	  8
     254.998	  8
     255.358	  8
     255.886	  8
     256.240	  8
     256.406	  8
     257.970	  8
     260.144	  8
     260.280	  8
     260.798	  8
     261.020	  8
     261.326	  8
     261.568	  8
     261.956	  8
     266.768	  8
     267.332	  8
     267.554	  8
     267.662	  8
     267.954	  8
     268.528	  8
     268.776	  8
     269.122	  8
     269.482	  8
     275.154	  8
     275.488	  8
     276.348	  8
     277.158	  8
     277.922	 53
     277.932	 20
     277.932	 27
     283.704	  7
     283.874	  7
     284.030	  7
     294.202	  8
     294.258	  8
     294.322	  8
     294.406	  8
     297.952	 51
     297.962	 10
     332.504	  7
     332.602	  7
     334.484	  8
     334.832	  8
     335.274	  8
     335.744	  8
     336.010	  8
     336.594	  8
     336.848	  8
     336.938	  8
     339.074	  8
     339.354	  8
     339.810	  8
     357.258	  8
     357.440	  8
     357.780	  8
     357.962	 53
     358.224	  8
     358.224	 20
     358.224	 27
     358.234	 28
     358.234	 19
     358.334	 29
     358.494	  8
     358.504	  9
     366.520	  8
     366.892	  8
     378.354	 50
     378.364	 17
     392.278	  8
     393.312	  8
     393.766	  8
     394.290	  8
     398.344	  8
     398.550	  8
     398.790	  8
     399.086	  8
     399.860	  8
     400.228	  8
     400.830	  8
     401.174	  8
     404.198	  8
     406.490	  8
     406.928	  8
     407.926	  8
     408.364	 53
     408.374	 20
     408.374	 27
     408.774	  8
     417.676	  8
     428.394	 52
     428.404	 18
     454.408	  8
     466.298	  7
     466.644	  7
     467.020	  7
     467.190	  7
     470.986	  8
     471.712	  8
     474.680	  8
     485.352	  8
     485.728	  8
     490.354	  8
     493.642	  8
     493.780	  8
     494.380	  8
     495.238	  8
     495.492	  8
     496.032	  8
     496.268	  8
     496.806	  8
     497.094	  8
     497.386	  8
     497.958	  8
     505.682	  8
     508.728	  8
     509.190	  8
     509.658	  8
     509.944	  8
     510.296	  8
     510.592	  8
     533.794	  8
     548.404	 53
     572.600	  8
     572.600	 20
     572.600	 27
     572.610	 28
     572.610	 19
     572.710	 29
     572.856	  8
     572.880	  9
     592.730	 51
     592.740	 10
     595.484	  8
     595.642	  8
     619.776	  8
     620.290	  8
     620.714	  8
     621.372	  8
     623.358	  8
     623.690	  8
     623.996	  8
     624.692	  8
     625.118	  8
     625.834	  8
     628.140	  8
     632.416	  8
     632.848	  8
     633.112	  8
     633.526	  8
     634.128	  8
     634.408	  8
     634.770	  8
     635.048	  8
     636.852	  8
     641.664	  8
     641.838	  8
     643.068	  8
     643.716	  8
     644.086	  8
     644.568	  8
     644.938	  8
     650.018	  8
     650.620	  8
     652.740	 53
     654.256	  8
     654.256	 20
     654.256	 27
     654.266	 28
     654.266	 19
     654.366	 29
     654.536	  9
     654.544	  8
     656.652	  8
     657.612	  8
     658.372	  8
     660.196	  8
     674.386	 51
     674.396	 10
     680.442	  8
     680.858	  8
     681.662	  8
     685.974	  8
     688.788	  8
     719.632	  8
     720.124	  8
     720.776	  8
     721.438	  8
     721.674	  8
     722.206	  8
     722.790	  8
     723.082	  8
     723.170	  8
     723.656	  8
     723.910	  8
     726.888	  8
     727.072	  8
     727.476	  8
     727.844	  8
     728.436	  8
     728.850	  8
     729.064	  8
     729.624	  8
     734.262	  8
     734.396	 53
     734.466	  8
     734.466	 20
     734.466	 27
     734.476	 28
     734.476	 19
     734.576	 29
     734.746	  9
     746.266	  8
     753.074	  8
     753.672	  8
     754.596	 50
     754.606	 17
     770.382	  8
     781.458	  8
     781.666	  8
     782.002	  8
     784.606	 53
     784.616	 20
     784.616	 27
     786.686	  8
     798.274	  8
     801.346	  7
     801.440	  7
     801.568	  7
     801.870	  7
     802.740	  7
     802.856	  7
     803.002	  7
     803.326	  7
     803.612	  7
     803.918	  7
     804.034	  7
     804.482	  7
     804.604	  7
     804.636	 51
     804.646	 10
     804.750	  7
     804.886	  7
     805.016	  7
     805.160	  7
     805.302	  7
     805.432	  7
     805.578	  7
     805.704	  7
     805.840	  7
     805.964	  7
     806.158	  7
     806.276	  7
     806.400	  7
     806.532	  7
     806.650	  7
     806.788	  7
     806.938	  7
     807.092	  7
     807.228	  7
     807.360	  7
     807.536	  7
     807.664	  7
     807.794	  7
     807.942	  7
     808.092	  7
     808.242	  7
     808.394	  7
     808.536	  7
     808.684	  7
     808.830	  7
     808.976	  7
     809.160	  7
     809.280	  7
     809.400	  7
     809.550	  7
     809.694	  7
     809.852	  7
     810.004	  7
     810.154	  7
     810.284	  7
     810.408	  7
     810.580	  7
     810.710	  7
     810.844	  7
     810.986	  7
     811.140	  7
     811.308	  7
     811.442	  7
     811.606	  7
     811.734	  7
     811.874	  7
     812.030	  7
     812.174	  7
     812.338	  7
     812.476	  7
     812.606	  7
     812.744	  7
     812.894	  7
     813.030	  7
     813.186	  7
     813.342	  7
     813.500	  7
     813.662	  7
     813.852	  7
     813.990	  7
     814.130	  7
     814.268	  7
     814.398	  7
     814.534	  7
     814.676	  7
     814.832	  7
     814.986	  7
     815.144	  7
     815.282	  7
     815.458	  7
     815.600	  7
     815.742	  7
     815.890	  7
     816.024	  7
     816.160	  7
     816.314	  7
     816.474	  7
     816.640	  7
     816.824	  7
     816.970	  7
     817.096	  7
     817.246	  7
     817.402	  7
     817.566	  7
     817.728	  7
     817.888	  7
     818.044	  7
     818.188	  7
     818.332	  7
     818.484	  7
     818.634	  7
     818.820	  7
     818.956	  7
     819.106	  7
     819.246	  7
     819.538	  7
     819.676	  7
     819.802	  7
     819.944	  7
     820.076	  7
     820.236	  7
     820.380	  7
     820.564	  7
     820.700	  7
     820.846	  7
     821.016	  7
     821.170	  7
     821.324	  7
     821.492	  7
     821.714	  7
     821.868	  7
     822.036	  7
     822.190	  7
     822.350	  7
     822.554	  7
     822.714	  7
     822.872	  7
     823.012	  7
     823.158	  7
     823.288	  7
     823.438	  7
     823.592	  7
     823.744	  7
     823.884	  7
     824.022	  7
     824.164	  7
     824.318	  7
     824.462	  7
     824.634	  7
     824.750	  7
     824.894	  7
     825.062	  7
     825.240	  7
     825.394	  7
     825.544	  7
     825.690	  7
     825.856	  7
     826.024	  7
     826.182	  7
     826.312	  7
     826.512	  7
     826.626	  7
     826.768	  7
     826.900	  7
     827.046	  7
     827.188	  7
     827.328	  7
     827.470	  7
     827.604	  7
     827.746	  7
     827.906	  7
     828.054	  7
     828.242	  7
     828.392	  7
     828.552	  7
     828.724	  7
     828.908	  7
     829.080	  7
     829.228	  7
     829.374	  7
     829.518	  7
     829.660	  7
     829.804	  7
     829.978	  7
     830.106	  7
     830.234	  7
     830.384	  7
     830.534	  7
     830.682	  7
     830.850	  7
     830.994	  7
     831.130	  7
     831.332	  7
     831.486	  7
     831.640	  7
     831.792	  7
     831.922	  7
     832.074	  7
     832.224	  7
     832.364	  7
     832.520	  7
     832.666	  7
     832.832	  7
     832.974	  7
     833.126	  7
     833.296	  7
     833.492	  7
     833.664	  7
     833.814	  7
     834.214	  7
     834.330	  7
     834.462	  7
     834.594	  7
     834.738	  7
     834.880	  7
     835.016	  7
     835.154	  7
     835.356	  7
     835.498	  7
     835.642	  7
     835.804	  7
     835.954	  7
     836.110	  7
     836.262	  7
     836.416	  7
     836.572	  7
     836.764	  7
     836.884	  7
     837.030	  7
     837.210	  7
     837.372	  7
     837.542	  7
     837.700	  7
     837.856	  7
     838.044	  7
     838.260	  7
     838.412	  7
     838.562	  7
     838.704	  7
     838.850	  7
     838.988	  7
     839.120	  7
     839.276	  7
     839.438	  7
     839.592	  7
     839.726	  7
     839.890	  7
     840.010	  7
     840.152	  7
     840.292	  7
     840.430	  7
     840.580	  7
     840.742	  7
     840.888	  7
     841.028	  7
     841.256	  7
     841.386	  7
     841.550	  7
     841.728	  7
     841.896	  7
     842.048	  7
     842.204	  7
     842.998	  7
     843.138	  7
     843.288	  7
     843.412	  7
     843.570	  7
     843.744	  7
     843.926	  7
     844.108	  7
     844.274	  7
     844.408	  7
     844.600	  7
     844.746	  7
     844.878	  7
     845.020	  7
     845.158	  7
     845.304	  7
     845.460	  7
     845.620	  7
     845.776	  7
     845.942	  7
     846.224	  7
     846.352	  7
     846.482	  7
     846.622	  7
     846.780	  7
     846.938	  7
     847.098	  7
     847.254	  7
     847.404	  7
     847.546	  7
     847.730	  7
     847.872	  7
     848.024	  7
     848.210	  7
     848.382	  7
     848.526	  7
     848.796	  7
     850.164	  8
     850.524	  8
     850.952	  8
     851.334	  8
     851.920	  8
     852.364	  8
     852.930	  8
     853.294	  8
     853.826	  8
     854.786	  8
     855.216	  8
     855.656	  8
     855.950	  8
     856.732	  8
     857.308	  8
     859.634	  8
     860.320	  8
     860.746	  8
     861.346	  8
     861.706	  8
     862.204	  8
     862.990	  8
     864.646	 53
     866.946	  8
     866.946	 20
     866.946	 27
     866.956	 28
     866.956	 19
     867.056	 29
     867.158	  8
     867.226	  9
     869.226	  8
     887.076	 50
     887.086	 17
     904.422	  8
     904.638	  8
     905.910	  8
     905.972	  8
     906.396	  8
     907.030	  8
     907.684	  8
     908.136	  8
     908.836	  8
     909.326	  8
     909.974	  8
     910.372	  8
     910.474	  8
     910.504	  8
     911.136	  8
     911.630	  8
     917.086	 53
     917.096	 20
     917.096	 27
     937.116	 50
     937.126	 17
     945.084	  8
     945.506	  8
     945.660	  8
     945.900	  8
     947.192	  8
     949.586	  8
     949.674	  8
     949.954	  8
     950.466	  8
     951.106	  8
     951.582	  8
     952.116	  8
     952.490	  8
     952.968	  8
     955.034	  8
     955.504	  8
     955.930	  8
     956.634	  8
     956.810	  8
     957.544	  8
     960.890	  8
     960.976	  8
     961.364	  8
     961.724	  8
     962.390	  8
     962.556	  8
     962.894	  8
     963.878	  8
     964.202	  8
     966.852	  8
     967.126	 53
     967.136	 20
     967.136	 27
     967.216	  8
     972.642	  7
     974.002	  7
     974.196	  7
     976.892	  7
     977.310	  7
     977.630	  7
     977.780	  7
     978.152	  7
     987.156	 50
     987.166	 17
     987.614	  8
     994.880	  8
     999.458	  8
    1002.746	  8
    1003.142	  8
    1005.730	  8
    1011.946	  8
    1012.348	  8
    1012.616	  8
    1014.972	  8
    1015.716	  8
    1017.166	 53
    1017.176	 20
    1017.176	 27
    1037.196	 52
    1037.206	 18
    1080.992	  8
    1081.370	  8
    1111.514	  8
    1111.716	  8
    1112.100	  8
    1113.034	  8
    1113.542	  8
    1114.220	  8
    1114.826	  8
    1115.756	  8
    1116.548	  8
    1117.222	  8
    1117.574	  8
    1118.018	  8
    1123.478	  8
    1123.658	  8
    1124.102	  8
    1124.708	  8
    1125.328	  8
    1130.858	  8
    1130.936	  8
    1131.096	  8
    1131.646	  8
    1132.140	  8
    1132.806	  8
    1132.934	  8
    1135.866	  8
    1136.282	  8
    1136.906	  8
    1137.842	  8
    1138.244	  8
    1138.712	  8
    1139.302	  8
    1139.918	  8
    1140.238	  8
    1140.682	  8
    1141.322	  8
    1141.764	  8
    1146.354	  8
    1146.482	  8
    1146.984	  8
    1147.826	  8
    1148.180	  8
    1149.110	  8
    1149.814	  8
    1150.228	  8
    1152.124	  8
    1152.558	  8
    1156.610	  8
    1156.846	  8
    1156.970	  8
    1157.192	  8
    1157.206	 53
    1157.328	  8
    1157.328	 20
    1157.328	 27
    1157.338	 28
    1157.338	 19
    1157.438	 29
    1157.608	  9
    1157.622	  8
    1177.458	 51
    1177.468	 10
    1220.638	  8
    1221.260	  8
    1221.736	  8
    1222.156	  8
    1222.422	  8
    1222.814	  8
    1223.278	  8
    1223.608	  8
    1224.078	  8
    1224.490	  8
    1225.136	  8
    1225.192	  8
    1225.948	  8
    1227.030	  8
    1227.312	  8
    1227.918	  8
    1228.314	  8
    1228.910	  8
    1229.438	  8
    1229.752	  8
    1230.656	  8
    1230.980	  8
    1231.546	  8
    1231.970	  8
    1232.332	  8
    1233.340	  8
    1233.950	  8
    1234.468	  8
    1236.188	  8
    1236.600	  8
    1237.002	  8
    1237.468	 53
    1237.840	  8
    1237.840	 20
    1237.840	 27
    1237.850	 28
    1237.850	 19
    1237.950	 29
    1238.120	  9
    1257.970	 50
    1257.980	 17
    1279.136	  8
    1279.680	  8
    1280.022	  8
    1280.480	  8
    1281.196	  8
    1281.792	  8
    1282.344	  8
    1287.980	 53
    1287.990	 20
    1287.990	 27
    1288.562	  8
    1308.010	 51
    1308.020	 10
    1314.530	  7
    1314.632	  7
    1314.770	  7
    1317.410	  7
    1317.862	  7
    1318.308	  7
    1320.396	  7
    1320.926	  7
    1321.546	  7
    1321.942	  7
    1322.168	  7
    1322.376	  7
    1324.290	  8
    1325.036	  8
    1325.916	  8
    1327.098	  8
    1333.386	  8
    1333.666	  8
    1334.896	  8
    1335.374	  8
    1335.492	  8
    1343.818	  8
    1344.082	  8
    1344.614	  8
    1345.090	  8
    1345.808	  8
    1346.834	  8
    1347.572	  8
    1348.228	  8
    1349.098	  8
    1350.200	  8
    1350.710	  8
    1351.034	  8
    1351.592	  8
    1351.978	  8
    1352.268	  8
    1352.470	  8
    1354.676	  8
    1355.028	  8
    1355.754	  8
    1355.890	  8
    1356.308	  8
    1356.862	  8
    1357.602	  8
    1358.036	  8
    1358.408	  8
    1359.082	  8
    1360.744	  8
    1361.030	  8
    1361.538	  8
    1361.880	  8
    1362.640	  8
    1363.398	  8
    1363.760	  8
    1364.476	  8
    1366.546	  8
    1366.880	  8
    1367.324	  8
    1367.728	  8
    1368.020	 53
    1368.216	  8
    1368.216	 20
    1368.216	 27
    1368.226	 28
    1368.226	 19
    1368.326	 29
    1368.496	  9
    1388.346	 52
    1388.356	 18
    1416.350	  8
    1435.016	  8
    1435.464	  8
    1435.758	  8
    1436.180	  8
    1438.832	  8
    1444.894	  8
    1445.446	  8
    1449.858	  8
    1451.610	  8
    1460.100	  8
    1460.672	  8
    1461.278	  8
    1461.594	  8
    1471.132	  8
    1471.962	  8
    1472.526	  8
    1473.018	  8
    1473.438	  8
    1473.712	  8
    1473.804	  8
    1474.154	  8
    1474.730	  8
    1475.786	  8
    1476.518	  8
    1476.642	  8
    1476.926	  8
    1483.684	  8
    1483.892	  8
    1485.326	  8
    1486.106	  8
    1486.576	  8
    1487.818	  8
    1490.392	  8
    1490.936	  8
    1493.180	  8
    1493.416	  8
    1493.910	  8
    1494.514	  8
    1495.004	  8
    1495.442	  8
    1496.082	  8
    1500.838	  8
    1501.258	  8
    1502.526	  8
    1503.034	  8
    1503.384	  8
    1505.214	  8
    1505.660	  8
    1506.108	  8
    1506.218	  8
    1506.604	  8
    1506.966	  8
    1507.426	  8
    1507.840	  8
    1508.142	  8
    1508.356	 53
    1509.146	  8
    1509.146	 20
    1509.146	 27
    1509.156	 28
    1509.156	 19
    1509.256	 29
    1509.426	  9
    1509.428	  8
    1529.276	 51
    1529.286	 10
    1551.938	  7
    1552.158	  7
    1552.532	  7
    1552.706	  7
    1553.178	  7
    1553.512	  7
    1553.646	  7
    1553.772	  7
    1553.920	  7
    1554.060	  7
    1554.208	  7
    1554.352	  7
    1554.496	  7
    1554.646	  7
    1554.780	  7
    1554.930	  7
    1555.078	  7
    1555.242	  7
    1555.394	  7
    1555.516	  7
    1555.704	  7
    1555.836	  7
    1555.976	  7
    1556.124	  7
    1556.284	  7
    1556.432	  7
    1556.580	  7
    1556.724	  7
    1556.860	  7
    1557.026	  7
    1557.228	  7
    1557.334	  7
    1557.472	  7
    1557.606	  7
    1557.746	  7
    1557.906	  7
    1558.064	  7
    1558.212	  7
    1558.370	  7
    1558.538	  7
    1558.686	  7
    1558.830	  7
    1559.018	  7
    1559.154	  7
    1559.436	  7
    1559.544	  7
    1559.670	  7
    1559.804	  7
    1559.944	  7
    1560.106	  7
    1560.258	  7
    1560.414	  7
    1560.564	  7
    1560.708	  7
    1560.846	  7
    1561.018	  7
    1561.168	  7
    1561.318	  7
    1561.472	  7
    1561.620	  7
    1561.778	  7
    1561.922	  7
    1562.050	  7
    1562.206	  7
    1562.362	  7
    1562.508	  7
    1562.684	  7
    1562.810	  7
    1562.972	  7
    1563.146	  7
    1563.300	  7
    1563.458	  7
    1563.618	  7
    1563.754	  7
    1563.914	  7
    1564.056	  7
    1564.204	  7
    1564.354	  7
    1564.536	  7
    1564.698	  7
    1564.850	  7
    1565.016	  7
    1565.216	  7
    1565.336	  7
    1565.486	  7
    1565.652	  7
    1565.804	  7
    1565.962	  7
    1566.100	  7
    1566.280	  7
    1566.436	  7
    1566.576	  7
    1566.738	  7
    1566.876	  7
    1567.014	  7
    1567.160	  7
    1567.312	  7
    1567.460	  7
    1567.598	  7
    1567.750	  7
    1567.946	  7
    1568.060	  7
    1568.206	  7
    1568.356	  7
    1568.514	  7
    1568.654	  7
    1568.820	  7
    1568.976	  7
    1569.132	  7
    1569.298	  7
    1569.474	  7
    1569.604	  7
    1569.744	  7
    1569.898	  7
    1570.066	  7
    1570.256	  7
    1570.422	  7
    1570.560	  7
    1570.706	  7
    1570.876	  7
    1571.044	  7
    1571.238	  7
    1571.386	  7
    1571.534	  7
    1571.706	  7
    1571.878	  7
    1572.044	  7
    1572.192	  7
    1572.332	  7
    1572.494	  7
    1572.650	  7
    1572.814	  7
    1572.972	  7
    1573.142	  7
    1573.258	  7
    1573.394	  7
    1573.540	  7
    1573.696	  7
    1573.846	  7
    1574.014	  7
    1574.178	  7
    1574.338	  7
    1574.512	  7
    1574.708	  7
    1574.888	  7
    1575.038	  7
    1575.208	  7
    1575.386	  7
    1575.512	  7
    1575.664	  7
    1575.818	  7
    1575.970	  7
    1576.108	  7
    1576.240	  7
    1576.384	  7
    1576.510	  7
    1576.664	  7
    1576.822	  7
    1576.980	  7
    1577.150	  7
    1577.296	  7
    1577.506	  7
    1577.666	  7
    1577.816	  7
    1577.948	  7
    1578.096	  7
    1578.246	  7
    1578.390	  7
    1578.530	  7
    1578.674	  7
    1578.806	  7
    1578.954	  7
    1579.104	  7
    1579.244	  7
    1579.398	  7
    1579.602	  7
    1579.716	  7
    1579.864	  7
    1580.018	  7
    1580.180	  7
    1580.332	  7
    1580.476	  7
    1580.640	  7
    1580.816	  7
    1580.996	  7
    1581.162	  7
    1581.326	  7
    1581.488	  7
    1581.672	  7
    1581.880	  7
    1582.038	  7
    1582.182	  7
    1582.330	  7
    1582.474	  7
    1582.618	  7
    1582.760	  7
    1582.900	  7
    1583.036	  7
    1583.172	  7
    1583.370	  7
    1583.488	  7
    1583.634	  7
    1583.798	  7
    1583.972	  7
    1584.150	  7
    1584.324	  7
    1584.502	  7
    1584.642	  7
    1584.796	  7
    1584.976	  7
    1585.104	  7
    1585.274	  7
    1585.474	  7
    1585.660	  7
    1585.840	  7
    1585.990	  7
    1586.158	  7
    1586.320	  7
    1586.502	  7
    1586.672	  7
    1586.868	  7
    1586.992	  7
    1587.560	  7
    1587.674	  7
    1587.792	  7
    1587.932	  7
    1588.096	  7
    1588.232	  7
    1588.372	  7
    1588.508	  7
    1588.688	  7
    1588.808	  7
    1588.966	  7
    1589.134	  7
    1589.286	 53
    1589.314	  7
    1589.474	  7
    1589.618	  7
    1589.766	  7
    1589.908	  7
    1590.074	  7
    1590.514	  7
    1590.632	  7
    1590.784	  7
    1590.936	  7
    1591.068	  7
    1591.216	  7
    1591.368	  7
    1591.524	  7
    1591.664	  7
    1591.816	  7
    1591.960	  7
    1592.108	  7
    1592.258	  7
    1592.736	  7
    1592.856	  7
    1593.016	  7
    1593.174	  7
    1593.328	  7
    1593.496	  7
    1593.676	  7
    1593.842	  7
    1594.022	  7
    1594.184	  7
    1594.364	  7
    1594.502	  7
    1594.908	  7
    1595.250	  7
    1595.382	  7
    1595.534	  7
    1595.700	  7
    1595.860	  7
    1596.018	  7
    1596.180	  7
    1596.332	  7
    1597.790	  8
    1597.790	 20
    1597.790	 27
    1597.800	 28
    1597.800	 19
    1597.900	 29
    1598.030	  8
    1598.070	  9
    1600.512	  8
    1608.992	  8
    1609.040	  8
    1617.920	 50
    1617.930	 17
    1632.372	  8
    1633.140	  8
    1633.696	  8
    1634.218	  8
    1634.780	  8
    1635.360	  8
    1635.748	  8
    1636.064	  8
    1637.786	  8
    1638.132	  8
    1639.124	  8
    1639.738	  8
    1640.182	  8
    1640.716	  8
    1641.468	  8
    1642.468	  8
    1642.966	  8
    1645.012	  8
    1645.190	  8
    1645.570	  8
    1645.938	  8
    1646.678	  8
    1647.330	  8
    1647.646	  8
    1647.930	 53
    1647.940	 20
    1647.940	 27
    1648.134	  8
    1648.786	  8
    1649.284	  8
    1649.684	  8
    1651.152	  8
    1651.474	  8
    1667.960	 52
    1667.970	 18
    1683.732	  7
    1685.450	  7
    1686.004	  7
    1686.522	  7
    1686.666	  7
    1686.820	  7
    1687.004	  7
    1687.200	  7
    1687.424	  7
    1687.552	  7
    1687.642	  7
    1687.890	  7
    1688.048	  7
    1688.258	  7
    1688.436	  7
    1688.508	  7
    1688.720	  7
    1688.918	  7
    1689.136	  7
    1691.078	  7
    1693.766	  7
    1694.212	  7
    1699.108	  7
    1701.860	  7
    1710.092	  7
    1716.562	  7
    1718.244	  7
    1718.280	  7
    1718.434	  7
    1723.284	  7
    1723.388	  7
    1723.656	  7
    1725.144	  7
    1725.258	  7
    1729.338	  7
    1729.576	  7
    1730.254	  7
    1730.380	  7
    1730.802	  7
    1730.918	  7
    1731.048	  7
    1731.116	  7
    1731.244	  7
    1735.368	  7
    1735.488	  7
    1738.998	  8
    1739.414	  8
    1740.292	  8
    1740.782	  8
    1740.934	  8
    1741.604	  8
    1741.980	  8
    1746.944	  8
    1747.000	  8
    1747.564	  8
    1748.250	  8
    1748.418	  8
    1748.892	  8
    1749.072	  8
    1752.196	  8
    1752.600	  8
    1753.128	  8
    1753.814	  8
    1754.534	  8
    1755.458	  8
    1766.284	  8
    1767.542	  8
    1768.332	  8
    1768.714	  8
    1769.156	  8
    1769.706	  8
    1769.848	  8
    1770.144	  8
    1770.944	  8
    1771.360	  8
    1772.026	  8
    1773.134	  8
    1775.688	  8
    1776.070	  8
    1777.198	  8
    1777.918	  8
    1778.296	  8
    1778.972	  8
    1780.188	  8
    1780.618	  8
    1783.002	  8
    1783.400	  8
    1783.992	  8
    1784.460	  8
    1784.838	  8
    1785.184	  8
    1785.728	  8
    1786.360	  8
    1786.720	  8
    1787.204	  8
    1787.698	  8
    1787.970	 53
    1788.172	  8
    1788.172	 20
    1788.172	 27
    1788.182	 28
    1788.182	 19
    1788.282	 29
    1788.452	  9
    1808.302	 50
    1808.312	 17
    1833.312	  8
    1833.884	  8
    1834.798	  8
    1835.728	  8
    1836.108	  8
    1836.776	  8
    1837.148	  8
    1838.002	  8
    1838.312	 53
    1838.322	 20
    1838.322	 27
    1838.768	  8
    1839.344	  8
    1846.200	  7
    1846.560	  7
    1846.794	  7
    1846.984	  7
    1848.058	  7
    1848.782	  7
    1848.884	  7
    1849.034	  7
    1849.398	  7
    1849.934	  7
    1852.936	  7
    1853.152	  7
    1855.842	  7
    1858.342	 50
    1858.352	 17
    1859.036	  7
    1860.888	  7
    1861.624	  7
    1861.758	  7
    1861.926	  7
    1865.466	  7
    1865.562	  7
    1867.660	  7
    1867.824	  7
    1867.954	  7
    1868.106	  7
    1872.408	  7
    1872.680	  7
    1872.918	  7
    1873.278	  7
    1873.988	  7
    1877.392	  7
    1877.484	  7
    1879.916	  7
    1880.170	  7
    1883.714	  8
    1883.846	  8
    1885.052	  8
    1885.280	  8
    1885.854	  8
    1886.708	  8
    1887.096	  8
    1887.758	  8
    1888.176	  8
    1888.352	 53
    1888.362	 20
    1888.362	 27
    1889.212	  8
    1893.164	  7
    1893.686	  7
    1894.106	  7
    1894.406	  7
    1894.730	  7
    1896.172	  7
    1896.356	  7
    1896.476	  7
    1896.978	  7
    1897.244	  7
    1897.606	  7
    1898.044	  7
    1898.896	  7
    1902.980	  8
    1903.070	  8
    1903.254	  8
    1908.382	 52
    1908.392	 18
    1952.824	  8
    1952.982	  8
    1953.544	  8
    1967.160	  8
    1967.278	  8
    1967.802	  8
    1968.624	  8
    1971.104	  8
    1971.616	  8
    1972.098	  8
    1972.390	  8
    1973.426	  8
    1973.942	  8
    1983.098	  8
    1983.954	  8
    1984.338	  8
    1984.930	  8
    1986.772	  8
    1987.438	  8
    1987.760	  8
    1988.328	  8
    1988.442	  8
    1989.142	  8
    1989.938	  8
    1990.428	  8
    1990.576	  8
    1990.696	  8
    1991.464	  8
    1992.104	  8
    1992.396	  8
    1995.578	  8
    1995.840	  8
    1996.200	  8
    1997.834	  8
    1998.000	  8
    1998.508	  8
    1998.988	  8
    2001.286	  8
    2001.560	  8
    2001.738	  8
    2002.174	  8
    2002.522	  8
    2003.090	  8
    2003.662	  8
    2003.980	  8
    2005.480	  8
    2005.610	  8
    2006.328	  8
    2006.888	  8
    2007.776	  8
    2011.336	  8
    2011.502	  8
    2012.274	  8
    2012.620	  8
    2013.046	  8
    2013.352	  8
    2013.668	  8
    2014.034	  8
    2014.476	  8
    2016.102	  8
    2016.434	  8
    2016.592	  8
    2016.854	  8
    2017.186	  8
    2017.536	  8
    2020.010	  8
    2020.178	  8
    2021.596	  8
    2022.774	  8
    2023.110	  8
    2023.826	  8
    2024.500	  8
    2025.058	  8
    2025.348	  8
    2027.488	  8
    2027.688	  8
    2028.220	  8
    2028.392	 53
    2028.806	  8
    2028.806	 20
    2028.806	 27
    2028.816	 28
    2028.816	 19
    2028.916	 29
    2029.078	  9
    2048.936	 52
    2048.946	 18
    2056.374	  8
    2056.854	  8
    2057.088	  8
    2058.836	  8
    2138.624	  8
    2140.038	  8
    2140.692	  8
    2140.864	  8
    2141.302	  8
    2141.882	  8
    2142.312	  8
    2142.596	  8
    2143.088	  8
    2143.596	  8
    2143.946	  8
    2144.734	  8
    2145.130	  8
    2145.448	  8
    2145.690	  8
    2150.274	  8
    2150.720	  8
    2151.932	  8
    2152.540	  8
    2153.392	  8
    2153.988	  8
    2154.368	  8
    2155.884	  8
    2156.232	  8
    2156.610	  8
    2157.254	  8
    2157.692	  8
    2158.148	  8
    2158.488	  8
    2159.000	  8
    2159.652	  8
    2160.726	  8
    2162.910	  8
    2163.090	  8
    2164.016	  8
    2164.562	  8
    2164.982	  8
    2165.272	  8
    2168.822	  8
    2168.946	 53
    2169.282	  8
    2169.282	 20
    2169.282	 27
    2169.292	 28
    2169.292	 19
    2169.392	 29
    2169.546	  8
    2169.554	  9
    2176.960	  8
    2189.412	 50
    2189.422	 17
    2193.006	  7
    2193.334	  7
    2196.322	  8
    2196.826	  8
    2197.426	  8
    2197.724	  8
    2199.718	  8
    2199.980	  8
    2205.106	  8
    2205.326	  8
    2205.694	  8
    2206.016	  8
    2206.764	  8
    2208.130	  8
    2209.008	  8
    2211.762	  8
    2212.120	  8
    2212.368	  8
    2212.690	  8
    2213.086	  8
    2213.590	  8
    2213.748	  8
    2213.964	  8
    2214.310	  8
    2214.878	  8
    2215.522	  8
    2216.276	  8
    2216.606	  8
    2216.982	  8
    2218.664	  8
    2219.422	 53
    2219.432	 20
    2219.432	 27
    2219.738	  8
    2220.520	  8
    2221.102	  8
    2239.452	 50
    2239.462	 17
    2241.170	  7
    2241.854	  7
    2243.640	  7
    2244.134	  7
    2244.292	  7
    2244.366	  7
    2245.878	  7
    2246.636	  7
    2249.192	  7
    2249.394	  7
    2257.712	  7
    2257.848	  7
    2261.472	  7
    2266.202	  7
    2266.782	  7
    2269.462	 53
    2269.472	 20
    2269.472	 27
    2270.014	  7
    2270.102	  7
    2270.292	  7
    2270.612	  7
    2271.400	  7
    2271.526	  7
    2271.672	  7
    2271.924	  7
    2272.044	  7
    2272.168	  7
    2272.918	  7
    2273.060	  7
    2273.176	  7
    2273.470	  7
    2277.196	  8
    2289.492	 52
    2289.502	 18
    2297.610	  8
    2312.840	  8
    2312.980	  8
    2313.532	  8
    2314.160	  8
    2317.408	  8
    2317.872	  8
    2318.850	  8
    2319.466	  8
    2320.174	  8
    2320.756	  8
    2321.392	  8
    2322.758	  8
    2323.380	  8
    2324.898	  8
    2326.436	  8
    2326.878	  8
    2327.282	  8
    2329.486	  8
    2330.354	  8
    2330.866	  8
    2331.230	  8
    2331.864	  8
    2332.620	  8
    2332.886	  8
    2333.652	  8
    2334.652	  8
    2334.998	  8
    2335.160	  8
    2335.446	  8
    2337.698	  8
    2338.148	  8
    2338.482	  8
    2338.556	  8
    2340.562	  8
    2341.008	  8
    2341.516	  8
    2342.080	  8
    2342.578	  8
    2343.558	  8
    2343.910	  8
    2344.080	  8
    2345.372	  8
    2345.728	  8
    2347.336	  8
    2347.670	  8
    2348.734	  8
    2349.492	  8
    2349.804	  8
    2350.320	  8
    2350.728	  8
    2351.234	  8
    2351.708	  8
    2352.106	  8
    2352.452	  8
    2352.886	  8
    2355.334	  8
    2356.382	  8
    2356.676	  8
    2357.126	  8
    2357.550	  8
    2357.920	  8
    2358.688	  8
    2359.188	  8
    2360.286	  8
    2360.698	  8
    2363.734	  8
    2363.774	  8
    2364.516	  8
    2365.230	  8
    2366.212	  8
    2366.524	  8
    2366.866	  8
    2367.392	  8
    2367.966	  8
    2368.598	  8
    2369.114	  8
    2369.240	  8
    2372.478	  8
    2373.636	  8
    2373.844	  8
    2374.570	  8
    2375.098	  8
    2375.390	  8
    2375.878	  8
    2379.454	  8
    2379.644	  8
    2379.788	  8
    2380.234	  8
    2393.012	  8
    2393.082	  8
    2393.796	  8
    2394.112	  8
    2394.208	  8
    2394.586	  8
    2394.816	  8
    2395.256	  8
    2395.674	  8
    2396.230	  8
    2396.624	  8
    2405.120	  8
    2405.418	  8
    2405.802	  8
    2406.306	  8
    2406.948	  8
    2407.004	  8
    2408.080	  8
    2408.570	  8
    2409.002	  8
    2409.502	 53
    2416.560	  8
    2416.560	 20
    2416.560	 27
    2416.570	 28
    2416.570	 19
    2416.670	 29
    2416.808	  8
    2416.840	  9
    2436.690	 51
    2436.700	 10
    2458.056	  8
    2470.766	  7
    2470.862	  7
    2471.146	  7
    2472.342	  7
    2472.466	  7
    2472.778	  7
    2472.962	  7
    2473.104	  7
    2473.388	  7
    2473.556	  7
    2474.034	  7
    2474.240	  7
    2474.294	  7
    2474.992	  7
    2475.278	  7
    2476.030	  7
    2476.672	  7
    2477.138	  7
    2477.344	  7
    2477.532	  7
    2477.772	  7
    2478.002	  7
    2478.268	  7
    2478.458	  7
    2478.712	  7
    2478.958	  7
    2479.194	  7
    2479.418	  7
    2479.664	  7
    2479.864	  7
    2480.094	  7
    2480.748	  7
    2480.956	  7
    2481.824	  7
    2483.804	  8
    2484.270	  8
    2485.184	  8
    2485.538	  8
    2485.814	  8
    2486.366	  8
    2486.706	  8
    2487.174	  8
    2487.654	  8
    2488.336	  8
    2488.964	  8
    2489.950	  8
    2490.586	  8
    2491.144	  8
    2491.452	  8
    2491.676	  8
    2492.380	  8
    2492.664	  8
    2493.306	  8
    2496.700	 53
    2497.780	  8
    2497.780	 20
    2497.780	 27
    2497.790	 28
    2497.790	 19
    2497.890	 29
    2498.012	  8
    2498.048	  8
    2498.060	  9
    2517.910	 50
    2517.920	 17
    2540.034	  8
    2540.188	  8
    2541.262	  8
    2542.376	  8
    2542.582	  8
    2545.710	  8
    2547.732	  8
    2547.884	  8
    2547.920	 53
    2547.930	 20
    2547.930	 27
    2556.634	  7
    2556.814	  7
    2557.010	  7
    2557.218	  7
    2557.406	  7
    2557.628	  7
    2557.848	  7
    2558.274	  7
    2561.942	  8
    2567.950	 50
    2567.960	 17
    2581.070	  7
    2581.730	  7
    2582.902	  7
    2583.162	  7
    2583.340	  7
    2583.884	  7
    2583.992	  7
    2586.238	  7
    2586.400	  7
    2590.266	  7
    2590.420	  7
    2593.654	  7
    2594.168	  7
    2594.292	  7
    2594.612	  7
    2597.480	  7
    2597.776	  7
    2597.960	 53
    2597.970	 20
    2597.970	 27
    2601.042	  7
    2603.254	  7
    2608.294	  7
    2608.960	  7
    2609.070	  7
    2613.262	  7
    2615.626	  7
    2615.868	  7
    2617.990	 51
    2618.000	 10
    2621.030	  7
    2621.230	  7
    2621.524	  7
    2621.750	  7
    2622.262	  7
    2622.392	  7
    2622.510	  7
    2622.652	  7
    2622.774	  7
    2622.994	  7
    2623.128	  7
    2623.246	  7
    2623.380	  7
    2623.508	  7
    2623.644	  7
    2623.806	  7
    2623.934	  7
    2624.082	  7
    2624.218	  7
    2624.356	  7
    2624.542	  7
    2624.670	  7
    2624.804	  7
    2624.956	  7
    2625.088	  7
    2625.244	  7
    2625.358	  7
    2625.542	  7
    2625.676	  7
    2625.810	  7
    2625.940	  7
    2626.118	  7
    2626.246	  7
    2626.394	  7
    2626.566	  7
    2626.698	  7
    2626.830	  7
    2626.974	  7
    2627.128	  7
    2627.984	  7
    2628.116	  7
    2628.262	  7
    2628.384	  7
    2628.520	  7
    2628.660	  7
    2628.806	  7
    2628.948	  7
    2629.098	  7
    2629.250	  7
    2629.404	  7
    2629.530	  7
    2629.826	  7
    2630.006	  7
    2630.166	  7
    2630.294	  7
    2630.430	  7
    2630.996	  7
    2631.160	  7
    2631.338	  7
    2631.480	  7
    2631.778	  7
    2631.940	  7
    2632.064	  7
    2632.202	  7
    2632.712	  7
    2632.852	  7
    2632.958	  7
    2633.134	  7
    2633.248	  7
    2633.416	  7
    2633.554	  7
    2633.696	  7
    2633.852	  7
    2633.982	  7
    2634.134	  7
    2634.272	  7
    2634.458	  7
    2634.578	  7
    2634.710	  7
    2634.850	  7
    2634.980	  7
    2635.146	  7
    2635.278	  7
    2635.440	  7
    2635.576	  7
    2635.734	  7
    2635.892	  7
    2636.060	  7
    2636.206	  7
    2636.356	  7
    2636.536	  7
    2636.666	  7
    2636.800	  7
    2636.942	  7
    2637.092	  7
    2637.238	  7
    2637.376	  7
    2637.524	  7
    2637.682	  7
    2637.834	  7
    2637.992	  7
    2639.984	  8
    2640.412	  8
    2640.850	  8
    2641.426	  8
    2642.300	  8
    2642.846	  8
    2643.330	  8
    2643.714	  8
    2644.222	  8
    2644.788	  8
    2645.048	  8
    2645.098	  8
    2645.512	  8
    2645.738	  8
    2646.028	  8
    2646.132	  8
    2646.440	  8
    2646.906	  8
    2647.098	  8
    2647.888	  8
    2648.662	  8
    2649.470	  8
    2649.840	  8
    2652.486	  8
    2652.648	  8
    2653.184	  8
    2653.548	  8
    2654.358	  8
    2655.450	  8
    2655.922	  8
    2656.264	  8
    2656.738	  8
    2656.946	  8
    2657.224	  8
    2657.650	  8
    2658.200	  8
    2659.040	  8
    2660.706	  8
    2660.994	  8
    2661.360	  8
    2661.824	  8
    2662.260	  8
    2662.514	  8
    2662.916	  8
    2663.258	  8
    2663.852	  8
    2664.154	  8
    2664.882	  8
    2665.488	  8
    2666.864	  8
    2667.292	  8
    2667.748	  8
    2668.346	  8
    2668.778	  8
    2669.424	  8
    2669.914	  8
    2672.452	  8
    2672.720	  8
    2673.064	  8
    2673.396	  8
    2673.998	  8
    2674.316	  8
    2675.142	  8
    2675.966	  8
    2676.284	  8
    2676.634	  8
    2678.000	 53
    2679.562	  8
    2679.562	 20
    2679.562	 27
    2679.572	 28
    2679.572	 19
    2679.672	 29
    2679.804	  8
    2679.842	  9
    2699.692	 52
    2699.702	 18
    2740.006	  8
    2740.556	  8
    2741.084	  8
    2741.736	  8
    2742.194	  8
    2742.696	  8
    2743.102	  8
    2745.836	  8
    2746.132	  8
    2756.874	  8
    2757.242	  8
    2757.510	  8
    2777.464	  8
    2778.640	  8
    2779.728	  8
    2779.940	  8
    2780.672	  8
    2785.838	  8
    2786.106	  8
    2786.850	  8
    2787.284	  8
    2787.858	  8
    2788.398	  8
    2788.852	  8
    2789.502	  8
    2789.602	  8
    2790.486	  8
    2791.096	  8
    2791.398	  8
    2791.996	  8
    2793.434	  8
    2793.722	  8
    2796.296	  8
    2796.390	  8
    2796.694	  8
    2797.336	  8
    2798.202	  8
    2798.326	  8
    2798.680	  8
    2799.778	  8
    2800.168	  8
    2800.914	  8
    2801.040	  8
    2803.334	  8
    2804.810	  8
    2806.096	  8
    2806.618	  8
    2809.092	  8
    2809.632	  8
    2810.252	  8
    2812.590	  8
    2812.896	  8
    2813.708	  8
    2814.444	  8
    2814.776	  8
    2815.226	  8
    2815.756	  8
    2816.152	  8
    2817.058	  8
    2817.822	  8
    2818.592	  8
    2819.702	 53
    2821.086	  8
    2821.086	 20
    2821.086	 27
    2821.096	 28
    2821.096	 19
    2821.196	 29
    2821.366	  9
    2821.414	  8
    2841.216	 51
    2841.226	 10
    2863.722	  8
    2876.886	  8
    2877.628	  8
    2878.124	  8
    2880.714	  8
    2885.774	  8
    2886.260	  8
    2886.574	  8
    2887.064	  8
    2887.418	  8
    2888.010	  8
    2888.584	  8
    2888.676	  8
    2889.652	  8
    2890.572	  8
    2891.158	  8
    2891.974	  8
    2892.486	  8
    2893.112	  8
    2894.408	  8
    2895.002	  8
    2895.330	  8
    2895.990	  8
    2896.796	  8
    2897.022	  8
    2897.136	  8
    2897.666	  8
    2898.034	  8
    2899.036	  8
    2900.664	  8
    2901.226	 53
    2901.790	  8
    2901.790	 20
    2901.790	 27
    2901.800	 28
    2901.800	 19
    2901.900	 29
    2902.066	  8
    2902.070	  9
    2921.920	 50
    2921.930	 17
    2951.930	 53
    2951.940	 20
    2951.940	 27
    2961.952	  7
    2963.466	  7
    2964.128	  7
    2966.914	  7
    2971.960	 52
    2971.970	 18
    2973.150	  7
    2973.542	  7
    2974.216	  7
    2974.390	  7
    2974.584	  7
    2974.744	  7
    2974.996	  7
    2986.010	  8
    2986.474	  8
    2988.116	  8
    3024.252	  7
    3024.398	  7
    3025.022	  7
    3025.408	  7
    3025.622	  7
    3025.918	  7
    3026.518	  7
    3028.526	  7
    3032.284	  7
    3032.470	  7
    3032.650	  7
    3032.954	  7
    3033.324	  7
    3033.532	  7
    3033.772	  7
    3033.978	  7
    3034.206	  7
    3034.422	  7
    3034.626	  7
    3034.878	  7
    3035.102	  7
    3035.334	  7
    3035.992	  7
    3038.606	  8
    3039.112	  8
    3039.674	  8
    3040.506	  8
    3040.864	  8
    3041.176	  8
    3041.472	  8
    3041.520	  8
    3042.020	  8
    3042.456	  8
    3042.718	  8
    3042.974	  8
    3043.370	  8
    3044.366	  8
    3045.014	  8
    3045.458	  8
    3047.512	  8
    3048.198	  8
    3048.602	  8
    3049.126	  8
    3050.028	  8
    3050.626	  8
    3051.002	  8
    3051.862	  8
    3054.822	  8
    3055.178	  8
    3055.478	  8
    3055.904	  8
    3058.988	  8
    3059.408	  8
    3059.872	  8
    3060.256	  8
    3064.158	  8
    3064.690	  8
    3064.924	  8
    3065.246	  8
    3065.436	  8
    3091.304	  8
    3091.520	  8
    3091.970	 53
    3092.432	  8
    3092.432	 20
    3092.432	 27
    3092.442	 28
    3092.442	 19
    3092.542	 29
    3092.712	  9
    3092.750	  8
    3112.562	 51
    3112.572	 10
    3135.292	  8
    3142.208	  8
    3142.702	  8
    3143.324	  8
    3143.854	  8
    3144.434	  8
    3148.102	  8
    3148.368	  8
    3149.228	  8
    3149.740	  8
    3151.020	  8
    3151.522	  8
    3153.262	  8
    3153.626	  8
    3153.832	  8
    3154.098	  8
    3157.054	  8
    3157.464	  8
    3160.544	  8
    3161.180	  8
    3161.394	  8
    3161.808	  8
    3162.194	  8
    3162.480	  8
    3172.572	 53
    3183.238	  8
    3183.238	 20
    3183.238	 27
    3183.248	 28
    3183.248	 19
    3183.348	 29
    3183.458	  8
    3183.518	  9
    3188.128	  8
    3188.454	  8
    3188.664	  8
    3203.368	 52
    3203.378	 18
    3261.550	  8
    3262.354	  8
    3262.504	  8
    3270.974	  8
    3271.542	  8
    3273.158	  8
    3273.926	  8
    3274.858	  8
    3275.260	  8
    3275.578	  8
    3276.188	  8
    3276.734	  8
    3277.566	  8
    3278.044	  8
    3278.592	  8
    3279.518	  8
    3280.308	  8
    3281.860	  8
    3282.078	  8
    3282.362	  8
    3282.854	  8
    3284.616	  8
    3285.262	  8
    3285.764	  8
    3286.656	  8
    3287.102	  8
    3288.034	  8
    3288.636	  8
    3289.238	  8
    3289.474	  8
    3292.350	  8
    3293.296	  8
    3293.618	  8
    3294.490	  8
    3294.910	  8
    3295.464	  8
    3296.016	  8
    3296.608	  8
    3297.208	  8
    3298.004	  8
    3300.986	  8
    3301.324	  8
    3302.078	  8
    3302.494	  8
    3303.192	  8
    3303.636	  8
    3304.008	  8
    3304.310	  8
    3305.246	  8
    3305.754	  8
    3306.310	  8
    3307.320	  8
    3307.724	  8
    3308.522	  8
    3309.098	  8
    3309.636	  8
    3310.366	  8
    3310.690	  8
    3311.126	  8
    3312.282	  8
    3314.104	  8
    3315.150	  8
    3315.738	  8
    3316.314	  8
    3316.896	  8
    3317.328	  8
    3318.016	  8
    3318.826	  8
    3319.156	  8
    3319.554	  8
    3320.048	  8
    3321.054	  8
    3322.346	  8
    3323.144	  8
    3323.378	 53
    3323.398	  8
    3323.398	 20
    3323.398	 27
    3323.408	 28
    3323.408	 19
    3323.508	 29
    3323.678	  9
    3323.682	  8
    3343.528	 52
    3343.538	 18
    3360.314	  7
    3363.938	  7
    3365.054	  7
    3366.960	  7
    3369.898	  7
    3373.954	  7
    3382.672	  7
    3387.644	  7
    3391.710	  7
    3396.402	  7
    3396.620	  7
    3401.016	  7
    3401.188	  7
    3404.826	  7
    3404.870	  7
    3405.464	  7
    3407.152	  7
    3410.240	  7
    3413.574	  7
    3414.310	  7
    3414.436	  7
    3417.006	  7
    3421.358	  8
    3421.552	  8
    3421.634	  8
    3422.408	  8
    3461.702	  8
    3462.524	  8
    3463.538	 53
    3472.996	  8
    3472.996	 20
    3472.996	 27
    3473.006	 28
    3473.006	 19
    3473.106	 29
    3473.220	  8
    3473.276	  9
    3482.804	  8
    3493.126	 50
    3493.136	 17
    3520.878	  8
    3521.274	  8
    3521.728	  8
    3521.950	  8
    3522.396	  8
    3523.136	 53
    3523.146	 20
    3523.146	 27
    3524.104	  8
    3524.568	  8
    3524.856	  8
    3525.460	  8
    3543.166	 52
    3543.176	 18
    3578.446	  8
    3579.332	  8
    3590.872	  8
    3597.366	  8
    3597.534	  8
    3598.432	  8
    3599.812	  8
    3600.470	  8
    3601.304	  8
    3602.392	  8
    3602.982	  8
    3605.266	  8
    3605.742	  8
    3606.462	  8
    3607.018	  8
    3607.576	  8
    3609.794	  8
    3610.120	  8
    3610.538	  8
    3611.140	  8
    3611.538	  8
    3611.998	  8
    3612.286	  8
    3613.134	  8
    3614.776	  8
    3615.002	  8
    3615.312	  8
    3616.556	  8
    3617.000	  8
    3617.424	  8
    3618.386	  8
    3619.460	  8
    3619.768	  8
    3620.014	  8
    3621.540	  8
    3621.934	  8
    3622.534	  8
    3623.270	  8
    3623.736	  8
    3624.128	  8
    3624.520	  8
    3625.758	  8
    3626.308	  8
    3628.754	  8
    3628.988	  8
    3629.748	  8
    3630.188	  8
    3630.498	  8
    3630.896	  8
    3631.650	  8
    3631.732	  8
    3632.124	  8
    3632.988	  8
    3639.344	  8
    3639.736	  8
    3640.002	  8
    3640.574	  8
    3641.252	  8
    3641.698	  8
    3644.938	  8
    3645.202	  8
    3645.800	  8
    3646.084	  8
    3646.594	  8
    3647.366	  8
    3647.742	  8
    3648.046	  8
    3648.674	  8
    3649.370	  8
    3652.540	  8
    3652.918	  8
    3653.488	  8
    3653.858	  8
    3653.964	  8
    3654.520	  8
    3655.268	  8
    3656.160	  8
    3656.520	  8
    3657.156	  8
    3658.704	  8
    3659.228	  8
    3659.322	  8
    3659.902	  8
    3660.256	  8
    3660.876	  8
    3661.336	  8
    3661.592	  8
    3662.108	  8
    3662.506	  8
    3663.176	 53
    3664.214	  8
    3664.214	 20
    3664.214	 27
    3664.224	 28
    3664.224	 19
    3664.324	 29
    3664.476	  8
    3664.494	  9
    3684.344	 50
    3684.354	 17
    3714.354	 53
    3714.364	 20
    3714.364	 27
    3714.730	  8
    3734.384	 50
    3734.394	 17
    3747.022	  7
    3747.248	  7
    3747.620	  7
    3747.792	  7
    3748.462	  7
    3749.976	  7
    3753.730	  8
    3754.500	  8
    3755.090	  8
    3756.066	  8
    3756.602	  8
    3757.604	  8
    3758.422	  8
    3759.354	  8
    3760.320	  8
    3760.556	  8
    3760.744	  8
    3761.470	  8
    3762.138	  8
    3762.434	  8
    3763.278	  8
    3764.070	  8
    3764.394	 53
    3764.404	 20
    3764.404	 27
    3764.890	  8
    3765.350	  8
    3774.478	  8
    3776.268	  7
    3784.424	 51
    3784.434	 10
    3793.402	  8
    3803.232	  8
    3803.458	  8
    3804.862	  8
    3805.378	  8
    3805.898	  8
    3806.852	  8
    3807.220	  8
    3807.726	  8
    3808.158	  8
    3808.752	  8
    3809.198	  8
    3809.620	  8
    3811.052	  8
    3813.030	  8
    3813.502	  8
    3814.824	  8
    3815.424	  8
    3815.872	  8
    3816.436	  8
    3817.366	  8
    3817.888	  8
    3818.124	  8
    3818.624	  8
    3819.550	  8
    3820.646	  8
    3823.104	  8
    3823.274	  8
    3824.356	  8
    3825.536	  8
    3825.928	  8
    3826.374	  8
    3826.834	  8
    3827.446	  8
    3830.676	  8
    3830.992	  8
    3831.500	  8
    3831.982	  8
    3832.682	  8
    3833.480	  8
    3834.166	  8
    3834.696	  8
    3835.258	  8
    3835.858	  8
    3836.234	  8
    3836.710	  8
    3836.794	  8
    3837.094	  8
    3837.758	  8
    3838.262	  8
    3838.880	  8
    3839.448	  8
    3840.094	  8
    3842.570	  8
    3843.466	  8
    3844.228	  8
    3844.434	 53
    3844.810	  8
    3844.810	 20
    3844.810	 27
    3844.820	 28
    3844.820	 19
    3844.920	 29
    3845.090	  9
    3864.940	 51
    3864.950	 10
    3879.222	  7
    3879.340	  7
    3880.648	  7
    3881.300	  7
    3881.532	  7
    3882.280	  7
    3882.664	  7
    3882.842	  7
    3882.990	  7
    3883.146	  7
    3883.304	  7
    3883.490	  7
    3883.638	  7
    3883.810	  7
    3884.010	  7
    3884.160	  7
    3884.306	  7
    3884.486	  7
    3884.668	  7
    3884.818	  7
    3884.984	  7
    3885.160	  7
    3885.304	  7
    3885.448	  7
    3885.580	  7
    3885.716	  7
    3885.862	  7
    3886.016	  7
    3886.182	  7
    3886.362	  7
    3886.478	  7
    3886.616	  7
    3886.750	  7
    3886.884	  7
    3887.054	  7
    3887.208	  7
    3887.344	  7
    3887.476	  7
    3887.624	  7
    3887.784	  7
    3887.956	  7
    3888.122	  7
    3888.288	  7
    3888.430	  7
    3888.580	  7
    3888.740	  7
    3888.944	  7
    3889.116	  7
    3889.282	  7
    3889.466	  7
    3889.644	  7
    3889.840	  7
    3890.502	  7
    3890.622	  7
    3890.926	  7
    3891.056	  7
    3891.428	  7
    3891.570	  7
    3891.708	  7
    3891.868	  7
    3891.998	  7
    3892.158	  7
    3892.286	  7
    3892.422	  7
    3892.600	  7
    3892.706	  7
    3892.860	  7
    3892.988	  7
    3893.120	  7
    3893.252	  7
    3893.388	  7
    3893.528	  7
    3893.700	  7
    3893.834	  7
    3893.978	  7
    3894.116	  7
    3894.258	  7
    3894.400	  7
    3894.568	  7
    3894.712	  7
    3894.874	  7
    3895.004	  7
    3895.140	  7
    3895.274	  7
    3895.428	  7
    3895.566	  7
    3895.716	  7
    3895.858	  7
    3896.000	  7
    3896.162	  7
    3896.318	  7
    3896.488	  7
    3896.652	  7
    3896.786	  7
    3897.024	  7
    3897.156	  7
    3897.332	  7
    3897.452	  7
    3897.590	  7
    3897.736	  7
    3897.904	  7
    3898.308	  7
    3898.424	  7
    3898.556	  7
    3898.698	  7
    3898.842	  7
    3898.984	  7
    3899.128	  7
    3899.266	  7
    3899.418	  7
    3899.566	  7
    3899.714	  7
    3899.910	  7
    3900.064	  7
    3900.200	  7
    3900.352	  7
    3900.498	  7
    3900.640	  7
    3900.796	  7
    3900.950	  7
    3901.098	  7
    3901.250	  7
    3901.402	  7
    3901.556	  7
    3901.704	  7
    3901.880	  7
    3902.052	  7
    3902.200	  7
    3902.336	  7
    3902.508	  7
    3902.680	  7
    3902.848	  7
    3903.036	  7
    3903.216	  7
    3903.336	  7
    3903.498	  7
    3903.658	  7
    3903.848	  7
    3904.002	  7
    3904.142	  7
    3904.296	  7
    3904.446	  7
    3904.600	  7
    3904.766	  7
    3904.934	  7
    3905.096	  7
    3905.250	  7
    3905.406	  7
    3905.558	  7
    3905.706	  7
    3905.894	  7
    3906.044	  7
    3906.190	  7
    3906.334	  7
    3906.486	  7
    3906.632	  7
    3906.778	  7
    3906.958	  7
    3907.102	  7
    3907.258	  7
    3907.588	  7
    3907.740	  7
    3907.910	  7
    3908.768	  7
    3908.868	  7
    3908.992	  7
    3909.390	  7
    3909.546	  7
    3909.658	  7
    3909.794	  7
    3909.934	  7
    3910.082	  7
    3910.218	  7
    3910.368	  7
    3910.524	  7
    3910.680	  7
    3910.844	  7
    3911.018	  7
    3911.174	  7
    3911.324	  7
    3911.490	  7
    3911.644	  7
    3911.818	  7
    3911.992	  7
    3912.132	  7
    3912.316	  7
    3912.478	  7
    3912.620	  7
    3912.970	  7
    3913.116	  7
    3914.830	  8
    3915.918	  8
    3916.436	  8
    3917.010	  8
    3917.810	  8
    3918.902	  8
    3919.548	  8
    3920.316	  8
    3920.952	  8
    3921.548	  8
    3921.978	  8
    3922.402	  8
    3922.964	  8
    3923.948	  8
    3924.238	  8
    3924.772	  8
    3924.950	 53
    3925.568	  8
    3925.568	 20
    3925.568	 27
    3925.578	 28
    3925.578	 19
    3925.678	 29
    3925.836	  8
    3925.848	  9
    3945.698	 51
    3945.708	 10
    3947.406	  8
    3947.708	  8
    3958.914	  7
    3959.046	  7
    3959.222	  7
    3960.028	  7
    3960.166	  7
    3960.862	  7
    3961.232	  7
    3962.780	  7
    3963.682	  7
    3963.868	  7
    3964.176	  7
    3966.606	  7
    3973.340	  7
    3975.350	  7
    3975.496	  7
    3978.716	  7
    3978.828	  7
    3980.466	  7
    3980.604	  7
    3980.718	  7
    3984.298	  7
    3987.618	  7
    3988.146	  7
    3990.856	  7
    3991.080	  7
    3991.830	  7
    3991.956	  7
    3992.098	  7
    3995.496	  7
    3995.876	  7
    3996.046	  7
    3996.236	  7
    3996.370	  7
    3996.636	  7
    3996.762	  7
    3997.042	  7
    3997.158	  7
    3997.630	  7
    3997.748	  7
    3997.910	  7
    3998.202	  7
    3998.596	  7
    3998.714	  7
    3998.846	  7
    3998.982	  7
    3999.132	  7
    3999.242	  7
    3999.412	  7
    3999.532	  7
    3999.696	  7
    3999.826	  7
    3999.984	  7
    4000.100	  7
    4000.300	  7
    4000.420	  7
    4000.554	  7
    4000.694	  7
    4000.822	  7
    4001.574	  7
    4001.732	  7
    4001.904	  7
    4002.246	  7
    4004.838	  7
    4005.206	  7
    4005.364	  7
    4005.708	 53
    4009.372	  8
    4009.372	 20
    4009.372	 27
    4009.382	 28
    4009.382	 19
    4009.482	 29
    4009.652	  9
    4016.934	  8
    4024.304	  8
    4029.502	 52
    4029.512	 18
    4034.764	  8
    4066.396	  8
    4066.858	  8
    4067.694	  8
    4068.964	  8
    4071.268	  8
    4071.878	  8
    4073.438	  8
    4074.252	  8
    4074.854	  8
    4075.074	  8
    4075.380	  8
    4075.904	  8
    4076.290	  8
    4076.810	  8
    4077.316	  8
    4077.382	  8
    4077.842	  8
    4078.330	  8
    4079.212	  8
    4079.540	  8
    4079.902	  8
    4080.354	  8
    4080.378	  8
    4084.188	  8
    4084.376	  8
    4084.884	  8
    4085.558	  8
    4086.060	  8
    4087.128	  8
    4087.662	  8
    4088.172	  8
    4088.854	  8
    4089.440	  8
    4091.344	  8
    4091.850	  8
    4092.334	  8
    4093.126	  8
    4093.526	  8
    4094.298	  8
    4097.988	  8
    4099.460	  8
    4100.158	  8
    4100.528	  8
    4100.970	  8
    4101.412	  8
    4102.048	  8
    4102.686	  8
    4103.022	  8
    4103.646	  8
    4104.368	  8
    4104.442	  8
    4104.830	  8
    4105.392	  8
    4105.804	  8
    4106.610	  8
    4106.814	  8
    4107.098	  8
    4108.476	  8
    4108.734	  8
    4109.120	  8
    4109.680	  8
    4110.204	  8
    4110.666	  8
    4111.334	  8
    4112.772	  8
    4113.374	  8
    4113.922	  8
    4114.352	  8
    4115.330	  8
    4115.454	  8
    4117.640	  8
    4118.176	  8
    4119.178	  8
    4119.774	  8
    4120.134	  8
    4120.586	  8
    4120.646	  8
    4121.180	  8
    4121.532	  8
    4121.852	  8
    4122.834	  8
    4123.512	  8
    4123.990	  8
    4124.450	  8
    4125.372	  8
    4125.438	  8
    4125.726	  8
    4125.820	  8
    4126.456	  8
    4128.318	  8
    4129.078	  8
    4129.476	  8
    4130.078	  8
    4130.420	  8
    4130.884	  8
    4131.268	  8
    4131.720	  8
    4132.292	  8
    4132.716	  8
    4133.970	  8
    4134.936	  8
    4135.320	  8
    4135.738	  8
    4136.172	  8
    4136.672	  8
    4139.384	  8
    4140.830	  8
    4141.348	  8
    4141.968	  8
    4144.258	  8
    4144.698	  8
    4145.410	  8
    4145.832	  8
    4146.188	  8
    4146.386	  8
    4146.460	  8
    4146.772	  8
    4148.740	  8
    4148.974	  8
    4149.512	 53
    4149.572	  8
    4149.572	 20
    4149.572	 27
    4149.582	 28
    4149.582	 19
    4149.682	 29
    4149.826	  8
    4149.852	  9
    4169.702	 50
    4169.712	 17
    4192.236	  8
    4192.646	  8
    4192.854	  8
    4193.032	  8
    4197.512	  8
    4199.712	 53
    4199.722	 20
    4199.722	 27
    4200.842	  8
    4219.742	 51
    4219.752	 10
    4264.256	  8
    4266.160	  8
    4266.964	  8
    4267.806	  8
    4268.530	  8
    4269.616	  8
    4270.276	  8
    4271.196	  8
    4271.756	  8
    4272.444	  8
    4273.126	  8
    4273.670	  8
    4274.190	  8
    4274.674	  8
    4275.392	  8
    4275.980	  8
    4276.568	  8
    4279.752	 53
    4280.188	  8
    4280.188	 20
    4280.188	 27
    4280.198	 28
    4280.198	 19
    4280.298	 29
    4280.424	  8
    4280.468	  9
    4300.318	 51
    4300.328	 10
    4305.692	  7
    4318.674	  8
    4325.554	  8
    4326.228	  8
    4327.646	  8
    4328.148	  8
    4357.838	  8
    4358.100	  8
    4359.192	  8
    4359.612	  8
    4359.910	  8
    4360.186	  8
    4360.328	 53
    4360.810	  8
    4360.810	 20
    4360.810	 27
    4360.820	 28
    4360.820	 19
    4360.920	 29
    4361.090	  9
    4380.940	 52
    4380.950	 18
    4436.740	  8
    4436.868	  8
    4437.388	  8
    4437.594	  8
    4500.950	 53
    5043.416	  8
    5043.416	 20
    5043.416	 27
    5043.426	 28
    5043.426	 19
    5043.526	 29
    5043.656	  8
    5043.940	  9
    5047.374	  8
    5047.596	  8
    5048.388	  8
    5050.200	  8
    5050.534	  8
    5051.830	  8
    5054.990	  8
    5063.546	 50
    5063.556	 17
    5065.958	  8
    5072.778	  8
    5081.952	  8
    5082.250	  8
    5082.978	  8
    5083.154	  8
    5083.480	  8
    5084.448	  8
    5085.346	  8
    5086.422	  8
    5087.206	  8
    5088.170	  8
    5092.438	  8
    5092.914	  8
    5093.556	 53
    5093.566	 20
    5093.566	 27
    5093.962	  8
    5094.482	  8
    5107.528	  8
    5113.586	 51
    5113.596	 10
    5115.686	  8
    5122.568	  8
    5123.346	  8
    5124.612	  8
    5129.192	  8
    5129.756	  8
    5131.138	  8
    5134.706	  8
    5135.076	  8
    5136.024	  8
    5136.544	  8
    5137.978	  8
    5138.630	  8
    5139.090	  8
    5139.542	  8
    5140.016	  8
    5140.466	  8
    5140.944	  8
    5141.306	  8
    5141.666	  8
    5142.334	  8
    5142.848	  8
    5143.080	  8
    5144.666	  8
    5144.938	  8
    5145.228	  8
    5145.576	  8
    5149.738	  8
    5149.856	  8
    5150.324	  8
    5151.078	  8
    5151.704	  8
    5152.590	  8
    5153.088	  8
    5153.578	  8
    5154.104	  8
    5154.782	  8
    5155.540	  8
    5156.080	  8
    5156.574	  8
    5157.426	  8
    5158.842	  8
    5159.184	  8
    5160.098	  8
    5160.634	  8
    5161.054	  8
    5161.654	  8
    5162.276	  8
    5162.980	  8
    5163.588	  8
    5163.966	  8
    5166.302	  8
    5166.510	  8
    5166.944	  8
    5167.394	  8
    5168.086	  8
    5168.578	  8
    5168.962	  8
    5169.436	  8
    5170.164	  8
    5170.322	  8
    5170.406	  8
    5170.534	  8
    5170.796	  8
    5173.368	  8
    5173.452	  8
    5173.596	 53
    5174.010	  8
    5174.010	 20
    5174.010	 27
    5174.020	 28
    5174.020	 19
    5174.120	 29
    5174.290	  9
    5194.140	 50
    5194.150	 17
    5224.150	 53
    5224.160	 20
    5224.160	 27
    5244.180	 51
    5244.190	 10
    5249.946	  7
    5250.156	  7
    5250.458	  7
    5250.622	  7
    5250.710	  7
    5250.758	  7
    5250.952	  7
    5252.720	  7
    5253.582	  7
    5253.758	  7
    5254.244	  7
    5254.762	  7
    5255.212	  7
    5255.704	  7
    5256.194	  7
    5256.738	  7
    5256.878	  7
    5257.314	  7
    5257.536	  7
    5257.724	  7
    5257.962	  7
    5258.170	  7
    5258.410	  7
    5263.192	  7
    5263.776	  7
    5264.002	  7
    5264.210	  7
    5264.336	  7
    5266.732	  7
    5282.676	  8
    5283.024	  8
    5284.112	  8
    5285.944	  8
    5286.546	  8
    5287.102	  8
    5287.642	  8
    5288.310	  8
    5288.602	  8
    5289.310	  8
    5290.504	  8
    5291.132	  8
    5291.948	  8
    5293.014	  8
    5293.494	  8
    5293.800	  8
    5294.178	  8
    5294.700	  8
    5296.490	  8
    5296.842	  8
    5297.782	  8
    5298.120	  8
    5298.962	  8
    5299.284	  8
    5299.718	  8
    5300.520	  8
    5300.688	  8
    5301.440	  8
    5302.186	  8
    5302.786	  8
    5303.370	  8
    5303.748	  8
    5304.180	  8
    5304.190	 53
    5304.414	  8
    5304.414	 20
    5304.414	 27
    5304.424	 28
    5304.424	 19
    5304.524	 29
    5304.694	  9
    5304.710	  8
    5324.544	 51
    5324.554	 10
    5326.884	  8
    5348.826	  7
    5349.066	  7
    5351.374	  7
    5351.506	  7
    5351.640	  7
    5351.818	  7
    5351.966	  7
    5352.126	  7
    5352.280	  7
    5352.452	  7
    5352.606	  7
    5352.736	  7
    5352.886	  7
    5353.042	  7
    5353.198	  7
    5353.352	  7
    5353.530	  7
    5353.680	  7
    5353.816	  7
    5353.980	  7
    5354.128	  7
    5354.286	  7
    5354.424	  7
    5354.588	  7
    5354.736	  7
    5354.904	  7
    5355.056	  7
    5355.218	  7
    5355.376	  7
    5355.550	  7
    5355.716	  7
    5355.858	  7
    5355.992	  7
    5356.142	  7
    5356.298	  7
    5356.500	  7
    5356.638	  7
    5356.820	  7
    5356.988	  7
    5357.196	  7
    5357.350	  7
    5357.512	  7
    5357.670	  7
    5357.814	  7
    5357.958	  7
    5358.092	  7
    5358.236	  7
    5358.390	  7
    5358.542	  7
    5358.708	  7
    5358.878	  7
    5359.010	  7
    5359.232	  7
    5359.380	  7
    5359.556	  7
    5359.700	  7
    5359.858	  7
    5360.056	  7
    5360.182	  7
    5360.346	  7
    5360.524	  7
    5360.682	  7
    5360.836	  7
    5360.978	  7
    5361.132	  7
    5361.316	  7
    5361.444	  7
    5361.578	  7
    5361.734	  7
    5361.890	  7
    5362.092	  7
    5362.256	  7
    5362.402	  7
    5362.582	  7
    5362.774	  7
    5362.928	  7
    5363.112	  7
    5363.244	  7
    5363.426	  7
    5363.580	  7
    5363.728	  7
    5363.926	  7
    5364.090	  7
    5364.246	  7
    5364.408	  7
    5364.554	  7
    5364.702	  7
    5364.852	  7
    5365.056	  7
    5365.176	  7
    5365.358	  7
    5365.526	  7
    5365.664	  7
    5365.806	  7
    5365.996	  7
    5366.176	  7
    5366.356	  7
    5366.522	  7
    5366.668	  7
    5366.832	  7
    5367.052	  7
    5367.212	  7
    5367.368	  7
    5367.524	  7
    5367.680	  7
    5367.818	  7
    5367.960	  7
    5368.106	  7
    5368.254	  7
    5368.400	  7
    5368.556	  7
    5368.710	  7
    5368.906	  7
    5369.156	  7
    5369.466	  7
    5369.612	  7
    5369.768	  7
    5369.934	  7
    5370.108	  7
    5370.274	  7
    5370.426	  7
    5370.572	  7
    5370.716	  7
    5370.860	  7
    5371.044	  7
    5371.214	  7
    5371.418	  7
    5371.586	  7
    5371.738	  7
    5371.920	  7
    5372.102	  7
    5372.268	  7
    5372.466	  7
    5372.618	  7
    5372.822	  7
    5373.004	  7
    5373.168	  7
    5373.304	  7
    5373.446	  7
    5373.578	  7
    5373.730	  7
    5373.918	  7
    5374.078	  7
    5374.254	  7
    5374.436	  7
    5374.598	  7
    5374.782	  7
    5374.926	  7
    5375.098	  7
    5375.254	  7
    5375.398	  7
    5375.540	  7
    5375.686	  7
    5375.862	  7
    5376.036	  7
    5376.210	  7
    5376.376	  7
    5376.524	  7
    5376.672	  7
    5376.812	  7
    5376.972	  7
    5377.126	  7
    5377.328	  7
    5377.476	  7
    5377.630	  7
    5377.844	  7
    5377.976	  7
    5378.148	  7
    5378.324	  7
    5378.500	  7
    5378.884	  7
    5379.030	  7
    5379.182	  7
    5379.316	  7
    5379.470	  7
    5379.638	  7
    5379.804	  7
    5379.974	  7
    5380.136	  7
    5380.330	  7
    5380.462	  7
    5380.610	  7
    5380.766	  7
    5380.924	  7
    5381.124	  7
    5381.288	  7
    5381.480	  7
    5381.676	  7
    5382.390	  7
    5382.518	  7
    5382.654	  7
    5382.794	  7
    5382.956	  7
    5383.162	  7
    5383.298	  7
    5383.510	  7
    5383.978	  7
    5384.106	  7
    5384.252	  7
    5384.402	  7
    5384.554	 53
    5384.562	  7
    5384.722	  7
    5384.870	  7
    5385.036	  7
    5385.188	  7
    5385.380	  7
    5385.530	  7
    5385.680	  7
    5385.852	  7
    5386.010	  7
    5386.150	  7
    5386.302	  7
    5386.482	  7
    5386.644	  7
    5386.776	  7
    5390.130	  8
    5390.130	 20
    5390.130	 27
    5390.140	 28
    5390.140	 19
    5390.240	 29
    5390.396	  8
    5390.410	  9
    5392.610	  8
    5392.914	  8
    5401.912	  8
    5404.184	  8
    5404.970	  8
    5408.182	  8
    5410.260	 52
    5410.270	 18
    5463.494	  8
    5464.166	  8
    5491.116	  8
    5491.234	  8
    5491.872	  8
    5492.212	  8
    5492.650	  8
    5493.468	  8
    5493.714	  8
    5499.922	  8
    5500.402	  8
    5500.640	  8
    5501.290	  8
    5515.044	  8
    5515.604	  8
    5516.222	  8
    5517.614	  8
    5517.988	  8
    5518.768	  8
    5519.806	  8
    5520.380	  8
    5521.232	  8
    5522.204	  8
    5523.368	  8
    5524.198	  8
    5524.920	  8
    5525.228	  8
    5530.270	 53
    5531.164	  8
    5531.164	 20
    5531.164	 27
    5531.174	 28
    5531.174	 19
    5531.274	 29
    5531.444	  9
    5531.486	  8
    5536.664	  8
    5551.294	 50
    5551.304	 17
    5570.612	  8
    5570.834	  8
    5575.520	  8
    5575.638	  8
    5575.944	  8
    5577.556	  8
    5580.972	  8
    5581.304	 53
    5581.314	 20
    5581.314	 27
    5581.742	  8
    5581.936	  8
    5582.732	  8
    5583.512	  8
    5584.560	  8
    5599.040	  7
    5599.872	  7
    5600.066	  7
    5600.596	  7
    5600.742	  7
    5600.928	  7
    5601.110	  7
    5601.334	 52
    5601.342	  7
    5601.344	 18
    5601.538	  7
    5601.848	  7
    5609.742	  8
    5609.986	  8
    5620.698	  8
    5663.874	  8
    5664.068	  8
    5665.832	  8
    5666.220	  8
    5666.712	  8
    5667.022	  8
    5667.402	  8
    5668.178	  8
    5668.630	  8
    5669.242	  8
    5669.998	  8
    5670.836	  8
    5671.300	  8
    5671.988	  8
    5672.258	  8
    5672.944	  8
    5673.698	  8
    5674.350	  8
    5675.204	  8
    5676.232	  8
    5676.586	  8
    5677.244	  8
    5677.542	  8
    5678.128	  8
    5678.630	  8
    5679.312	  8
    5679.946	  8
    5680.734	  8
    5681.322	  8
    5681.634	  8
    5682.320	  8
    5682.464	  8
    5683.692	  8
    5684.480	  8
    5684.942	  8
    5685.362	  8
    5687.266	  8
    5687.550	  8
    5688.178	  8
    5688.514	  8
    5688.970	  8
    5689.322	  8
    5689.938	  8
    5693.594	  8
    5693.718	  8
    5694.178	  8
    5694.682	  8
    5695.092	  8
    5695.452	  8
    5695.922	  8
    5696.280	  8
    5696.662	  8
    5696.850	  8
    5698.648	  8
    5698.916	  8
    5699.564	  8
    5700.112	  8
    5700.548	  8
    5701.020	  8
    5701.556	  8
    5702.454	  8
    5702.752	  8
    5703.244	  8
    5703.736	  8
    5704.378	  8
    5704.932	  8
    5706.744	  8
    5707.048	  8
    5707.776	  8
    5708.702	  8
    5710.736	  8
    5711.114	  8
    5711.724	  8
    5711.828	  8
    5712.322	  8
    5714.148	  8
    5714.458	  8
    5714.686	  8
    5715.340	  8
    5715.818	  8
    5718.588	  8
    5718.784	  8
    5719.142	  8
    5719.694	  8
    5720.478	  8
    5720.836	  8
    5721.344	 53
    5724.506	  8
    5724.506	 20
    5724.506	 27
    5724.516	 28
    5724.516	 19
    5724.616	 29
    5724.626	 61
