   10077.584	  7
   10078.520	  7
   10079.882	  7
   10080.114	  7
   10080.210	  7
   10080.442	  7
   10080.576	  7
   10080.686	  7
   10080.912	  7
   10081.050	  7
   10081.182	  7
   10081.292	  7
   10081.430	  7
   10082.138	  7
   10082.516	  7
   10083.120	  7
      20.010	 52
      20.020	 18
      27.628	  8
      27.832	  8
      38.334	  8
     127.126	  8
     127.216	  8
     134.926	  8
     134.994	  8
     135.274	  8
     140.020	 53
     147.110	  8
     147.110	 20
     147.110	 27
     147.120	 28
     147.120	 19
     147.220	 29
     147.388	  9
     147.418	  8
     167.240	 52
     167.250	 18
     207.930	  7
     208.072	  7
     208.498	  7
     210.736	  8
     211.098	  8
     224.070	  8
     224.148	  8
     224.358	  8
     241.020	  8
     241.332	  8
     246.738	  8
     251.552	  8
     263.610	  8
     264.216	  8
     264.672	  8
     275.132	  7
     275.424	  7
     276.720	  7
     278.360	  8
     278.524	  8
     278.636	  8
     279.230	  8
     279.472	  8
     279.932	  8
     287.250	 53
     413.080	  8
     413.080	 20
     413.080	 27
     413.090	 28
     413.090	 19
     413.190	 29
     413.358	  9
     413.428	  8
     415.402	  8
     422.778	  7
     422.888	  7
     423.014	  7
     423.146	  7
     423.426	  7
     423.530	  7
     423.654	  7
     423.800	  7
     423.936	  7
     424.106	  7
     424.222	  7
     424.358	  7
     424.498	  7
     424.632	  7
     424.756	  7
     424.896	  7
     425.022	  7
     425.154	  7
     425.286	  7
     425.416	  7
     425.566	  7
     425.690	  7
     425.810	  7
     425.952	  7
     426.088	  7
     426.216	  7
     426.390	  7
     426.522	  7
     426.660	  7
     426.794	  7
     426.934	  7
     427.072	  7
     427.214	  7
     427.350	  7
     427.492	  7
     427.654	  7
     427.780	  7
     427.924	  7
     428.056	  7
     428.202	  7
     428.348	  7
     428.492	  7
     428.632	  7
     428.774	  7
     428.934	  7
     429.058	  7
     429.186	  7
     429.332	  7
     429.472	  7
     429.610	  7
     429.762	  7
     429.894	  7
     430.046	  7
     430.174	  7
     430.314	  7
     430.458	  7
     430.592	  7
     430.730	  7
     430.882	  7
     431.028	  7
     431.172	  7
     431.312	  7
     431.470	  7
     431.616	  7
     431.748	  7
     431.882	  7
     432.026	  7
     432.174	  7
     432.318	  7
     432.466	  7
     432.638	  7
     432.764	  7
     432.904	  7
     433.052	  7
     433.198	  7
     433.210	 50
     433.220	 10
     433.352	  7
     433.478	  7
     433.608	  7
     433.752	  7
     433.906	  7
     434.044	  7
     434.218	  7
     434.364	  7
     434.494	  7
     434.634	  7
     434.772	  7
     434.912	  7
     435.056	  7
     435.196	  7
     435.344	  7
     435.484	  7
     435.632	  7
     435.796	  7
     435.930	  7
     436.070	  7
     436.216	  7
     436.358	  7
     436.506	  7
     436.648	  7
     436.794	  7
     436.940	  7
     437.106	  7
     437.234	  7
     437.380	  7
     437.522	  7
     437.656	  7
     437.796	  7
     437.936	  7
     438.082	  7
     438.224	  7
     438.350	  7
     438.508	  7
     438.642	  7
     438.774	  7
     438.920	  7
     439.060	  7
     439.198	  7
     439.348	  7
     439.494	  7
     439.638	  7
     439.794	  7
     439.928	  7
     440.066	  7
     440.204	  7
     440.350	  7
     440.494	  7
     440.632	  7
     440.780	  7
     440.928	  7
     441.084	  7
     441.216	  7
     441.352	  7
     441.486	  7
     441.644	  7
     441.782	  7
     441.928	  7
     442.062	  7
     442.210	  7
     442.356	  7
     442.516	  7
     442.784	  7
     442.924	  7
     443.060	  7
     443.204	  7
     443.346	  7
     443.494	  7
     443.642	  7
     443.780	  7
     443.920	  7
     444.082	  7
     444.208	  7
     444.346	  7
     444.484	  7
     444.616	  7
     444.750	  7
     444.886	  7
     445.032	  7
     445.194	  7
     445.314	  7
     445.446	  7
     445.590	  7
     445.718	  7
     445.864	  7
     446.000	  7
     446.146	  7
     446.292	  7
     446.436	  7
     446.592	  7
     446.724	  7
     446.854	  7
     446.996	  7
     447.164	  7
     447.298	  7
     447.432	  7
     447.570	  7
     447.720	  7
     447.862	  7
     448.004	  7
     448.176	  7
     448.300	  7
     448.436	  7
     448.576	  7
     448.718	  7
     448.868	  7
     449.012	  7
     449.166	  7
     449.328	  7
     449.450	  7
     449.588	  7
     449.744	  7
     449.894	  7
     450.026	  7
     450.168	  7
     450.312	  7
     450.464	  7
     450.604	  7
     450.756	  7
     450.888	  7
     451.034	  7
     451.170	  7
     451.314	  7
     451.458	  7
     451.602	  7
     451.760	  7
     451.918	  7
     452.058	  7
     452.186	  7
     452.330	  7
     452.464	  7
     452.616	  7
     452.924	  7
     453.036	  7
     453.580	  7
     453.714	  7
     454.312	  7
     454.344	  7
     454.718	  7
     455.570	  7
     456.770	  7
     457.068	  7
     457.688	  7
     457.962	  7
     458.094	  7
     458.248	  7
     458.394	  7
     458.532	  7
     458.682	  7
     458.828	  7
     459.130	  7
     463.220	 53
     464.090	  8
     464.090	 20
     464.090	 27
     464.100	 28
     464.100	 19
     464.200	 29
     464.368	  9
     465.746	  8
     466.198	  8
     478.962	  7
     479.066	  7
     479.198	  7
     479.584	  7
     479.722	  7
     479.864	  7
     480.132	  7
     480.260	  7
     480.386	  7
     481.216	  7
     481.328	  7
     481.472	  7
     481.638	  7
     481.768	  7
     481.916	  7
     482.046	  7
     482.188	  7
     482.330	  7
     482.480	  7
     482.646	  7
     482.772	  7
     482.918	  7
     483.056	  7
     483.192	  7
     483.328	  7
     483.474	  7
     483.622	  7
     483.766	  7
     483.900	  7
     484.046	  7
     484.182	  7
     484.220	 52
     484.230	 18
     484.314	  7
     484.484	  7
     484.608	  7
     484.738	  7
     485.236	  7
     485.354	  7
     485.498	  7
     485.648	  7
     485.764	  7
     485.904	  7
     486.052	  7
     486.196	  7
     486.734	  7
     486.854	  7
     486.974	  7
     487.110	  7
     487.250	  7
     487.378	  7
     487.510	  7
     487.656	  7
     487.814	  7
     488.388	  7
     488.488	  7
     488.660	  7
     489.068	  7
     489.192	  7
     489.340	  7
     489.496	  7
     516.364	  8
     516.466	  8
     548.932	  8
     562.760	  8
     562.958	  8
     563.322	  8
     569.742	  8
     570.180	  8
     570.620	  8
     570.954	  8
     571.892	  8
     572.242	  8
     573.216	  8
     585.314	  8
     585.586	  8
     586.160	  8
     586.246	  8
     586.712	  8
     586.978	  8
     587.450	  8
     587.678	  8
     588.054	  8
     588.262	  8
     588.648	  8
     591.204	  8
     591.868	  8
     592.392	  8
     604.230	 53
     623.630	  8
     623.630	 20
     623.630	 27
     623.640	 28
     623.640	 19
     623.740	 29
     623.908	  8
     643.760	 52
     643.770	 18
     667.178	  8
     667.490	  8
     667.606	  8
     667.854	  8
     668.144	  8
     759.754	  8
     759.930	  8
     760.802	  8
     761.296	  8
     761.512	  8
     761.938	  8
     762.396	  8
     762.826	  8
     763.354	  8
     763.610	  8
     763.770	 53
     763.844	  8
     763.844	 20
     763.844	 27
     763.854	 28
     763.854	 19
     763.954	 29
     764.122	  9
     764.274	  8
     782.766	  7
     783.056	  7
     783.186	  7
     783.346	  7
     783.534	  7
     783.686	  7
     783.872	  7
     783.974	 51
     783.984	 17
     784.040	  7
     786.952	  7
     787.114	  7
     787.242	  7
     787.380	  7
     787.546	  7
     787.756	  7
     788.114	  7
     788.244	  7
     788.406	  7
     788.554	  7
     788.708	  7
     788.848	  7
     796.950	  8
     797.214	  8
     809.796	  8
     810.046	  8
     811.758	  8
     812.548	  8
     813.060	  8
     814.856	  8
     815.578	  8
     816.948	  8
     817.456	  8
     817.918	  8
     818.784	  8
     819.134	  8
     820.062	  8
     820.674	  8
     821.456	  8
     821.780	  8
     822.132	  8
     822.700	  8
     823.222	  8
     823.600	  8
     824.124	  8
     824.642	  8
     824.906	  8
     825.106	  8
     825.142	  8
     825.538	  8
     825.722	  8
     826.658	  8
     827.380	  8
     827.604	  8
     827.880	  8
     828.142	  8
     829.460	  8
     830.124	  8
     830.396	  8
     830.858	  8
     831.286	  8
     831.774	  8
     832.540	  8
     833.050	  8
     833.778	  8
     834.870	  8
     835.950	  8
     836.202	  8
     837.170	  8
     837.560	  8
     838.408	  8
     839.222	  8
     839.460	  8
     839.976	  8
     840.528	  8
     841.018	  8
     841.270	  8
     841.510	  8
     841.758	  8
     842.044	  8
     843.432	  8
     843.984	 53
     843.994	 20
     843.994	 27
     844.494	  8
     844.840	  8
     848.886	  8
     849.084	  8
     855.552	  7
     855.732	  7
     855.846	  7
     856.000	  7
     856.334	  7
     856.516	  7
     856.922	  7
     857.040	  7
     857.396	  7
     864.014	 51
     864.024	 17
     875.322	  8
     879.224	  8
     879.428	  8
     879.678	  8
     880.026	  8
     880.776	  8
     881.092	  8
     881.776	  8
     882.228	  8
     882.874	  8
     884.396	  8
     885.450	  8
     886.050	  8
     886.630	  8
     887.380	  8
     887.922	  8
     888.554	  8
     888.842	  8
     889.772	  8
     891.416	  8
     891.960	  8
     892.480	  8
     892.658	  8
     893.126	  8
     893.560	  8
     893.826	  8
     896.090	  8
     896.522	  8
     897.130	  8
     898.212	  8
     898.828	  8
     899.204	  8
     899.312	  8
     899.596	  8
     899.950	  8
     900.254	  8
     900.876	  8
     901.114	  8
     901.476	  8
     901.584	  8
     902.602	  8
     903.108	  8
     903.206	  8
     904.042	  8
     904.306	  8
     904.938	  8
     905.170	  8
     905.420	  8
     905.554	  8
     906.172	  8
     906.736	  8
     907.100	  8
     907.424	  8
     908.042	  8
     909.734	  8
     909.952	  8
     910.228	  8
     910.410	  8
     911.442	  8
     911.806	  8
     912.428	  8
     912.690	  8
     913.052	  8
     913.808	  8
     914.424	  8
     914.688	  8
     915.196	  8
     915.544	  8
     916.210	  8
     916.628	  8
     918.040	  8
     918.320	  8
     918.676	  8
     919.660	  8
     919.846	  8
     920.378	  8
     921.018	  8
     921.514	  8
     922.002	  8
     923.070	  8
     923.266	  8
     924.024	 53
     924.034	 20
     924.034	 27
     924.036	  8
     924.304	  8
     924.862	  8
     925.212	  8
     925.782	  8
     926.032	  8
     944.054	 52
     944.064	 18
    1011.106	  8
    1011.696	  8
    1012.176	  8
    1013.198	  8
    1013.656	  8
    1014.224	  8
    1014.402	  8
    1014.758	  8
    1015.248	  8
    1015.922	  8
    1016.604	  8
    1017.456	  8
    1018.408	  8
    1018.772	  8
    1019.208	  8
    1020.268	  8
    1021.128	  8
    1022.114	  8
    1022.600	  8
    1022.976	  8
    1023.658	  8
    1024.236	  8
    1024.668	  8
    1024.982	  8
    1025.098	  8
    1025.904	  8
    1026.414	  8
    1026.688	  8
    1027.060	  8
    1027.768	  8
    1028.626	  8
    1029.200	  8
    1030.220	  8
    1031.156	  8
    1031.418	  8
    1031.928	  8
    1032.240	  8
    1032.540	  8
    1032.712	  8
    1033.376	  8
    1034.194	  8
    1034.918	  8
    1035.276	  8
    1035.656	  8
    1035.690	  8
    1037.576	  8
    1038.056	  8
    1038.416	  8
    1039.066	  8
    1039.936	  8
    1040.332	  8
    1040.918	  8
    1041.788	  8
    1042.178	  8
    1043.350	  8
    1043.798	  8
    1044.232	  8
    1045.496	  8
    1046.016	  8
    1046.336	  8
    1046.992	  8
    1047.506	  8
    1048.012	  8
    1048.258	  8
    1048.720	  8
    1050.066	  8
    1050.246	  8
    1050.734	  8
    1051.588	  8
    1051.954	  8
    1052.370	  8
    1052.862	  8
    1053.526	  8
    1053.746	  8
    1054.122	  8
    1057.508	  8
    1057.790	  8
    1058.396	  8
    1058.868	  8
    1059.412	  8
    1059.664	  8
    1060.490	  8
    1060.836	  8
    1061.186	  8
    1061.392	  8
    1062.210	  8
    1062.504	  8
    1064.064	 53
    1065.504	  8
    1065.504	 20
    1065.504	 27
    1065.514	 28
    1065.514	 19
    1065.614	 29
    1065.782	  9
    1065.832	  8
    1067.704	  8
    1085.634	 51
    1085.644	 17
    1094.430	  7
    1094.576	  7
    1094.708	  7
    1094.856	  7
    1095.012	  7
    1095.202	  7
    1096.044	  7
    1096.784	  7
    1097.576	  7
    1097.768	  7
    1099.044	  7
    1100.770	  7
    1100.890	  7
    1101.706	  7
    1102.624	  7
    1105.138	  7
    1105.376	  7
    1110.524	  7
    1110.634	  7
    1110.762	  7
    1110.900	  7
    1111.062	  7
    1111.222	  7
    1111.368	  7
    1111.504	  7
    1111.662	  7
    1111.792	  7
    1111.940	  7
    1112.084	  7
    1112.256	  7
    1112.372	  7
    1112.502	  7
    1112.650	  7
    1112.790	  7
    1112.940	  7
    1113.078	  7
    1113.256	  7
    1113.362	  7
    1113.670	  7
    1113.796	  7
    1113.936	  7
    1114.064	  7
    1114.210	  7
    1114.346	  7
    1114.486	  7
    1114.630	  7
    1114.762	  7
    1114.920	  7
    1115.040	  7
    1115.168	  7
    1115.300	  7
    1115.452	  7
    1115.584	  7
    1115.730	  7
    1115.870	  7
    1116.008	  7
    1116.170	  7
    1116.284	  7
    1116.438	  7
    1116.570	  7
    1116.716	  7
    1119.000	  8
    1120.472	  8
    1122.052	  8
    1122.700	  8
    1123.862	  8
    1124.164	  8
    1124.736	  8
    1126.022	  8
    1127.290	  8
    1128.184	  8
    1129.018	  8
    1129.592	  8
    1129.974	  8
    1130.580	  8
    1131.482	  8
    1131.734	  8
    1132.352	  8
    1132.668	  8
    1133.132	  8
    1133.510	  8
    1135.108	  8
    1135.780	  8
    1136.570	  8
    1136.834	  8
    1138.056	  8
    1138.210	  8
    1138.858	  8
    1139.152	  8
    1140.348	  8
    1141.090	  8
    1141.544	  8
    1142.130	  8
    1142.366	  8
    1142.962	  8
    1143.688	  8
    1144.070	  8
    1144.336	  8
    1144.718	  8
    1145.298	  8
    1145.644	 53
    1145.654	 20
    1145.654	 27
    1146.116	  8
    1146.160	  8
    1149.460	  8
    1149.848	  8
    1150.080	  8
    1150.324	  8
    1150.616	  8
    1150.866	  8
    1151.294	  8
    1165.674	 51
    1165.684	 17
    1225.684	 53
    1225.694	 20
    1225.694	 27
    1237.820	  8
    1238.056	  8
    1238.162	  8
    1238.586	  8
    1239.030	  8
    1239.420	  8
    1239.478	  8
    1239.940	  8
    1240.654	  8
    1241.448	  8
    1242.026	  8
    1242.254	  8
    1242.644	  8
    1242.944	  8
    1243.956	  8
    1244.460	  8
    1244.664	  8
    1245.714	 50
    1245.724	 10
    1254.532	  8
    1254.808	  8
    1255.174	  8
    1255.608	  8
    1255.940	  8
    1256.184	  8
    1257.594	  8
    1257.666	  8
    1258.212	  8
    1258.844	  8
    1260.702	  8
    1261.126	  8
    1261.166	  8
    1262.178	  8
    1262.452	  8
    1262.716	  8
    1262.968	  8
    1263.222	  8
    1263.484	  8
    1264.212	  8
    1264.748	  8
    1264.968	  8
    1265.214	  8
    1265.478	  8
    1265.592	  8
    1265.632	  8
    1266.078	  8
    1266.304	  8
    1267.594	  8
    1268.072	  8
    1268.276	  8
    1269.054	  8
    1270.042	  8
    1270.534	  8
    1270.840	  8
    1271.114	  8
    1271.358	  8
    1271.600	  8
    1273.484	  8
    1274.350	  8
    1274.552	  8
    1274.898	  8
    1275.262	  8
    1275.724	 53
    1275.772	  8
    1275.772	 20
    1275.772	 27
    1275.782	 28
    1275.782	 19
    1275.882	 29
    1276.050	  9
    1276.086	  8
    1295.902	 51
    1295.912	 17
    1338.880	  8
    1338.928	  8
    1339.822	  8
    1342.072	  8
    1342.444	  8
    1342.828	  8
    1343.238	  8
    1343.448	  8
    1345.932	  8
    1346.290	  8
    1347.560	  8
    1348.362	  8
    1349.188	  8
    1349.734	  8
    1350.308	  8
    1351.706	  8
    1352.068	  8
    1352.406	  8
    1354.438	  8
    1355.092	  8
    1355.230	  8
    1355.714	  8
    1355.912	 53
    1355.922	 20
    1355.922	 27
    1375.942	 50
    1375.952	 10
    1378.290	  7
    1378.452	  7
    1378.574	  7
    1378.714	  7
    1378.998	  7
    1379.120	  7
    1379.332	  7
    1382.556	  8
    1382.742	  8
    1383.138	  8
    1383.794	  8
    1384.926	  8
    1386.730	  8
    1386.934	  8
    1387.262	  8
    1387.894	  8
    1388.512	  8
    1388.996	  8
    1389.952	  8
    1390.984	  8
    1391.730	  8
    1392.570	  8
    1392.972	  8
    1393.300	  8
    1394.224	  8
    1394.902	  8
    1395.530	  8
    1395.952	  8
    1396.294	  8
    1397.676	  8
    1397.898	  8
    1399.346	  8
    1399.584	  8
    1399.908	  8
    1400.564	  8
    1401.248	  8
    1401.344	  8
    1402.062	  8
    1402.296	  8
    1402.866	  8
    1403.200	  8
    1403.774	  8
    1404.956	  8
    1405.168	  8
    1405.378	  8
    1405.606	  8
    1405.952	 53
    1406.060	  8
    1406.060	 20
    1406.060	 27
    1406.070	 28
    1406.070	 19
    1406.170	 29
    1406.338	  9
    1406.396	  8
    1407.498	  8
    1409.878	  8
    1426.190	 52
    1426.200	 18
    1502.806	  8
    1503.366	  8
    1503.546	  8
    1504.160	  8
    1514.386	  8
    1514.938	  8
    1515.410	  8
    1515.884	  8
    1516.214	  8
    1544.408	  8
    1544.464	  8
    1544.714	  8
    1546.200	 53
    1556.824	  8
    1556.824	 20
    1556.824	 27
    1556.834	 28
    1556.834	 19
    1556.934	 29
    1557.102	  9
    1557.256	  8
    1559.770	  8
    1576.954	 52
    1576.964	 18
    1582.460	  8
    1582.570	  8
    1582.646	  8
    1636.684	  8
    1638.146	  8
    1638.542	  8
    1639.230	  8
    1639.696	  8
    1640.154	  8
    1641.308	  8
    1642.098	  8
    1642.586	  8
    1643.050	  8
    1643.996	  8
    1644.292	  8
    1645.106	  8
    1645.632	  8
    1646.384	  8
    1647.024	  8
    1647.640	  8
    1648.510	  8
    1649.062	  8
    1649.322	  8
    1649.572	  8
    1649.640	  8
    1650.322	  8
    1651.392	  8
    1651.796	  8
    1651.992	  8
    1652.598	  8
    1652.862	  8
    1653.088	  8
    1653.384	  8
    1653.642	  8
    1653.844	  8
    1655.656	  8
    1655.836	  8
    1656.568	  8
    1657.178	  8
    1657.562	  8
    1658.858	  8
    1659.706	  8
    1660.532	  8
    1661.476	  8
    1661.796	  8
    1662.274	  8
    1662.544	  8
    1664.132	  8
    1664.584	  8
    1665.226	  8
    1665.472	  8
    1669.502	  8
    1669.698	  8
    1670.024	  8
    1670.676	  8
    1671.340	  8
    1671.788	  8
    1672.420	  8
    1672.892	  8
    1673.310	  8
    1673.850	  8
    1674.830	  8
    1675.102	  8
    1675.366	  8
    1676.106	  8
    1676.598	  8
    1676.956	  8
    1677.312	  8
    1679.796	  8
    1680.320	  8
    1680.810	  8
    1681.250	  8
    1681.780	  8
    1682.284	  8
    1683.108	  8
    1683.396	  8
    1683.812	  8
    1686.340	  8
    1686.664	  8
    1687.098	  8
    1687.814	  8
    1688.396	  8
    1688.582	  8
    1688.680	  8
    1689.262	  8
    1690.024	  8
    1690.392	  8
    1690.814	  8
    1691.624	  8
    1691.982	  8
    1692.344	  8
    1692.972	  8
    1693.238	  8
    1693.880	  8
    1694.426	  8
    1694.858	  8
    1695.166	  8
    1695.616	  8
    1696.180	  8
    1696.964	 53
    1697.286	  8
    1697.286	 20
    1697.286	 27
    1697.296	 28
    1697.296	 19
    1697.396	 29
    1697.564	  9
    1697.624	  8
    1699.056	  8
    1699.308	  8
    1699.920	  8
    1700.388	  8
    1700.588	  8
    1701.112	  8
    1717.416	 51
    1717.426	 17
    1730.210	  7
    1730.372	  7
    1733.726	  7
    1735.052	  7
    1735.206	  7
    1735.528	  7
    1735.842	  7
    1736.008	  7
    1736.160	  7
    1738.536	  8
    1738.748	  8
    1742.980	  8
    1743.244	  8
    1745.090	  8
    1745.280	  8
    1745.394	  8
    1746.132	  8
    1746.380	  8
    1747.342	  8
    1749.230	  8
    1749.898	  8
    1752.490	  8
    1753.730	  8
    1754.364	  8
    1754.672	  8
    1757.754	  8
    1758.038	  8
    1759.518	  8
    1759.904	  8
    1761.288	  8
    1761.394	  8
    1762.622	  8
    1763.206	  8
    1764.192	  8
    1764.732	  8
    1765.180	  8
    1765.872	  8
    1766.838	  8
    1767.440	  8
    1769.614	  8
    1770.028	  8
    1770.966	  8
    1771.424	  8
    1772.060	  8
    1772.862	  8
    1773.644	  8
    1774.038	  8
    1774.860	  8
    1775.108	  8
    1775.472	  8
    1776.632	  8
    1776.940	  8
    1777.426	 53
    1777.436	 20
    1777.436	 27
    1777.706	  8
    1778.260	  8
    1780.454	  8
    1797.456	 51
    1797.466	 17
    1812.928	  8
    1813.064	  8
    1813.368	  8
    1821.380	  8
    1821.682	  8
    1822.420	  8
    1823.164	  8
    1823.256	  8
    1824.090	  8
    1824.728	  8
    1825.152	  8
    1826.592	  8
    1826.840	  8
    1827.336	  8
    1827.804	  8
    1828.482	  8
    1832.256	  8
    1832.908	  8
    1833.330	  8
    1833.882	  8
    1834.134	  8
    1835.158	  8
    1836.704	  8
    1837.614	  8
    1838.108	  8
    1839.022	  8
    1839.638	  8
    1839.936	  8
    1840.728	  8
    1841.402	  8
    1841.880	  8
    1842.158	  8
    1843.158	  8
    1843.766	  8
    1844.124	  8
    1844.914	  8
    1845.262	  8
    1845.810	  8
    1846.386	  8
    1846.686	  8
    1846.978	  8
    1847.244	  8
    1847.978	  8
    1848.454	  8
    1849.760	  8
    1850.118	  8
    1850.592	  8
    1851.190	  8
    1851.666	  8
    1852.924	  8
    1854.216	  8
    1854.948	  8
    1855.344	  8
    1855.760	  8
    1856.466	  8
    1856.708	  8
    1857.224	  8
    1857.466	 53
    1857.476	 20
    1857.476	 27
    1858.060	  8
    1858.514	  8
    1877.496	 51
    1877.506	 17
    1894.914	  8
    1895.156	  8
    1895.858	  8
    1896.804	  8
    1897.164	  8
    1897.772	  8
    1898.132	  8
    1900.750	  8
    1901.412	  8
    1902.158	  8
    1902.714	  8
    1903.544	  8
    1903.984	  8
    1904.254	  8
    1915.006	  8
    1915.086	  8
    1915.820	  8
    1916.500	  8
    1916.942	  8
    1917.046	  8
    1919.052	  8
    1919.570	  8
    1920.048	  8
    1920.926	  8
    1921.266	  8
    1922.044	  8
    1923.462	  8
    1924.254	  8
    1924.530	  8
    1925.622	  8
    1926.354	  8
    1926.638	  8
    1927.526	  8
    1928.310	  8
    1928.768	  8
    1929.240	  8
    1929.748	  8
    1930.648	  8
    1930.936	  8
    1931.190	  8
    1931.952	  8
    1932.464	  8
    1933.112	  8
    1933.506	  8
    1934.198	  8
    1934.858	  8
    1935.352	  8
    1935.626	  8
    1937.140	  8
    1937.506	 53
    1937.516	 20
    1937.516	 27
    1937.942	  8
    1944.234	  8
    1957.536	 52
    1957.546	 18
    1971.962	  8
    1972.240	  8
    1978.764	  8
    1979.092	  8
    2013.062	  8
    2013.146	  8
    2013.972	  8
    2014.112	  8
    2042.594	  8
    2042.708	  8
    2043.228	  8
    2043.816	  8
    2066.744	  8
    2067.374	  8
    2068.724	  8
    2069.080	  8
    2069.188	  8
    2077.546	 53
    2092.300	  8
    2092.300	 20
    2092.300	 27
    2092.310	 28
    2092.310	 19
    2092.356	  8
    2092.410	 29
    2092.578	  9
    2092.644	  8
    2097.642	  8
    2100.222	  8
    2100.488	  8
    2112.430	 52
    2112.440	 18
    2120.780	  8
    2149.248	  8
    2149.432	  8
    2161.072	  8
    2161.706	  8
    2168.324	  8
    2168.778	  8
    2170.566	  8
    2171.208	  8
    2171.728	  8
    2195.270	  8
    2195.354	  8
    2196.218	  8
    2197.498	  8
    2198.048	  8
    2198.282	  8
    2198.452	  8
    2199.202	  8
    2200.390	  8
    2201.862	  8
    2202.790	  8
    2203.258	  8
    2204.296	  8
    2205.496	  8
    2207.610	  8
    2208.122	  8
    2208.598	  8
    2209.536	  8
    2210.474	  8
    2211.980	  8
    2212.834	  8
    2213.096	  8
    2214.264	  8
    2214.484	  8
    2215.844	  8
    2216.132	  8
    2216.918	  8
    2217.446	  8
    2218.518	  8
    2219.294	  8
    2220.026	  8
    2220.772	  8
    2221.314	  8
    2222.076	  8
    2222.924	  8
    2223.406	  8
    2223.874	  8
    2224.232	  8
    2224.320	  8
    2225.310	  8
    2225.934	  8
    2226.596	  8
    2227.522	  8
    2228.482	  8
    2229.106	  8
    2229.886	  8
    2230.344	  8
    2231.312	  8
    2231.794	  8
    2232.192	  8
    2232.440	 53
    2233.594	  8
    2233.594	 20
    2233.594	 27
    2233.604	 28
    2233.604	 19
    2233.704	 29
    2233.872	  9
    2234.010	  8
    2236.066	  8
    2236.538	  8
    2236.572	  8
    2253.724	 52
    2253.734	 18
    2285.900	  8
    2342.012	  8
    2344.412	  8
    2344.632	  8
    2345.182	  8
    2345.856	  8
    2346.538	  8
    2346.778	  8
    2347.632	  8
    2348.704	  8
    2349.488	  8
    2373.734	 53
    2378.488	  8
    2378.488	 20
    2378.488	 27
    2378.498	 28
    2378.498	 19
    2378.598	 29
    2378.684	  8
    2378.766	  9
    2381.240	  8
    2398.618	 50
    2398.628	 10
    2417.554	  8
    2417.652	  8
    2418.474	  8
    2424.552	  8
    2425.408	  8
    2426.102	  8
    2426.686	  8
    2427.028	  8
    2427.278	  8
    2427.486	  8
    2428.336	  8
    2428.570	  8
    2428.628	 53
    2428.910	  8
    2428.910	 20
    2428.910	 27
    2428.920	 28
    2428.920	 19
    2429.020	 29
    2429.188	  9
    2429.238	  8
    2449.040	 51
    2449.050	 17
    2464.198	  7
    2464.522	  7
    2464.600	  7
    2465.036	  7
    2467.692	  7
    2468.114	  7
    2469.220	  7
    2472.602	  7
    2472.932	  7
    2476.554	  7
    2482.456	  7
    2486.892	  7
    2487.156	  7
    2488.182	  7
    2488.970	  7
    2489.394	  7
    2489.514	  7
    2490.076	  7
    2491.480	  7
    2493.556	  7
    2496.040	  7
    2498.338	  7
    2499.614	  7
    2502.108	  7
    2505.146	  7
    2509.050	 53
    2509.060	 20
    2509.060	 27
    2511.116	  7
    2519.768	  8
    2519.812	  8
    2519.926	  8
    2520.362	  8
    2522.688	  8
    2523.854	  8
    2524.712	  8
    2525.818	  8
    2527.060	  8
    2527.912	  8
    2529.080	 52
    2529.090	 18
    2529.414	  8
    2530.142	  8
    2531.410	  8
    2535.618	  8
    2535.688	  8
    2536.278	  8
    2558.412	  8
    2558.502	  8
    2559.044	  8
    2565.572	  8
    2568.264	  8
    2569.054	  8
    2570.116	  8
    2574.380	  8
    2574.942	  8
    2577.298	  8
    2578.754	  8
    2579.466	  8
    2580.114	  8
    2581.888	  8
    2586.848	  8
    2587.832	  8
    2588.596	  8
    2589.734	  8
    2590.430	  8
    2591.936	  8
    2593.248	  8
    2593.816	  8
    2594.120	  8
    2595.344	  8
    2595.854	  8
    2596.062	  8
    2596.852	  8
    2597.148	  8
    2598.434	  8
    2598.552	  8
    2598.694	  8
    2600.366	  8
    2600.512	  8
    2603.890	  8
    2604.564	  8
    2605.052	  8
    2605.716	  8
    2606.296	  8
    2607.090	  8
    2607.510	  8
    2608.440	  8
    2609.248	  8
    2610.360	  8
    2610.846	  8
    2611.530	  8
    2611.708	  8
    2612.468	  8
    2613.552	  8
    2614.374	  8
    2614.608	  8
    2615.402	  8
    2615.850	  8
    2617.496	  8
    2618.408	  8
    2619.588	  8
    2620.572	  8
    2621.582	  8
    2622.722	  8
    2623.586	  8
    2624.898	  8
    2625.590	  8
    2626.114	  8
    2626.650	  8
    2627.308	  8
    2629.214	  8
    2629.780	  8
    2630.534	  8
    2631.136	  8
    2631.990	  8
    2632.266	  8
    2632.348	  8
    2633.180	  8
    2633.780	  8
    2635.352	  8
    2635.660	  8
    2636.316	  8
    2637.644	  8
    2638.032	  8
    2639.152	  8
    2639.838	  8
    2640.658	  8
    2641.658	  8
    2642.116	  8
    2642.748	  8
    2643.070	  8
    2643.522	  8
    2644.116	  8
    2644.648	  8
    2645.034	  8
    2645.262	  8
    2646.318	  8
    2646.536	  8
    2646.990	  8
    2647.686	  8
    2647.934	  8
    2648.700	  8
    2649.090	 53
    2649.160	  8
    2649.160	 20
    2649.160	 27
    2649.170	 28
    2649.170	 19
    2649.270	 29
    2649.438	  9
    2649.548	  8
    2650.488	  8
    2669.290	 52
    2669.300	 18
    2738.804	  8
    2738.896	  8
    2743.590	  8
    2743.860	  8
    2743.984	  8
    2763.224	  8
    2764.222	  8
    2765.008	  8
    2766.614	  8
    2767.164	  8
    2768.252	  8
    2769.394	  8
    2770.924	  8
    2771.846	  8
    2772.302	  8
    2773.884	  8
    2774.794	  8
    2775.794	  8
    2776.826	  8
    2777.654	  8
    2778.292	  8
    2778.852	  8
    2779.720	  8
    2780.286	  8
    2780.676	  8
    2781.208	  8
    2781.880	  8
    2782.324	  8
    2782.800	  8
    2782.972	  8
    2783.600	  8
    2784.032	  8
    2784.602	  8
    2784.978	  8
    2785.176	  8
    2785.746	  8
    2785.952	  8
    2786.710	  8
    2786.976	  8
    2787.592	  8
    2787.880	  8
    2788.236	  8
    2788.750	  8
    2789.122	  8
    2789.300	 53
    2789.548	  8
    2789.548	 20
    2789.548	 27
    2789.558	 28
    2789.558	 19
    2789.658	 29
    2789.826	  9
    2789.906	  8
    2792.178	  8
    2793.856	  8
    2793.984	  8
    2794.508	  8
    2809.678	 51
    2809.688	 17
    2825.882	  8
    2825.968	  8
    2839.434	  7
    2840.608	  7
    2840.946	  7
    2841.294	  7
    2841.618	  7
    2841.976	  7
    2842.346	  7
    2842.662	  7
    2845.794	  8
    2845.932	  8
    2847.994	  8
    2848.186	  8
    2848.710	  8
    2849.510	  8
    2852.622	  8
    2853.306	  8
    2853.856	  8
    2855.008	  8
    2869.688	 53
    2869.698	 20
    2869.698	 27
    2889.718	 51
    2889.728	 17
    2913.364	  8
    2913.730	  8
    2914.790	  8
    2915.678	  8
    2916.700	  8
    2917.590	  8
    2918.248	  8
    2918.956	  8
    2919.710	  8
    2920.118	  8
    2920.478	  8
    2920.744	  8
    2921.466	  8
    2921.978	  8
    2922.482	  8
    2922.956	  8
    2923.614	  8
    2924.670	  8
    2925.104	  8
    2925.412	  8
    2925.660	  8
    2926.650	  8
    2927.194	  8
    2927.774	  8
    2928.340	  8
    2928.788	  8
    2929.350	  8
    2929.664	  8
    2930.440	  8
    2931.028	  8
    2931.856	  8
    2932.368	  8
    2933.042	  8
    2933.640	  8
    2933.820	  8
    2934.110	  8
    2934.794	  8
    2935.320	  8
    2935.752	  8
    2936.068	  8
    2937.108	  8
    2937.582	  8
    2938.906	  8
    2940.082	  8
    2941.182	  8
    2941.530	  8
    2941.754	  8
    2942.110	  8
    2942.232	  8
    2942.598	  8
    2942.894	  8
    2943.266	  8
    2944.122	  8
    2944.398	  8
    2944.878	  8
    2945.690	  8
    2946.082	  8
    2946.650	  8
    2947.536	  8
    2947.942	  8
    2948.310	  8
    2949.452	  8
    2949.576	  8
    2949.728	 53
    2949.738	 20
    2949.738	 27
    2949.760	  8
    2950.230	  8
    2950.938	  8
    2951.576	  8
    2952.004	  8
    2952.660	  8
    2952.710	  8
    2957.390	  8
    2969.758	 52
    2969.768	 18
    3001.028	  8
    3001.062	  8
    3001.464	  8
    3002.280	  8
    3044.090	  8
    3045.640	  8
    3046.012	  8
    3046.732	  8
    3047.122	  8
    3047.282	  8
    3047.374	  8
    3047.680	  8
    3048.250	  8
    3048.990	  8
    3049.636	  8
    3050.660	  8
    3051.074	  8
    3051.118	  8
    3052.194	  8
    3053.120	  8
    3053.504	  8
    3060.306	  8
    3060.736	  8
    3061.118	  8
    3061.982	  8
    3062.360	  8
    3063.850	  8
    3064.344	  8
    3064.790	  8
    3065.306	  8
    3066.192	  8
    3067.266	  8
    3068.276	  8
    3068.534	  8
    3069.790	  8
    3070.330	  8
    3071.476	  8
    3072.502	  8
    3073.756	  8
    3074.886	  8
    3075.986	  8
    3076.446	  8
    3076.976	  8
    3077.902	  8
    3078.588	  8
    3079.380	  8
    3079.508	  8
    3080.110	  8
    3080.444	  8
    3081.598	  8
    3082.124	  8
    3082.626	  8
    3082.912	  8
    3083.366	  8
    3084.004	  8
    3084.898	  8
    3085.070	  8
    3085.372	  8
    3085.626	  8
    3086.604	  8
    3086.858	  8
    3087.104	  8
    3088.052	  8
    3088.340	  8
    3088.792	  8
    3089.046	  8
    3089.506	  8
    3089.768	 53
    3090.168	  8
    3090.168	 20
    3090.168	 27
    3090.178	 28
    3090.178	 19
    3090.278	 29
    3090.446	  9
    3090.572	  8
    3092.736	  8
    3093.402	  8
    3093.542	  8
    3110.298	 52
    3110.308	 18
    3145.260	  8
    3145.586	  8
    3152.424	  8
    3152.822	  8
    3156.792	  8
    3156.890	  8
    3157.918	  8
    3172.854	  8
    3173.430	  8
    3173.674	  8
    3173.952	  8
    3174.234	  8
    3174.966	  8
    3175.578	  8
    3176.168	  8
    3176.572	  8
    3177.326	  8
    3179.060	  8
    3180.174	  8
    3180.870	  8
    3182.578	  8
    3182.772	  8
    3184.184	  8
    3185.228	  8
    3185.392	  8
    3186.128	  8
    3186.394	  8
    3186.478	  8
    3186.762	  8
    3187.726	  8
    3188.422	  8
    3188.960	  8
    3189.724	  8
    3190.594	  8
    3191.244	  8
    3191.936	  8
    3192.402	  8
    3193.030	  8
    3193.746	  8
    3194.840	  8
    3195.282	  8
    3195.826	  8
    3196.660	  8
    3196.902	  8
    3197.098	  8
    3197.768	  8
    3198.322	  8
    3199.078	  8
    3199.580	  8
    3199.956	  8
    3200.328	  8
    3200.912	  8
    3201.682	  8
    3202.068	  8
    3202.590	  8
    3202.840	  8
    3203.200	  8
    3203.694	  8
    3203.936	  8
    3205.348	  8
    3206.052	  8
    3206.312	  8
    3206.612	  8
    3207.464	  8
    3208.096	  8
    3208.550	  8
    3209.206	  8
    3209.650	  8
    3209.898	  8
    3210.182	  8
    3210.540	  8
    3211.032	  8
    3211.404	  8
    3212.022	  8
    3212.556	  8
    3212.860	  8
    3213.002	  8
    3214.286	  8
    3214.988	  8
    3215.812	  8
    3216.396	  8
    3216.584	  8
    3217.044	  8
    3217.554	  8
    3217.712	  8
    3217.946	  8
    3219.136	  8
    3219.580	  8
    3220.422	  8
    3220.620	  8
    3221.114	  8
    3221.592	  8
    3222.120	  8
    3222.602	  8
    3223.656	  8
    3224.270	  8
    3224.752	  8
    3225.332	  8
    3225.756	  8
    3226.528	  8
    3226.686	  8
    3226.762	  8
    3227.588	  8
    3228.350	  8
    3228.838	  8
    3230.070	  8
    3230.308	 53
    3230.522	  8
    3230.522	 20
    3230.522	 27
    3230.532	 28
    3230.532	 19
    3230.632	 29
    3230.800	  9
    3230.898	  8
    3235.492	  8
    3236.050	  8
    3236.216	  8
    3250.652	 52
    3250.662	 18
    3291.298	  8
    3334.248	  8
    3334.316	  8
    3334.832	  8
    3335.516	  8
    3336.112	  8
    3336.316	  8
    3337.166	  8
    3337.556	  8
    3338.538	  8
    3339.196	  8
    3340.042	  8
    3340.476	  8
    3341.566	  8
    3342.182	  8
    3343.030	  8
    3343.962	  8
    3344.550	  8
    3345.132	  8
    3346.078	  8
    3346.966	  8
    3347.998	  8
    3348.678	  8
    3348.924	  8
    3350.642	  8
    3351.036	  8
    3351.784	  8
    3352.020	  8
    3352.726	  8
    3353.092	  8
    3354.318	  8
    3355.364	  8
    3355.654	  8
    3356.064	  8
    3356.530	  8
    3357.098	  8
    3357.364	  8
    3358.182	  8
    3358.816	  8
    3359.158	  8
    3360.430	  8
    3360.518	  8
    3360.726	  8
    3361.310	  8
    3362.070	  8
    3362.610	  8
    3363.196	  8
    3363.830	  8
    3364.070	  8
    3364.996	  8
    3365.378	  8
    3366.110	  8
    3366.548	  8
    3367.024	  8
    3367.766	  8
    3368.290	  8
    3368.728	  8
    3369.182	  8
    3370.312	  8
    3370.662	 53
    3370.664	  8
    3370.664	 20
    3370.664	 27
    3370.674	 28
    3370.674	 19
    3370.774	 29
    3370.942	  9
    3371.006	  8
    3375.206	  8
    3376.904	  8
    3377.790	  8
    3378.480	  8
    3390.794	 52
    3390.804	 18
    3491.686	  8
    3491.792	  8
    3499.424	  8
    3510.804	 53
    3518.458	  8
    3518.458	 20
    3518.458	 27
    3518.468	 28
    3518.468	 19
    3518.568	 29
    3518.736	  9
    3518.754	  8
    3521.202	  8
    3538.588	 50
    3538.598	 10
    3554.960	  8
    3555.224	  8
    3555.316	  8
    3555.510	  8
    3555.788	  8
    3556.596	  8
    3556.898	  8
    3557.180	  8
    3557.588	  8
    3558.166	  8
    3558.864	  8
    3559.502	  8
    3559.756	  8
    3560.500	  8
    3561.132	  8
    3561.378	  8
    3562.270	  8
    3562.512	  8
    3562.804	  8
    3563.178	  8
    3563.418	  8
    3564.054	  8
    3564.768	  8
    3564.966	  8
    3565.746	  8
    3565.970	  8
    3566.594	  8
    3567.112	  8
    3567.694	  8
    3567.908	  8
    3568.160	  8
    3568.460	  8
    3568.598	 53
    3569.240	  8
    3569.240	 20
    3569.240	 27
    3569.250	 28
    3569.250	 19
    3569.350	 29
    3569.482	  8
    3569.518	  9
    3589.370	 51
    3589.380	 17
    3613.976	  8
    3614.060	  8
    3614.922	  8
    3615.374	  8
    3627.646	  7
    3628.262	  7
    3637.910	  7
    3638.036	  7
    3638.178	  7
    3638.334	  7
    3638.830	  7
    3638.972	  7
    3639.132	  7
    3639.254	  7
    3640.446	  7
    3642.944	  7
    3647.968	  7
    3649.380	 53
    3649.390	 20
    3649.390	 27
    3651.064	  7
    3651.212	  7
    3652.480	  7
    3654.192	  7
    3654.324	  7
    3654.454	  7
    3654.738	  7
    3654.856	  7
    3655.008	  7
    3655.662	  7
    3655.728	  7
    3669.410	 51
    3669.420	 17
    3674.186	  7
    3674.484	  7
    3674.586	  7
    3674.718	  7
    3674.888	  7
    3678.132	  8
    3678.940	  8
    3679.676	  8
    3729.420	 53
    3729.430	 20
    3729.430	 27
    3736.932	  5
    3737.116	  5
    3737.420	  5
    3749.450	 51
    3749.460	 17
    3797.672	  8
    3797.852	  8
    3799.486	  8
    3800.194	  8
    3800.948	  8
    3801.648	  8
    3802.072	  8
    3802.578	  8
    3803.496	  8
    3803.616	  8
    3804.356	  8
    3804.670	  8
    3805.162	  8
    3806.836	  8
    3807.282	  8
    3808.802	  8
    3809.264	  8
    3809.460	 53
    3809.470	 20
    3809.470	 27
    3809.992	  8
    3829.490	 51
    3829.500	 17
    3849.594	  8
    3849.756	  8
    3850.550	  8
    3851.000	  8
    3851.634	  8
    3852.018	  8
    3852.900	  8
    3853.378	  8
    3853.422	  8
    3854.402	  8
    3855.236	  8
    3855.698	  8
    3856.410	  8
    3857.096	  8
    3857.738	  8
    3858.342	  8
    3859.074	  8
    3859.806	  8
    3860.234	  8
    3860.652	  8
    3861.060	  8
    3861.682	  8
    3862.162	  8
    3871.582	  8
    3872.126	  8
    3872.690	  8
    3873.758	  8
    3875.598	  8
    3876.220	  8
    3877.624	  8
    3878.554	  8
    3879.096	  8
    3879.214	  8
    3879.258	  8
    3879.348	  8
    3879.410	  8
    3879.920	  8
    3881.366	  8
    3889.500	 53
    3889.510	 20
    3889.510	 27
    3909.530	 50
    3909.540	 10
    3913.338	  8
    3913.482	  8
    3914.074	  8
    3914.486	  8
    3920.896	  8
    3921.048	  8
    3921.540	  8
    3922.598	  8
    3923.490	  8
    3924.410	  8
    3924.670	  8
    3924.956	  8
    3925.664	  8
    3925.908	  8
    3926.180	  8
    3926.848	  8
    3927.592	  8
    3928.158	  8
    3928.602	  8
    3928.858	  8
    3929.498	  8
    3930.216	  8
    3930.500	  8
    3930.824	  8
    3931.066	  8
    3932.372	  8
    3932.542	  8
    3932.920	  8
    3933.120	  8
    3933.796	  8
    3934.054	  8
    3934.500	  8
    3934.884	  8
    3935.344	  8
    3936.022	  8
    3936.516	  8
    3936.746	  8
    3936.998	  8
    3937.616	  8
    3937.846	  8
    3938.788	  8
    3938.980	  8
    3939.230	  8
    3939.540	 53
    3939.580	  8
    3939.580	 20
    3939.580	 27
    3939.590	 28
    3939.590	 19
    3939.690	 29
    3939.858	  9
    3939.894	  8
    3942.642	  8
    3942.886	  8
    3944.532	  8
    3959.710	 52
    3959.720	 18
    4045.144	  8
    4047.074	  8
    4047.558	  8
    4048.172	  8
    4070.806	  8
    4070.882	  8
    4071.354	  8
    4071.858	  8
    4072.486	  8
    4073.504	  8
    4075.216	  8
    4075.784	  8
    4076.302	  8
    4076.956	  8
    4077.702	  8
    4077.972	  8
    4078.984	  8
    4079.552	  8
    4079.720	 53
    4079.946	  8
    4079.946	 20
    4079.946	 27
    4079.956	 28
    4079.956	 19
    4080.056	 29
    4080.224	  9
    4080.246	  8
    4086.698	  8
    4100.076	 50
    4100.086	 10
    4112.532	  8
    4113.162	  8
    4114.606	  8
    4115.690	  8
    4116.292	  8
    4116.416	  8
    4117.702	  8
    4117.988	  8
    4118.232	  8
    4118.608	  8
    4118.876	  8
    4119.412	  8
    4120.048	  8
    4120.540	  8
    4121.104	  8
    4121.868	  8
    4122.100	  8
    4122.540	  8
    4122.882	  8
    4123.304	  8
    4123.628	  8
    4124.274	  8
    4124.620	  8
    4125.578	  8
    4125.866	  8
    4126.436	  8
    4126.746	  8
    4126.814	  8
    4127.462	  8
    4128.156	  8
    4128.448	  8
    4129.304	  8
    4129.570	  8
    4129.796	  8
    4129.980	  8
    4130.086	 53
    4130.292	  8
    4130.292	 20
    4130.292	 27
    4130.302	 28
    4130.302	 19
    4130.402	 29
    4130.570	  9
    4130.622	  8
    4132.702	  8
    4134.770	  8
    4150.422	 52
    4150.432	 18
    4208.594	  8
    4208.764	  8
    4209.182	  8
    4235.712	  8
    4236.170	  8
    4236.658	  8
    4236.948	  8
    4237.330	  8
    4238.066	  8
    4238.898	  8
    4239.424	  8
    4240.414	  8
    4241.446	  8
    4242.884	  8
    4243.424	  8
    4245.160	  8
    4245.944	  8
    4246.908	  8
    4247.462	  8
    4247.968	  8
    4248.560	  8
    4249.266	  8
    4249.972	  8
    4250.442	  8
    4251.550	  8
    4252.618	  8
    4253.384	  8
    4253.812	  8
    4254.280	  8
    4254.970	  8
    4255.444	  8
    4256.454	  8
    4257.134	  8
    4257.908	  8
    4258.384	  8
    4258.952	  8
    4259.420	  8
    4259.906	  8
    4260.866	  8
    4261.478	  8
    4262.436	  8
    4262.884	  8
    4263.834	  8
    4264.620	  8
    4265.048	  8
    4266.860	  8
    4267.244	  8
    4267.786	  8
    4268.342	  8
    4268.956	  8
    4269.568	  8
    4270.014	  8
    4270.432	 53
    4270.456	  8
    4270.456	 20
    4270.456	 27
    4270.466	 28
    4270.466	 19
    4270.566	 29
    4270.734	  9
    4270.800	  8
    4273.560	  8
    4290.586	 52
    4290.596	 18
    4334.418	  8
    4348.794	  8
    4349.658	  8
    4350.002	  8
    4356.310	  8
    4356.404	  8
    4375.002	  8
    4375.072	  8
    4375.660	  8
    4376.970	  8
    4377.968	  8
    4378.382	  8
    4378.620	  8
    4379.508	  8
    4380.398	  8
    4380.624	  8
    4381.766	  8
    4382.358	  8
    4383.056	  8
    4383.608	  8
    4384.050	  8
    4384.516	  8
    4384.980	  8
    4385.312	  8
    4386.040	  8
    4387.682	  8
    4388.560	  8
    4389.796	  8
    4390.194	  8
    4390.942	  8
    4391.442	  8
    4392.170	  8
    4392.940	  8
    4393.240	  8
    4393.778	  8
    4393.870	  8
    4395.616	  8
    4396.404	  8
    4397.004	  8
    4397.244	  8
    4398.678	  8
    4399.022	  8
    4399.602	  8
    4400.418	  8
    4401.160	  8
    4401.926	  8
    4402.166	  8
    4402.556	  8
    4403.336	  8
    4403.598	  8
    4404.016	  8
    4404.674	  8
    4405.382	  8
    4406.694	  8
    4407.074	  8
    4407.554	  8
    4408.436	  8
    4408.884	  8
    4409.556	  8
    4410.394	  8
    4410.596	 53
    4410.794	  8
    4410.794	 20
    4410.794	 27
    4410.804	 28
    4410.804	 19
    4410.904	 29
    4411.072	  9
    4411.210	  8
    4414.128	  8
    4415.696	  8
    4415.834	  8
    4420.420	  8
    4430.924	 52
    4430.934	 18
    4508.104	  8
    4508.178	  8
    4508.414	  8
    4509.070	  8
    4509.184	  8
    4510.534	  8
    4526.920	  8
    4527.732	  8
    4529.074	  8
    4529.438	  8
    4530.318	  8
    4531.058	  8
    4532.040	  8
    4532.866	  8
    4533.992	  8
    4534.570	  8
    4535.508	  8
    4536.118	  8
    4536.684	  8
    4536.966	  8
    4538.008	  8
    4538.782	  8
    4539.512	  8
    4540.200	  8
    4540.760	  8
    4541.600	  8
    4542.136	  8
    4542.894	  8
    4543.214	  8
    4543.768	  8
    4544.362	  8
    4544.970	  8
    4546.222	  8
    4546.694	  8
    4547.606	  8
    4547.892	  8
    4548.574	  8
    4549.104	  8
    4549.856	  8
    4550.510	  8
    4550.934	 53
    4550.984	  8
    4550.984	 20
    4550.984	 27
    4550.994	 28
    4550.994	 19
    4551.094	 29
    4551.262	  9
    4551.414	  8
    4552.596	  8
    4552.708	  8
    4571.114	 50
    4571.124	 10
    4575.710	  8
    4575.820	  8
    4585.224	  8
    4586.002	  8
    4586.212	  8
    4586.590	  8
    4586.766	  8
    4586.976	  8
    4587.154	  8
    4587.350	  8
    4587.540	  8
    4587.818	  8
    4587.994	  8
    4588.232	  8
    4588.398	  8
    4588.670	  8
    4588.836	  8
    4589.110	  8
    4590.206	  8
    4590.846	  8
    4591.304	  8
    4591.602	  8
    4591.854	  8
    4592.558	  8
    4593.088	  8
    4593.258	  8
    4594.350	  8
    4595.198	  8
    4595.546	  8
    4596.312	  8
    4596.666	  8
    4596.908	  8
    4597.434	  8
    4597.716	  8
    4598.296	  8
    4598.560	  8
    4598.822	  8
    4599.194	  8
    4599.934	  8
    4600.094	  8
    4600.470	  8
    4601.124	 53
    4601.288	  8
    4601.288	 20
    4601.288	 27
    4601.298	 28
    4601.298	 19
    4601.398	 29
    4601.566	  9
    4601.620	  8
    4621.418	 51
    4621.428	 17
    4630.948	  8
    4638.964	  7
    4639.242	  7
    4639.586	  7
    4639.758	  7
    4639.918	  7
    4640.122	  7
    4640.298	  7
    4640.488	  7
    4640.658	  7
    4641.558	  7
    4641.732	  7
    4641.880	  7
    4642.032	  7
    4642.208	  7
    4642.386	  7
    4642.552	  7
    4642.742	  7
    4642.884	  7
    4643.096	  7
    4643.314	  7
    4643.410	  7
    4643.614	  7
    4643.822	  7
    4643.934	  7
    4644.136	  7
    4644.296	  7
    4644.656	  7
    4644.840	  7
    4645.168	  7
    4645.504	  7
    4645.672	  7
    4645.810	  7
    4645.984	  7
    4647.114	  7
    4647.262	  7
    4647.724	  7
    4647.878	  7
    4648.002	  7
    4648.146	  7
    4648.322	  7
    4648.476	  7
    4649.150	  7
    4649.220	  7
    4649.450	  7
    4651.790	  7
    4651.948	  7
    4652.074	  7
    4652.230	  7
    4652.530	  7
    4652.664	  7
    4652.804	  7
    4652.972	  7
    4653.134	  7
    4653.264	  7
    4653.562	  7
    4653.692	  7
    4653.838	  7
    4654.004	  7
    4654.134	  7
    4654.282	  7
    4654.408	  7
    4654.542	  7
    4654.672	  7
    4654.842	  7
    4654.976	  7
    4655.094	  7
    4655.242	  7
    4655.370	  7
    4655.536	  7
    4655.658	  7
    4655.846	  7
    4655.984	  7
    4656.120	  7
    4656.272	  7
    4656.408	  7
    4656.534	  7
    4656.672	  7
    4657.040	  7
    4657.158	  7
    4657.302	  7
    4657.458	  7
    4657.620	  7
    4657.758	  7
    4657.888	  7
    4658.024	  7
    4658.154	  7
    4658.310	  7
    4658.440	  7
    4658.576	  7
    4658.848	  7
    4659.036	  7
    4659.186	  7
    4659.326	  7
    4659.810	  7
    4659.936	  7
    4660.112	  7
    4660.260	  7
    4660.444	  7
    4660.878	  7
    4660.994	  7
    4661.148	  7
    4661.430	  7
    4661.572	  7
    4661.724	  7
    4661.878	  7
    4662.010	  7
    4662.160	  7
    4662.310	  7
    4662.488	  7
    4662.764	  7
    4662.892	  7
    4663.036	  7
    4663.194	  7
    4663.312	  7
    4663.460	  7
    4663.582	  7
    4663.736	  7
    4663.872	  7
    4664.044	  7
    4664.166	  7
    4664.308	  7
    4664.452	  7
    4664.576	  7
    4664.728	  7
    4664.872	  7
    4665.010	  7
    4665.130	  7
    4665.316	  7
    4665.486	  7
    4666.274	  7
    4666.402	  7
    4666.570	  7
    4671.356	  7
    4675.664	  7
    4678.082	  7
    4681.428	 53
    4681.438	 20
    4681.438	 27
    4682.594	  7
    4682.848	  7
    4682.998	  7
    4683.100	  7
    4683.258	  7
    4683.564	  7
    4701.458	 50
    4701.468	 10
    4723.648	  8
    4723.764	  8
    4723.976	  8
    4724.376	  8
    4725.106	  8
    4725.380	  8
    4725.782	  8
    4726.354	  8
    4726.800	  8
    4727.732	  8
    4727.990	  8
    4728.470	  8
    4728.960	  8
    4729.302	  8
    4729.534	  8
    4729.698	  8
    4730.548	  8
    4730.718	  8
    4731.072	  8
    4731.468	 53
    4731.674	  8
    4731.674	 20
    4731.674	 27
    4731.684	 28
    4731.684	 19
    4731.784	 29
    4731.938	  8
    4731.952	  9
    4751.804	 50
    4751.814	 10
    4757.482	  7
    4757.574	  7
    4757.712	  7
    4757.876	  7
    4758.020	  7
    4758.178	  7
    4758.358	  7
    4758.658	  7
    4758.796	  7
    4758.950	  7
    4759.098	  7
    4761.802	  7
    4762.276	  7
    4762.436	  7
    4762.570	  7
    4763.974	  7
    4764.506	  7
    4764.638	  7
    4764.830	  7
    4772.540	  7
    4781.814	 53
    4784.302	  7
    4784.610	  7
    4785.248	  7
    4785.400	  7
    4785.684	  7
    4785.854	  7
    4786.202	  7
    4786.388	  7
    4786.526	  7
    4788.588	  8
    4788.588	 20
    4788.588	 27
    4788.598	 28
    4788.598	 19
    4788.698	 29
    4788.862	  8
    4788.866	  9
    4791.124	  8
    4791.220	  8
    4798.938	  7
    4799.070	  7
    4800.566	  7
    4800.882	  7
    4804.238	  7
    4804.436	  7
    4808.718	 50
    4808.728	 10
    4820.086	  8
    4825.776	  8
    4826.108	  8
    4826.208	  8
    4838.728	 53
    4843.762	  8
    4843.762	 20
    4843.762	 27
    4843.772	 28
    4843.772	 19
    4843.818	  8
    4843.872	 29
    4844.040	  9
    4845.486	  8
    4845.852	  8
    4847.978	  8
    4848.024	  8
    4848.404	  8
    4849.240	  8
    4849.416	  8
    4849.492	  8
    4849.704	  8
    4850.044	  8
    4850.678	  8
    4850.916	  8
    4863.892	 51
    4863.902	 17
    4882.546	  7
    4904.664	  8
    4923.902	 53
    4923.912	 20
    4923.912	 27
    4943.932	 52
    4943.942	 18
    4947.818	  7
    4948.814	  7
    4948.932	  7
    4949.104	  7
    4949.356	  7
    5034.150	  8
    5034.708	  8
    5063.942	 53
    5092.460	  8
    5092.460	 20
    5092.460	 27
    5092.470	 28
    5092.470	 19
    5092.570	 29
    5092.738	  9
    5092.858	  8
    5092.924	  8
    5112.590	 50
    5112.600	 10
    5133.496	  8
    5133.862	  8
    5140.866	  8
    5140.954	  8
    5141.204	  8
    5141.312	  8
    5142.384	  8
    5142.600	 53
    5142.704	  8
    5142.704	 20
    5142.704	 27
    5142.714	 28
    5142.714	 19
    5142.814	 29
    5142.982	  9
    5143.096	  8
    5162.834	 50
    5162.844	 10
    5183.254	  8
    5183.680	  8
    5184.362	  8
    5184.462	  8
    5184.778	  8
    5185.146	  8
    5185.990	  8
    5186.450	  8
    5187.056	  8
    5187.920	  8
    5188.798	  8
    5189.020	  8
    5189.372	  8
    5189.906	  8
    5190.378	  8
    5190.704	  8
    5190.832	  8
    5190.914	  8
    5191.230	  8
    5191.302	  8
    5191.662	  8
    5192.218	  8
    5192.750	  8
    5192.844	 53
    5193.322	  8
    5193.322	 20
    5193.322	 27
    5193.332	 28
    5193.332	 19
    5193.432	 29
    5193.600	  9
    5193.604	  8
    5195.064	  8
    5213.452	 52
    5213.462	 18
    5216.774	  8
    5268.996	  8
    5269.060	  8
    5269.176	  8
    5309.050	  8
    5309.520	  8
    5310.540	  8
    5311.150	  8
    5311.254	  8
    5311.614	  8
    5321.818	  8
    5321.972	  8
    5324.456	  8
    5324.542	  8
    5325.140	  8
    5327.706	  8
    5328.254	  8
    5329.752	  8
    5330.444	  8
    5333.462	 53
    5333.906	  8
    5333.906	 20
    5333.906	 27
    5333.916	 28
    5333.916	 19
    5334.016	 29
    5334.184	  9
    5334.262	  8
    5354.036	 51
    5354.046	 17
    5370.222	  7
    5370.336	  7
    5370.688	  7
    5371.528	  7
    5371.714	  7
    5372.324	  7
    5372.466	  7
    5373.728	  7
    5374.630	  7
    5375.238	  7
    5381.920	  7
    5393.850	  8
    5396.098	  8
    5400.956	  8
    5401.038	  8
    5401.288	  8
    5401.378	  8
    5404.266	  8
    5414.046	 53
    5414.056	 20
    5414.056	 27
    5424.426	  8
    5425.236	  8
    5426.116	  8
    5434.076	 51
    5434.086	 17
    5439.652	  8
    5461.214	  8
    5461.908	  8
    5463.594	  8
    5463.936	  8
    5465.004	  8
    5465.554	  8
    5467.010	  8
    5468.122	  8
    5468.616	  8
    5469.530	  8
    5469.968	  8
    5470.610	  8
    5471.354	  8
    5471.720	  8
    5471.992	  8
    5472.738	  8
    5473.544	  8
    5473.910	  8
    5474.722	  8
    5475.480	  8
    5475.750	  8
    5476.084	  8
    5476.494	  8
    5477.084	  8
    5477.772	  8
    5478.038	  8
    5478.916	  8
    5479.630	  8
    5480.284	  8
    5484.322	  8
    5484.862	  8
    5485.348	  8
    5485.624	  8
    5485.982	  8
    5486.768	  8
    5487.180	  8
    5487.800	  8
    5488.476	  8
    5492.432	  8
    5492.566	  8
    5493.220	  8
    5493.618	  8
    5494.086	 53
    5494.096	 20
    5494.096	 27
    5514.116	 51
    5514.126	 17
    5522.480	  8
    5554.520	  8
    5555.524	  8
    5556.378	  8
    5556.558	  8
    5557.240	  8
    5557.900	  8
    5558.824	  8
    5559.052	  8
    5560.066	  8
    5561.242	  8
    5563.634	  8
    5564.194	  8
    5565.344	  8
    5566.096	  8
    5566.526	  8
    5567.446	  8
    5569.546	  8
    5570.068	  8
    5571.586	  8
    5572.212	  8
    5573.114	  8
    5573.666	  8
    5574.040	  8
    5574.126	 53
    5574.136	 20
    5574.136	 27
    5594.156	 50
    5594.166	 10
    5595.982	  8
    5597.542	  8
    5598.256	  8
    5598.848	  8
    5599.416	  8
    5599.640	  8
    5600.506	  8
    5600.956	  8
    5600.998	  8
    5601.622	  8
    5601.954	  8
    5602.236	  8
    5602.878	  8
    5603.234	  8
    5603.738	  8
    5604.914	  8
    5605.108	  8
    5605.886	  8
    5606.484	  8
    5606.856	  8
    5607.098	  8
    5607.872	  8
    5608.002	  8
    5608.442	  8
    5608.546	  8
    5608.830	  8
    5609.678	  8
    5610.230	  8
    5610.568	  8
    5611.004	  8
    5611.452	  8
    5611.744	  8
    5612.298	  8
    5612.836	  8
    5613.822	  8
    5614.420	  8
    5615.008	  8
    5615.994	  8
    5616.228	  8
    5616.944	  8
    5617.210	  8
    5618.344	  8
    5619.142	  8
    5619.698	  8
    5620.096	  8
    5620.660	  8
    5620.850	  8
    5621.378	  8
    5621.828	  8
    5621.988	  8
    5622.344	  8
    5622.778	  8
    5623.232	  8
    5623.422	  8
    5624.166	  8
    5624.166	 53
    5624.426	  8
    5624.426	 20
    5624.426	 27
    5624.436	 28
    5624.436	 19
    5624.536	 29
    5624.704	  9
    5624.830	  8
    5626.072	  8
    5626.320	  8
    5626.602	  8
    5644.556	 52
    5644.566	 18
    5689.450	  8
    5689.846	  8
    5690.438	  8
    5732.730	  8
    5732.868	  8
    5733.010	  8
    5733.078	  8
    5733.564	  8
    5733.930	  8
    5734.050	  8
    5734.570	  8
    5735.090	  8
    5735.194	  8
    5735.608	  8
    5736.136	  8
    5737.596	  8
    5738.346	  8
    5739.208	  8
    5739.864	  8
    5740.142	  8
    5764.566	 53
    5773.370	  8
    5773.370	 20
    5773.370	 27
    5773.380	 28
    5773.380	 19
    5773.480	 29
    5773.648	  9
    5773.704	  8
    5793.500	 50
    5793.510	 10
    5808.686	  8
    5808.960	  8
    5809.590	  8
    5810.702	  8
    5811.304	  8
    5812.708	  8
    5813.728	  8
    5814.534	  8
    5816.000	  8
    5816.416	  8
    5816.912	  8
    5817.166	  8
    5817.488	  8
    5817.710	  8
    5817.966	  8
    5818.644	  8
    5818.906	  8
    5819.172	  8
    5819.274	  8
    5819.792	  8
    5820.206	  8
    5820.466	  8
    5820.856	  8
    5821.446	  8
    5822.016	  8
    5822.262	  8
    5822.742	  8
    5823.302	  8
    5823.510	 53
    5823.818	  8
    5823.818	 20
    5823.818	 27
    5823.828	 28
    5823.828	 19
    5823.928	 29
    5824.096	  9
    5824.122	  8
    5843.948	 51
    5843.958	 17
    5899.838	  8
    5900.468	  8
    5903.958	 53
    5903.968	 20
    5903.968	 27
    5923.988	 52
    5923.998	 18
    5956.994	  8
    5985.682	  8
    5987.324	  8
    5987.828	  8
    5989.276	  8
    5990.146	  8
    5991.660	  8
    5992.590	  8
    5994.012	  8
    5995.054	  8
    5996.186	  8
    5996.874	  8
    5998.676	  8
    5998.932	  8
    5999.956	  8
    6000.680	  8
    6001.774	  8
    6002.416	  8
    6003.978	  8
    6004.760	  8
    6005.520	  8
    6006.728	  8
    6007.408	  8
    6008.490	  8
    6009.804	  8
    6010.462	  8
    6027.242	  8
    6027.292	  8
    6027.642	  8
    6028.474	  8
    6029.086	  8
    6029.484	  8
    6029.882	  8
    6030.598	  8
    6031.486	  8
    6032.016	  8
    6032.654	  8
    6033.232	  8
    6033.742	  8
    6034.540	  8
    6035.160	  8
    6035.960	  8
    6036.326	  8
    6036.540	  8
    6038.478	  8
    6039.118	  8
    6039.568	  8
    6040.572	  8
    6040.858	  8
    6041.614	  8
    6042.302	  8
    6042.716	  8
    6043.924	  8
    6043.998	 53
    6045.190	  8
    6045.190	 20
    6045.190	 27
    6045.200	 28
    6045.200	 19
    6045.300	 29
    6045.310	 61
