   58954.012	  7
   58962.756	  8
   58963.358	  8
   58977.868	  8
   58977.932	  8
      11.704	  8
      11.942	  8
      13.600	  7
      20.010	 51
      20.020	 18
      33.356	  8
      33.708	  8
      33.806	  8
      39.214	  8
      39.460	  8
      39.716	  8
      40.108	  8
      40.568	  8
      40.856	  8
      41.190	  8
      41.514	  8
      41.648	  8
      42.002	  8
      42.322	  8
      42.788	  8
      43.002	  8
      43.182	  8
      43.800	  8
      44.014	  8
      44.288	  8
      44.636	  8
      44.732	  8
      45.584	  8
      45.796	  8
      46.046	  8
      46.706	  8
      47.190	  8
      47.476	  8
      47.730	  8
      47.944	  8
      48.080	  8
      48.324	  8
      48.640	  8
      48.794	  8
      48.846	  8
      49.084	  8
      49.128	  8
      50.014	  8
      50.254	  8
      50.472	  8
      50.744	  8
      51.380	  8
      51.562	  8
      51.926	  8
      52.588	  8
      53.190	  8
      53.376	  8
      53.746	  8
      54.102	  8
      54.974	  8
      55.388	  8
      55.844	  8
      56.226	  8
      57.288	  8
      58.512	  8
      58.988	  8
      59.810	  8
      60.154	  8
      60.546	  8
      60.836	  8
      60.890	  8
      61.202	  8
      61.492	  8
      61.776	  8
      62.026	  8
      62.110	  8
      62.964	  8
      63.216	  8
      63.364	  8
      63.448	  8
      63.650	  8
      64.196	  8
      65.016	  8
      65.082	  8
      65.570	  8
      66.388	  8
      66.544	  8
      66.792	  8
      67.284	  8
      68.624	  8
      68.818	  8
      70.926	  8
      71.088	  8
      71.574	  8
      72.220	  8
      72.598	  8
      73.216	  8
      74.176	  8
      74.738	  8
      75.036	  8
      75.132	  8
      77.488	  8
      78.258	  8
      78.694	  8
      78.904	  8
      79.194	  8
      79.466	  8
      79.694	  8
      80.020	 53
      80.030	 20
      80.030	 27
      80.122	  8
      80.908	  8
      82.356	  8
      82.408	  8
      84.420	  8
      84.954	  8
      85.262	  8
      85.514	  8
      92.874	  8
      93.208	  8
      93.458	  8
      93.948	  8
      94.156	  8
      94.712	  8
      97.346	  8
      97.608	  8
      98.230	  8
     100.050	 52
     100.060	 17
     104.116	  8
     113.004	  7
     113.172	  7
     120.204	  8
     120.652	  8
     121.126	  8
     129.354	  8
     129.604	  8
     130.016	  8
     130.340	  8
     132.984	  8
     133.138	  8
     157.080	  8
     157.712	  8
     157.974	  8
     158.342	  8
     158.584	  8
     159.036	  8
     159.332	  8
     159.594	  8
     159.866	  8
     160.312	  8
     160.560	  8
     160.694	  8
     160.948	  8
     161.306	  8
     161.644	  8
     162.364	  8
     162.612	  8
     162.896	  8
     163.540	  8
     164.214	  8
     164.698	  8
     165.160	  8
     165.744	  8
     166.116	  8
     166.638	  8
     167.640	  8
     167.924	  8
     168.568	  8
     168.974	  8
     169.224	  8
     169.628	  8
     178.648	  8
     179.176	  8
     179.470	  8
     179.852	  8
     180.102	  8
     180.382	  8
     181.042	  8
     181.168	  8
     181.644	  8
     181.948	  8
     182.378	  8
     188.552	  8
     188.980	  8
     189.256	  8
     189.542	  8
     189.764	  8
     189.970	  8
     190.258	  8
     190.836	  8
     191.102	  8
     191.272	  8
     191.594	  8
     191.940	  8
     192.496	  8
     196.964	  8
     197.036	  8
     197.398	  8
     197.644	  8
     198.144	  8
     198.408	  8
     198.604	  8
     198.948	  8
     199.232	  8
     199.472	  8
     199.688	  8
     199.838	  8
     200.102	  8
     200.758	  8
     200.918	  8
     201.284	  8
     201.648	  8
     202.024	  8
     202.278	  8
     202.960	  8
     203.116	  8
     203.278	  8
     204.080	  8
     204.214	  8
     204.446	  8
     206.612	  8
     206.844	  8
     207.124	  8
     207.376	  8
     220.060	 53
     225.634	  8
     225.634	 20
     225.634	 27
     225.644	 28
     225.644	 19
     225.742	  8
     225.744	 29
     226.158	  9
     245.764	 52
     245.774	 17
     327.892	  8
     327.962	  8
     328.262	  8
     328.868	  8
     329.398	  8
     329.904	  8
     330.178	  8
     330.576	  8
     330.808	  8
     330.972	  8
     331.074	  8
     331.478	  8
     331.740	  8
     332.508	  8
     332.810	  8
     333.686	  8
     333.906	  8
     334.286	  8
     334.374	  8
     335.582	  8
     336.018	  8
     336.330	  8
     339.146	  8
     339.486	  8
     339.932	  8
     340.124	  8
     347.712	  8
     348.008	  8
     348.602	  8
     348.858	  8
     349.382	  8
     349.792	  8
     350.060	  8
     350.298	  8
     350.584	  8
     350.808	  8
     351.066	  8
     351.868	  8
     352.828	  8
     353.078	  8
     353.550	  8
     354.034	  8
     354.342	  8
     354.442	  8
     356.532	  8
     356.836	  8
     357.132	  8
     358.582	  8
     358.792	  8
     359.044	  8
     359.400	  8
     359.606	  8
     359.882	  8
     360.542	  8
     360.624	  8
     361.598	  8
     362.232	  8
     362.556	  8
     363.908	  8
     364.154	  8
     364.448	  8
     365.094	  8
     365.406	  8
     365.774	 53
     365.792	  8
     365.792	 20
     365.792	 27
     365.802	 28
     365.802	 19
     365.902	 29
     366.072	  9
     385.922	 50
     385.932	 10
     415.932	 53
     418.702	  8
     418.702	 20
     418.702	 27
     418.712	 28
     418.712	 19
     418.810	  8
     418.812	 29
     418.982	  9
     438.832	 51
     438.842	 18
     460.774	  8
     497.612	  8
     498.842	 53
     498.852	 20
     498.852	 27
     499.540	  8
     499.778	  8
     500.132	  8
     500.806	  8
     501.656	  8
     501.868	  8
     502.222	  8
     502.502	  8
     502.692	  8
     503.334	  8
     503.442	  8
     503.604	  8
     504.232	  8
     504.644	  8
     504.932	  8
     505.096	  8
     505.844	  8
     506.088	  8
     506.572	  8
     507.040	  8
     507.416	  8
     507.682	  8
     508.070	  8
     508.396	  8
     508.618	  8
     509.034	  8
     509.340	  8
     510.096	  8
     510.546	  8
     510.806	  8
     511.128	  8
     511.532	  8
     511.848	  8
     512.548	  8
     512.876	  8
     513.648	  8
     513.982	  8
     514.354	  8
     514.630	  8
     515.026	  8
     516.518	  8
     517.574	  8
     517.910	  8
     518.156	  8
     518.734	  8
     518.872	 51
     518.882	 18
     519.570	  8
     519.918	  8
     520.308	  8
     521.216	  8
     521.530	  8
     522.168	  8
     522.290	  8
     523.094	  8
     524.252	  8
     524.430	  8
     525.054	  8
     525.246	  8
     525.418	  8
     525.782	  8
     526.256	  8
     526.630	  8
     528.370	  8
     528.622	  8
     528.956	  8
     529.542	  8
     529.624	  8
     530.220	  8
     530.522	  8
     530.768	  8
     530.844	  8
     531.084	  8
     531.296	  8
     531.628	  8
     532.454	  8
     532.640	  8
     533.312	  8
     534.594	  8
     535.118	  8
     535.624	  8
     536.684	  8
     541.970	  8
     542.140	  8
     542.528	  8
     542.596	  8
     542.802	  8
     543.470	  8
     543.944	  8
     544.550	  8
     545.934	  8
     548.594	  8
     548.758	  8
     549.026	  8
     549.492	  8
     550.558	  8
     551.054	  8
     551.468	  8
     552.128	  8
     552.622	  8
     552.910	  8
     553.300	  8
     553.540	  8
     554.098	  8
     554.256	  8
     554.566	  8
     555.054	  8
     555.282	  8
     555.754	  8
     556.174	  8
     557.156	  8
     558.080	  8
     558.578	  8
     558.892	  8
     559.278	  8
     562.442	  8
     562.920	  8
     563.302	  8
     563.500	  8
     563.858	  8
     564.302	  8
     564.562	  8
     564.924	  8
     565.196	  8
     565.576	  8
     565.856	  8
     566.150	  8
     566.584	  8
     566.738	  8
     567.102	  8
     567.432	  8
     567.660	  8
     567.838	  8
     568.342	  8
     569.098	  8
     569.764	  8
     570.152	  8
     570.476	  8
     571.554	  8
     571.838	  8
     572.318	  8
     572.614	  8
     572.790	  8
     573.208	  8
     573.662	  8
     573.928	  8
     574.164	  8
     574.340	  8
     574.644	  8
     574.882	  8
     575.158	  8
     575.626	  8
     576.444	  8
     576.668	  8
     577.108	  8
     578.882	 53
     578.892	 20
     578.892	 27
     580.186	  8
     580.576	  8
     580.748	  8
     581.090	  8
     581.542	  8
     581.876	  8
     582.292	  8
     585.334	  8
     585.408	  8
     585.728	  8
     586.202	  8
     598.912	 51
     598.922	 18
     605.452	  5
     607.400	  7
     609.830	  7
     644.434	  8
     644.982	  8
     645.310	  8
     645.748	  8
     646.350	  8
     646.670	  8
     646.946	  8
     647.272	  8
     647.566	  8
     647.872	  8
     648.230	  8
     648.600	  8
     649.024	  8
     649.300	  8
     649.584	  8
     650.072	  8
     650.550	  8
     650.910	  8
     651.170	  8
     651.364	  8
     651.748	  8
     652.048	  8
     652.348	  8
     652.650	  8
     652.926	  8
     653.174	  8
     653.304	  8
     653.452	  8
     653.620	  8
     653.736	  8
     653.982	  8
     654.642	  8
     655.058	  8
     655.226	  8
     655.924	  8
     656.138	  8
     656.418	  8
     656.856	  8
     657.200	  8
     657.488	  8
     657.766	  8
     658.544	  8
     658.658	  8
     658.922	 53
     658.932	 20
     658.932	 27
     659.186	  8
     660.940	  8
     661.116	  8
     661.508	  8
     661.972	  8
     677.328	  8
     678.952	 50
     678.962	 10
     680.794	  8
     683.542	  8
     683.904	  8
     686.618	  8
     686.968	  8
     687.328	  8
     687.630	  8
     690.878	  8
     691.162	  8
     691.244	  8
     691.526	  8
     692.328	  8
     694.812	  8
     695.094	  8
     695.828	  8
     696.288	  8
     696.568	  8
     697.048	  8
     697.264	  8
     697.620	  8
     697.920	  8
     698.112	  8
     698.168	  8
     698.352	  8
     698.570	  8
     699.204	  8
     699.326	  8
     699.448	  8
     700.516	  8
     700.826	  8
     701.426	  8
     702.136	  8
     702.462	  8
     702.630	  8
     703.110	  8
     703.268	  8
     703.410	  8
     703.686	  8
     703.850	  8
     704.334	  8
     704.778	  8
     705.116	  8
     705.504	  8
     706.082	  8
     706.382	  8
     706.606	  8
     707.896	  8
     708.234	  8
     708.962	 53
     709.000	  8
     709.000	 20
     709.000	 27
     709.010	 28
     709.010	 19
     709.110	 29
     709.280	  9
     729.130	 51
     729.140	 18
     789.140	 53
     789.150	 20
     789.150	 27
     809.170	 51
     809.180	 18
     820.224	  8
     820.860	  8
     835.978	  8
     841.346	  8
     842.572	  8
     842.934	  8
     843.250	  8
     843.942	  8
     844.354	  8
     844.462	  8
     844.614	  8
     844.964	  8
     845.322	  8
     845.682	  8
     846.120	  8
     846.826	  8
     847.014	  8
     847.314	  8
     847.538	  8
     847.692	  8
     847.916	  8
     848.196	  8
     848.312	  8
     848.850	  8
     849.206	  8
     849.582	  8
     850.098	  8
     850.258	  8
     850.822	  8
     851.628	  8
     852.028	  8
     852.506	  8
     852.758	  8
     853.262	  8
     853.586	  8
     854.044	  8
     854.292	  8
     854.460	  8
     854.798	  8
     855.144	  8
     855.424	  8
     855.922	  8
     856.600	  8
     856.684	  8
     857.800	  8
     857.880	  8
     858.310	  8
     858.688	  8
     858.970	  8
     859.398	  8
     859.860	  8
     860.280	  8
     860.572	  8
     860.902	  8
     861.548	  8
     861.970	  8
     862.830	  8
     863.234	  8
     863.604	  8
     864.042	  8
     864.652	  8
     864.968	  8
     865.500	  8
     866.290	  8
     866.432	  8
     867.284	  8
     867.724	  8
     868.254	  8
     868.650	  8
     868.916	  8
     869.180	 53
     869.190	 20
     869.190	 27
     870.140	  8
     870.948	  8
     871.096	  8
     872.970	  8
     873.616	  8
     873.968	  8
     874.376	  8
     874.596	  8
     875.292	  8
     875.494	  8
     875.830	  8
     876.146	  8
     876.416	  8
     876.696	  8
     877.012	  8
     877.588	  8
     878.970	  8
     879.826	  8
     880.182	  8
     880.372	  8
     880.604	  8
     880.848	  8
     881.196	  8
     881.550	  8
     881.688	  8
     881.774	  8
     882.108	  8
     882.394	  8
     882.836	  8
     883.154	  8
     883.624	  8
     884.106	  8
     884.392	  8
     889.210	 50
     889.220	 10
     889.474	  8
     889.698	  8
     890.326	  8
     898.080	  7
     901.036	  8
     901.472	  8
     901.770	  8
     902.496	  8
     903.060	  8
     906.120	  8
     906.450	  8
     906.812	  8
     909.070	  8
     909.402	  8
     909.654	  8
     909.900	  8
     910.498	  8
     910.820	  8
     911.042	  8
     911.290	  8
     911.564	  8
     911.802	  8
     911.940	  8
     913.014	  8
     913.624	  8
     914.176	  8
     914.464	  8
     914.966	  8
     915.410	  8
     915.944	  8
     916.390	  8
     916.538	  8
     916.950	  8
     917.440	  8
     917.892	  8
     917.996	  8
     918.112	  8
     918.540	  8
     919.220	 53
     919.484	  8
     919.484	 20
     919.484	 27
     919.494	 28
     919.494	 19
     919.594	 29
     919.764	  9
     939.614	 50
     939.624	 10
     948.788	  8
     956.934	  8
     957.310	  8
     957.410	  8
     957.952	  8
     958.252	  8
     969.624	 53
     975.856	  8
     975.856	 20
     975.856	 27
     975.866	 28
     975.866	 19
     975.966	 29
     976.136	  9
     995.986	 50
     995.996	 10
    1001.790	  8
    1001.862	  8
    1004.296	  8
    1014.406	  8
    1014.432	  8
    1014.824	  8
    1015.470	  8
    1015.744	  8
    1016.722	  8
    1017.894	  8
    1018.312	  8
    1018.702	  8
    1018.862	  8
    1018.950	  8
    1019.664	  8
    1020.092	  8
    1020.496	  8
    1020.976	  8
    1021.844	  8
    1022.958	  8
    1023.140	  8
    1023.642	  8
    1024.058	  8
    1024.400	  8
    1025.996	 53
    1026.244	  8
    1026.244	 20
    1026.244	 27
    1026.254	 28
    1026.254	 19
    1026.354	 29
    1026.524	  9
    1046.374	 51
    1046.384	 18
    1106.384	 53
    1106.394	 20
    1106.394	 27
    1125.318	  8
    1125.568	  8
    1125.764	  8
    1126.070	  8
    1126.414	 50
    1126.424	 10
    1126.460	  8
    1126.906	  8
    1127.066	  8
    1145.178	  8
    1145.320	  8
    1148.028	  8
    1148.926	  8
    1149.366	  8
    1149.618	  8
    1150.072	  8
    1150.352	  8
    1150.622	  8
    1150.890	  8
    1151.180	  8
    1151.460	  8
    1152.234	  8
    1152.834	  8
    1153.798	  8
    1154.242	  8
    1155.038	  8
    1155.238	  8
    1155.630	  8
    1156.100	  8
    1156.424	 53
    1156.852	  8
    1156.852	 20
    1156.852	 27
    1156.862	 28
    1156.862	 19
    1156.962	 29
    1157.132	  9
    1176.982	 51
    1176.992	 18
    1236.992	 53
    1237.002	 20
    1237.002	 27
    1238.230	  8
    1247.190	  8
    1247.640	  8
    1248.162	  8
    1248.502	  8
    1248.934	  8
    1249.232	  8
    1249.510	  8
    1249.904	  8
    1250.782	  8
    1251.080	  8
    1251.396	  8
    1251.940	  8
    1252.388	  8
    1252.504	  8
    1253.044	  8
    1254.052	  8
    1254.378	  8
    1254.660	  8
    1255.250	  8
    1255.762	  8
    1256.180	  8
    1257.022	 51
    1257.032	 18
    1257.438	  8
    1257.772	  8
    1258.346	  8
    1258.832	  8
    1259.316	  8
    1259.670	  8
    1260.106	  8
    1260.572	  8
    1260.956	  8
    1261.352	  8
    1261.798	  8
    1262.056	  8
    1262.384	  8
    1262.650	  8
    1262.832	  8
    1263.172	  8
    1263.438	  8
    1263.806	  8
    1264.102	  8
    1264.516	  8
    1265.170	  8
    1265.662	  8
    1266.140	  8
    1266.782	  8
    1266.858	  8
    1267.130	  8
    1268.116	  8
    1268.644	  8
    1269.022	  8
    1269.246	  8
    1269.356	  8
    1270.448	  8
    1270.866	  8
    1271.378	  8
    1271.892	  8
    1272.474	  8
    1273.654	  8
    1274.250	  8
    1274.628	  8
    1275.808	  8
    1276.254	  8
    1276.558	  8
    1276.722	  8
    1277.882	  8
    1278.046	  8
    1278.948	  8
    1279.410	  8
    1279.652	  8
    1280.740	  8
    1281.154	  8
    1283.470	  8
    1283.820	  8
    1284.610	  8
    1286.782	  8
    1287.132	  8
    1287.336	  8
    1287.666	  8
    1287.938	  8
    1288.932	  8
    1289.340	  8
    1290.474	  8
    1290.784	  8
    1291.188	  8
    1292.256	  8
    1292.616	  8
    1292.984	  8
    1293.946	  8
    1295.170	  8
    1295.422	  8
    1295.630	  8
    1295.806	  8
    1296.116	  8
    1296.426	  8
    1296.886	  8
    1297.950	  8
    1298.276	  8
    1299.146	  8
    1299.254	  8
    1299.748	  8
    1301.196	  8
    1301.250	  8
    1301.970	  8
    1305.184	  8
    1305.322	  8
    1305.460	  8
    1305.774	  8
    1305.976	  8
    1306.190	  8
    1306.448	  8
    1306.696	  8
    1307.014	  8
    1307.334	  8
    1307.498	  8
    1307.922	  8
    1308.232	  8
    1308.676	  8
    1309.474	  8
    1309.676	  8
    1309.878	  8
    1310.744	  8
    1311.322	  8
    1311.988	  8
    1312.744	  8
    1313.980	  8
    1314.852	  8
    1315.204	  8
    1315.494	  8
    1315.814	  8
    1316.510	  8
    1316.934	  8
    1317.032	 53
    1317.042	 20
    1317.042	 27
    1318.828	  8
    1337.062	 50
    1337.072	 10
    1347.712	  8
    1347.758	  8
    1348.220	  8
    1352.926	  8
    1353.112	  8
    1353.414	  8
    1356.956	  8
    1357.364	  8
    1357.738	  8
    1358.256	  8
    1358.540	  8
    1358.874	  8
    1359.142	  8
    1359.788	  8
    1360.028	  8
    1360.350	  8
    1361.266	  8
    1361.490	  8
    1361.944	  8
    1362.102	  8
    1362.184	  8
    1362.338	  8
    1363.428	  8
    1363.664	  8
    1363.938	  8
    1364.108	  8
    1364.558	  8
    1364.826	  8
    1365.252	  8
    1365.836	  8
    1366.358	  8
    1366.712	  8
    1366.986	  8
    1367.072	 53
    1367.318	  8
    1367.318	 20
    1367.318	 27
    1367.328	 28
    1367.328	 19
    1367.428	 29
    1367.546	  8
    1367.598	  9
    1387.448	 50
    1387.458	 10
    1391.374	  8
    1402.968	  8
    1403.230	  8
    1408.284	  8
    1410.452	  8
    1411.014	  8
    1411.284	  8
    1411.650	  8
    1411.984	  8
    1412.360	  8
    1412.664	  8
    1412.876	  8
    1413.136	  8
    1413.494	  8
    1413.564	  8
    1413.808	  8
    1414.072	  8
    1415.850	  8
    1416.086	  8
    1416.230	  8
    1417.458	 53
    1417.468	  8
    1417.468	 20
    1417.468	 27
    1417.478	 28
    1417.478	 19
    1417.578	 29
    1417.740	  9
    1437.598	 51
    1437.608	 18
    1474.754	  8
    1475.360	  8
    1475.756	  8
    1476.042	  8
    1479.396	  8
    1480.520	  8
    1497.608	 53
    1497.618	 20
    1497.618	 27
    1511.706	  8
    1512.004	  8
    1512.074	  8
    1513.272	  8
    1513.966	  8
    1514.324	  8
    1514.568	  8
    1514.764	  8
    1515.074	  8
    1515.372	  8
    1515.772	  8
    1515.868	  8
    1516.302	  8
    1516.678	  8
    1517.158	  8
    1517.378	  8
    1517.638	 50
    1517.648	 10
    1518.042	  8
    1540.760	  8
    1540.848	  8
    1541.446	  8
    1541.608	  8
    1542.094	  8
    1542.426	  8
    1543.618	  8
    1544.198	  8
    1544.422	  8
    1544.774	  8
    1545.274	  8
    1545.450	  8
    1545.758	  8
    1546.044	  8
    1546.516	  8
    1546.588	  8
    1547.648	 53
    1547.652	  8
    1547.652	 20
    1547.652	 27
    1547.662	 28
    1547.662	 19
    1547.762	 29
    1547.932	  9
    1567.782	 52
    1567.792	 17
    1670.142	  8
    1670.564	  8
    1670.940	  8
    1671.210	  8
    1686.074	  8
    1686.442	  8
    1687.754	  8
    1687.792	 53
    1688.218	  8
    1688.218	 20
    1688.218	 27
    1688.228	 28
    1688.228	 19
    1688.328	 29
    1688.498	  9
    1708.348	 50
    1708.358	 10
    1732.054	  8
    1732.370	  8
    1738.358	 53
    1738.820	  8
    1738.820	 20
    1738.820	 27
    1738.830	 28
    1738.830	 19
    1738.930	 29
    1739.100	  9
    1758.950	 50
    1758.960	 10
    1775.236	  8
    1780.712	  8
    1781.352	  8
    1781.564	  8
    1781.806	  8
    1782.146	  8
    1782.548	  8
    1784.552	  8
    1784.794	  8
    1785.074	  8
    1785.406	  8
    1785.602	  8
    1785.750	  8
    1785.942	  8
    1786.206	  8
    1786.484	  8
    1787.500	  8
    1787.854	  8
    1788.148	  8
    1788.358	  8
    1788.696	  8
    1788.960	 53
    1789.606	  8
    1789.606	 20
    1789.606	 27
    1789.616	 28
    1789.616	 19
    1789.716	 29
    1789.886	  9
    1809.736	 51
    1809.746	 18
    1849.266	  8
    1849.776	  8
    1849.912	  8
    1869.746	 53
    1869.756	 20
    1869.756	 27
    1882.630	  8
    1883.268	  8
    1883.550	  8
    1883.892	  8
    1884.076	  8
    1884.440	  8
    1884.668	  8
    1884.944	  8
    1885.304	  8
    1885.502	  8
    1885.872	  8
    1886.136	  8
    1887.058	  8
    1887.436	  8
    1887.732	  8
    1888.358	  8
    1888.682	  8
    1889.712	  8
    1889.776	 50
    1889.786	 10
    1890.860	  8
    1894.680	  8
    1895.042	  8
    1895.296	  8
    1904.348	  8
    1918.922	  8
    1919.216	  8
    1919.288	  8
    1919.786	 53
    1920.312	  8
    1920.312	 20
    1920.312	 27
    1920.322	 28
    1920.322	 19
    1920.422	 29
    1920.592	  9
    1924.456	  8
    1924.640	  8
    1927.056	  8
    1940.442	 50
    1940.452	 10
    1954.648	  8
    1954.696	  8
    1954.910	  8
    1955.718	  8
    1956.364	  8
    1956.742	  8
    1958.340	  8
    1959.616	  8
    1960.274	  8
    1961.738	  8
    1962.310	  8
    1962.540	  8
    1963.238	  8
    1963.538	  8
    1964.046	  8
    1964.150	  8
    1964.332	  8
    1964.478	  8
    1964.586	  8
    1965.310	  8
    1965.378	  8
    1965.610	  8
    1965.930	  8
    1966.530	  8
    1966.778	  8
    1966.956	  8
    1967.242	  8
    1967.488	  8
    1968.370	  8
    1968.608	  8
    1968.976	  8
    1969.776	  8
    1969.914	  8
    1970.452	 53
    1970.466	  8
    1970.466	 20
    1970.466	 27
    1970.476	 28
    1970.476	 19
    1970.576	 29
    1970.746	  9
    1977.980	  8
    1990.596	 50
    1990.606	 10
    2000.170	  8
    2006.474	  8
    2006.618	  8
    2010.928	  8
    2011.486	  8
    2011.788	  8
    2012.158	  8
    2013.008	  8
    2013.404	  8
    2013.672	  8
    2013.836	  8
    2014.428	  8
    2014.768	  8
    2014.990	  8
    2015.530	  8
    2016.230	  8
    2016.432	  8
    2016.648	  8
    2016.992	  8
    2017.154	  8
    2017.236	  8
    2017.298	  8
    2018.272	  8
    2018.676	  8
    2019.096	  8
    2019.672	  8
    2020.022	  8
    2020.518	  8
    2020.606	 53
    2020.848	  8
    2020.848	 20
    2020.848	 27
    2020.858	 28
    2020.858	 19
    2020.958	 29
    2021.128	  9
    2040.978	 52
    2040.988	 17
    2160.988	 53
    2180.972	  8
    2180.972	 20
    2180.972	 27
    2180.982	 28
    2180.982	 19
    2181.082	 29
    2181.252	  9
    2201.102	 52
    2201.112	 17
    2271.874	  8
    2272.242	  8
    2272.520	  8
    2272.730	  8
    2273.404	  8
    2273.756	  8
    2274.092	  8
    2274.382	  8
    2274.684	  8
    2274.864	  8
    2274.994	  8
    2275.394	  8
    2275.704	  8
    2276.056	  8
    2277.194	  8
    2277.474	  8
    2277.868	  8
    2278.618	  8
    2279.068	  8
    2279.444	  8
    2280.014	  8
    2280.412	  8
    2280.766	  8
    2281.454	  8
    2281.914	  8
    2282.302	  8
    2282.504	  8
    2283.264	  8
    2283.746	  8
    2284.038	  8
    2284.220	  8
    2284.292	  8
    2285.632	  8
    2286.462	  8
    2286.578	  8
    2286.950	  8
    2288.282	  8
    2288.626	  8
    2288.972	  8
    2290.744	  8
    2291.000	  8
    2291.320	  8
    2291.566	  8
    2292.014	  8
    2292.200	  8
    2292.316	  8
    2293.132	  8
    2293.466	  8
    2293.896	  8
    2294.434	  8
    2294.640	  8
    2294.994	  8
    2295.328	  8
    2295.590	  8
    2295.934	  8
    2296.502	  8
    2296.732	  8
    2297.124	  8
    2297.412	  8
    2297.790	  8
    2298.118	  8
    2299.016	  8
    2299.234	  8
    2299.456	  8
    2299.714	  8
    2299.900	  8
    2300.702	  8
    2301.138	  8
    2301.220	  8
    2301.746	  8
    2302.154	  8
    2302.484	  8
    2302.852	  8
    2303.870	  8
    2303.972	  8
    2304.170	  8
    2304.820	  8
    2305.116	  8
    2305.332	  8
    2305.906	  8
    2306.140	  8
    2306.198	  8
    2306.476	  8
    2307.512	  8
    2308.292	  8
    2309.222	  8
    2309.756	  8
    2310.128	  8
    2311.230	  8
    2311.522	  8
    2311.912	  8
    2312.176	  8
    2313.128	  8
    2314.472	  8
    2314.792	  8
    2315.086	  8
    2315.306	  8
    2315.630	  8
    2315.772	  8
    2315.918	  8
    2316.210	  8
    2316.734	  8
    2316.854	  8
    2317.296	  8
    2317.612	  8
    2317.856	  8
    2318.100	  8
    2318.352	  8
    2318.856	  8
    2319.244	  8
    2319.470	  8
    2319.696	  8
    2319.942	  8
    2320.330	  8
    2321.112	 53
    2322.172	  8
    2322.172	 20
    2322.172	 27
    2322.182	 28
    2322.182	 19
    2322.282	 29
    2322.452	  9
    2323.114	  8
    2336.424	  8
    2336.676	  8
    2342.302	 51
    2342.312	 18
    2362.844	  8
    2378.084	  7
    2389.190	  8
    2389.258	  8
    2402.312	 53
    2402.322	 20
    2402.322	 27
    2413.592	  8
    2413.660	  8
    2413.942	  8
    2417.952	  8
    2417.996	  8
    2419.392	  8
    2419.662	  8
    2422.342	 52
    2422.352	 17
    2424.968	  8
    2425.606	  8
    2425.648	  8
    2428.672	  8
    2467.238	  8
    2467.722	  8
    2468.136	  8
    2468.824	  8
    2469.130	  8
    2469.528	  8
    2469.956	  8
    2470.052	  8
    2475.240	  8
    2476.014	  8
    2476.410	  8
    2478.316	  8
    2478.650	  8
    2478.992	  8
    2479.316	  8
    2479.760	  8
    2480.076	  8
    2480.312	  8
    2480.596	  8
    2481.188	  8
    2481.524	  8
    2481.790	  8
    2482.096	  8
    2482.704	  8
    2482.936	  8
    2483.202	  8
    2483.760	  8
    2484.028	  8
    2484.318	  8
    2484.520	  8
    2484.904	  8
    2485.112	  8
    2485.670	  8
    2486.066	  8
    2486.692	  8
    2487.078	  8
    2487.852	  8
    2488.212	  8
    2488.596	  8
    2489.034	  8
    2489.338	  8
    2489.594	  8
    2489.666	  8
    2490.014	  8
    2490.068	  8
    2490.296	  8
    2490.370	  8
    2490.552	  8
    2490.650	  8
    2491.712	  8
    2492.126	  8
    2492.536	  8
    2492.708	  8
    2493.244	  8
    2493.834	  8
    2494.136	  8
    2494.602	  8
    2494.826	  8
    2495.164	  8
    2495.412	  8
    2495.800	  8
    2496.124	  8
    2496.892	  8
    2497.006	  8
    2497.232	  8
    2497.566	  8
    2497.904	  8
    2498.062	  8
    2498.352	  8
    2498.652	  8
    2498.952	  8
    2499.692	  8
    2500.034	  8
    2500.790	  8
    2501.102	  8
    2501.460	  8
    2501.724	  8
    2502.100	  8
    2502.364	  8
    2502.648	  8
    2502.974	  8
    2503.306	  8
    2503.696	  8
    2504.058	  8
    2504.514	  8
    2504.878	  8
    2505.288	  8
    2505.444	  8
    2506.816	  8
    2507.144	  8
    2507.446	  8
    2507.740	  8
    2508.450	  8
    2508.770	  8
    2509.678	  8
    2509.950	  8
    2510.538	  8
    2510.788	  8
    2511.668	  8
    2511.918	  8
    2512.322	  8
    2512.450	  8
    2512.804	  8
    2513.284	  8
    2513.890	  8
    2515.082	  8
    2515.496	  8
    2516.636	  8
    2516.994	  8
    2517.806	  8
    2518.154	  8
    2518.460	  8
    2518.744	  8
    2520.054	  8
    2520.538	  8
    2521.310	  8
    2521.564	  8
    2521.674	  8
    2522.080	  8
    2522.378	  8
    2522.598	  8
    2522.826	  8
    2523.160	  8
    2523.642	  8
    2523.900	  8
    2524.176	  8
    2524.570	  8
    2525.114	  8
    2525.304	  8
    2525.866	  8
    2526.276	  8
    2526.674	  8
    2527.204	  8
    2528.554	  8
    2528.734	  8
    2528.804	  8
    2529.620	  8
    2529.872	  8
    2530.170	  8
    2530.540	  8
    2531.314	  8
    2531.638	  8
    2531.988	  8
    2532.220	  8
    2533.610	  8
    2534.708	  8
    2535.440	  8
    2536.324	  8
    2536.568	  8
    2536.868	  8
    2537.854	  8
    2538.144	  8
    2538.588	  8
    2538.926	  8
    2539.216	  8
    2539.356	  8
    2539.546	  8
    2539.744	  8
    2541.336	  8
    2541.626	  8
    2541.770	  8
    2541.844	  8
    2542.352	 53
    2542.612	  8
    2542.612	 20
    2542.612	 27
    2542.622	 28
    2542.622	 19
    2542.722	 29
    2542.892	  9
    2544.012	  8
    2562.742	 52
    2562.752	 17
    2661.662	  8
    2662.198	  8
    2662.756	  8
    2663.246	  8
    2663.738	  8
    2664.048	  8
    2664.326	  8
    2665.056	  8
    2665.286	  8
    2665.532	  8
    2666.010	  8
    2666.612	  8
    2666.896	  8
    2667.212	  8
    2667.724	  8
    2668.162	  8
    2668.736	  8
    2669.246	  8
    2669.542	  8
    2670.004	  8
    2670.390	  8
    2670.610	  8
    2670.924	  8
    2671.264	  8
    2671.580	  8
    2671.870	  8
    2672.288	  8
    2672.558	  8
    2672.824	  8
    2672.890	  8
    2673.382	  8
    2673.784	  8
    2674.148	  8
    2674.316	  8
    2674.410	  8
    2674.892	  8
    2675.298	  8
    2675.978	  8
    2676.614	  8
    2677.786	  8
    2678.252	  8
    2678.642	  8
    2678.806	  8
    2679.186	  8
    2679.532	  8
    2679.974	  8
    2680.070	  8
    2680.208	  8
    2680.458	  8
    2681.278	  8
    2682.608	  8
    2682.752	 53
    2683.002	  8
    2683.002	 20
    2683.002	 27
    2683.012	 28
    2683.012	 19
    2683.112	 29
    2683.282	  9
    2703.132	 51
    2703.142	 18
    2748.824	  8
    2749.072	  8
    2749.684	  8
    2755.462	  8
    2755.994	  8
    2756.738	  8
    2757.064	  8
    2757.218	  8
    2758.182	  8
    2758.652	  8
    2759.004	  8
    2759.296	  8
    2759.784	  8
    2760.066	  8
    2760.416	  8
    2760.750	  8
    2761.478	  8
    2762.038	  8
    2762.444	  8
    2762.814	  8
    2763.094	  8
    2763.142	 53
    2763.152	 20
    2763.152	 27
    2764.236	  8
    2774.928	  8
    2774.950	  8
    2783.172	 51
    2783.182	 18
    2843.182	 53
    2843.192	 20
    2843.192	 27
    2853.046	  8
    2853.734	  8
    2854.010	  8
    2854.292	  8
    2854.696	  8
    2855.098	  8
    2855.794	  8
    2856.232	  8
    2856.820	  8
    2856.960	  8
    2857.256	  8
    2857.700	  8
    2858.038	  8
    2858.318	  8
    2858.678	  8
    2858.806	  8
    2859.158	  8
    2859.424	  8
    2859.702	  8
    2859.954	  8
    2860.258	  8
    2860.868	  8
    2861.266	  8
    2861.892	  8
    2862.194	  8
    2862.514	  8
    2862.646	  8
    2862.968	  8
    2863.212	 50
    2863.222	 10
    2863.302	  8
    2864.062	  8
    2864.436	  8
    2865.132	  8
    2865.462	  8
    2865.728	  8
    2866.074	  8
    2866.634	  8
    2866.706	  8
    2867.188	  8
    2867.568	  8
    2867.850	  8
    2868.028	  8
    2868.262	  8
    2868.654	  8
    2869.166	  8
    2869.568	  8
    2869.634	  8
    2869.882	  8
    2870.410	  8
    2870.706	  8
    2871.134	  8
    2871.920	  8
    2872.122	  8
    2872.496	  8
    2874.156	  8
    2874.432	  8
    2874.892	  8
    2875.208	  8
    2875.574	  8
    2876.172	  8
    2876.530	  8
    2876.890	  8
    2877.074	  8
    2877.346	  8
    2878.818	  8
    2879.292	  8
    2879.704	  8
    2879.890	  8
    2880.120	  8
    2880.362	  8
    2880.680	  8
    2881.010	  8
    2881.260	  8
    2882.058	  8
    2882.460	  8
    2882.788	  8
    2882.928	  8
    2883.008	  8
    2883.732	  8
    2884.508	  8
    2884.750	  8
    2885.396	  8
    2886.222	  8
    2886.572	  8
    2886.952	  8
    2887.242	  8
    2887.484	  8
    2887.880	  8
    2888.344	  8
    2888.926	  8
    2889.234	  8
    2889.744	  8
    2890.600	  8
    2890.696	  8
    2891.680	  8
    2891.952	  8
    2892.342	  8
    2893.072	  8
    2893.222	 53
    2893.632	  8
    2893.632	 20
    2893.632	 27
    2893.642	 28
    2893.642	 19
    2893.742	 29
    2893.912	  9
    2894.464	  8
    2913.762	 52
    2913.772	 17
    2917.614	  8
    2917.668	  8
    2985.348	  8
    3033.772	 53
    3037.224	  8
    3037.224	 20
    3037.224	 27
    3037.234	 28
    3037.234	 19
    3037.334	 29
    3037.504	  9
    3038.808	  8
    3057.354	 50
    3057.364	 10
    3068.480	  8
    3077.812	  8
    3077.894	  8
    3078.138	  8
    3078.404	  8
    3078.940	  8
    3079.566	  8
    3081.736	  8
    3081.984	  8
    3082.284	  8
    3082.542	  8
    3082.900	  8
    3083.186	  8
    3084.120	  8
    3084.236	  8
    3084.446	  8
    3085.696	  8
    3087.028	  8
    3087.364	 53
    3087.534	  8
    3087.534	 20
    3087.534	 27
    3087.544	 28
    3087.544	 19
    3087.644	 29
    3088.058	  9
    3089.088	  8
    3107.664	 52
    3107.674	 17
    3185.318	  8
    3188.698	  8
    3189.026	  8
    3204.802	  8
    3205.300	  8
    3205.702	  8
    3205.842	  8
    3206.270	  8
    3206.548	  8
    3206.644	  8
    3206.830	  8
    3207.490	  8
    3207.916	  8
    3208.144	  8
    3208.580	  8
    3208.714	  8
    3209.130	  8
    3209.500	  8
    3210.060	  8
    3210.314	  8
    3210.552	  8
    3211.054	  8
    3211.324	  8
    3212.072	  8
    3212.488	  8
    3212.684	  8
    3212.806	  8
    3213.250	  8
    3213.452	  8
    3213.672	  8
    3213.786	  8
    3214.584	  8
    3214.900	  8
    3215.506	  8
    3215.934	  8
    3216.496	  8
    3216.786	  8
    3217.048	  8
    3217.352	  8
    3217.688	  8
    3218.126	  8
    3218.462	  8
    3218.760	  8
    3219.236	  8
    3219.436	  8
    3219.468	  8
    3219.864	  8
    3220.278	  8
    3220.940	  8
    3221.946	  8
    3222.922	  8
    3223.616	  8
    3223.974	  8
    3224.210	  8
    3224.580	  8
    3224.780	  8
    3225.216	  8
    3225.404	  8
    3225.494	  8
    3225.818	  8
    3226.114	  8
    3226.584	  8
    3226.878	  8
    3227.454	  8
    3227.674	 53
    3227.748	  8
    3227.748	 20
    3227.748	 27
    3227.758	 28
    3227.758	 19
    3227.858	 29
    3228.028	  9
    3228.778	  8
    3247.878	 51
    3247.888	 18
    3301.988	  8
    3302.568	  8
    3302.776	  8
    3303.104	  8
    3303.466	  8
    3303.712	  8
    3304.214	  8
    3304.428	  8
    3304.974	  8
    3307.888	 53
    3307.898	 20
    3307.898	 27
    3308.508	  7
    3309.218	  7
    3309.370	  7
    3309.646	  7
    3309.782	  7
    3309.930	  7
    3310.080	  7
    3310.212	  7
    3311.768	  7
    3312.442	  7
    3312.574	  7
    3312.712	  7
    3314.276	  7
    3314.546	  7
    3317.536	  7
    3317.688	  7
    3319.880	  7
    3323.708	  7
    3323.840	  7
    3323.992	  7
    3327.918	 52
    3327.928	 17
    3328.328	  7
    3328.478	  7
    3328.610	  7
    3328.914	  7
    3329.562	  7
    3335.776	  7
    3336.262	  7
    3336.398	  7
    3336.538	  7
    3336.686	  7
    3336.722	  7
    3336.868	  7
    3338.288	  7
    3338.444	  7
    3338.594	  7
    3338.752	  7
    3339.070	  7
    3339.216	  7
    3339.372	  7
    3340.758	  7
    3340.902	  7
    3341.056	  7
    3341.202	  7
    3341.360	  7
    3341.502	  7
    3341.816	  7
    3342.572	  7
    3343.036	  7
    3353.812	  8
    3379.576	  8
    3379.970	  8
    3380.274	  8
    3380.824	  8
    3381.240	  8
    3381.742	  8
    3382.004	  8
    3382.524	  8
    3383.106	  8
    3383.688	  8
    3384.258	  8
    3384.742	  8
    3385.022	  8
    3385.326	  8
    3385.598	  8
    3385.834	  8
    3386.684	  8
    3387.080	  8
    3387.592	  8
    3387.784	  8
    3387.912	  8
    3388.596	  8
    3388.854	  8
    3389.160	  8
    3389.428	  8
    3389.696	  8
    3390.388	  8
    3390.748	  8
    3391.134	  8
    3391.372	  8
    3391.538	  8
    3392.364	  8
    3392.816	  8
    3393.302	  8
    3394.106	  8
    3394.716	  8
    3394.756	  8
    3396.300	  8
    3397.248	  8
    3397.598	  8
    3397.908	  8
    3398.396	  8
    3398.682	  8
    3399.026	  8
    3399.480	  8
    3400.470	  8
    3401.396	  8
    3401.792	  8
    3402.110	  8
    3402.776	  8
    3403.156	  8
    3403.376	  8
    3403.930	  8
    3404.224	  8
    3404.374	  8
    3404.432	  8
    3404.814	  8
    3405.186	  8
    3405.516	  8
    3405.758	  8
    3406.030	  8
    3406.374	  8
    3406.662	  8
    3407.026	  8
    3407.324	  8
    3407.528	  8
    3407.772	  8
    3408.286	  8
    3408.570	  8
    3409.012	  8
    3409.408	  8
    3410.784	  8
    3411.646	  8
    3411.946	  8
    3412.310	  8
    3412.780	  8
    3412.960	  8
    3413.602	  8
    3414.130	  8
    3414.496	  8
    3414.898	  8
    3415.360	  8
    3415.736	  8
    3416.082	  8
    3416.664	  8
    3417.066	  8
    3417.406	  8
    3417.720	  8
    3418.058	  8
    3418.798	  8
    3419.232	  8
    3419.518	  8
    3419.632	  8
    3420.062	  8
    3420.114	  8
    3420.630	  8
    3420.894	  8
    3421.058	  8
    3422.030	  8
    3422.174	  8
    3422.658	  8
    3423.160	  8
    3423.716	  8
    3424.490	  8
    3425.014	  8
    3425.278	  8
    3425.374	  8
    3425.696	  8
    3425.958	  8
    3426.224	  8
    3426.554	  8
    3427.024	  8
    3427.278	  8
    3427.588	  8
    3427.902	  8
    3428.400	  8
    3428.706	  8
    3429.162	  8
    3429.328	  8
    3429.454	  8
    3429.608	  8
    3429.726	  8
    3430.022	  8
    3431.094	  8
    3431.550	  8
    3431.950	  8
    3432.214	  8
    3432.596	  8
    3433.832	  8
    3434.490	  8
    3435.304	  8
    3435.352	  8
    3435.674	  8
    3436.332	  8
    3436.638	  8
    3437.042	  8
    3437.260	  8
    3437.572	  8
    3437.812	  8
    3438.084	  8
    3438.406	  8
    3438.694	  8
    3438.942	  8
    3439.554	  8
    3440.590	  8
    3440.890	  8
    3441.600	  8
    3441.818	  8
    3442.234	  8
    3442.546	  8
    3442.766	  8
    3443.146	  8
    3443.762	  8
    3444.062	  8
    3445.044	  8
    3445.358	  8
    3445.672	  8
    3446.088	  8
    3446.450	  8
    3446.786	  8
    3447.034	  8
    3447.080	  8
    3447.264	  8
    3447.632	  8
    3447.928	 53
    3448.042	  8
    3448.042	 20
    3448.042	 27
    3448.052	 28
    3448.052	 19
    3448.152	 29
    3448.322	  9
    3468.172	 52
    3468.182	 17
    3470.652	  8
    3560.982	  8
    3561.108	  8
    3561.462	  8
    3561.836	  8
    3562.082	  8
    3562.426	  8
    3562.506	  8
    3562.794	  8
    3563.106	  8
    3563.360	  8
    3563.456	  8
    3563.996	  8
    3564.342	  8
    3564.632	  8
    3565.122	  8
    3565.456	  8
    3565.724	  8
    3566.044	  8
    3566.370	  8
    3566.654	  8
    3567.140	  8
    3567.456	  8
    3567.756	  8
    3568.076	  8
    3568.374	  8
    3568.814	  8
    3569.068	  8
    3569.342	  8
    3569.800	  8
    3570.254	  8
    3570.682	  8
    3570.970	  8
    3571.562	  8
    3571.866	  8
    3572.146	  8
    3572.578	  8
    3572.628	  8
    3573.072	  8
    3573.696	  8
    3573.796	  8
    3573.982	  8
    3574.322	  8
    3574.596	  8
    3575.140	  8
    3575.392	  8
    3576.370	  8
    3576.610	  8
    3577.166	  8
    3577.514	  8
    3578.270	  8
    3578.540	  8
    3579.086	  8
    3579.364	  8
    3579.626	  8
    3579.848	  8
    3579.936	  8
    3580.432	  8
    3580.688	  8
    3580.908	  8
    3581.490	  8
    3581.796	  8
    3582.322	  8
    3582.658	  8
    3582.942	  8
    3583.506	  8
    3583.982	  8
    3584.234	  8
    3584.858	  8
    3585.396	  8
    3585.654	  8
    3586.144	  8
    3586.374	  8
    3586.790	  8
    3586.966	  8
    3587.356	  8
    3587.814	  8
    3588.182	 53
    3588.248	  8
    3588.248	 20
    3588.248	 27
    3588.258	 28
    3588.258	 19
    3588.358	 29
    3588.528	  9
    3608.378	 50
    3608.388	 10
    3616.388	  8
    3619.610	  8
    3619.654	  8
    3621.362	  8
    3622.292	  8
    3622.562	  8
    3622.874	  8
    3623.786	  8
    3627.576	  8
    3629.062	  8
    3630.236	  8
    3630.812	  8
    3631.296	  8
    3631.700	  8
    3632.336	  8
    3632.564	  8
    3633.056	  8
    3633.940	  8
    3634.236	  8
    3634.588	  8
    3634.706	  8
    3634.968	  8
    3635.338	  8
    3636.624	  8
    3636.844	  8
    3637.216	  8
    3637.516	  8
    3637.830	  8
    3638.388	 53
    3638.856	  8
    3638.856	 20
    3638.856	 27
    3638.866	 28
    3638.866	 19
    3638.966	 29
    3639.002	  8
    3639.136	  9
    3658.986	 51
    3658.996	 18
    3703.728	  8
    3703.810	  8
    3704.012	  8
    3717.164	  8
    3717.698	  8
    3718.996	 53
    3719.006	 20
    3719.006	 27
    3729.168	  8
    3739.026	 51
    3739.036	 18
    3772.484	  8
    3773.012	  8
    3773.294	  8
    3773.700	  8
    3773.940	  8
    3774.204	  8
    3774.502	  8
    3774.930	  8
    3775.244	  8
    3775.776	  8
    3776.408	  8
    3779.548	  8
    3799.036	 53
    3799.046	 20
    3799.046	 27
    3816.942	  8
    3817.880	  8
    3818.362	  8
    3818.758	  8
    3819.066	 51
    3819.076	 18
    3819.212	  8
    3819.554	  8
    3819.862	  8
    3820.148	  8
    3820.512	  8
    3820.882	  8
    3821.006	  8
    3821.306	  8
    3821.938	  8
    3822.190	  8
    3822.678	  8
    3822.700	  8
    3822.924	  8
    3823.308	  8
    3823.454	  8
    3823.720	  8
    3824.158	  8
    3824.370	  8
    3824.648	  8
    3824.992	  8
    3825.328	  8
    3825.742	  8
    3825.954	  8
    3826.240	  8
    3826.462	  8
    3826.918	  8
    3827.148	  8
    3827.788	  8
    3828.288	  8
    3828.494	  8
    3829.150	  8
    3829.640	  8
    3830.218	  8
    3830.474	  8
    3830.780	  8
    3831.322	  8
    3831.820	  8
    3832.080	  8
    3832.366	  8
    3832.610	  8
    3832.762	  8
    3833.772	  8
    3833.916	  8
    3834.454	  8
    3834.804	  8
    3834.904	  8
    3835.534	  8
    3836.088	  8
    3836.278	  8
    3836.658	  8
    3837.012	  8
    3837.228	  8
    3837.492	  8
    3838.112	  8
    3838.492	  8
    3839.002	  8
    3839.640	  8
    3840.568	  8
    3841.156	  8
    3841.600	  8
    3842.014	  8
    3842.312	  8
    3842.486	  8
    3843.028	  8
    3843.498	  8
    3843.812	  8
    3844.002	  8
    3845.070	  8
    3845.478	  8
    3845.722	  8
    3846.388	  8
    3846.690	  8
    3848.478	  8
    3848.916	  8
    3849.182	  8
    3849.494	  8
    3849.636	  8
    3850.056	  8
    3850.502	  8
    3850.588	  8
    3851.246	  8
    3851.424	  8
    3851.878	  8
    3853.242	  8
    3853.448	  8
    3853.754	  8
    3854.144	  8
    3854.428	  8
    3854.784	  8
    3855.084	  8
    3855.274	  8
    3856.682	  8
    3857.064	  8
    3857.492	  8
    3857.904	  8
    3858.310	  8
    3858.568	  8
    3858.962	  8
    3859.682	  8
    3859.910	  8
    3860.310	  8
    3860.564	  8
    3861.344	  8
    3861.584	  8
    3862.060	  8
    3862.490	  8
    3862.834	  8
    3863.094	  8
    3863.578	  8
    3864.768	  8
    3865.052	  8
    3866.200	  8
    3866.828	  8
    3867.142	  8
    3868.410	  8
    3869.348	  8
    3869.998	  8
    3870.312	  8
    3870.554	  8
    3871.262	  8
    3871.708	  8
    3873.170	  8
    3879.076	 53
    3879.086	 20
    3879.086	 27
    3883.236	  8
    3883.818	  8
    3899.106	 51
    3899.116	 18
    3941.460	  8
    3941.830	  8
    3942.588	  8
    3942.930	  8
    3943.604	  8
    3959.116	 53
    3959.126	 20
    3959.126	 27
    3979.146	 51
    3979.156	 18
    4039.156	 53
    4039.166	 20
    4039.166	 27
    4059.186	 51
    4059.196	 18
    4095.412	  8
    4095.908	  8
    4096.120	  8
    4096.786	  8
    4097.082	  8
    4097.556	  8
    4098.106	  8
    4098.554	  8
    4098.630	  8
    4098.890	  8
    4099.412	  8
    4099.776	  8
    4100.128	  8
    4100.428	  8
    4100.784	  8
    4101.496	  8
    4101.652	  8
    4101.940	  8
    4102.582	  8
    4102.962	  8
    4103.334	  8
    4103.694	  8
    4104.024	  8
    4104.392	  8
    4104.522	  8
    4105.372	  8
    4105.936	  8
    4106.314	  8
    4106.666	  8
    4107.426	  8
    4107.604	  8
    4107.896	  8
    4108.434	  8
    4108.714	  8
    4109.208	  8
    4109.464	  8
    4110.116	  8
    4110.426	  8
    4110.744	  8
    4111.060	  8
    4111.250	  8
    4111.422	  8
    4112.098	  8
    4112.600	  8
    4112.836	  8
    4112.884	  8
    4113.174	  8
    4113.742	  8
    4114.522	  8
    4114.994	  8
    4115.338	  8
    4115.614	  8
    4116.358	  8
    4116.500	  8
    4116.936	  8
    4117.310	  8
    4117.510	  8
    4117.732	  8
    4118.066	  8
    4118.292	  8
    4118.724	  8
    4119.196	 53
    4119.206	 20
    4119.206	 27
    4119.240	  8
    4123.044	  8
    4123.232	  8
    4123.522	  8
    4123.678	  8
    4123.750	  8
    4124.056	  8
    4124.212	  8
    4125.420	  8
    4126.236	  8
    4126.620	  8
    4126.800	  8
    4127.378	  8
    4127.462	  8
    4127.728	  8
    4128.326	  8
    4129.514	  8
    4129.760	  8
    4130.536	  8
    4130.842	  8
    4131.254	  8
    4131.666	  8
    4132.064	  8
    4132.528	  8
    4132.824	  8
    4133.042	  8
    4133.710	  8
    4133.844	  8
    4134.120	  8
    4134.538	  8
    4134.758	  8
    4134.958	  8
    4136.108	  8
    4136.376	  8
    4137.022	  8
    4137.456	  8
    4137.678	  8
    4138.160	  8
    4138.588	  8
    4138.862	  8
    4138.970	  8
    4139.226	 52
    4139.236	 17
    4139.642	  8
    4140.184	  8
    4142.630	  8
    4143.272	  8
    4143.362	  8
    4143.590	  8
    4144.052	  8
    4144.296	  8
    4144.664	  8
    4145.224	  8
    4152.004	  8
    4152.252	  8
    4157.010	  8
    4158.142	  8
    4159.078	  8
    4159.582	  8
    4162.820	  8
    4163.178	  8
    4164.046	  8
    4164.660	  8
    4168.232	  8
    4168.658	  8
    4169.178	  8
    4169.280	  8
    4171.298	  8
    4171.722	  8
    4171.954	  8
    4172.676	  8
    4173.056	  8
    4173.504	  8
    4176.406	  8
    4176.466	  8
    4176.840	  8
    4177.126	  8
    4177.462	  8
    4178.194	  8
    4178.282	  8
    4178.718	  8
    4181.226	  8
    4181.606	  8
    4186.622	  8
    4187.032	  8
    4187.106	  8
    4187.288	  8
    4187.372	  8
    4187.588	  8
    4188.158	  8
    4188.514	  8
    4188.678	  8
    4189.034	  8
    4200.554	  8
    4201.542	  8
    4201.884	  8
    4206.208	  8
    4207.128	  8
    4207.554	  8
    4209.658	  8
    4210.232	  8
    4257.696	  8
    4258.126	  8
    4258.298	  8
    4258.728	  8
    4259.002	  8
    4259.190	  8
    4259.236	 53
    4259.520	  8
    4259.520	 20
    4259.520	 27
    4259.530	 28
    4259.530	 19
    4259.630	 29
    4259.800	  9
    4260.978	  8
    4261.188	  8
    4279.650	 50
    4279.660	 10
    4309.660	 53
    4312.982	  8
    4312.982	 20
    4312.982	 27
    4312.992	 28
    4312.992	 19
    4313.092	 29
    4313.262	  9
    4333.112	 50
    4333.122	 10
    4355.424	  8
    4355.728	  8
    4356.754	  8
    4357.354	  8
    4357.864	  8
    4358.880	  8
    4359.086	  8
    4359.400	  8
    4359.842	  8
    4360.306	  8
    4360.612	  8
    4361.074	  8
    4361.402	  8
    4362.310	  8
    4362.624	  8
    4362.792	  8
    4362.988	  8
    4363.122	 53
    4363.482	  8
    4363.482	 20
    4363.482	 27
    4363.492	 28
    4363.492	 19
    4363.592	 29
    4363.762	  9
    4383.612	 51
    4383.622	 18
    4420.990	  8
    4421.068	  8
    4421.304	  8
    4421.672	  8
    4421.764	  8
    4422.096	  8
    4422.198	  8
    4424.766	  8
    4425.018	  8
    4433.796	  7
    4434.058	  7
    4443.622	 53
    4443.632	 20
    4443.632	 27
    4445.288	  8
    4445.392	  8
    4453.774	  8
    4458.570	  8
    4463.652	 52
    4463.662	 17
    4535.694	  8
    4536.042	  8
    4536.276	  8
    4536.636	  8
    4536.814	  8
    4537.412	  8
    4537.580	  8
    4538.026	  8
    4538.306	  8
    4538.666	  8
    4538.988	  8
    4539.324	  8
    4539.538	  8
    4539.618	  8
    4540.264	  8
    4540.608	  8
    4540.940	  8
    4541.348	  8
    4541.604	  8
    4541.954	  8
    4542.196	  8
    4542.572	  8
    4543.024	  8
    4543.326	  8
    4543.582	  8
    4543.956	  8
    4544.274	  8
    4544.390	  8
    4544.662	  8
    4544.986	  8
    4545.142	  8
    4545.646	  8
    4545.796	  8
    4546.220	  8
    4546.284	  8
    4546.712	  8
    4546.802	  8
    4547.130	  8
    4547.848	  8
    4547.992	  8
    4548.442	  8
    4548.734	  8
    4549.158	  8
    4549.548	  8
    4549.756	  8
    4550.004	  8
    4550.244	  8
    4550.558	  8
    4550.956	  8
    4551.104	  8
    4551.668	  8
    4551.910	  8
    4552.394	  8
    4552.694	  8
    4553.050	  8
    4553.340	  8
    4553.790	  8
    4554.126	  8
    4554.428	  8
    4554.688	  8
    4555.068	  8
    4555.402	  8
    4555.512	  8
    4555.732	  8
    4555.768	  8
    4556.106	  8
    4556.324	  8
    4556.846	  8
    4557.324	  8
    4557.560	  8
    4558.234	  8
    4558.640	  8
    4558.994	  8
    4559.070	  8
    4559.372	  8
    4560.016	  8
    4560.410	  8
    4560.772	  8
    4561.398	  8
    4562.016	  8
    4562.362	  8
    4563.016	  8
    4563.456	  8
    4563.760	  8
    4564.060	  8
    4564.166	  8
    4564.580	  8
    4564.928	  8
    4565.024	  8
    4565.374	  8
    4565.754	  8
    4565.910	  8
    4566.410	  8
    4566.830	  8
    4567.156	  8
    4567.472	  8
    4567.694	  8
    4567.896	  8
    4568.010	  8
    4568.230	  8
    4568.538	  8
    4568.784	  8
    4569.492	  8
    4570.044	  8
    4570.776	  8
    4570.964	  8
    4571.382	  8
    4571.880	  8
    4571.972	  8
    4572.838	  8
    4573.106	  8
    4573.508	  8
    4573.912	  8
    4574.320	  8
    4574.760	  8
    4575.012	  8
    4575.882	  8
    4576.422	  8
    4576.664	  8
    4577.546	  8
    4577.694	  8
    4578.298	  8
    4578.852	  8
    4579.160	  8
    4579.758	  8
    4580.430	  8
    4580.866	  8
    4581.360	  8
    4581.640	  8
    4581.766	  8
    4581.856	  8
    4582.092	  8
    4582.612	  8
    4582.874	  8
    4583.106	  8
    4583.608	  8
    4583.662	 53
    4583.880	  8
    4583.880	 20
    4583.880	 27
    4583.890	 28
    4583.890	 19
    4583.990	 29
    4584.160	  9
    4585.206	  8
    4604.010	 51
    4604.020	 18
    4654.856	  8
    4655.236	  8
    4655.318	  8
    4664.020	 53
    4664.030	 20
    4664.030	 27
    4678.704	  8
    4679.468	  8
    4684.050	 51
    4684.060	 18
    4706.528	  7
    4706.668	  7
    4708.952	  7
    4710.112	  7
    4711.584	  7
    4715.368	  8
    4716.300	  8
    4716.600	  8
    4717.218	  8
    4718.778	  8
    4720.788	  8
    4725.496	  8
    4726.152	  8
    4731.094	  8
    4731.378	  8
    4744.060	 53
    4744.070	 20
    4744.070	 27
    4764.090	 52
    4764.100	 17
    4838.198	  8
    4838.600	  8
    4838.856	  8
    4839.100	  8
    4839.500	  8
    4839.714	  8
    4840.116	  8
    4840.322	  8
    4840.684	  8
    4841.030	  8
    4841.296	  8
    4841.370	  8
    4841.622	  8
    4842.070	  8
    4842.376	  8
    4842.468	  8
    4842.592	  8
    4843.270	  8
    4843.720	  8
    4843.998	  8
    4844.194	  8
    4845.078	  8
    4845.274	  8
    4845.460	  8
    4845.520	  8
    4845.788	  8
    4846.076	  8
    4846.280	  8
    4846.776	  8
    4847.064	  8
    4847.120	  8
    4847.308	  8
    4847.570	  8
    4847.992	  8
    4848.180	  8
    4848.360	  8
    4848.416	  8
    4848.836	  8
    4848.866	  8
    4849.224	  8
    4849.608	  8
    4849.924	  8
    4850.728	  8
    4850.816	  8
    4851.452	  8
    4851.834	  8
    4852.168	  8
    4852.510	  8
    4852.790	  8
    4853.428	  8
    4853.794	  8
    4854.484	  8
    4854.964	  8
    4855.052	  8
    4855.326	  8
    4855.490	  8
    4855.674	  8
    4855.754	  8
    4856.218	  8
    4856.418	  8
    4856.624	  8
    4856.954	  8
    4857.476	  8
    4857.850	  8
    4858.056	  8
    4858.418	  8
    4858.932	  8
    4860.166	  8
    4860.414	  8
    4860.674	  8
    4860.924	  8
    4861.032	  8
    4861.202	  8
    4861.544	  8
    4862.044	  8
    4862.552	  8
    4862.856	  8
    4862.942	  8
    4863.234	  8
    4863.550	  8
    4864.094	  8
    4864.514	  8
    4864.824	  8
    4865.174	  8
    4866.034	  8
    4866.510	  8
    4866.948	  8
    4867.254	  8
    4867.758	  8
    4868.438	  8
    4868.832	  8
    4869.122	  8
    4869.474	  8
    4869.682	  8
    4871.738	  8
    4871.882	  8
    4872.156	  8
    4872.620	  8
    4872.974	  8
    4873.262	  8
    4873.612	  8
    4874.090	  8
    4874.384	  8
    4874.640	  8
    4874.908	  8
    4875.236	  8
    4875.556	  8
    4875.694	  8
    4875.830	  8
    4876.646	  8
    4876.788	  8
    4877.386	  8
    4877.832	  8
    4877.912	  8
    4878.190	  8
    4878.680	  8
    4879.090	  8
    4880.346	  8
    4880.422	  8
    4880.666	  8
    4880.990	  8
    4881.364	  8
    4881.592	  8
    4882.188	  8
    4882.618	  8
    4883.868	  8
    4884.100	 53
    4885.196	  8
    4885.196	 20
    4885.196	 27
    4885.206	 28
    4885.206	 19
    4885.306	 29
    4885.476	  9
    4905.326	 50
    4905.336	 10
    4910.122	  8
    4916.192	  8
    4916.260	  8
    4916.714	  8
    4918.732	  8
    4919.378	  8
    4920.812	  8
    4921.156	  8
    4922.388	  8
    4923.380	  8
    4923.806	  8
    4924.756	  8
    4924.860	  8
    4925.004	  8
    4925.374	  8
    4926.566	  8
    4927.242	  8
    4928.050	  8
    4928.552	  8
    4928.978	  8
    4930.490	  8
    4930.910	  8
    4931.298	  8
    4931.538	  8
    4931.852	  8
    4932.324	  8
    4933.146	  8
    4933.466	  8
    4933.870	  8
    4934.218	  8
    4934.566	  8
    4935.108	  8
    4935.336	 53
    4935.438	  8
    4935.438	 20
    4935.438	 27
    4935.448	 28
    4935.448	 19
    4935.548	 29
    4935.718	  9
    4955.568	 52
    4955.578	 17
    5040.570	  8
    5040.668	  8
    5040.966	  8
    5041.194	  8
    5041.574	  8
    5041.818	  8
    5042.124	  8
    5042.368	  8
    5042.430	  8
    5042.776	  8
    5042.910	  8
    5042.986	  8
    5043.336	  8
    5043.680	  8
    5044.066	  8
    5044.420	  8
    5044.848	  8
    5045.236	  8
    5045.916	  8
    5046.236	  8
    5046.562	  8
    5047.042	  8
    5047.860	  8
    5048.362	  8
    5048.710	  8
    5048.924	  8
    5049.016	  8
    5049.740	  8
    5050.062	  8
    5050.514	  8
    5050.698	  8
    5050.850	  8
    5051.096	  8
    5051.454	  8
    5051.828	  8
    5052.130	  8
    5052.568	  8
    5052.872	  8
    5053.078	  8
    5053.576	  8
    5053.878	  8
    5054.174	  8
    5054.480	  8
    5054.696	  8
    5054.756	  8
    5055.300	  8
    5055.654	  8
    5056.368	  8
    5056.558	  8
    5056.820	  8
    5057.128	  8
    5057.448	  8
    5057.724	  8
    5058.646	  8
    5058.910	  8
    5059.276	  8
    5059.808	  8
    5060.726	  8
    5061.862	  8
    5062.700	  8
    5063.182	  8
    5063.456	  8
    5063.596	  8
    5063.814	  8
    5064.178	  8
    5064.814	  8
    5065.152	  8
    5067.270	  8
    5067.468	  8
    5067.686	  8
    5068.572	  8
    5069.278	  8
    5070.050	  8
    5070.470	  8
    5070.612	  8
    5071.224	  8
    5071.714	  8
    5072.068	  8
    5072.398	  8
    5072.738	  8
    5073.010	  8
    5073.378	  8
    5073.692	  8
    5073.998	  8
    5074.374	  8
    5074.608	  8
    5074.788	  8
    5075.228	  8
    5075.548	  8
    5075.578	 53
    5075.870	  8
    5075.870	 20
    5075.870	 27
    5075.880	 28
    5075.880	 19
    5075.980	 29
    5076.150	  9
    5096.000	 52
    5096.010	 17
    5192.850	  8
    5193.660	  8
    5194.030	  8
    5194.290	  8
    5194.642	  8
    5195.022	  8
    5195.272	  8
    5195.630	  8
    5195.986	  8
    5196.280	  8
    5196.584	  8
    5196.936	  8
    5197.286	  8
    5197.606	  8
    5197.920	  8
    5198.266	  8
    5198.620	  8
    5198.702	  8
    5198.924	  8
    5199.230	  8
    5199.598	  8
    5199.932	  8
    5200.082	  8
    5200.630	  8
    5200.906	  8
    5201.090	  8
    5201.346	  8
    5201.664	  8
    5201.902	  8
    5202.330	  8
    5202.792	  8
    5203.298	  8
    5203.800	  8
    5204.056	  8
    5204.488	  8
    5204.546	  8
    5204.858	  8
    5205.220	  8
    5205.542	  8
    5206.084	  8
    5206.378	  8
    5206.562	  8
    5207.208	  8
    5207.492	  8
    5207.778	  8
    5208.090	  8
    5208.474	  8
    5208.820	  8
    5209.104	  8
    5209.426	  8
    5209.776	  8
    5210.106	  8
    5210.430	  8
    5210.792	  8
    5211.016	  8
    5211.336	  8
    5211.532	  8
    5211.954	  8
    5212.272	  8
    5212.634	  8
    5212.928	  8
    5213.266	  8
    5213.436	  8
    5213.678	  8
    5214.024	  8
    5214.482	  8
    5214.974	  8
    5215.360	  8
    5215.674	  8
    5216.010	 53
    5216.094	  8
    5216.094	 20
    5216.094	 27
    5216.104	 28
    5216.104	 19
    5216.204	 29
    5216.214	 61
