   66388.562	  8
   66393.748	  8
      11.124	  8
      11.730	  8
      12.090	  8
      20.010	 51
      20.020	 18
      28.998	  8
      29.454	  8
      29.670	  8
      30.508	  8
      30.996	  8
      31.254	  8
      31.928	  8
      32.548	  8
      33.898	  8
      34.206	  8
      34.566	  8
      34.782	  8
      35.572	  8
      37.526	  8
      37.858	  8
      41.948	  8
      42.300	  8
      42.708	  8
      43.174	  8
      43.480	  8
      43.736	  8
      46.994	  8
      47.192	  8
      47.538	  8
      47.696	  8
      48.130	  8
      48.716	  8
      48.898	  8
      48.992	  8
      49.218	  8
      49.340	  8
      49.494	  8
      49.734	  8
      50.110	  8
      50.268	  8
      51.002	  8
      62.202	  7
      62.484	  7
      63.004	  7
      63.314	  7
      63.508	  7
      63.714	  7
      63.884	  7
      64.796	  8
      66.328	  8
      66.576	  8
      67.266	  8
      67.380	  8
      70.710	  8
      71.018	  8
      76.196	  8
      76.672	  8
      77.144	  8
      77.712	  8
      78.008	  8
      78.546	  8
      78.898	  8
      79.408	  8
      79.722	  8
      79.940	  8
      80.020	 53
      80.030	 20
      80.030	 27
      81.174	  8
      81.500	  8
      81.722	  8
      82.270	  8
      82.946	  8
      83.910	  8
      84.616	  8
      84.836	  8
      85.558	  8
      86.042	  8
      86.488	  8
      86.736	  8
      88.696	  8
      89.574	  8
      89.768	  8
      90.732	  8
      90.880	  8
      92.380	  8
      92.906	  8
      93.236	  8
      93.580	  8
      93.992	  8
      94.280	  8
      94.404	  8
      94.804	  8
     100.050	 50
     100.060	 17
     101.532	  8
     103.120	  8
     114.548	  8
     114.860	  8
     115.130	  8
     117.066	  8
     120.042	  8
     120.498	  8
     122.984	  8
     123.640	  8
     123.878	  8
     125.034	  8
     125.158	  8
     125.562	  8
     129.626	  8
     129.992	  8
     130.060	 53
     130.454	  8
     130.454	 20
     130.454	 27
     130.464	 28
     130.464	 19
     130.564	 29
     130.728	  9
     130.774	  8
     133.152	  8
     150.584	 50
     150.594	 17
     166.064	  8
     166.418	  8
     166.728	  8
     168.576	  8
     169.176	  8
     170.344	  8
     170.712	  8
     171.738	  8
     171.942	  8
     172.544	  8
     173.168	  8
     173.366	  8
     173.600	  8
     173.818	  8
     174.086	  8
     175.666	  8
     176.270	  8
     178.292	  8
     178.896	  8
     179.820	  8
     180.380	  8
     180.594	 53
     181.890	  8
     181.890	 20
     181.890	 27
     181.900	 28
     181.900	 19
     182.000	 29
     182.162	  9
     182.190	  8
     196.848	  5
     202.020	 50
     202.030	 17
     204.928	  5
     206.588	  7
     216.074	  8
     220.952	  8
     221.392	  8
     222.062	  8
     222.374	  8
     222.724	  8
     223.424	  8
     224.280	  8
     224.546	  8
     225.428	  8
     225.694	  8
     225.968	  8
     228.952	  8
     230.016	  8
     230.350	  8
     230.530	  8
     230.930	  8
     231.610	  8
     232.030	 53
     233.772	  8
     233.772	 20
     233.772	 27
     233.782	 28
     233.782	 19
     233.882	 29
     233.972	  8
     234.044	  9
     253.902	 51
     253.912	 18
     256.768	  7
     290.012	  8
     290.266	  8
     291.688	  8
     292.168	  8
     292.728	  8
     293.102	  8
     293.594	  8
     293.898	  8
     294.116	  8
     295.036	  8
     295.378	  8
     295.562	  8
     295.942	  8
     296.458	  8
     296.666	  8
     296.914	  8
     298.730	  8
     299.142	  8
     299.522	  8
     300.158	  8
     301.110	  8
     301.940	  8
     302.482	  8
     302.682	  8
     302.926	  8
     303.790	  8
     304.276	  8
     304.576	  8
     304.870	  8
     306.378	  8
     306.710	  8
     306.830	  8
     307.394	  8
     311.692	  8
     312.008	  8
     312.564	  8
     312.806	  8
     313.090	  8
     313.458	  8
     313.912	 53
     313.922	 20
     313.922	 27
     315.028	  8
     315.694	  8
     317.750	  8
     317.916	  8
     318.256	  8
     318.438	  8
     318.678	  8
     319.000	  8
     319.210	  8
     319.526	  8
     319.656	  8
     319.914	  8
     323.514	  8
     323.876	  8
     330.666	  8
     331.186	  8
     332.026	  8
     332.538	  8
     333.042	  8
     333.798	  8
     333.942	 52
     333.952	 10
     362.678	  8
     363.460	  8
     364.102	  8
     364.602	  8
     365.498	  8
     366.078	  8
     366.562	  8
     367.464	  8
     368.084	  8
     368.398	  8
     368.576	  8
     369.032	  8
     369.680	  8
     370.294	  8
     370.822	  8
     371.590	  8
     371.844	  8
     372.234	  8
     372.678	  8
     373.336	  8
     384.202	  8
     384.670	  8
     385.450	  8
     386.080	  8
     386.474	  8
     386.792	  8
     387.176	  8
     387.736	  8
     388.014	  8
     388.440	  8
     388.824	  8
     389.644	  8
     393.656	  8
     394.246	  8
     395.800	  8
     396.084	  8
     397.152	  8
     397.510	  8
     397.720	  8
     397.976	  8
     399.624	  8
     399.916	  8
     400.438	  8
     400.956	  8
     401.622	  8
     401.918	  8
     402.174	  8
     402.790	  8
     403.564	  8
     403.778	  8
     404.844	  8
     405.166	  8
     405.520	  8
     407.168	  8
     408.262	  8
     408.670	  8
     408.946	  8
     409.370	  8
     409.682	  8
     410.902	  8
     411.196	  8
     411.568	  8
     412.230	  8
     412.382	  8
     412.958	  8
     413.186	  8
     413.288	  8
     413.714	  8
     414.072	  8
     414.914	  8
     414.984	  8
     415.410	  8
     415.656	  8
     416.610	  8
     417.122	  8
     417.634	  8
     418.082	  8
     418.864	  8
     419.540	  8
     420.286	  8
     421.838	  8
     422.302	  8
     425.654	  8
     425.950	  8
     426.022	  8
     426.088	  8
     426.516	  8
     426.826	  8
     428.360	  8
     428.922	  8
     429.460	  8
     429.764	  8
     429.982	  8
     431.086	  8
     433.054	  8
     433.258	  8
     433.928	  8
     434.456	  8
     434.960	  8
     436.272	  8
     436.648	  8
     436.992	  8
     437.608	  8
     437.948	  8
     438.642	  8
     440.054	  8
     443.160	  8
     444.764	  8
     445.016	  8
     445.760	  8
     446.054	  8
     446.510	  8
     446.718	  8
     448.086	  8
     448.418	  8
     448.518	  8
     448.800	  8
     449.770	  8
     450.286	  8
     450.618	  8
     451.598	  8
     452.100	  8
     452.374	  8
     452.554	  8
     453.104	  8
     453.952	 53
     454.446	  8
     454.446	 20
     454.446	 27
     454.456	 28
     454.456	 19
     454.556	 29
     454.720	  9
     454.758	  8
     457.796	  8
     465.444	  7
     465.822	  7
     466.056	  7
     466.234	  7
     466.434	  7
     469.080	  7
     470.650	  7
     474.576	 51
     474.586	 18
     524.470	  8
     524.858	  8
     526.104	  8
     526.474	  8
     526.752	  8
     527.740	  8
     528.100	  8
     528.182	  8
     528.454	  8
     528.738	  8
     529.172	  8
     529.946	  8
     530.550	  8
     531.866	  8
     532.516	  8
     533.680	  8
     533.994	  8
     534.586	 53
     534.596	 20
     534.596	 27
     537.210	  8
     537.568	  8
     537.686	  8
     538.540	  8
     539.220	  8
     539.394	  8
     541.378	  8
     541.410	  8
     541.586	  8
     542.032	  8
     542.594	  8
     543.320	  8
     543.474	  8
     543.788	  8
     548.856	  8
     548.928	  8
     549.444	  8
     549.942	  8
     550.736	  8
     551.534	  8
     551.898	  8
     552.324	  8
     552.500	  8
     552.884	  8
     553.278	  8
     553.738	  8
     553.882	  8
     554.216	  8
     554.616	 50
     554.620	  8
     554.626	 17
     572.630	  8
     572.696	  8
     577.698	  8
     578.080	  8
     578.594	  8
     579.076	  8
     579.652	  8
     579.964	  8
     580.208	  8
     580.486	  8
     581.034	  8
     581.450	  8
     582.234	  8
     582.530	  8
     582.772	  8
     583.206	  8
     584.626	 53
     585.978	  8
     585.978	 20
     585.978	 27
     585.988	 28
     585.988	 19
     586.088	 29
     586.236	  8
     586.250	  9
     606.108	 51
     606.118	 18
     646.654	  8
     646.942	  8
     647.422	  8
     647.628	  8
     648.078	  8
     648.348	  8
     649.422	  8
     650.114	  8
     651.074	  8
     652.456	  8
     653.120	  8
     653.436	  8
     653.526	  8
     653.890	  8
     654.414	  8
     654.824	  8
     654.882	  8
     655.060	  8
     655.462	  8
     656.452	  8
     660.344	  8
     660.536	  8
     660.722	  8
     661.108	  8
     661.430	  8
     666.118	 53
     666.128	 20
     666.128	 27
     677.018	  8
     677.730	  8
     678.272	  8
     678.768	  8
     679.078	  8
     679.628	  8
     680.404	  8
     681.080	  8
     681.334	  8
     681.878	  8
     682.294	  8
     682.818	  8
     683.684	  8
     683.882	  8
     684.358	  8
     685.580	  8
     686.148	 50
     686.158	 17
     687.772	  8
     710.054	  8
     711.194	  8
     711.790	  8
     712.474	  8
     712.768	  8
     712.826	  8
     712.990	  8
     713.454	  8
     713.708	  8
     714.148	  8
     715.998	  8
     716.158	 53
     716.660	  8
     716.660	 20
     716.660	 27
     716.670	 28
     716.670	 19
     716.770	 29
     716.934	  9
     716.956	  8
     736.790	 50
     736.800	 17
     761.638	  8
     762.348	  8
     763.264	  8
     763.376	  8
     763.608	  8
     763.830	  8
     764.142	  8
     764.630	  8
     765.228	  8
     766.268	  8
     766.800	 53
     766.974	  8
     766.974	 20
     766.974	 27
     766.984	 28
     766.984	 19
     767.084	 29
     767.246	  9
     767.252	  8
     768.414	  8
     778.396	  7
     778.956	  7
     779.218	  7
     779.530	  7
     779.712	  7
     780.102	  7
     780.310	  7
     780.568	  7
     780.772	  7
     781.028	  7
     781.210	  7
     781.436	  7
     783.324	  7
     787.104	 52
     787.114	 10
     787.574	  6
     864.482	  8
     864.786	  8
     865.146	  8
     865.590	  8
     866.122	  8
     867.100	  8
     867.408	  8
     867.980	  8
     868.178	  8
     869.130	  8
     869.420	  8
     870.198	  8
     870.718	  8
     871.750	  8
     872.256	  8
     872.872	  8
     873.612	  8
     874.948	  8
     875.636	  8
     875.982	  8
     876.446	  8
     876.774	  8
     877.242	  8
     877.926	  8
     878.990	  8
     899.048	  8
     899.284	  8
     899.706	  8
     900.502	  8
     901.476	  8
     902.232	  8
     902.702	  8
     903.012	  8
     903.716	  8
     904.052	  8
     904.316	  8
     904.600	  8
     904.946	  8
     905.414	  8
     905.784	  8
     906.112	  8
     906.546	  8
     907.114	 53
     908.040	  8
     908.040	 20
     908.040	 27
     908.050	 28
     908.050	 19
     908.150	 29
     908.312	  9
     908.350	  8
     928.170	 52
     928.180	 10
     969.148	  8
     969.472	  8
     970.212	  8
     971.066	  8
     971.390	  8
     972.820	  8
     973.176	  8
     973.272	  8
     973.468	  8
     974.300	  8
     975.004	  8
     975.286	  8
     975.586	  8
     976.528	  8
     978.506	  8
     980.568	  8
     980.892	  8
     981.842	  8
     984.564	  8
     984.802	  8
     985.012	  8
     986.746	  8
     986.814	  8
     987.124	  8
     987.632	  8
     988.082	  8
     988.604	  8
     994.372	  8
     995.204	  8
     995.474	  8
     996.352	  8
     997.820	  8
     998.816	  8
     999.328	  8
     999.866	  8
    1000.550	  8
    1000.974	  8
    1001.180	  8
    1002.276	  8
    1002.422	  8
    1003.022	  8
    1003.490	  8
    1007.090	  8
    1007.308	  8
    1008.258	  8
    1008.400	  8
    1008.806	  8
    1009.424	  8
    1009.844	  8
    1010.174	  8
    1010.908	  8
    1012.092	  8
    1014.580	  8
    1016.156	  8
    1016.420	  8
    1016.938	  8
    1017.732	  8
    1018.302	  8
    1019.866	  8
    1020.790	  8
    1020.892	  8
    1020.936	  8
    1021.504	  8
    1024.276	  8
    1024.566	  8
    1025.098	  8
    1025.400	  8
    1025.540	  8
    1025.992	  8
    1026.142	  8
    1026.440	  8
    1026.808	  8
    1027.440	  8
    1028.102	  8
    1028.822	  8
    1029.084	  8
    1029.556	  8
    1030.086	  8
    1030.290	  8
    1030.892	  8
    1031.910	  8
    1032.180	  8
    1032.930	  8
    1033.152	  8
    1034.074	  8
    1034.382	  8
    1034.574	  8
    1034.970	  8
    1035.942	  8
    1037.028	  8
    1037.616	  8
    1039.284	  8
    1040.418	  8
    1040.774	  8
    1041.292	  8
    1041.776	  8
    1042.012	  8
    1042.778	  8
    1043.114	  8
    1043.498	  8
    1045.552	  8
    1046.996	  8
    1047.280	  8
    1047.732	  8
    1047.890	  8
    1048.180	 53
    1049.106	  8
    1049.106	 20
    1049.106	 27
    1049.116	 28
    1049.116	 19
    1049.216	 29
    1049.380	  9
    1049.416	  8
    1069.236	 51
    1069.246	 18
    1105.554	  8
    1105.924	  8
    1106.132	  8
    1106.512	  8
    1106.988	  8
    1107.068	  8
    1108.046	  8
    1108.618	  8
    1108.694	  8
    1109.026	  8
    1113.504	  8
    1129.246	 53
    1129.256	 20
    1129.256	 27
    1131.916	  8
    1132.392	  8
    1133.394	  8
    1133.536	  8
    1133.794	  8
    1134.300	  8
    1134.864	  8
    1135.790	  8
    1136.010	  8
    1136.746	  8
    1136.948	  8
    1137.444	  8
    1137.784	  8
    1138.018	  8
    1138.292	  8
    1138.782	  8
    1139.116	  8
    1139.402	  8
    1139.722	  8
    1140.746	  8
    1140.908	  8
    1141.154	  8
    1141.608	  8
    1141.698	  8
    1141.906	  8
    1142.970	  8
    1143.202	  8
    1143.556	  8
    1143.800	  8
    1143.962	  8
    1144.326	  8
    1144.584	  8
    1145.936	  8
    1146.760	  8
    1147.426	  8
    1148.004	  8
    1148.260	  8
    1149.092	  8
    1149.276	 52
    1149.286	 10
    1152.282	  8
    1152.396	  8
    1152.868	  8
    1153.064	  8
    1153.608	  8
    1156.172	  8
    1156.938	  8
    1182.394	  8
    1182.742	  8
    1183.154	  8
    1183.662	  8
    1183.926	  8
    1184.354	  8
    1184.496	  8
    1184.878	  8
    1185.216	  8
    1185.392	  8
    1185.738	  8
    1186.280	  8
    1187.742	  8
    1188.488	  8
    1188.568	  8
    1189.364	  8
    1189.688	  8
    1193.328	  8
    1193.676	  8
    1194.300	  8
    1194.754	  8
    1195.008	  8
    1195.754	  8
    1196.714	  8
    1197.008	  8
    1197.516	  8
    1198.428	  8
    1203.018	  8
    1203.288	  8
    1203.720	  8
    1203.854	  8
    1204.098	  8
    1204.180	  8
    1204.658	  8
    1205.004	  8
    1205.244	  8
    1205.618	  8
    1205.996	  8
    1207.034	  8
    1207.360	  8
    1207.658	  8
    1208.192	  8
    1208.270	  8
    1208.544	  8
    1208.586	  8
    1208.782	  8
    1210.574	  8
    1213.630	  8
    1214.750	  8
    1215.296	  8
    1216.702	  8
    1217.268	  8
    1223.828	  8
    1224.072	  8
    1224.654	  8
    1225.120	  8
    1225.450	  8
    1225.818	  8
    1226.074	  8
    1226.514	  8
    1230.376	  8
    1230.722	  8
    1231.696	  8
    1232.176	  8
    1233.142	  8
    1233.234	  8
    1233.390	  8
    1233.630	  8
    1234.236	  8
    1235.154	  8
    1235.866	  8
    1236.146	  8
    1236.404	  8
    1236.674	  8
    1236.914	  8
    1237.182	  8
    1237.436	  8
    1237.730	  8
    1238.694	  8
    1239.898	  8
    1240.108	  8
    1240.334	  8
    1241.384	  8
    1245.266	  8
    1245.742	  8
    1246.166	  8
    1246.558	  8
    1247.120	  8
    1247.808	  8
    1248.290	  8
    1248.730	  8
    1248.998	  8
    1249.620	  8
    1249.884	  8
    1250.340	  8
    1250.450	  8
    1250.890	  8
    1251.134	  8
    1251.642	  8
    1252.228	  8
    1252.600	  8
    1253.372	  8
    1253.966	  8
    1254.212	  8
    1254.700	  8
    1255.088	  8
    1255.366	  8
    1256.936	  8
    1257.428	  8
    1258.350	  8
    1261.062	  8
    1261.332	  8
    1261.718	  8
    1262.178	  8
    1262.712	  8
    1262.780	  8
    1262.946	  8
    1264.252	  8
    1264.658	  8
    1265.252	  8
    1266.490	  8
    1267.338	  8
    1267.570	  8
    1268.214	  8
    1269.286	 53
    1269.606	  8
    1269.606	 20
    1269.606	 27
    1269.616	 28
    1269.616	 19
    1269.716	 29
    1269.864	  8
    1269.880	  9
    1289.736	 50
    1289.746	 17
    1290.978	  7
    1291.352	  7
    1295.210	  7
    1297.398	  7
    1297.438	  7
    1302.712	  7
    1304.226	  7
    1311.240	  8
    1311.988	  8
    1313.756	  8
    1314.022	  8
    1314.316	  8
    1315.046	  8
    1315.746	  8
    1316.570	  8
    1316.908	  8
    1317.092	  8
    1317.468	  8
    1317.654	  8
    1319.454	  8
    1319.746	 53
    1319.870	  8
    1319.870	 20
    1319.870	 27
    1319.880	 28
    1319.880	 19
    1319.980	 29
    1320.142	  9
    1320.178	  8
    1321.092	  8
    1330.670	  7
    1330.794	  7
    1330.994	  7
    1331.642	  7
    1336.266	  7
    1336.538	  7
    1337.778	  7
    1340.000	 52
    1340.010	 10
    1417.952	  8
    1418.302	  8
    1418.666	  8
    1419.290	  8
    1420.664	  8
    1421.446	  8
    1421.866	  8
    1423.066	  8
    1423.882	  8
    1424.792	  8
    1425.814	  8
    1426.496	  8
    1426.832	  8
    1429.594	  8
    1430.176	  8
    1431.224	  8
    1434.672	  8
    1435.248	  8
    1437.770	  8
    1438.098	  8
    1460.010	 53
    1483.878	  8
    1483.878	 20
    1483.878	 27
    1483.888	 28
    1483.888	 19
    1483.988	 29
    1484.150	  8
    1484.152	  9
    1484.838	  8
    1504.008	 50
    1504.018	 17
    1505.548	  7
    1533.506	  8
    1533.982	  8
    1534.018	 53
    1534.418	  8
    1534.418	 20
    1534.418	 27
    1534.428	 28
    1534.428	 19
    1534.528	 29
    1534.664	  8
    1534.690	  9
    1553.876	  7
    1554.548	 50
    1554.558	 17
    1557.990	  7
    1558.118	  7
    1558.276	  7
    1558.994	  7
    1563.062	  7
    1563.456	  7
    1572.210	  8
    1572.776	  8
    1572.950	  8
    1576.822	  8
    1577.476	  8
    1578.698	  8
    1578.880	  8
    1579.738	  8
    1580.044	  8
    1581.004	  8
    1581.992	  8
    1582.580	  8
    1582.856	  8
    1584.558	 53
    1585.000	  8
    1585.000	 20
    1585.000	 27
    1585.010	 28
    1585.010	 19
    1585.110	 29
    1585.272	  9
    1585.308	  8
    1604.366	  7
    1605.130	 50
    1605.140	 17
    1605.902	  7
    1606.014	  7
    1606.200	  7
    1606.944	  7
    1613.932	  7
    1614.234	  7
    1620.988	  7
    1624.764	  7
    1629.398	  8
    1629.650	  8
    1630.266	  8
    1630.604	  8
    1630.932	  8
    1631.546	  8
    1632.028	  8
    1632.966	  8
    1633.542	  8
    1634.490	  8
    1634.730	  8
    1635.140	 53
    1635.354	  8
    1635.354	 20
    1635.354	 27
    1635.364	 28
    1635.364	 19
    1635.464	 29
    1635.626	  9
    1635.638	  8
    1655.484	 51
    1655.494	 18
    1696.714	  8
    1697.334	  8
    1698.042	  8
    1698.554	  8
    1699.106	  8
    1699.672	  8
    1700.482	  8
    1700.980	  8
    1701.024	  8
    1703.068	  8
    1703.396	  8
    1704.558	  8
    1705.164	  8
    1706.474	  8
    1707.280	  8
    1709.018	  8
    1709.544	  8
    1710.162	  8
    1710.940	  8
    1711.256	  8
    1711.778	  8
    1712.574	  8
    1712.674	  8
    1713.214	  8
    1713.818	  8
    1715.494	 53
    1715.504	 20
    1715.504	 27
    1716.564	  8
    1718.634	  8
    1721.094	  8
    1723.588	  8
    1724.160	  8
    1724.538	  8
    1724.972	  8
    1726.238	  8
    1726.458	  8
    1727.002	  8
    1727.210	  8
    1727.590	  8
    1727.752	  8
    1729.676	  8
    1730.022	  8
    1734.624	  8
    1734.682	  8
    1735.524	 51
    1735.534	 18
    1735.780	  8
    1736.362	  8
    1736.742	  8
    1736.806	  8
    1737.432	  8
    1739.460	  8
    1739.662	  8
    1741.106	  8
    1742.800	  8
    1743.192	  8
    1743.306	  8
    1744.862	  8
    1745.526	  8
    1746.046	  8
    1746.388	  8
    1746.856	  8
    1747.486	  8
    1747.748	  8
    1748.248	  8
    1748.630	  8
    1749.046	  8
    1749.736	  8
    1751.226	  8
    1751.972	  8
    1753.284	  8
    1757.890	  8
    1758.102	  8
    1758.838	  8
    1759.308	  8
    1759.640	  8
    1759.972	  8
    1761.360	  8
    1761.936	  8
    1762.008	  8
    1762.664	  8
    1764.926	  8
    1765.192	  8
    1765.574	  8
    1765.936	  8
    1766.864	  8
    1768.082	  8
    1768.432	  8
    1768.726	  8
    1770.388	  8
    1771.554	  8
    1771.900	  8
    1772.294	  8
    1772.862	  8
    1773.320	  8
    1773.520	  8
    1775.340	  8
    1775.452	  8
    1775.832	  8
    1776.266	  8
    1776.590	  8
    1777.056	  8
    1777.806	  8
    1778.374	  8
    1778.894	  8
    1779.042	  8
    1779.276	  8
    1781.164	  8
    1781.368	  8
    1781.860	  8
    1782.236	  8
    1782.452	  8
    1782.950	  8
    1783.242	  8
    1783.492	  8
    1783.650	  8
    1784.928	  8
    1785.074	  8
    1785.600	  8
    1785.970	  8
    1786.774	  8
    1786.890	  8
    1787.544	  8
    1787.718	  8
    1788.266	  8
    1789.674	  8
    1789.988	  8
    1790.784	  8
    1791.266	  8
    1792.096	  8
    1792.582	  8
    1792.918	  8
    1793.266	  8
    1793.658	  8
    1794.784	  8
    1795.324	  8
    1795.534	 53
    1795.544	 20
    1795.544	 27
    1796.054	  8
    1796.316	  8
    1797.512	  8
    1798.250	  8
    1798.718	  8
    1800.086	  8
    1800.534	  8
    1802.746	  8
    1803.298	  8
    1803.712	  8
    1803.758	  8
    1804.258	  8
    1805.632	  8
    1805.810	  8
    1805.902	  8
    1806.808	  8
    1807.242	  8
    1807.420	  8
    1809.944	  8
    1810.688	  8
    1811.012	  8
    1811.482	  8
    1812.246	  8
    1813.014	  8
    1813.876	  8
    1814.374	  8
    1815.564	 52
    1815.574	 10
    1850.658	  8
    1851.270	  8
    1851.774	  8
    1852.614	  8
    1872.582	  8
    1873.030	  8
    1873.990	  8
    1874.542	  8
    1874.988	  8
    1875.598	  8
    1876.026	  8
    1876.610	  8
    1877.008	  8
    1877.592	  8
    1877.958	  8
    1878.176	  8
    1878.620	  8
    1879.048	  8
    1879.446	  8
    1880.086	  8
    1880.558	  8
    1881.100	  8
    1882.262	  8
    1882.626	  8
    1883.062	  8
    1884.138	  8
    1884.568	  8
    1884.902	  8
    1885.478	  8
    1885.734	  8
    1886.486	  8
    1887.252	  8
    1888.920	  8
    1889.360	  8
    1893.222	  8
    1893.562	  8
    1894.080	  8
    1894.618	  8
    1895.206	  8
    1895.450	  8
    1896.422	  8
    1897.054	  8
    1897.884	  8
    1898.922	  8
    1899.360	  8
    1900.044	  8
    1900.734	  8
    1901.780	  8
    1902.502	  8
    1903.528	  8
    1904.000	  8
    1904.364	  8
    1904.782	  8
    1908.608	  8
    1908.868	  8
    1909.298	  8
    1909.752	  8
    1910.146	  8
    1910.916	  8
    1911.304	  8
    1911.788	  8
    1912.098	  8
    1912.222	  8
    1912.890	  8
    1913.850	  8
    1914.106	  8
    1914.914	  8
    1915.256	  8
    1915.604	  8
    1915.804	  8
    1916.716	  8
    1917.548	  8
    1917.952	  8
    1919.064	  8
    1919.410	  8
    1920.228	  8
    1920.926	  8
    1921.042	  8
    1921.214	  8
    1921.694	  8
    1922.442	  8
    1922.938	  8
    1923.888	  8
    1924.036	  8
    1924.644	  8
    1924.962	  8
    1926.258	  8
    1926.846	  8
    1927.712	  8
    1928.276	  8
    1928.660	  8
    1929.706	  8
    1929.956	  8
    1931.400	  8
    1932.148	  8
    1932.900	  8
    1933.312	  8
    1934.684	  8
    1935.130	  8
    1935.348	  8
    1935.574	 53
    1935.984	  8
    1935.984	 20
    1935.984	 27
    1935.994	 28
    1935.994	 19
    1936.094	 29
    1936.252	  8
    1936.258	  9
    1956.114	 52
    1956.124	 10
    2011.446	  8
    2011.546	  8
    2012.620	  8
    2013.152	  8
    2013.864	  8
    2014.982	  8
    2015.456	  8
    2016.244	  8
    2030.824	  7
    2031.026	  7
    2031.196	  7
    2031.416	  7
    2031.598	  7
    2031.814	  7
    2032.216	  7
    2032.666	  7
    2033.298	  7
    2037.658	  8
    2037.962	  8
    2038.900	  8
    2039.728	  8
    2041.366	  8
    2041.910	  8
    2043.596	  8
    2044.588	  8
    2044.816	  8
    2045.314	  8
    2045.946	  8
    2046.900	  8
    2047.340	  8
    2052.630	  8
    2052.750	  8
    2052.962	  8
    2053.690	  8
    2054.230	  8
    2055.484	  8
    2058.350	  8
    2058.412	  8
    2059.082	  8
    2061.962	  8
    2062.702	  8
    2063.062	  8
    2063.316	  8
    2063.830	  8
    2065.326	  8
    2066.726	  8
    2067.464	  8
    2068.644	  8
    2068.808	  8
    2069.272	  8
    2069.522	  8
    2070.000	  8
    2070.346	  8
    2070.858	  8
    2072.458	  8
    2073.758	  8
    2074.506	  8
    2074.990	  8
    2075.462	  8
    2076.124	 53
    2076.172	  8
    2076.172	 20
    2076.172	 27
    2076.182	 28
    2076.182	 19
    2076.282	 29
    2076.446	  9
    2076.470	  8
    2096.302	 51
    2096.312	 18
    2139.980	  8
    2140.930	  8
    2141.626	  8
    2142.166	  8
    2142.656	  8
    2142.834	  8
    2143.676	  8
    2144.286	  8
    2144.910	  8
    2145.818	  8
    2146.370	  8
    2146.814	  8
    2147.342	  8
    2148.070	  8
    2148.606	  8
    2149.710	  8
    2150.038	  8
    2150.404	  8
    2150.648	  8
    2150.870	  8
    2151.748	  8
    2151.884	  8
    2152.908	  8
    2153.686	  8
    2154.738	  8
    2155.088	  8
    2155.838	  8
    2156.150	  8
    2156.312	 53
    2156.322	 20
    2156.322	 27
    2156.394	  8
    2157.790	  8
    2158.276	  8
    2158.818	  8
    2158.916	  8
    2159.868	  8
    2160.382	  8
    2160.520	  8
    2160.898	  8
    2161.294	  8
    2162.120	  8
    2162.878	  8
    2163.088	  8
    2165.440	  8
    2165.860	  8
    2166.220	  8
    2167.588	  8
    2168.094	  8
    2169.700	  8
    2169.900	  8
    2171.064	  8
    2171.352	  8
    2171.846	  8
    2172.542	  8
    2173.002	  8
    2174.122	  8
    2175.130	  8
    2175.504	  8
    2176.342	 50
    2176.352	 17
    2176.576	  8
    2177.244	  8
    2187.224	  8
    2187.862	  8
    2188.202	  8
    2188.838	  8
    2189.026	  8
    2189.380	  8
    2189.954	  8
    2190.620	  8
    2191.524	  8
    2191.898	  8
    2192.212	  8
    2192.676	  8
    2192.910	  8
    2193.136	  8
    2193.302	  8
    2193.840	  8
    2194.180	  8
    2194.422	  8
    2195.628	  8
    2196.136	  8
    2196.414	  8
    2197.108	  8
    2197.376	  8
    2197.582	  8
    2198.844	  8
    2199.556	  8
    2199.884	  8
    2200.094	  8
    2200.286	  8
    2200.474	  8
    2200.772	  8
    2201.184	  8
    2201.236	  8
    2202.274	  8
    2202.898	  8
    2203.390	  8
    2204.516	  8
    2204.594	  8
    2205.180	  8
    2205.496	  8
    2205.900	  8
    2206.352	 53
    2206.802	  8
    2206.802	 20
    2206.802	 27
    2206.812	 28
    2206.812	 19
    2206.874	  8
    2206.912	 29
    2206.960	  8
    2207.076	  9
    2210.734	  8
    2226.932	 51
    2226.942	 18
    2277.606	  8
    2278.328	  8
    2278.836	  8
    2279.130	  8
    2279.262	  8
    2279.874	  8
    2280.612	  8
    2281.566	  8
    2282.350	  8
    2283.346	  8
    2284.104	  8
    2284.406	  8
    2284.600	  8
    2284.934	  8
    2286.870	  8
    2286.942	 53
    2286.952	 20
    2286.952	 27
    2287.058	  8
    2287.378	  8
    2294.596	  8
    2294.748	  8
    2303.354	  8
    2303.740	  8
    2304.474	  8
    2304.954	  8
    2305.504	  8
    2306.972	 52
    2306.982	 10
    2317.118	  8
    2317.240	  8
    2318.838	  8
    2319.458	  8
    2323.312	  8
    2324.198	  8
    2324.848	  8
    2335.872	  8
    2336.024	  8
    2336.726	  8
    2337.504	  8
    2338.098	  8
    2339.956	  8
    2341.180	  8
    2341.764	  8
    2343.100	  8
    2343.622	  8
    2345.146	  8
    2345.556	  8
    2345.856	  8
    2346.924	  8
    2347.670	  8
    2348.008	  8
    2348.330	  8
    2348.830	  8
    2356.366	  8
    2357.918	  8
    2358.924	  8
    2359.608	  8
    2361.158	  8
    2362.312	  8
    2363.540	  8
    2363.866	  8
    2365.854	  8
    2366.472	  8
    2366.960	  8
    2367.528	  8
    2368.666	  8
    2369.464	  8
    2374.660	  8
    2375.818	  8
    2380.956	  8
    2383.632	  8
    2384.062	  8
    2384.768	  8
    2385.134	  8
    2385.208	  8
    2385.666	  8
    2386.324	  8
    2386.840	  8
    2387.826	  8
    2388.084	  8
    2388.326	  8
    2388.656	  8
    2389.700	  8
    2389.958	  8
    2391.338	  8
    2392.400	  8
    2392.572	  8
    2392.974	  8
    2393.292	  8
    2393.662	  8
    2394.740	  8
    2395.000	  8
    2395.092	  8
    2395.356	  8
    2396.382	  8
    2396.754	  8
    2397.152	  8
    2397.564	  8
    2398.486	  8
    2398.682	  8
    2398.816	  8
    2399.000	  8
    2400.964	  8
    2401.278	  8
    2401.602	  8
    2402.280	  8
    2402.792	  8
    2403.540	  8
    2403.828	  8
    2404.716	  8
    2405.434	  8
    2406.158	  8
    2406.600	  8
    2407.336	  8
    2407.402	  8
    2408.320	  8
    2408.406	  8
    2409.076	  8
    2409.336	  8
    2409.654	  8
    2410.268	  8
    2410.668	  8
    2410.940	  8
    2411.326	  8
    2412.544	  8
    2412.908	  8
    2413.486	  8
    2414.218	  8
    2414.620	  8
    2414.864	  8
    2415.488	  8
    2415.810	  8
    2417.480	  8
    2417.828	  8
    2418.420	  8
    2418.968	  8
    2419.596	  8
    2420.170	  8
    2420.308	  8
    2420.770	  8
    2421.136	  8
    2421.320	  8
    2422.250	  8
    2422.490	  8
    2422.908	  8
    2423.226	  8
    2424.334	  8
    2424.814	  8
    2425.324	  8
    2426.264	  8
    2426.662	  8
    2426.982	 53
    2427.484	  8
    2427.484	 20
    2427.484	 27
    2427.494	 28
    2427.494	 19
    2427.594	 29
    2427.758	  9
    2427.778	  8
    2429.490	  8
    2429.918	  8
    2431.438	  8
    2431.504	  8
    2431.824	  8
    2447.614	 52
    2447.624	 10
    2494.008	  8
    2494.970	  8
    2495.560	  8
    2565.740	  8
    2566.484	  8
    2567.112	  8
    2567.624	 53
    2567.712	  8
    2567.712	 20
    2567.712	 27
    2567.722	 28
    2567.722	 19
    2567.822	 29
    2567.986	  9
    2568.010	  8
    2569.008	  8
    2587.842	 52
    2587.852	 10
    2658.644	  8
    2659.144	  8
    2660.938	  8
    2661.428	  8
    2662.210	  8
    2663.140	  8
    2663.550	  8
    2664.004	  8
    2665.926	  8
    2666.262	  8
    2666.600	  8
    2667.576	  8
    2669.076	  8
    2669.508	  8
    2670.040	  8
    2670.774	  8
    2671.090	  8
    2671.744	  8
    2671.936	  8
    2674.282	  8
    2675.270	  8
    2676.214	  8
    2676.896	  8
    2677.798	  8
    2679.230	  8
    2679.958	  8
    2681.000	  8
    2681.472	  8
    2681.884	  8
    2682.408	  8
    2683.928	  8
    2686.212	  8
    2686.276	  8
    2686.788	  8
    2687.430	  8
    2687.822	  8
    2688.332	  8
    2688.534	  8
    2688.806	  8
    2689.378	  8
    2690.494	  8
    2690.758	  8
    2691.168	  8
    2691.760	  8
    2692.600	  8
    2693.100	  8
    2695.872	  8
    2696.250	  8
    2696.842	  8
    2697.304	  8
    2697.932	  8
    2698.536	  8
    2699.436	  8
    2700.250	  8
    2700.608	  8
    2700.892	  8
    2702.838	  8
    2703.020	  8
    2703.364	  8
    2703.760	  8
    2704.448	  8
    2704.796	  8
    2705.672	  8
    2706.392	  8
    2707.010	  8
    2707.334	  8
    2707.844	  8
    2707.852	 53
    2708.140	  8
    2708.140	 20
    2708.140	 27
    2708.150	 28
    2708.150	 19
    2708.250	 29
    2708.414	  9
    2708.428	  8
    2728.270	 51
    2728.280	 18
    2754.070	  8
    2754.216	  8
    2759.370	  8
    2761.622	  8
    2762.514	  8
    2762.964	  8
    2765.604	  8
    2766.042	  8
    2768.184	  8
    2769.128	  8
    2772.248	  8
    2773.240	  8
    2774.946	  8
    2775.780	  8
    2776.274	  8
    2776.878	  8
    2777.772	  8
    2778.534	  8
    2779.448	  8
    2781.756	  8
    2783.934	  8
    2785.464	  8
    2785.954	  8
    2786.332	  8
    2786.838	  8
    2787.342	  8
    2788.280	 53
    2788.288	  8
    2788.290	 20
    2788.290	 27
    2788.804	  8
    2789.320	  8
    2789.910	  8
    2790.970	  8
    2795.610	  8
    2797.730	  8
    2803.254	  8
    2803.744	  8
    2805.326	  8
    2806.256	  8
    2808.310	 51
    2808.320	 18
    2809.184	  8
    2810.868	  8
    2811.838	  8
    2812.038	  8
    2812.886	  8
    2813.190	  8
    2814.294	  8
    2814.812	  8
    2816.060	  8
    2816.822	  8
    2817.780	  8
    2818.094	  8
    2821.330	  8
    2821.384	  8
    2823.408	  8
    2824.384	  8
    2825.378	  8
    2826.278	  8
    2827.758	  8
    2831.412	  8
    2834.476	  8
    2836.866	  8
    2837.356	  8
    2846.164	  8
    2848.544	  8
    2853.322	  8
    2853.716	  8
    2854.712	  8
    2855.892	  8
    2856.176	  8
    2863.080	  8
    2863.142	  8
    2863.452	  8
    2863.528	  8
    2868.320	 53
    2868.330	 20
    2868.330	 27
    2888.350	 51
    2888.360	 18
    2898.802	  8
    2899.106	  8
    2903.652	  8
    2904.760	  8
    2937.618	  8
    2938.784	  8
    2939.768	  8
    2941.072	  8
    2941.594	  8
    2942.590	  8
    2943.372	  8
    2943.476	  8
    2948.360	 53
    2948.370	 20
    2948.370	 27
    2966.728	  8
    2967.954	  8
    2968.390	 50
    2968.400	 17
    2974.388	  8
    2975.100	  8
    2982.048	  8
    2983.014	  8
    2984.754	  8
    2985.120	  8
    2986.184	  8
    2987.760	  8
    2989.226	  8
    2989.756	  8
    2991.786	  8
    2992.204	  8
    2992.838	  8
    2994.378	  8
    2994.806	  8
    2994.904	  8
    2995.386	  8
    2995.794	  8
    2996.036	  8
    2996.482	  8
    2997.390	  8
    2997.744	  8
    2997.978	  8
    2998.400	 53
    2998.506	  8
    2998.506	 20
    2998.506	 27
    2998.516	 28
    2998.516	 19
    2998.616	 29
    2998.780	  9
    2998.784	  8
    3000.528	  8
    3018.636	 50
    3018.646	 17
    3034.470	  8
    3036.548	  8
    3038.020	  8
    3042.354	  8
    3045.626	  8
    3045.998	  8
    3046.742	  8
    3047.542	  8
    3048.646	 53
    3049.132	  8
    3049.132	 20
    3049.132	 27
    3049.142	 28
    3049.142	 19
    3049.242	 29
    3049.404	  9
    3049.414	  8
    3050.542	  8
    3050.792	  8
    3069.262	 50
    3069.272	 17
    3089.676	  8
    3090.684	  8
    3091.318	  8
    3093.524	  8
    3095.804	  8
    3096.540	  8
    3097.234	  8
    3098.036	  8
    3098.396	  8
    3098.622	  8
    3099.048	  8
    3099.272	 53
    3099.752	  8
    3099.752	 20
    3099.752	 27
    3099.762	 28
    3099.762	 19
    3099.862	 29
    3100.024	  9
    3100.046	  8
    3102.098	  8
    3119.882	 52
    3119.892	 10
    3162.396	  8
    3162.784	  8
    3169.922	  8
    3170.470	  8
    3210.918	  8
    3211.404	  8
    3212.072	  8
    3213.684	  8
    3215.088	  8
    3216.014	  8
    3216.550	  8
    3216.968	  8
    3217.674	  8
    3218.320	  8
    3218.438	  8
    3220.290	  8
    3220.612	  8
    3221.024	  8
    3221.346	  8
    3222.066	  8
    3222.764	  8
    3223.308	  8
    3223.618	  8
    3224.584	  8
    3226.394	  8
    3227.962	  8
    3228.564	  8
    3229.016	  8
    3229.472	  8
    3230.632	  8
    3232.648	  8
    3232.928	  8
    3235.450	  8
    3235.750	  8
    3236.584	  8
    3237.110	  8
    3238.556	  8
    3239.218	  8
    3239.634	  8
    3239.892	 53
    3240.006	  8
    3240.006	 20
    3240.006	 27
    3240.016	 28
    3240.016	 19
    3240.116	 29
    3240.280	  9
    3240.334	  8
    3260.136	 51
    3260.146	 18
    3295.394	  8
    3296.352	  8
    3317.150	  8
    3318.318	  8
    3318.858	  8
    3319.946	  8
    3320.146	 53
    3320.156	 20
    3320.156	 27
    3320.668	  8
    3340.176	 50
    3340.186	 17
    3343.540	  8
    3344.310	  8
    3345.644	  8
    3346.112	  8
    3347.296	  8
    3348.346	  8
    3349.518	  8
    3349.932	  8
    3350.114	  8
    3350.364	  8
    3350.626	  8
    3351.054	  8
    3351.566	  8
    3351.982	  8
    3352.520	  8
    3353.258	  8
    3353.918	  8
    3354.348	  8
    3354.650	  8
    3355.114	  8
    3356.450	  8
    3356.550	  8
    3357.296	  8
    3357.824	  8
    3358.476	  8
    3358.662	  8
    3359.000	  8
    3359.334	  8
    3359.622	  8
    3359.708	  8
    3360.098	  8
    3360.204	  8
    3360.430	  8
    3360.660	  8
    3361.146	  8
    3362.192	  8
    3362.510	  8
    3363.026	  8
    3363.244	  8
    3363.978	  8
    3364.644	  8
    3365.042	  8
    3365.560	  8
    3366.758	  8
    3367.138	  8
    3367.454	  8
    3368.488	  8
    3368.718	  8
    3368.948	  8
    3369.408	  8
    3369.618	  8
    3369.984	  8
    3370.186	 53
    3370.780	  8
    3370.780	 20
    3370.780	 27
    3370.790	 28
    3370.790	 19
    3370.890	 29
    3371.016	  8
    3371.054	  9
    3390.910	 51
    3390.920	 18
    3429.792	  8
    3430.140	  8
    3449.900	  8
    3450.730	  8
    3450.920	 53
    3450.930	 20
    3450.930	 27
    3452.340	  8
    3458.556	  8
    3460.426	  8
    3470.950	 52
    3470.960	 10
    3470.994	  8
    3562.278	  8
    3562.650	  8
    3563.042	  8
    3563.702	  8
    3563.786	  8
    3563.944	  8
    3564.546	  8
    3564.814	  8
    3565.718	  8
    3566.036	  8
    3566.502	  8
    3566.756	  8
    3567.038	  8
    3567.468	  8
    3567.834	  8
    3568.016	  8
    3569.498	  8
    3570.082	  8
    3570.500	  8
    3571.286	  8
    3571.890	  8
    3571.974	  8
    3573.296	  8
    3573.568	  8
    3574.076	  8
    3574.736	  8
    3575.104	  8
    3575.568	  8
    3576.440	  8
    3576.788	  8
    3577.586	  8
    3578.542	  8
    3581.848	  8
    3583.066	  8
    3583.740	  8
    3584.350	  8
    3585.054	  8
    3586.528	  8
    3587.402	  8
    3588.862	  8
    3589.862	  8
    3590.896	  8
    3590.960	 53
    3591.958	  8
    3591.958	 20
    3591.958	 27
    3591.968	 28
    3591.968	 19
    3592.068	 29
    3592.230	  9
    3592.278	  8
    3612.088	 51
    3612.098	 18
    3662.110	  8
    3664.528	  8
    3664.804	  8
    3666.002	  8
    3667.904	  8
    3669.264	  8
    3672.098	 53
    3672.108	 20
    3672.108	 27
    3672.872	  8
    3673.410	  8
    3673.914	  8
    3674.444	  8
    3674.908	  8
    3676.236	  8
    3678.046	  8
    3679.380	  8
    3681.770	  8
    3684.034	  8
    3684.510	  8
    3686.186	  8
    3686.502	  8
    3687.730	  8
    3688.302	  8
    3689.464	  8
    3692.042	  8
    3692.128	 52
    3692.138	 10
    3692.392	  8
    3750.484	  8
    3750.830	  8
    3751.532	  8
    3752.620	  8
    3754.422	  8
    3755.460	  8
    3755.976	  8
    3756.434	  8
    3757.024	  8
    3762.514	  8
    3763.154	  8
    3763.498	  8
    3764.278	  8
    3764.950	  8
    3766.700	  8
    3767.508	  8
    3767.726	  8
    3769.758	  8
    3771.666	  8
    3772.752	  8
    3772.872	  8
    3772.914	  8
    3773.300	  8
    3774.696	  8
    3775.194	  8
    3775.772	  8
    3776.858	  8
    3780.098	  8
    3781.322	  8
    3782.192	  8
    3783.382	  8
    3783.886	  8
    3785.138	  8
    3786.752	  8
    3788.058	  8
    3788.448	  8
    3788.618	  8
    3789.254	  8
    3790.858	  8
    3794.460	  8
    3795.734	  8
    3796.462	  8
    3796.832	  8
    3797.444	  8
    3797.962	  8
    3800.424	  8
    3800.974	  8
    3801.480	  8
    3802.102	  8
    3803.904	  8
    3804.078	  8
    3804.274	  8
    3804.326	  8
    3808.444	  8
    3808.686	  8
    3808.996	  8
    3810.178	  8
    3810.752	  8
    3811.270	  8
    3811.998	  8
    3812.138	 53
    3812.864	  8
    3812.864	 20
    3812.864	 27
    3812.874	 28
    3812.874	 19
    3812.974	 29
    3813.138	  9
    3813.182	  8
    3832.994	 51
    3833.004	 18
    3893.004	 53
    3893.014	 20
    3893.014	 27
    3895.612	  8
    3895.896	  8
    3896.566	  8
    3899.856	  8
    3900.240	  8
    3902.322	  8
    3909.840	  8
    3910.448	  8
    3910.630	  8
    3911.678	  8
    3913.034	 50
    3913.044	 17
    3919.336	  8
    3920.910	  8
    3921.822	  8
    3923.498	  8
    3924.728	  8
    3924.948	  8
    3925.912	  8
    3926.432	  8
    3926.912	  8
    3927.476	  8
    3927.954	  8
    3928.208	  8
    3929.062	  8
    3929.442	  8
    3930.510	  8
    3931.024	  8
    3931.670	  8
    3931.732	  8
    3932.580	  8
    3932.846	  8
    3933.636	  8
    3935.004	  8
    3935.298	  8
    3935.706	  8
    3935.896	  8
    3937.028	  8
    3937.252	  8
    3937.894	  8
    3938.062	  8
    3938.328	  8
    3938.652	  8
    3939.212	  8
    3939.312	  8
    3939.618	  8
    3939.838	  8
    3940.158	  8
    3940.368	  8
    3941.700	  8
    3942.278	  8
    3943.044	 53
    3943.386	  8
    3943.386	 20
    3943.386	 27
    3943.396	 28
    3943.396	 19
    3943.496	 29
    3943.646	  8
    3943.660	  9
    3945.052	  8
    3963.516	 51
    3963.526	 18
    4023.526	 53
    4023.536	 20
    4023.536	 27
    4032.214	  8
    4032.844	  8
    4034.122	  8
    4036.212	  8
    4040.396	  8
    4043.556	 51
    4043.566	 18
    4103.566	 53
    4103.576	 20
    4103.576	 27
    4123.596	 51
    4123.606	 18
    4165.090	  8
    4165.332	  8
    4166.078	  8
    4166.930	  8
    4167.560	  8
    4171.554	  8
    4174.848	  8
    4183.606	 53
    4183.616	 20
    4183.616	 27
    4203.636	 51
    4203.646	 18
    4238.400	  8
    4238.936	  8
    4240.720	  8
    4242.262	  8
    4244.538	  8
    4245.024	  8
    4245.622	  8
    4246.506	  8
    4247.304	  8
    4248.628	  8
    4250.076	  8
    4251.090	  8
    4252.300	  8
    4252.746	  8
    4253.940	  8
    4254.726	  8
    4258.018	  8
    4259.512	  8
    4263.646	 53
    4263.656	 20
    4263.656	 27
    4268.588	  8
    4269.784	  8
    4271.228	  8
    4273.680	  8
    4274.104	  8
    4274.896	  8
    4275.334	  8
    4276.012	  8
    4276.540	  8
    4283.676	 51
    4283.686	 18
    4285.786	  8
    4286.490	  8
    4293.418	  8
    4343.686	 53
    4343.696	 20
    4343.696	 27
    4363.716	 51
    4363.726	 18
    4421.396	  8
    4422.260	  8
    4422.560	  8
    4423.118	  8
    4423.608	  8
    4423.726	 53
    4423.736	 20
    4423.736	 27
    4424.180	  8
    4425.214	  8
    4425.584	  8
    4425.746	  8
    4426.136	  8
    4426.588	  8
    4427.146	  8
    4429.644	  8
    4430.268	  8
    4431.170	  8
    4431.786	  8
    4435.260	  8
    4437.280	  8
    4437.792	  8
    4438.210	  8
    4439.298	  8
    4440.318	  8
    4440.366	  8
    4440.618	  8
    4441.744	  8
    4442.178	  8
    4442.828	  8
    4443.432	  8
    4443.756	 50
    4443.766	 17
    4447.876	  8
    4448.356	  8
    4449.428	  8
    4450.108	  8
    4454.742	  8
    4457.248	  8
    4459.114	  8
    4459.590	  8
    4461.284	  8
    4461.394	  8
    4461.852	  8
    4462.342	  8
    4463.240	  8
    4463.578	  8
    4464.524	  8
    4465.064	  8
    4465.358	  8
    4465.790	  8
    4466.356	  8
    4466.466	  8
    4466.946	  8
    4467.272	  8
    4468.366	  8
    4468.690	  8
    4469.580	  8
    4470.350	  8
    4471.002	  8
    4471.370	  8
    4471.780	  8
    4472.600	  8
    4473.442	  8
    4473.766	 53
    4473.878	  8
    4473.878	 20
    4473.878	 27
    4473.888	 28
    4473.888	 19
    4473.988	 29
    4474.152	  9
    4474.170	  8
    4475.812	  8
    4494.008	 51
    4494.018	 18
    4554.018	 53
    4554.028	 20
    4554.028	 27
    4568.300	  8
    4568.376	  8
    4574.048	 51
    4574.058	 18
    4618.796	  8
    4634.058	 53
    4634.068	 20
    4634.068	 27
    4654.088	 51
    4654.098	 18
    4696.982	  8
    4700.292	  8
    4714.098	 53
    4714.108	 20
    4714.108	 27
    4734.128	 51
    4734.138	 18
    4794.138	 53
    4794.148	 20
    4794.148	 27
    4814.168	 51
    4814.178	 18
    4874.178	 53
    4874.188	 20
    4874.188	 27
    4880.614	  8
    4880.984	  8
    4881.286	  8
    4881.930	  8
    4894.208	 52
    4894.218	 10
    4943.628	  8
    4943.724	  8
    4944.332	  8
    4945.638	  8
    4948.376	  8
    4949.444	  8
    4950.848	  8
    4953.672	  8
    4954.656	  8
    4975.156	  8
    4978.496	  8
    4978.942	  8
    5005.932	  8
    5006.970	  8
    5011.374	  8
    5011.538	  8
    5012.180	  8
    5012.264	  8
    5013.416	  8
    5014.218	 53
    5015.212	  8
    5015.212	 20
    5015.212	 27
    5015.222	 28
    5015.222	 19
    5015.322	 29
    5015.486	  9
    5015.544	  8
    5035.342	 50
    5035.352	 17
    5061.708	  8
    5061.988	  8
    5062.480	  8
    5063.432	  8
    5064.252	  8
    5065.120	  8
    5065.352	 53
    5067.528	  8
    5067.528	 20
    5067.528	 27
    5067.538	 28
    5067.538	 19
    5067.638	 29
    5067.800	  9
    5067.838	  8
    5069.294	  8
    5087.658	 51
    5087.668	 18
    5147.668	 53
    5147.678	 20
    5147.678	 27
    5147.688	 61
