      16.040	  7
      20.010	 51
      20.020	 18
      21.690	  8
      40.194	  8
      40.300	  8
      40.494	  8
      45.170	  8
      45.282	  8
      48.712	  7
      48.834	  7
      48.924	  7
      49.286	  7
      49.526	  7
      49.634	  7
      49.786	  7
      49.936	  7
      50.180	  7
      64.306	  8
      80.020	 53
      80.030	 20
      80.030	 27
      81.174	  7
      87.646	  8
      87.804	  8
      95.774	  8
      98.274	  8
     100.050	 50
     100.060	 17
     113.792	  8
     113.930	  8
     114.790	  8
     117.514	  8
     122.436	  8
     123.534	  8
     123.942	  8
     126.840	  8
     129.130	  8
     130.060	 53
     131.296	  8
     131.296	 20
     131.296	 27
     131.306	 28
     131.306	 19
     131.406	 29
     131.596	  9
     143.454	  8
     147.516	  8
     150.518	  8
     151.426	 52
     151.436	 10
     154.534	  8
     161.094	  8
     168.446	  8
     168.832	  8
     180.112	  8
     186.220	  8
     186.490	  8
     204.884	  8
     256.720	  8
     256.854	  8
     257.488	  8
     271.436	 53
     271.548	  8
     271.548	 20
     271.548	 27
     271.558	 28
     271.558	 19
     271.658	 29
     271.834	  8
     271.848	  9
     273.002	  8
     278.500	  7
     291.678	 52
     291.688	 10
     294.102	  8
     301.630	  8
     306.548	  8
     322.788	  8
     327.150	  8
     327.442	  8
     330.224	  8
     335.870	  8
     339.582	  8
     370.150	  8
     391.192	  7
     399.700	  7
     400.042	  7
     400.498	  7
     401.040	  7
     401.166	  7
     401.362	  7
     401.528	  7
     401.734	  7
     402.982	  7
     403.106	  7
     403.306	  7
     406.580	  7
     411.688	 53
     417.230	  7
     417.536	  7
     417.956	  7
     418.036	  7
     418.414	  7
     418.704	  7
     418.882	  7
     419.664	  7
     419.754	  7
     420.170	  7
     421.512	  7
     421.594	  7
     422.100	  7
     422.774	  7
     427.280	  7
     427.392	  7
     429.398	  7
     430.144	  7
     430.392	  7
     431.290	  7
     432.470	  7
     433.038	  7
     433.124	  7
     436.668	  7
     437.072	  7
     438.012	  7
     441.808	  7
     442.224	  7
     442.434	  7
     442.694	  7
     447.220	  7
     447.308	  7
     447.432	  7
     447.528	  7
     449.176	  7
     449.298	  7
     449.416	  7
     449.536	  7
     449.670	  7
     449.820	  7
     449.940	  7
     450.068	  7
     450.200	  7
     450.354	  7
     450.474	  7
     450.610	  7
     450.744	  7
     450.904	  7
     451.030	  7
     451.144	  7
     451.272	  7
     451.402	  7
     451.546	  7
     451.658	  7
     451.798	  7
     451.926	  7
     452.076	  7
     452.198	  7
     452.362	  7
     452.488	  7
     452.622	  7
     452.780	  7
     452.900	  7
     453.036	  7
     453.188	  7
     453.316	  7
     453.450	  7
     453.610	  7
     453.732	  7
     453.878	  7
     454.054	  7
     454.166	  7
     454.302	  7
     454.456	  7
     454.576	  7
     454.716	  7
     454.878	  7
     455.010	  7
     455.146	  7
     455.284	  7
     455.438	  7
     455.566	  7
     455.708	  7
     455.850	  7
     456.004	  7
     456.132	  7
     456.276	  7
     456.416	  7
     456.558	  7
     456.682	  7
     456.826	  7
     456.964	  7
     457.126	  7
     457.250	  7
     457.394	  7
     457.532	  7
     457.686	  7
     457.822	  7
     457.962	  7
     458.098	  7
     458.252	  7
     458.376	  7
     458.514	  7
     458.652	  7
     458.814	  7
     458.942	  7
     459.080	  7
     459.216	  7
     459.378	  7
     459.506	  7
     459.652	  7
     459.794	  7
     459.936	  7
     460.054	  7
     460.182	  7
     460.342	  7
     460.462	  7
     460.602	  7
     460.736	  7
     460.882	  7
     461.040	  7
     461.164	  7
     461.310	  7
     461.458	  7
     461.626	  7
     461.744	  7
     461.884	  7
     462.022	  7
     462.184	  7
     462.312	  7
     462.454	  7
     462.598	  7
     462.738	  7
     462.904	  7
     463.028	  7
     463.172	  7
     463.312	  7
     463.454	  7
     463.606	  7
     463.738	  7
     463.882	  7
     464.024	  7
     464.178	  7
     464.306	  7
     464.454	  7
     464.590	  7
     464.722	  7
     464.868	  7
     465.024	  7
     465.148	  7
     465.292	  7
     465.432	  7
     465.568	  7
     465.732	  7
     465.858	  7
     466.004	  7
     466.144	  7
     466.288	  7
     466.448	  7
     466.554	  7
     466.684	  7
     466.822	  7
     466.960	  7
     467.098	  7
     467.272	  7
     467.396	  7
     467.540	  7
     467.678	  7
     467.822	  7
     467.986	  7
     468.110	  7
     468.254	  7
     468.386	  7
     468.526	  7
     468.690	  7
     468.816	  7
     468.964	  7
     469.106	  7
     469.244	  7
     469.408	  7
     469.532	  7
     469.676	  7
     469.826	  7
     469.964	  7
     470.136	  7
     470.254	  7
     470.400	  7
     470.536	  7
     470.694	  7
     470.822	  7
     470.970	  7
     471.106	  7
     471.254	  7
     471.394	  7
     471.568	  7
     471.690	  7
     471.832	  7
     471.974	  7
     472.122	  7
     472.280	  7
     472.410	  7
     472.552	  7
     472.694	  7
     472.836	  7
     472.982	  7
     473.140	  7
     473.282	  7
     473.428	  7
     473.564	  7
     473.726	  7
     473.854	  7
     473.994	  7
     474.130	  7
     474.270	  7
     474.432	  7
     474.560	  7
     474.708	  7
     474.844	  7
     474.986	  7
     475.166	  7
     475.286	  7
     475.428	  7
     475.566	  7
     475.710	  7
     475.878	  7
     476.000	  7
     476.144	  7
     476.288	  7
     476.422	  7
     476.560	  7
     476.712	  7
     476.856	  7
     476.982	  7
     477.112	  7
     477.250	  7
     477.394	  7
     477.526	  7
     477.694	  7
     477.818	  7
     477.956	  7
     478.104	  7
     478.250	  7
     478.416	  7
     478.540	  7
     478.684	  7
     478.828	  7
     478.976	  7
     479.148	  7
     479.270	  7
     479.410	  7
     479.554	  7
     479.690	  7
     479.858	  7
     479.990	  7
     480.134	  7
     480.276	  7
     480.414	  7
     480.580	  7
     480.706	  7
     480.848	  7
     480.984	  7
     482.352	  8
     482.352	 20
     482.352	 27
     482.362	 28
     482.362	 19
     482.462	 29
     482.654	  9
     482.766	  8
     502.482	 52
     502.492	 10
     518.776	  7
     518.874	  7
     519.930	  8
     530.078	  7
     532.406	  7
     532.652	  7
     533.368	  7
     533.468	  7
     539.678	  7
     540.536	  7
     541.152	  7
     549.076	  7
     549.194	  7
     549.842	  7
     550.084	  7
     559.138	  7
     559.478	  7
     559.750	  7
     560.626	  7
     568.768	  7
     568.850	  7
     568.960	  7
     569.082	  7
     569.214	  7
     569.324	  7
     569.458	  7
     569.576	  7
     569.702	  7
     569.822	  7
     569.946	  7
     570.076	  7
     570.210	  7
     570.338	  7
     570.490	  7
     570.600	  7
     570.726	  7
     570.856	  7
     570.988	  7
     571.134	  7
     571.248	  7
     571.380	  7
     571.528	  7
     571.644	  7
     571.762	  7
     571.890	  7
     572.014	  7
     572.168	  7
     572.274	  7
     572.406	  7
     572.528	  7
     572.682	  7
     572.796	  7
     572.926	  7
     573.050	  7
     573.210	  7
     573.324	  7
     573.448	  7
     573.602	  7
     573.718	  7
     573.844	  7
     573.982	  7
     574.140	  7
     574.258	  7
     574.386	  7
     574.570	  7
     574.678	  7
     574.798	  7
     574.926	  7
     576.170	  8
     622.492	 53
     631.142	  8
     631.142	 20
     631.142	 27
     631.152	 28
     631.152	 19
     631.252	 29
     631.414	  8
     631.444	  9
     651.272	 51
     651.282	 18
     668.694	  8
     688.480	  8
     688.612	  8
     711.282	 53
     711.292	 20
     711.292	 27
     728.810	  8
     731.312	 50
     731.322	 17
     742.982	  8
     743.116	  8
     745.026	  8
     745.350	  8
     746.072	  8
     746.976	  8
     747.596	  8
     748.012	  8
     748.548	  8
     748.806	  8
     749.140	  8
     751.130	  8
     751.354	  8
     751.994	  8
     752.336	  8
     752.630	  8
     755.372	  8
     755.566	  8
     756.268	  8
     756.784	  8
     757.360	  8
     757.622	  8
     757.928	  8
     758.050	  8
     758.488	  8
     758.778	  8
     758.932	  8
     759.080	  8
     760.618	  8
     761.128	  8
     761.322	 53
     761.728	  8
     761.728	 20
     761.728	 27
     761.738	 28
     761.738	 19
     761.838	 29
     762.274	  9
     781.858	 52
     781.868	 10
     801.652	  8
     809.050	  8
     819.234	  8
     864.728	  8
     864.826	  8
     865.264	  8
     865.540	  8
     865.826	  8
     867.032	  8
     867.298	  8
     867.522	  8
     867.608	  8
     867.930	  8
     868.066	  8
     868.234	  8
     868.458	  8
     868.550	  8
     869.892	  8
     870.162	  8
     872.054	  8
     872.464	  8
     874.180	  8
     874.632	  8
     875.428	  8
     880.282	  8
     896.634	  8
     896.948	  8
     897.654	  8
     898.580	  8
     899.134	  8
     899.356	  8
     899.830	  8
     901.868	 53
     904.614	  8
     904.614	 20
     904.614	 27
     904.624	 28
     904.624	 19
     904.724	 29
     904.768	  8
     904.914	  9
     904.940	  8
     906.786	  8
     907.318	  8
     907.504	  8
     907.692	  8
     924.744	 51
     924.754	 18
     943.222	  7
     944.106	  7
     944.400	  7
     944.814	  7
     946.796	  7
     952.592	  7
     953.388	  7
     963.890	  7
     969.244	  7
     969.366	  7
     969.526	  7
     969.638	  7
     969.770	  7
     969.896	  7
     970.052	  7
     970.174	  7
     970.310	  7
     970.440	  7
     970.578	  7
     970.732	  7
     970.840	  7
     970.974	  7
     971.108	  7
     971.278	  7
     971.392	  7
     971.520	  7
     971.658	  7
     971.818	  7
     971.940	  7
     972.068	  7
     972.192	  7
     972.354	  7
     972.638	  7
     972.764	  7
     972.906	  7
     973.026	  7
     973.154	  7
     973.296	  7
     973.468	  7
     973.580	  7
     973.714	  7
     973.866	  7
     973.986	  7
     974.118	  7
     974.264	  7
     974.408	  7
     974.574	  7
     974.686	  7
     974.822	  7
     974.980	  7
     975.098	  7
     975.232	  7
     975.364	  7
     975.508	  7
     975.674	  7
     975.790	  7
     975.920	  7
     976.094	  7
     976.214	  7
     976.342	  7
     976.564	  7
     976.746	  7
     976.852	  7
     976.980	  7
     977.114	  7
     977.248	  7
     977.414	  7
     977.530	  7
     977.668	  7
     977.796	  7
     977.932	  7
     978.068	  7
     978.224	  7
     978.346	  7
     978.482	  7
     978.620	  7
     978.752	  7
     978.912	  7
     979.026	  7
     979.158	  7
     979.294	  7
     979.460	  7
     979.576	  7
     979.714	  7
     979.848	  7
     980.024	  7
     980.140	  7
     980.270	  7
     980.410	  7
     980.580	  7
     980.698	  7
     980.824	  7
     980.950	  7
     981.086	  7
     981.222	  7
     981.380	  7
     981.494	  7
     981.634	  7
     981.764	  7
     981.904	  7
     982.040	  7
     982.202	  7
     982.316	  7
     982.454	  7
     982.676	  7
     982.818	  7
     982.972	  7
     983.098	  7
     983.228	  7
     983.384	  7
     983.516	  7
     983.652	  7
     983.816	  7
     983.936	  7
     984.070	  7
     984.202	  7
     984.336	  7
     984.474	  7
     984.640	  7
     984.754	 53
     984.764	  7
     984.764	 20
     984.764	 27
     984.930	  7
     985.068	  7
     985.188	  7
     985.350	  7
     985.470	  7
     985.648	  7
     985.772	  7
     985.902	  7
     986.170	  7
     986.294	  7
     986.434	  7
     986.562	  7
     986.716	  7
     986.832	  7
     986.970	  7
     987.114	  7
     987.256	  7
     987.386	  7
     987.530	  7
     987.682	  7
     987.814	  7
     987.942	  7
     988.182	  7
     988.304	  7
     988.448	  7
     988.590	  7
     988.716	  7
     988.854	  7
     988.990	  7
     989.116	  7
     989.292	  7
     989.552	  7
     990.458	  7
     991.404	  7
     992.806	  8
     992.984	  8
     993.878	  8
     994.136	  8
     994.504	  8
     994.808	  8
     995.084	  8
    1004.784	 50
    1004.794	 17
    1011.754	  8
    1011.946	  8
    1012.576	  8
    1013.420	  8
    1013.698	  8
    1026.960	  8
    1027.058	  8
    1027.636	  8
    1027.718	  8
    1028.200	  8
    1028.452	  8
    1028.882	  8
    1029.218	  8
    1029.768	  8
    1030.190	  8
    1030.646	  8
    1030.924	  8
    1031.218	  8
    1031.918	  8
    1032.132	  8
    1032.438	  8
    1032.800	  8
    1032.920	  8
    1033.000	  8
    1033.632	  8
    1033.870	  8
    1034.342	  8
    1034.680	  8
    1034.794	 53
    1035.602	  8
    1035.602	 20
    1035.602	 27
    1035.612	 28
    1035.612	 19
    1035.712	 29
    1035.904	  9
    1055.732	 51
    1055.742	 18
    1096.338	  8
    1099.340	  7
    1099.824	  7
    1100.784	  7
    1101.174	  7
    1101.634	  7
    1102.056	  7
    1102.468	  7
    1102.576	  7
    1110.286	  7
    1110.398	  7
    1110.764	  7
    1111.842	  7
    1115.742	 53
    1115.752	 20
    1115.752	 27
    1122.424	  7
    1122.468	  7
    1131.060	  7
    1131.190	  7
    1131.314	  7
    1131.452	  7
    1131.590	  7
    1131.708	  7
    1131.840	  7
    1131.990	  7
    1132.108	  7
    1132.242	  7
    1132.362	  7
    1132.484	  7
    1132.616	  7
    1132.904	  7
    1133.020	  7
    1133.148	  7
    1133.280	  7
    1133.408	  7
    1133.568	  7
    1133.690	  7
    1133.820	  7
    1133.952	  7
    1134.100	  7
    1134.224	  7
    1134.360	  7
    1134.488	  7
    1134.618	  7
    1134.772	  7
    1134.892	  7
    1135.032	  7
    1135.168	  7
    1135.324	  7
    1135.438	  7
    1135.574	  7
    1135.700	  7
    1135.772	 50
    1135.782	 17
    1135.838	  7
    1136.002	  7
    1136.126	  7
    1136.264	  7
    1136.492	  7
    1136.870	  7
    1137.020	  7
    1137.136	  7
    1137.314	  7
    1137.428	  7
    1137.568	  7
    1137.722	  7
    1137.846	  7
    1137.986	  7
    1138.116	  7
    1138.258	  7
    1138.408	  7
    1138.530	  7
    1138.666	  7
    1138.820	  7
    1138.946	  7
    1139.074	  7
    1139.210	  7
    1139.376	  7
    1139.498	  7
    1139.636	  7
    1139.788	  7
    1139.908	  7
    1140.050	  7
    1140.190	  7
    1140.350	  7
    1140.472	  7
    1140.612	  7
    1140.772	  7
    1140.894	  7
    1141.034	  7
    1141.174	  7
    1141.356	  7
    1141.480	  7
    1141.600	  7
    1141.734	  7
    1141.870	  7
    1142.032	  7
    1142.154	  7
    1142.288	  7
    1142.432	  7
    1142.600	  7
    1142.714	  7
    1142.846	  7
    1142.994	  7
    1143.158	  7
    1143.274	  7
    1143.410	  7
    1143.546	  7
    1143.714	  7
    1143.840	  7
    1143.970	  7
    1144.100	  7
    1144.242	  7
    1144.380	  7
    1144.532	  7
    1146.618	  8
    1146.752	  8
    1147.038	  8
    1147.486	  8
    1147.700	  8
    1148.008	  8
    1148.892	  8
    1149.286	  8
    1149.506	  8
    1149.570	  8
    1149.982	  8
    1150.698	  8
    1150.822	  8
    1150.990	  8
    1151.522	  8
    1152.130	  8
    1152.506	  8
    1153.172	  8
    1153.668	  8
    1155.300	  8
    1155.900	  8
    1156.282	  8
    1156.392	  8
    1157.088	  8
    1157.328	  8
    1158.556	  8
    1158.972	  8
    1159.828	  8
    1160.290	  8
    1160.596	  8
    1160.806	  8
    1161.738	  8
    1162.270	  8
    1162.752	  8
    1163.614	  8
    1164.558	  8
    1164.694	  8
    1165.782	 53
    1166.160	  8
    1166.160	 20
    1166.160	 27
    1166.170	 28
    1166.170	 19
    1166.270	 29
    1166.462	  9
    1166.562	  8
    1167.562	  8
    1167.702	  8
    1169.392	  8
    1179.748	  7
    1181.070	  7
    1181.834	  7
    1182.514	  7
    1182.866	  7
    1183.276	  7
    1183.836	  7
    1184.600	  7
    1184.708	  7
    1184.830	  7
    1185.370	  7
    1185.692	  7
    1185.912	  7
    1186.290	 51
    1186.300	 18
    1190.270	  7
    1202.770	  7
    1202.888	  7
    1203.040	  7
    1203.144	  7
    1203.266	  7
    1203.392	  7
    1203.522	  7
    1203.654	  7
    1203.788	  7
    1203.946	  7
    1204.062	  7
    1204.184	  7
    1204.308	  7
    1204.438	  7
    1204.568	  7
    1204.694	  7
    1204.844	  7
    1204.960	  7
    1205.088	  7
    1205.228	  7
    1205.352	  7
    1205.492	  7
    1205.644	  7
    1205.756	  7
    1205.884	  7
    1206.014	  7
    1206.150	  7
    1206.276	  7
    1206.710	  7
    1206.844	  7
    1206.964	  7
    1207.098	  7
    1207.224	  7
    1207.348	  7
    1207.480	  7
    1207.636	  7
    1210.424	  8
    1215.622	  8
    1215.750	  8
    1241.558	  8
    1242.032	  8
    1242.860	  8
    1243.864	  8
    1246.300	 53
    1246.310	 20
    1246.310	 27
    1260.366	  8
    1261.136	  8
    1266.330	 50
    1266.340	 17
    1296.340	 53
    1315.000	  8
    1315.000	 20
    1315.000	 27
    1315.010	 28
    1315.010	 19
    1315.110	 29
    1315.302	  9
    1315.304	  8
    1335.130	 52
    1335.140	 10
    1378.686	  8
    1378.884	  8
    1389.304	  8
    1389.732	  8
    1390.604	  8
    1397.886	  7
    1398.258	  7
    1398.994	  7
    1402.754	  7
    1402.886	  7
    1410.458	  7
    1410.778	  7
    1411.208	  7
    1411.334	  7
    1411.502	  7
    1412.300	  7
    1413.242	  7
    1418.622	  7
    1419.546	  7
    1424.810	  7
    1424.936	  7
    1425.078	  7
    1425.222	  7
    1425.346	  7
    1425.476	  7
    1426.776	  7
    1427.030	  7
    1427.184	  7
    1427.242	  7
    1427.852	  7
    1428.590	  7
    1429.020	  7
    1436.668	  7
    1436.818	  7
    1436.916	  7
    1444.462	  7
    1449.790	  7
    1449.838	  7
    1450.454	  7
    1455.140	 53
    1459.352	  8
    1459.352	 20
    1459.352	 27
    1459.362	 28
    1459.362	 19
    1459.462	 29
    1459.620	  8
    1459.654	  9
    1479.482	 51
    1479.492	 18
    1488.466	  8
    1493.712	  7
    1493.808	  7
    1494.758	  7
    1497.920	  7
    1500.866	  7
    1500.982	  7
    1501.108	  7
    1501.250	  7
    1501.364	  7
    1501.490	  7
    1501.618	  7
    1501.856	  7
    1501.980	  7
    1502.630	  7
    1502.874	  7
    1503.468	  7
    1503.584	  7
    1504.024	  7
    1504.352	  7
    1504.604	  7
    1507.068	  7
    1507.302	  7
    1507.424	  7
    1508.926	  7
    1509.070	  7
    1509.228	  7
    1510.598	  7
    1510.922	  7
    1511.030	  7
    1529.848	  7
    1538.086	  7
    1539.492	 53
    1539.502	 20
    1539.502	 27
    1544.494	  8
    1544.660	  8
    1545.488	  8
    1556.004	  7
    1558.080	  8
    1558.206	  8
    1558.544	  8
    1559.036	  8
    1559.092	  8
    1559.354	  8
    1559.522	 52
    1559.532	 10
    1559.604	  8
    1559.898	  8
    1567.714	  8
    1567.842	  8
    1568.222	  8
    1568.782	  8
    1569.062	  8
    1569.700	  8
    1570.606	  8
    1571.056	  8
    1571.584	  8
    1571.710	  8
    1572.156	  8
    1588.314	  8
    1588.806	  8
    1589.500	  8
    1590.160	  8
    1590.406	  8
    1590.682	  8
    1591.610	  8
    1592.484	  8
    1592.740	  8
    1593.328	  8
    1593.480	  8
    1593.828	  8
    1594.232	  8
    1596.248	  8
    1596.490	  8
    1596.958	  8
    1597.764	  8
    1598.040	  8
    1599.666	  8
    1600.010	  8
    1600.400	  8
    1600.746	  8
    1601.178	  8
    1601.594	  8
    1603.014	  8
    1603.502	  8
    1604.248	  8
    1604.456	  8
    1604.866	  8
    1605.426	  8
    1606.360	  8
    1606.704	  8
    1607.252	  8
    1608.396	  8
    1610.110	  8
    1610.302	  8
    1610.794	  8
    1611.076	  8
    1611.566	  8
    1612.000	  8
    1612.492	  8
    1612.726	  8
    1613.108	  8
    1614.452	  8
    1614.766	  8
    1619.176	  7
    1619.340	  7
    1620.772	  8
    1620.888	  8
    1621.162	  8
    1621.568	  8
    1621.908	  8
    1622.548	  8
    1623.374	  8
    1623.654	  8
    1624.228	  8
    1624.784	  8
    1625.052	  8
    1625.858	  8
    1626.302	  8
    1626.570	  8
    1627.670	  8
    1627.958	  8
    1628.104	  8
    1628.362	  8
    1628.666	  8
    1629.144	  8
    1629.488	  8
    1629.778	  8
    1630.474	  8
    1631.062	  8
    1631.392	  8
    1631.696	  8
    1632.654	  8
    1632.910	  8
    1633.020	  8
    1633.356	  8
    1633.742	  8
    1634.026	  8
    1637.282	  8
    1638.074	  8
    1638.364	  8
    1638.622	  8
    1639.308	  8
    1639.814	  8
    1640.222	  8
    1641.018	  8
    1643.704	  8
    1644.008	  8
    1644.120	  8
    1644.566	  8
    1645.186	  8
    1645.482	  8
    1645.824	  8
    1646.344	  8
    1646.750	  8
    1647.260	  8
    1648.252	  8
    1648.742	  8
    1649.408	  8
    1650.958	  8
    1656.326	  7
    1664.852	  7
    1679.532	 53
    1685.156	  8
    1685.156	 20
    1685.156	 27
    1685.166	 28
    1685.166	 19
    1685.266	 29
    1685.458	  9
    1685.470	  8
    1688.734	  8
    1689.668	  8
    1705.286	 50
    1705.296	 17
    1735.296	 53
    1754.382	  8
    1754.382	 20
    1754.382	 27
    1754.392	 28
    1754.392	 19
    1754.492	 29
    1754.550	  8
    1754.684	  9
    1754.802	  8
    1774.512	 51
    1774.522	 18
    1820.378	  8
    1821.504	  8
    1834.522	 53
    1834.532	 20
    1834.532	 27
    1835.294	  8
    1838.428	  8
    1841.266	  8
    1845.912	  8
    1849.670	  8
    1854.552	 52
    1854.562	 10
    1942.648	  8
    1943.538	  8
    1943.638	  8
    1943.962	  8
    1944.316	  8
    1944.834	  8
    1945.610	  8
    1947.514	  8
    1947.840	  8
    1955.454	  8
    1955.702	  8
    1956.034	  8
    1956.316	  8
    1956.676	  8
    1957.144	  8
    1974.562	 53
    1975.306	  8
    1975.306	 20
    1975.306	 27
    1975.316	 28
    1975.316	 19
    1975.416	 29
    1975.564	  8
    1975.606	  9
    1975.798	  8
    1977.118	  8
    1977.978	  8
    1978.120	  8
    1982.124	  8
    1982.320	  8
    1995.436	 51
    1995.446	 18
    2007.142	  7
    2009.392	  7
    2010.268	  7
    2011.018	  7
    2011.566	  7
    2011.942	  7
    2012.578	  7
    2012.702	  7
    2012.920	  7
    2013.086	  7
    2013.264	  7
    2013.484	  7
    2013.862	  7
    2014.858	  7
    2015.038	  7
    2015.268	  7
    2017.510	  7
    2023.844	  7
    2028.920	  7
    2029.270	  7
    2043.702	  7
    2043.884	  7
    2044.070	  7
    2044.260	  7
    2044.484	  7
    2044.714	  7
    2044.940	  7
    2045.162	  7
    2045.362	  7
    2045.558	  7
    2048.094	  7
    2055.446	 53
    2055.456	 20
    2055.456	 27
    2071.100	  8
    2075.476	 51
    2075.486	 18
    2083.040	  7
    2083.776	  7
    2091.364	  7
    2091.484	  7
    2097.570	  8
    2110.200	  8
    2110.298	  8
    2117.626	  8
    2123.788	  8
    2130.624	  8
    2130.820	  8
    2131.030	  8
    2131.180	  8
    2131.440	  8
    2131.894	  8
    2132.688	  8
    2134.572	  8
    2134.940	  8
    2135.348	  8
    2135.486	 53
    2135.496	 20
    2135.496	 27
    2135.528	  8
    2135.908	  8
    2136.102	  8
    2136.792	  8
    2136.932	  8
    2137.520	  8
    2137.622	  8
    2139.286	  8
    2139.590	  8
    2141.448	  8
    2141.612	  8
    2142.362	  8
    2142.850	  8
    2151.962	  8
    2152.256	  8
    2152.622	  8
    2153.390	  8
    2153.928	  8
    2154.346	  8
    2154.906	  8
    2155.516	 52
    2155.526	 10
    2155.598	  8
    2155.840	  8
    2156.286	  8
    2164.314	  8
    2164.532	  8
    2164.842	  8
    2165.030	  8
    2165.650	  8
    2166.204	  8
    2167.090	  8
    2167.478	  8
    2167.762	  8
    2196.114	  8
    2196.264	  8
    2196.694	  8
    2197.002	  8
    2197.090	  8
    2197.590	  8
    2197.868	  8
    2198.680	  8
    2199.294	  8
    2200.282	  8
    2200.860	  8
    2201.148	  8
    2201.672	  8
    2202.352	  8
    2203.338	  8
    2203.750	  8
    2204.078	  8
    2207.456	  8
    2207.990	  8
    2208.454	  8
    2208.924	  8
    2210.374	  8
    2211.098	  8
    2211.702	  8
    2212.316	  8
    2213.238	  8
    2213.526	  8
    2215.380	  8
    2216.108	  8
    2216.596	  8
    2216.800	  8
    2217.252	  8
    2219.352	  8
    2219.736	  8
    2220.404	  8
    2221.242	  8
    2221.622	  8
    2222.966	  8
    2223.910	  8
    2224.560	  8
    2224.834	  8
    2225.170	  8
    2225.566	  8
    2233.164	  8
    2234.226	  8
    2235.224	  8
    2235.344	  8
    2235.940	  8
    2236.110	  8
    2236.600	  8
    2236.948	  8
    2237.774	  8
    2238.332	  8
    2238.966	  8
    2239.964	  8
    2240.230	  8
    2241.048	  8
    2241.140	  8
    2242.112	  8
    2243.256	  8
    2243.772	  8
    2244.266	  8
    2245.158	  8
    2245.346	  8
    2245.784	  8
    2246.234	  8
    2246.778	  8
    2247.092	  8
    2247.300	  8
    2247.646	  8
    2248.000	  8
    2248.692	  8
    2249.120	  8
    2249.424	  8
    2250.234	  8
    2250.638	  8
    2251.366	  8
    2251.872	  8
    2252.414	  8
    2252.616	  8
    2253.628	  8
    2253.874	  8
    2254.184	  8
    2254.410	  8
    2255.346	  8
    2255.752	  8
    2255.914	  8
    2257.142	  8
    2257.390	  8
    2258.842	  8
    2259.176	  8
    2259.328	  8
    2259.632	  8
    2261.134	  8
    2261.586	  8
    2262.180	  8
    2262.502	  8
    2264.322	  8
    2264.624	  8
    2265.170	  8
    2265.954	  8
    2267.078	  8
    2268.174	  8
    2270.280	  8
    2270.520	  8
    2271.336	  8
    2272.450	  8
    2272.738	  8
    2272.998	  8
    2273.492	  8
    2274.264	  8
    2274.474	  8
    2275.526	 53
    2276.360	  8
    2276.360	 20
    2276.360	 27
    2276.370	 28
    2276.370	 19
    2276.470	 29
    2276.660	  9
    2276.754	  8
    2278.686	  8
    2279.032	  8
    2281.922	  8
    2282.892	  8
    2283.946	  8
    2284.048	  8
    2296.490	 51
    2296.500	 18
    2337.356	  8
    2337.872	  8
    2356.500	 53
    2356.510	 20
    2356.510	 27
    2359.324	  7
    2360.354	  7
    2360.456	  7
    2360.764	  7
    2360.848	  7
    2361.006	  7
    2362.064	  7
    2362.914	  7
    2370.006	  7
    2373.668	  7
    2373.872	  7
    2376.530	 52
    2376.540	 10
    2382.216	  8
    2382.512	  8
    2386.892	  7
    2389.232	  7
    2389.694	  7
    2390.246	  7
    2390.362	  7
    2390.472	  7
    2390.620	  7
    2390.910	  7
    2391.010	  7
    2391.672	  7
    2391.816	  7
    2392.074	  7
    2392.342	  7
    2392.600	  7
    2392.744	  7
    2392.858	  7
    2392.996	  7
    2393.116	  7
    2393.270	  7
    2393.398	  7
    2393.546	  7
    2393.662	  7
    2393.796	  7
    2393.930	  7
    2394.066	  7
    2394.226	  7
    2394.352	  7
    2394.478	  7
    2394.634	  7
    2394.756	  7
    2394.898	  7
    2395.040	  7
    2395.164	  7
    2395.330	  7
    2395.446	  7
    2395.586	  7
    2395.710	  7
    2395.862	  7
    2396.014	  7
    2396.122	  7
    2396.262	  7
    2396.392	  7
    2396.562	  7
    2396.674	  7
    2396.812	  7
    2396.954	  7
    2397.118	  7
    2397.236	  7
    2397.374	  7
    2397.510	  7
    2397.662	  7
    2397.812	  7
    2397.926	  7
    2398.062	  7
    2398.208	  7
    2398.376	  7
    2398.490	  7
    2398.636	  7
    2398.768	  7
    2398.938	  7
    2399.044	  7
    2399.188	  7
    2399.328	  7
    2399.492	  7
    2399.612	  7
    2399.746	  7
    2399.890	  7
    2400.062	  7
    2400.184	  7
    2400.318	  7
    2400.458	  7
    2400.750	  7
    2400.866	  7
    2401.002	  7
    2401.144	  7
    2401.266	  7
    2401.438	  7
    2401.548	  7
    2401.692	  7
    2401.832	  7
    2401.982	  7
    2402.146	  7
    2402.274	  7
    2402.398	  7
    2402.548	  7
    2402.714	  7
    2402.848	  7
    2403.002	  7
    2403.148	  7
    2403.270	  7
    2403.430	  7
    2403.554	  7
    2403.690	  7
    2403.838	  7
    2404.016	  7
    2404.144	  7
    2404.278	  7
    2404.418	  7
    2404.564	  7
    2404.704	  7
    2404.992	  7
    2405.162	  7
    2405.280	  7
    2405.418	  7
    2405.550	  7
    2405.698	  7
    2405.830	  7
    2405.980	  7
    2406.138	  7
    2406.258	  7
    2406.428	  7
    2406.548	  7
    2406.694	  7
    2406.824	  7
    2406.978	  7
    2407.118	  7
    2407.288	  7
    2407.404	  7
    2407.540	  7
    2407.676	  7
    2407.814	  7
    2407.956	  7
    2408.106	  7
    2408.272	  7
    2408.390	  7
    2408.526	  7
    2408.658	  7
    2408.808	  7
    2408.938	  7
    2409.120	  7
    2409.232	  7
    2409.376	  7
    2409.516	  7
    2409.664	  7
    2409.792	  7
    2409.940	  7
    2410.076	  7
    2410.248	  7
    2410.364	  7
    2410.508	  7
    2410.638	  7
    2410.792	  7
    2410.926	  7
    2411.060	  7
    2411.248	  7
    2411.364	  7
    2411.504	  7
    2411.636	  7
    2411.786	  7
    2411.918	  7
    2412.070	  7
    2412.208	  7
    2412.390	  7
    2412.512	  7
    2412.648	  7
    2412.790	  7
    2412.924	  7
    2413.082	  7
    2413.218	  7
    2413.362	  7
    2413.516	  7
    2413.644	  7
    2413.784	  7
    2413.926	  7
    2414.066	  7
    2414.212	  7
    2414.384	  7
    2414.504	  7
    2414.646	  7
    2414.788	  7
    2414.950	  7
    2415.070	  7
    2415.240	  7
    2415.360	  7
    2415.502	  7
    2415.640	  7
    2415.776	  7
    2415.910	  7
    2416.062	  7
    2416.194	  7
    2416.362	  7
    2416.486	  7
    2416.624	  7
    2416.770	  7
    2416.902	  7
    2417.040	  7
    2417.234	  7
    2417.360	  7
    2417.490	  7
    2417.626	  7
    2417.768	  7
    2417.892	  7
    2418.034	  7
    2418.164	  7
    2418.302	  7
    2421.140	  8
    2421.324	  8
    2421.712	  8
    2431.246	  8
    2431.594	  8
    2432.670	  8
    2433.310	  8
    2433.732	  8
    2434.332	  8
    2435.748	  8
    2436.752	  8
    2437.402	  8
    2437.750	  8
    2438.014	  8
    2438.276	  8
    2453.644	  8
    2453.828	  8
    2454.304	  8
    2455.162	  8
    2455.578	  8
    2455.892	  8
    2456.262	  8
    2456.478	  8
    2457.040	  8
    2457.598	  8
    2457.722	  8
    2458.246	  8
    2458.672	  8
    2459.010	  8
    2459.492	  8
    2460.028	  8
    2460.484	  8
    2460.930	  8
    2461.768	  8
    2462.644	  8
    2462.858	  8
    2462.992	  8
    2463.802	  8
    2463.956	  8
    2464.970	  8
    2465.586	  8
    2467.218	  8
    2467.572	  8
    2468.030	  8
    2468.514	  8
    2470.248	  8
    2470.436	  8
    2470.822	  8
    2471.570	  8
    2472.494	  8
    2472.882	  8
    2473.152	  8
    2473.510	  8
    2474.304	  8
    2474.772	  8
    2475.154	  8
    2476.182	  8
    2476.398	  8
    2478.184	  8
    2478.446	  8
    2478.978	  8
    2479.110	  8
    2479.730	  8
    2480.174	  8
    2480.718	  8
    2481.046	  8
    2481.502	  8
    2482.086	  8
    2482.316	  8
    2484.230	  8
    2484.526	  8
    2484.784	  8
    2485.378	  8
    2485.820	  8
    2486.426	  8
    2487.114	  8
    2487.810	  8
    2488.310	  8
    2489.436	  8
    2489.684	  8
    2490.318	  8
    2490.848	  8
    2491.170	  8
    2492.008	  8
    2492.140	  8
    2492.788	  8
    2493.612	  8
    2494.534	  8
    2494.752	  8
    2495.396	  8
    2496.200	  8
    2496.408	  8
    2496.540	 53
    2496.618	  8
    2496.618	 20
    2496.618	 27
    2496.628	 28
    2496.628	 19
    2496.728	 29
    2496.918	  9
    2496.964	  8
    2501.452	  8
    2516.748	 51
    2516.758	 18
    2576.758	 53
    2576.768	 20
    2576.768	 27
    2596.788	 51
    2596.798	 18
    2599.542	  8
    2599.738	  8
    2600.402	  8
    2600.970	  8
    2601.220	  8
    2602.022	  8
    2602.970	  8
    2603.796	  8
    2604.200	  8
    2604.298	  8
    2605.480	  8
    2606.110	  8
    2606.944	  8
    2607.274	  8
    2607.848	  8
    2608.680	  8
    2609.128	  8
    2609.842	  8
    2611.522	  8
    2611.798	  8
    2612.240	  8
    2612.728	  8
    2614.940	  8
    2615.732	  8
    2617.034	  8
    2617.460	  8
    2618.482	  8
    2618.986	  8
    2650.986	  8
    2651.694	  8
    2652.264	  8
    2652.682	  8
    2653.986	  8
    2654.424	  8
    2656.798	 53
    2656.808	 20
    2656.808	 27
    2658.376	  8
    2666.054	  8
    2666.160	  8
    2667.218	  8
    2676.828	 51
    2676.838	 18
    2682.330	  8
    2683.422	  8
    2683.640	  8
    2715.824	  8
    2716.056	  8
    2716.140	  8
    2716.824	  8
    2724.316	  8
    2724.562	  8
    2726.536	  8
    2727.784	  8
    2736.838	 53
    2736.848	 20
    2736.848	 27
    2736.850	  8
    2756.868	 52
    2756.878	 10
    2777.624	  8
    2777.924	  8
    2778.474	  8
    2805.954	  8
    2810.024	  8
    2810.152	  8
    2811.898	  8
    2813.216	  8
    2818.470	  8
    2818.594	  8
    2818.672	  8
    2819.680	  8
    2819.758	  8
    2820.362	  8
    2820.432	  8
    2820.584	  8
    2821.458	  8
    2822.226	  8
    2822.626	  8
    2822.964	  8
    2823.312	  8
    2824.056	  8
    2824.696	  8
    2825.058	  8
    2825.186	  8
    2827.094	  8
    2827.356	  8
    2827.824	  8
    2828.152	  8
    2828.788	  8
    2828.856	  8
    2829.032	  8
    2829.472	  8
    2829.924	  8
    2830.476	  8
    2830.588	  8
    2833.322	  8
    2833.796	  8
    2835.718	  8
    2836.122	  8
    2836.400	  8
    2837.658	  8
    2838.328	  8
    2839.228	  8
    2839.472	  8
    2839.904	  8
    2840.354	  8
    2841.210	  8
    2841.370	  8
    2842.758	  8
    2843.080	  8
    2843.554	  8
    2846.042	  8
    2846.372	  8
    2846.998	  8
    2848.508	  8
    2848.808	  8
    2849.396	  8
    2849.698	  8
    2850.232	  8
    2850.650	  8
    2851.128	  8
    2851.994	  8
    2852.722	  8
    2853.270	  8
    2854.222	  8
    2854.640	  8
    2855.418	  8
    2856.058	  8
    2858.356	  8
    2858.976	  8
    2859.458	  8
    2860.120	  8
    2861.792	  8
    2862.628	  8
    2863.010	  8
    2863.302	  8
    2867.078	  8
    2867.294	  8
    2867.850	  8
    2868.098	  8
    2868.256	  8
    2868.356	  8
    2868.746	  8
    2869.028	  8
    2869.718	  8
    2870.120	  8
    2870.882	  8
    2871.452	  8
    2871.840	  8
    2872.176	  8
    2873.328	  8
    2873.366	  8
    2873.824	  8
    2874.232	  8
    2874.548	  8
    2874.968	  8
    2876.878	 53
    2877.508	  8
    2877.508	 20
    2877.508	 27
    2877.518	 28
    2877.518	 19
    2877.618	 29
    2877.808	  9
    2877.856	  8
    2897.638	 51
    2897.648	 18
    2932.790	  8
    2941.790	  8
    2957.648	 53
    2957.658	 20
    2957.658	 27
    2977.678	 50
    2977.688	 17
    3007.688	 53
    3012.398	  8
    3012.398	 20
    3012.398	 27
    3012.408	 28
    3012.408	 19
    3012.508	 29
    3012.658	  8
    3012.698	  9
    3032.528	 52
    3032.538	 10
    3077.388	  8
    3089.988	  8
    3128.332	  8
    3128.602	  8
    3129.228	  8
    3129.774	  8
    3134.736	  8
    3146.160	  8
    3146.596	  8
    3152.538	 53
    3183.136	  8
    3183.136	 20
    3183.136	 27
    3183.146	 28
    3183.146	 19
    3183.246	 29
    3183.436	  9
    3183.444	  8
    3184.632	  8
    3185.434	  8
    3187.488	  8
    3188.058	  8
    3189.540	  8
    3203.266	 51
    3203.276	 18
    3263.276	 53
    3263.286	 20
    3263.286	 27
    3282.786	  8
    3283.306	 50
    3283.316	 17
    3291.118	  8
    3294.012	  8
    3294.754	  8
    3295.082	  8
    3295.612	  8
    3296.020	  8
    3296.236	  8
    3296.594	  8
    3297.378	  8
    3298.236	  8
    3298.644	  8
    3299.330	  8
    3300.650	  8
    3301.086	  8
    3301.464	  8
    3302.292	  8
    3302.814	  8
    3304.152	  8
    3305.196	  8
    3305.758	  8
    3306.340	  8
    3306.884	  8
    3307.326	  8
    3307.878	  8
    3308.166	  8
    3308.490	  8
    3308.752	  8
    3309.718	  8
    3310.110	  8
    3310.294	  8
    3310.524	  8
    3310.848	  8
    3311.852	  8
    3312.450	  8
    3313.112	  8
    3313.316	 53
    3313.420	  8
    3313.420	 20
    3313.420	 27
    3313.430	 28
    3313.430	 19
    3313.530	 29
    3313.694	  8
    3313.720	  9
    3315.394	  8
    3317.584	  8
    3333.550	 52
    3333.560	 10
    3416.004	  8
    3416.152	  8
    3416.594	  8
    3417.544	  8
    3430.416	  8
    3436.814	  8
    3437.176	  8
    3440.028	  8
    3453.560	 53
    3475.026	  8
    3475.026	 20
    3475.026	 27
    3475.036	 28
    3475.036	 19
    3475.136	 29
    3475.318	  9
    3475.326	  8
    3476.374	  8
    3495.156	 51
    3495.166	 18
    3555.166	 53
    3555.176	 20
    3555.176	 27
    3575.196	 52
    3575.206	 10
    3579.932	  8
    3580.050	  8
    3604.466	  8
    3609.692	  8
    3609.934	  8
    3610.150	  8
    3610.548	  8
    3611.342	  8
    3612.398	  8
    3612.750	  8
    3613.626	  8
    3616.734	  8
    3616.876	  8
    3617.448	  8
    3618.938	  8
    3621.000	  8
    3621.222	  8
    3621.996	  8
    3622.734	  8
    3623.464	  8
    3623.788	  8
    3624.198	  8
    3624.740	  8
    3626.348	  8
    3626.760	  8
    3627.922	  8
    3628.420	  8
    3628.474	  8
    3628.948	  8
    3629.244	  8
    3629.802	  8
    3636.474	  8
    3636.584	  8
    3636.992	  8
    3637.512	  8
    3638.328	  8
    3639.122	  8
    3639.478	  8
    3640.878	  8
    3641.370	  8
    3642.292	  8
    3642.600	  8
    3643.008	  8
    3643.162	  8
    3643.510	  8
    3643.552	  8
    3643.772	  8
    3643.980	  8
    3644.568	  8
    3644.948	  8
    3645.212	  8
    3645.668	  8
    3646.006	  8
    3646.528	  8
    3646.686	  8
    3647.074	  8
    3647.886	  8
    3648.770	  8
    3649.014	  8
    3649.358	  8
    3649.866	  8
    3650.262	  8
    3652.356	  8
    3652.618	  8
    3653.034	  8
    3653.478	  8
    3658.128	  8
    3658.382	  8
    3659.030	  8
    3659.580	  8
    3660.026	  8
    3660.344	  8
    3661.088	  8
    3661.458	  8
    3661.942	  8
    3662.222	  8
    3666.518	  8
    3667.012	  8
    3667.320	  8
    3667.644	  8
    3667.928	  8
    3668.276	  8
    3668.714	  8
    3669.514	  8
    3669.742	  8
    3671.438	  8
    3671.934	  8
    3672.452	  8
    3674.622	  8
    3674.974	  8
    3675.282	  8
    3675.698	  8
    3677.628	  8
    3679.504	  8
    3679.764	  8
    3683.486	  7
    3683.606	  7
    3684.020	  7
    3684.214	  7
    3684.420	  7
    3684.634	  7
    3684.870	  7
    3686.902	  8
    3687.212	  8
    3687.700	  8
    3688.108	  8
    3688.452	  8
    3688.920	  8
    3689.188	  8
    3689.786	  8
    3690.426	  8
    3690.666	  8
    3691.472	  8
    3691.802	  8
    3692.244	  8
    3692.788	  8
    3693.048	  8
    3693.338	  8
    3693.786	  8
    3695.206	 53
    3703.628	  8
    3703.628	 20
    3703.628	 27
    3703.638	 28
    3703.638	 19
    3703.738	 29
    3703.836	  8
    3704.132	  8
    3704.172	  9
    3704.978	  8
    3723.758	 52
    3723.768	 10
    3829.296	  7
    3829.418	  7
    3829.584	  7
    3829.800	  7
    3830.006	  7
    3830.190	  7
    3830.372	  7
    3830.556	  7
    3830.770	  7
    3831.016	  7
    3831.178	  7
    3831.404	  7
    3831.618	  7
    3831.794	  7
    3831.966	  7
    3832.156	  7
    3832.356	  7
    3832.504	  7
    3832.702	  7
    3832.856	  7
    3833.086	  7
    3833.506	  7
    3833.716	  7
    3833.894	  7
    3834.114	  7
    3834.254	  7
    3834.400	  7
    3834.806	  7
    3837.530	  7
    3838.668	  7
    3838.774	  7
    3838.874	  7
    3843.768	 53
    3844.606	  7
    3848.340	  7
    3857.078	  7
    3857.280	  7
    3863.448	  8
    3863.448	 20
    3863.448	 27
    3863.458	 28
    3863.458	 19
    3863.482	  8
    3863.558	 29
    3863.750	  9
    3863.774	  8
    3864.854	  8
    3883.578	 52
    3883.588	 10
    3915.736	  8
    3918.686	  8
    3936.098	  8
    3936.656	  8
    3936.766	  8
    3937.100	  8
    3937.438	  8
    3972.576	  8
    3972.740	  8
    3973.256	  8
    3974.050	  8
    3974.156	  8
    3974.714	  8
    3974.802	  8
    3975.330	  8
    3979.048	  8
    3979.184	  8
    3979.606	  8
    3980.270	  8
    3982.384	  8
    3982.776	  8
    3983.368	  8
    3994.978	  8
    3995.374	  8
    3995.910	  8
    3996.114	  8
    3996.422	  8
    3997.030	  8
    3997.894	  8
    3998.204	  8
    4001.928	  8
    4002.140	  8
    4003.588	 53
    4003.878	  8
    4003.878	 20
    4003.878	 27
    4003.888	 28
    4003.888	 19
    4003.988	 29
    4004.156	  8
    4004.178	  9
    4004.422	  8
    4006.566	  8
    4024.008	 52
    4024.018	 10
    4064.716	  8
    4070.918	  8
    4071.308	  8
    4105.900	  8
    4106.258	  8
    4106.582	  8
    4112.670	  8
    4113.564	  8
    4131.232	  8
    4131.670	  8
    4132.440	  8
    4132.726	  8
    4133.058	  8
    4134.390	  8
    4134.688	  8
    4135.104	  8
    4139.042	  8
    4144.018	 53
    4165.126	  8
    4165.126	 20
    4165.126	 27
    4165.136	 28
    4165.136	 19
    4165.236	 29
    4165.426	  9
    4165.428	  8
    4185.256	 52
    4185.266	 10
    4262.860	  8
    4263.114	  8
    4263.518	  8
    4263.970	  8
    4264.880	  8
    4265.586	  8
    4267.698	  8
    4268.024	  8
    4268.518	  8
    4269.016	  8
    4271.816	  8
    4272.108	  8
    4280.266	  8
    4280.488	  8
    4280.876	  8
    4281.710	  8
    4282.084	  8
    4282.354	  8
    4302.610	  8
    4303.378	  8
    4303.822	  8
    4304.592	  8
    4305.266	 53
    4305.606	  8
    4305.606	 20
    4305.606	 27
    4305.616	 28
    4305.616	 19
    4305.716	 29
    4305.906	  9
    4305.968	  8
    4325.736	 52
    4325.746	 10
    4393.814	  8
    4394.108	  8
    4410.456	  8
    4410.602	  8
    4411.118	  8
    4412.304	  8
    4412.818	  8
    4413.252	  8
    4413.504	  8
    4445.746	 53
    4459.604	  8
    4459.604	 20
    4459.604	 27
    4459.614	 28
    4459.614	 19
    4459.714	 29
    4459.864	  8
    4459.904	  9
    4479.734	 50
    4479.744	 17
    4488.318	  8
    4508.492	  8
    4509.744	 53
    4512.730	  8
    4512.730	 20
    4512.730	 27
    4512.740	 28
    4512.740	 19
    4512.840	 29
    4512.932	  8
    4513.030	  9
    4532.860	 52
    4532.870	 10
    4552.540	  8
    4566.926	  8
    4618.560	  6
    4652.870	 53
    4663.554	  8
    4663.554	 20
    4663.554	 27
    4663.564	 28
    4663.564	 19
    4663.664	 29
    4663.792	  8
    4663.854	  9
    4664.046	  8
    4668.528	  8
    4683.684	 52
    4683.694	 10
    4720.652	  7
    4726.504	  8
    4726.780	  8
    4739.010	  7
    4739.106	  7
    4739.300	  7
    4739.414	  7
    4739.654	  7
    4740.268	  7
    4740.422	  7
    4742.968	  7
    4743.796	  7
    4750.838	  8
    4751.102	  8
    4769.502	  8
    4769.802	  8
    4770.220	  8
    4770.778	  8
    4773.014	  8
    4773.278	  8
    4774.488	  8
    4775.312	  8
    4777.518	  8
    4777.610	  8
    4778.406	  8
    4781.310	  8
    4784.062	  8
    4784.668	  8
    4785.116	  8
    4786.328	  8
    4788.678	  8
    4789.176	  8
    4789.840	  8
    4789.936	  8
    4790.018	  8
    4790.496	  8
    4793.566	  8
    4794.478	  8
    4796.982	  8
    4797.192	  8
    4797.260	  8
    4797.342	  8
    4799.238	  8
    4799.578	  8
    4801.350	  8
    4802.508	  8
    4803.694	 53
    4822.664	  8
    4822.664	 20
    4822.664	 27
    4822.674	 28
    4822.674	 19
    4822.774	 29
    4822.964	  9
    4842.794	 50
    4842.804	 17
    4859.544	  8
    4860.320	  8
    4860.726	  8
    4861.390	  8
    4872.804	 53
    4891.382	  8
    4891.382	 20
    4891.382	 27
    4891.392	 28
    4891.392	 19
    4891.492	 29
    4891.674	  8
    4891.682	  9
    4911.512	 52
    4911.522	 10
    4933.750	  8
    4933.810	  8
    4935.178	  8
    4938.876	  8
    4940.764	  8
    4941.258	  8
    4960.750	  8
    4961.416	  8
    4962.272	  8
    4962.630	  8
    4963.094	  8
    4964.484	  8
    4965.182	  8
    4965.680	  8
    4987.438	  8
    4988.016	  8
    4988.586	  8
    4994.884	  8
    5027.122	  8
    5027.988	  8
    5028.142	  8
    5028.490	  8
    5030.876	  8
    5031.508	  8
    5031.522	 53
    5031.638	  8
    5031.638	 20
    5031.638	 27
    5031.648	 28
    5031.648	 19
    5031.748	 29
    5031.966	  8
    5032.182	  9
    5032.196	  8
    5051.768	 50
    5051.778	 17
    5081.778	 53
    5093.478	  8
    5093.478	 20
    5093.478	 27
    5093.488	 28
    5093.488	 19
    5093.588	 29
    5093.778	  9
    5113.608	 50
    5113.618	 17
    5143.618	 53
    5147.846	  8
    5147.846	 20
    5147.846	 27
    5147.856	 28
    5147.856	 19
    5147.956	 29
    5148.146	  9
    5148.326	  8
    5167.976	 52
    5167.986	 10
    5186.002	  8
    5192.806	  8
    5221.608	  8
    5222.948	  8
    5241.516	  8
    5242.228	  8
    5242.320	  8
    5243.012	  8
    5243.252	  8
    5243.690	  8
    5243.842	  8
    5244.130	  8
    5244.244	  8
    5244.574	  8
    5244.726	  8
    5245.442	  8
    5245.736	  8
    5246.084	  8
    5246.642	  8
    5248.762	  8
    5249.098	  8
    5249.318	  8
    5252.090	  8
    5252.928	  8
    5253.810	  8
    5254.292	  8
    5254.368	  8
    5254.992	  8
    5255.150	  8
    5255.656	  8
    5256.026	  8
    5256.740	  8
    5257.926	  8
    5257.974	  8
    5258.428	  8
    5260.552	  8
    5261.022	  8
    5263.012	  8
    5264.510	  8
    5264.696	  8
    5265.068	  8
    5266.800	  8
    5266.998	  8
    5269.444	  8
    5269.968	  8
    5270.442	  8
    5270.748	  8
    5271.036	  8
    5271.294	  8
    5271.774	  8
    5272.046	  8
    5272.370	  8
    5273.068	  8
    5273.632	  8
    5273.848	  8
    5274.688	  8
    5279.208	  7
    5281.278	  8
    5281.602	  8
    5281.902	  8
    5282.220	  8
    5282.474	  8
    5282.744	  8
    5283.248	  8
    5283.286	  8
    5283.644	  8
    5283.938	  8
    5284.254	  8
    5284.340	  8
    5285.002	  8
    5285.808	  8
    5286.184	  8
    5286.466	  8
    5286.626	  8
    5287.444	  8
    5287.844	  8
    5287.986	 53
    5288.158	  8
    5288.158	 20
    5288.158	 27
    5288.168	 28
    5288.168	 19
    5288.268	 29
    5288.458	  9
    5288.572	  8
    5289.754	  8
    5290.468	  8
    5308.288	 52
    5308.298	 10
    5324.492	  8
    5330.442	  8
    5352.454	  8
    5353.016	  8
    5353.780	  8
    5355.522	  8
    5356.334	  8
    5357.776	  8
    5372.020	  8
    5372.084	  8
    5372.478	  8
    5372.792	  8
    5374.378	  8
    5374.588	  8
    5376.226	  8
    5378.192	  8
    5379.038	  8
    5380.552	  8
    5381.426	  8
    5381.736	  8
    5381.982	  8
    5382.282	  8
    5384.968	  8
    5385.236	  8
    5385.574	  8
    5386.036	  8
    5386.652	  8
    5387.272	  8
    5387.358	  8
    5388.212	  8
    5388.700	  8
    5389.042	  8
    5389.524	  8
    5390.674	  8
    5391.400	  8
    5391.662	  8
    5392.358	  8
    5392.914	  8
    5393.238	  8
    5393.492	  8
    5393.734	  8
    5394.040	  8
    5394.370	  8
    5394.716	  8
    5395.052	  8
    5395.622	  8
    5395.890	  8
    5396.572	  8
    5397.090	  8
    5397.692	  8
    5397.986	  8
    5401.918	  8
    5402.198	  8
    5402.900	  8
    5403.304	  8
    5403.764	  8
    5404.182	  8
    5404.792	  8
    5406.698	  8
    5407.180	  8
    5407.676	  8
    5408.030	  8
    5410.398	  8
    5410.672	  8
    5411.076	  8
    5411.502	  8
    5412.068	  8
    5412.538	  8
    5412.660	  8
    5413.622	  8
    5413.952	  8
    5415.038	  8
    5415.544	  8
    5428.028	  8
    5428.298	 53
    5428.356	  8
    5428.356	 20
    5428.356	 27
    5428.366	 28
    5428.366	 19
    5428.466	 29
    5428.656	  9
    5428.844	  8
    5431.118	  8
    5431.168	  8
    5448.486	 50
    5448.496	 17
    5478.496	 53
    5489.920	  8
    5489.920	 20
    5489.920	 27
    5489.930	 28
    5489.930	 19
    5490.030	 29
    5490.220	  9
    5490.232	  8
    5503.842	  8
    5505.938	  8
    5506.140	  8
    5510.050	 50
    5510.060	 17
    5540.060	 53
    5545.848	  8
    5545.848	 20
    5545.848	 27
    5545.858	 28
    5545.858	 19
    5545.958	 29
    5546.110	  8
    5546.148	  9
    5565.978	 51
    5565.988	 18
    5585.164	  8
    5602.308	  7
    5602.494	  7
    5602.712	  7
    5602.978	  7
    5603.232	  7
    5603.480	  7
    5603.660	  7
    5603.874	  7
    5604.082	  7
    5604.292	  7
    5604.508	  7
    5604.950	  7
    5605.380	  7
    5605.556	  7
    5605.972	  7
    5606.144	  7
    5606.326	  7
    5606.524	  7
    5606.750	  7
    5606.936	  7
    5607.136	  7
    5607.528	  7
    5607.892	  7
    5608.042	  7
    5608.240	  7
    5608.660	  7
    5612.032	  8
    5612.202	  8
    5612.522	  8
    5612.890	  8
    5613.340	  8
    5614.208	  8
    5614.604	  8
    5614.956	  8
    5616.238	  8
    5616.472	  8
    5616.876	  8
    5618.068	  8
    5618.656	  8
    5619.648	  8
    5620.094	  8
    5620.924	  8
    5621.086	  8
    5621.150	  8
    5622.112	  8
    5622.384	  8
    5622.660	  8
    5623.158	  8
    5623.538	  8
    5624.092	  8
    5624.462	  8
    5624.904	  8
    5625.936	  8
    5625.988	 53
    5625.998	 20
    5625.998	 27
    5632.842	  8
    5633.506	  8
    5633.836	  8
    5633.954	  8
    5636.036	  8
    5636.504	  8
    5646.018	 51
    5646.028	 18
    5662.104	  8
    5662.222	  8
    5662.580	  8
    5663.848	  8
    5664.350	  8
    5664.704	  8
    5665.394	  8
    5667.268	  8
    5667.954	  8
    5668.698	  8
    5670.620	  8
    5671.226	  8
    5671.404	  8
    5672.254	  8
    5674.290	  8
    5674.956	  8
    5675.640	  8
    5675.924	  8
    5677.172	  8
    5677.658	  8
    5677.820	  8
    5679.584	  8
    5679.874	  8
    5680.182	  8
    5680.720	  8
    5681.820	  8
    5683.060	  8
    5687.172	  8
    5687.510	  8
    5687.926	  8
    5688.568	  8
    5689.720	  8
    5690.432	  8
    5691.216	  8
    5691.612	  8
    5693.066	  8
    5694.802	  8
    5697.500	  8
    5698.030	  8
    5698.526	  8
    5706.028	 53
    5706.038	 20
    5706.038	 27
    5710.148	  8
    5710.270	  8
    5710.494	  8
    5711.122	  8
    5726.058	 50
    5726.068	 17
    5733.398	  8
    5733.586	  8
    5734.170	  8
    5735.802	  8
    5736.774	  8
    5738.642	  8
    5738.810	  8
    5741.062	  8
    5742.254	  8
    5742.684	  8
    5743.180	  8
    5745.320	  8
    5746.248	  8
    5746.628	  8
    5747.314	  8
    5749.908	  8
    5751.124	  8
    5751.418	  8
    5751.894	  8
    5753.114	  8
    5754.640	  8
    5755.126	  8
    5755.818	  8
    5756.068	 53
    5757.364	  8
    5757.364	 20
    5757.364	 27
    5757.374	 28
    5757.374	 19
    5757.474	 29
    5757.664	  9
    5758.700	  8
    5760.950	  8
    5762.298	  8
    5762.332	  8
    5762.456	  8
    5777.494	 50
    5777.504	 17
    5807.504	 53
    5812.212	  8
    5812.212	 20
    5812.212	 27
    5812.222	 28
    5812.222	 19
    5812.322	 29
    5812.502	  8
    5812.512	  9
    5814.934	  8
    5815.058	  8
    5832.342	 51
    5832.352	 18
    5886.202	  8
    5886.982	  8
    5887.168	  8
    5887.266	  8
    5887.456	  8
    5892.352	 53
    5892.362	 20
    5892.362	 27
    5892.506	  8
    5900.850	  7
    5902.082	  7
    5912.382	 52
    5912.392	 10
    5935.268	  8
    5935.830	  8
    5936.124	  8
    5936.564	  8
    5937.008	  8
    5937.152	  8
    5937.286	  8
    5938.534	  8
    5948.780	  8
    5949.130	  8
    5949.196	  8
    5949.318	  8
    5949.440	  8
    5949.752	  8
    5949.912	  8
    5950.498	  8
    5950.896	  8
    5951.264	  8
    5952.570	  8
    5953.074	  8
    5953.170	  8
    5953.496	  8
    5955.690	  8
    5955.964	  8
    5956.420	  8
    5956.684	  8
    5956.918	  8
    5957.282	  8
    5957.520	  8
    5957.900	  8
    5958.480	  8
    5959.260	  8
    5961.316	  8
    5961.740	  8
    5962.220	  8
    5962.642	  8
    5963.664	  8
    5964.188	  8
    5964.298	  8
    5964.630	  8
    5965.038	  8
    5966.858	  8
    5967.214	  8
    5968.010	  8
    5968.468	  8
    5969.250	  8
    5969.866	  8
    5969.902	  8
    5971.188	  8
    5971.576	  8
    5972.070	  8
    5972.628	  8
    5973.258	  8
    5973.792	  8
    5974.556	  8
    5974.820	  8
    5974.976	  8
    5975.834	  8
    5976.180	  8
    5976.572	  8
    5977.056	  8
    5977.336	  8
    5977.652	  8
    5978.164	  8
    5978.648	  8
    5979.096	  8
    5979.152	  8
    5979.640	  8
    5980.544	  8
    5982.920	  8
    5983.212	  8
    5983.966	  8
    5984.248	  8
    5984.748	  8
    5986.312	  8
    5986.902	  8
    5987.362	  8
    5987.744	  8
    5987.830	  8
    5988.814	  8
    5989.202	  8
    5989.700	  8
    5990.110	  8
    5990.512	  8
    5990.612	  8
    5991.702	  8
    5993.332	  8
    5993.664	  8
    5993.956	  8
    5994.502	  8
    5996.386	  8
    5996.596	  8
    5999.460	  8
    5999.734	  8
    6000.178	  8
    6000.638	  8
    6000.822	  8
    6001.694	  8
    6002.052	  8
    6002.394	  8
    6004.066	  8
    6005.806	  8
    6006.016	  8
    6006.326	  8
    6006.808	  8
    6007.666	  8
    6007.908	  8
    6008.326	  8
    6010.780	  8
    6016.284	  8
    6016.540	  8
    6017.068	  8
    6017.598	  8
    6018.228	  8
    6018.586	  8
    6019.342	  8
    6020.534	  8
    6021.006	  8
    6021.746	  8
    6022.226	  8
    6022.870	  8
    6023.302	  8
    6023.840	  8
    6024.488	  8
    6024.704	  8
    6027.374	  8
    6027.730	  8
    6028.118	  8
    6028.372	  8
    6028.578	  8
    6029.296	  8
    6029.648	  8
    6030.570	  8
    6031.570	  8
    6032.378	  8
    6032.392	 53
    6032.910	  8
    6032.910	 20
    6032.910	 27
    6032.920	 28
    6032.920	 19
    6033.020	 29
    6033.210	  9
    6033.282	  8
    6035.126	  8
    6036.018	  8
    6053.040	 50
    6053.050	 17
    6083.050	 53
    6095.662	  8
    6095.662	 20
    6095.662	 27
    6095.672	 28
    6095.672	 19
    6095.772	 29
    6095.782	 61
