     508.542	  7
     508.640	  7
     508.738	  7
     508.858	  7
     508.976	  7
     509.106	  7
     509.226	  7
     509.470	  7
     509.582	  7
     509.710	  7
     509.852	  7
     509.978	  7
     510.108	  7
     510.236	  7
     510.376	  7
     510.512	  7
     510.644	  7
     510.760	  7
     510.878	  7
     511.010	  7
     511.140	  7
     511.302	  7
     512.220	  7
     513.300	  7
     513.412	  7
     513.764	  7
     513.840	  7
     514.740	  7
     515.574	  7
     517.042	  7
     517.154	  7
     517.270	  7
     517.402	  7
     518.004	  7
     518.328	  7
     518.424	  7
     518.546	  7
     518.674	  7
     518.810	  7
     518.934	  7
     519.072	  7
     519.184	  7
     519.318	  7
     519.440	  7
     519.584	  7
     519.700	  7
     519.836	  7
     519.964	  7
     520.090	  7
     520.216	  7
     520.344	  7
     520.492	  7
     520.612	  7
     520.740	  7
     520.882	  7
     521.006	  7
     521.144	  7
     521.292	  7
     521.414	  7
     521.550	  7
     521.682	  7
     521.852	  7
     521.960	  7
     522.100	  7
     522.262	  7
     522.380	  7
     522.520	  7
     522.658	  7
     522.952	  7
     523.070	  7
     523.202	  7
     523.372	  7
     523.482	  7
     523.618	  7
     523.752	  7
     523.920	  7
     524.036	  7
     524.178	  7
     524.346	  7
     524.474	  7
     524.604	  7
     524.782	  7
     524.918	  7
     525.050	  7
     525.192	  7
     525.334	  7
     525.496	  7
     525.610	  7
     525.762	  7
     525.930	  7
     526.048	  7
     526.178	  7
     526.328	  7
     526.466	  7
     526.624	  7
     526.750	  7
     526.896	  7
     527.060	  7
     527.188	  7
     527.326	  7
     527.488	  7
     527.620	  7
     527.764	  7
     527.930	  7
     528.060	  7
     528.222	  7
     528.334	  7
     528.468	  7
     528.604	  7
     528.758	  7
     528.890	  7
     529.070	  7
     529.186	  7
     529.330	  7
     529.506	  7
     529.622	  7
     529.756	  7
     529.934	  7
     530.054	  7
     530.194	  7
     530.360	  7
     530.496	  7
     530.620	  7
     530.768	  7
      20.010	 52
      20.020	 10
      42.910	  7
      50.602	  8
      66.052	  8
      74.980	  8
      75.916	  8
      86.342	  8
     102.792	  8
     103.288	  8
     107.866	  8
     108.000	  8
     108.498	  8
     128.432	  7
     128.532	  7
     129.348	  7
     130.012	  7
     130.248	  7
     132.098	  7
     132.428	  7
     132.566	  7
     133.056	  7
     133.716	  7
     133.978	  7
     134.946	  7
     135.582	  7
     136.990	  7
     138.466	  7
     138.578	  7
     138.680	  7
     139.228	  7
     139.772	  7
     139.850	  7
     140.020	 53
     140.030	 20
     140.030	 27
     140.462	  7
     140.952	  7
     142.036	  7
     142.194	  7
     142.588	  7
     142.760	  7
     143.102	  7
     144.248	  7
     144.982	  7
     146.456	  7
     146.574	  7
     146.944	  7
     153.314	  7
     154.106	  7
     155.086	  7
     155.950	  7
     157.052	  7
     158.324	  7
     158.674	  7
     160.050	 50
     160.060	 17
     164.384	  7
     165.146	  7
     168.846	  7
     169.042	  7
     172.442	  7
     172.710	  7
     172.834	  7
     172.962	  7
     173.102	  7
     173.230	  7
     173.372	  7
     173.500	  7
     173.624	  7
     173.750	  7
     173.876	  7
     174.008	  7
     174.162	  7
     174.288	  7
     174.432	  7
     174.558	  7
     174.700	  7
     174.852	  7
     174.980	  7
     175.116	  7
     175.270	  7
     175.396	  7
     175.534	  7
     175.674	  7
     175.938	  7
     176.088	  7
     176.208	  7
     176.342	  7
     176.500	  7
     176.630	  7
     176.768	  7
     176.934	  7
     177.060	  7
     177.206	  7
     177.348	  7
     177.516	  7
     177.638	  7
     177.788	  7
     177.960	  7
     178.088	  7
     178.232	  7
     178.382	  7
     178.534	  7
     178.672	  7
     178.788	  7
     178.928	  7
     179.096	  7
     179.220	  7
     179.374	  7
     179.550	  7
     179.678	  7
     179.820	  7
     179.966	  7
     180.134	  7
     180.268	  7
     180.404	  7
     180.576	  7
     180.710	  7
     180.858	  7
     181.004	  7
     181.174	  7
     181.308	  7
     181.450	  7
     181.610	  7
     181.776	  7
     181.912	  7
     182.054	  7
     182.210	  7
     182.384	  7
     182.514	  7
     182.660	  7
     182.808	  7
     182.988	  7
     183.122	  7
     183.268	  7
     183.414	  7
     183.570	  7
     183.742	  7
     183.870	  7
     183.992	  7
     184.126	  7
     184.300	  7
     184.424	  7
     184.596	  7
     184.744	  7
     184.922	  7
     185.054	  7
     185.202	  7
     185.350	  7
     185.528	  7
     185.660	  7
     185.802	  7
     185.948	  7
     186.096	  7
     186.246	  7
     186.390	  7
     186.814	  7
     186.926	  7
     187.098	  7
     187.244	  7
     187.376	  7
     187.670	  7
     187.798	  7
     187.930	  7
     188.100	  7
     188.234	  7
     188.378	  7
     188.606	  7
     188.754	  7
     188.888	  7
     189.048	  7
     189.176	  7
     189.326	  7
     189.466	  7
     189.616	  7
     189.768	  7
     189.942	  7
     190.060	 53
     190.074	  7
     190.218	  7
     190.390	  7
     190.524	  7
     190.670	  7
     190.816	  7
     190.966	  7
     191.110	  7
     191.292	  7
     191.420	  7
     191.572	  7
     191.718	  7
     191.890	  7
     192.056	  7
     192.192	  7
     192.336	  7
     192.484	  7
     192.636	  7
     192.936	  7
     193.060	  7
     193.196	  7
     193.336	  7
     193.528	  7
     193.714	  7
     193.844	  7
     200.034	  7
     203.334	  8
     203.334	 20
     203.334	 27
     203.344	 28
     203.344	 19
     203.444	 29
     203.580	  8
     203.636	  9
     204.936	  8
     207.248	  8
     207.688	  8
     223.464	 50
     223.474	 17
     253.474	 53
     345.608	  8
     345.608	 20
     345.608	 27
     345.618	 28
     345.618	 19
     345.718	 29
     345.790	  8
     345.908	  9
     364.674	  7
     365.738	 50
     365.748	 17
     371.358	  7
     371.476	  7
     372.634	  7
     372.736	  7
     375.302	  7
     377.908	  8
     378.050	  8
     379.350	  8
     379.770	  8
     380.536	  8
     395.142	  7
     395.246	  7
     395.534	  7
     395.748	 53
     395.874	  7
     396.084	  7
     396.252	  7
     396.654	  7
     398.306	  7
     400.796	  7
     402.062	  7
     402.592	  7
     402.812	  7
     404.024	  7
     408.742	  7
     409.482	  7
     410.636	  7
     415.378	  7
     416.376	  7
     417.080	  7
     417.238	  7
     418.788	  7
     418.888	  7
     419.150	  7
     419.274	  7
     419.452	  7
     419.950	  7
     420.904	  7
     421.814	  7
     422.620	  7
     423.300	  7
     423.392	  7
     424.442	  7
     425.584	  7
     426.234	  7
     426.354	  7
     426.616	  7
     427.620	  7
     428.694	  7
     429.408	  7
     429.528	  7
     434.334	  7
     437.854	  7
     438.670	  7
     438.840	  7
     441.718	  7
     441.846	  7
     441.982	  7
     442.102	  7
     442.250	  7
     442.370	  7
     442.504	  7
     442.630	  7
     442.790	  7
     442.912	  7
     443.048	  7
     443.192	  7
     443.310	  7
     443.440	  7
     443.566	  7
     443.698	  7
     443.846	  7
     443.966	  7
     444.108	  7
     444.896	  7
     445.722	  7
     446.390	  7
     449.640	  7
     449.760	  7
     449.960	  7
     450.768	  7
     451.478	  7
     452.332	  7
     452.360	  7
     453.552	  7
     454.318	  7
     455.070	  7
     455.932	  7
     456.918	  7
     458.064	  7
     465.616	  7
     465.708	  7
     465.824	  7
     465.948	  7
     466.064	  7
     466.202	  7
     466.324	  7
     466.464	  7
     466.580	  7
     466.852	  7
     467.094	  7
     467.362	  7
     467.498	  7
     467.640	  7
     467.768	  7
     467.920	  7
     468.050	  7
     468.184	  7
     468.316	  7
     468.464	  7
     468.582	  7
     468.716	  7
     468.844	  7
     468.974	  7
     469.106	  7
     469.260	  7
     469.376	  7
     469.510	  7
     469.646	  7
     469.782	  7
     469.920	  7
     470.092	  7
     470.214	  7
     470.358	  7
     470.496	  7
     470.642	  7
     470.758	  7
     470.896	  7
     471.034	  7
     471.182	  7
     471.310	  7
     471.456	  7
     471.624	  7
     471.744	  7
     471.902	  7
     472.012	  7
     472.150	  7
     472.294	  7
     472.430	  7
     472.576	  7
     472.708	  7
     472.876	  7
     473.008	  7
     473.146	  7
     473.288	  7
     473.382	  7
     473.500	  7
     473.638	  7
     473.774	  7
     473.942	  7
     474.070	  7
     474.214	  7
     474.370	  7
     474.484	  7
     474.622	  7
     474.764	  7
     474.934	  7
     475.044	  7
     475.182	  7
     475.334	  7
     475.494	  7
     475.612	  7
     475.754	  7
     475.928	  7
     476.044	  7
     476.190	  7
     476.330	  7
     476.500	  7
     476.618	  7
     476.766	  7
     476.904	  7
     477.080	  7
     477.198	  7
     477.342	  7
     477.482	  7
     478.838	  8
     478.838	 20
     478.838	 27
     478.848	 28
     478.848	 19
     478.948	 29
     479.018	  8
     479.140	  9
     498.968	 52
     498.978	 10
     535.512	  8
     558.730	  8
     559.390	  8
     570.880	  8
     571.024	  8
     583.164	  7
     584.010	  7
     584.258	  7
     585.158	  7
     586.116	  7
     586.232	  7
     588.024	  7
     588.990	  7
     589.098	  7
     590.198	  7
     590.282	  7
     591.930	  7
     592.046	  7
     592.124	  7
     592.754	  7
     593.602	  7
     593.778	  7
     594.244	  7
     594.630	  7
     594.848	  7
     595.626	  7
     595.856	  7
     596.424	  7
     600.444	  7
     601.168	  7
     605.184	  8
     605.296	  8
     618.978	 53
     618.988	 20
     618.988	 27
     639.008	 52
     639.018	 10
     663.160	  8
     663.360	  8
     663.562	  8
     692.514	  8
     692.610	  8
     692.918	  8
     698.368	  8
     698.790	  8
     719.332	  8
     719.622	  8
     732.490	  7
     736.208	  7
     737.848	  7
     737.926	  7
     740.100	  7
     740.198	  7
     741.774	  7
     742.654	  7
     742.890	  7
     743.910	  7
     744.106	  7
     745.466	  7
     746.058	  7
     746.150	  7
     746.310	  7
     747.302	  7
     752.464	  7
     752.850	  7
     752.954	  7
     753.422	  7
     753.474	  7
     754.370	  7
     754.806	  7
     755.008	  7
     755.190	  7
     755.400	  7
     755.586	  7
     755.742	  7
     756.044	  7
     756.384	  7
     756.652	  7
     756.724	  7
     756.832	  7
     757.060	  7
     757.602	  7
     758.276	  7
     758.944	  7
     759.018	 53
     759.028	 20
     759.028	 27
     759.452	  7
     759.684	  7
     759.926	  7
     760.362	  7
     765.208	  7
     765.336	  7
     768.292	  7
     768.424	  7
     768.518	  7
     768.636	  7
     768.770	  7
     768.902	  7
     769.016	  7
     769.146	  7
     769.272	  7
     769.396	  7
     769.532	  7
     769.670	  7
     769.792	  7
     769.938	  7
     770.074	  7
     770.198	  7
     770.332	  7
     770.490	  7
     770.614	  7
     770.746	  7
     770.876	  7
     771.016	  7
     771.174	  7
     771.286	  7
     771.420	  7
     771.560	  7
     771.696	  7
     771.852	  7
     771.976	  7
     772.108	  7
     772.232	  7
     772.392	  7
     772.514	  7
     772.646	  7
     772.782	  7
     772.946	  7
     773.066	  7
     773.206	  7
     773.342	  7
     773.512	  7
     773.634	  7
     773.752	  7
     773.880	  7
     774.038	  7
     774.158	  7
     774.294	  7
     774.446	  7
     774.558	  7
     774.692	  7
     774.864	  7
     774.992	  7
     775.126	  7
     775.302	  7
     775.426	  7
     775.560	  7
     775.732	  7
     775.850	  7
     775.992	  7
     776.132	  7
     776.272	  7
     776.412	  7
     776.580	  7
     776.690	  7
     776.832	  7
     776.996	  7
     777.122	  7
     777.258	  7
     777.394	  7
     777.562	  7
     777.676	  7
     777.812	  7
     777.946	  7
     778.108	  7
     778.234	  7
     778.374	  7
     778.512	  7
     778.688	  7
     778.802	  7
     778.946	  7
     779.048	 51
     779.058	 18
     779.088	  7
     779.256	  7
     779.370	  7
     779.512	  7
     779.658	  7
     779.814	  7
     779.930	  7
     780.078	  7
     780.198	  7
     780.358	  7
     780.464	  7
     780.602	  7
     780.772	  7
     780.888	  7
     781.024	  7
     781.168	  7
     781.340	  7
     781.450	  7
     781.584	  7
     781.732	  7
     781.868	  7
     782.036	  7
     782.156	  7
     782.294	  7
     782.440	  7
     782.582	  7
     782.752	  7
     782.870	  7
     783.004	  7
     783.142	  7
     783.280	  7
     783.454	  7
     783.570	  7
     783.710	  7
     783.880	  7
     783.998	  7
     784.140	  7
     784.278	  7
     784.420	  7
     784.568	  7
     784.706	  7
     784.872	  7
     784.986	  7
     785.132	  7
     785.276	  7
     785.426	  7
     785.596	  7
     785.708	  7
     785.848	  7
     785.992	  7
     786.134	  7
     786.426	  7
     786.560	  7
     786.714	  7
     786.858	  7
     787.002	  7
     787.172	  7
     787.298	  7
     787.440	  7
     787.588	  7
     787.732	  7
     787.898	  7
     788.040	  7
     788.180	  7
     788.320	  7
     788.460	  7
     788.636	  7
     788.758	  7
     788.896	  7
     789.048	  7
     789.180	  7
     789.308	  7
     789.482	  7
     789.598	  7
     789.744	  7
     789.884	  7
     790.180	  7
     790.312	  7
     790.446	  7
     790.590	  7
     790.752	  7
     790.878	  7
     791.020	  7
     791.158	  7
     791.306	  7
     791.452	  7
     791.592	  7
     791.734	  7
     791.894	  7
     792.020	  7
     792.166	  7
     792.314	  7
     792.462	  7
     792.636	  7
     792.758	  7
     792.896	  7
     793.046	  7
     793.196	  7
     793.336	  7
     793.482	  7
     793.608	  7
     793.750	  7
     793.892	  7
     794.034	  7
     794.202	  7
     794.322	  7
     794.466	  7
     794.610	  7
     794.756	  7
     794.890	  7
     795.042	  7
     795.186	  7
     795.366	  7
     795.492	  7
     795.636	  7
     795.796	  7
     795.928	  7
     796.092	  7
     796.284	  7
     796.370	  7
     800.144	  8
     800.244	  8
     839.058	 53
     867.740	  8
     867.740	 20
     867.740	 27
     867.750	 28
     867.750	 19
     867.836	  8
     867.850	 29
     868.042	  9
     868.092	  8
     881.772	  7
     881.874	  7
     882.626	  7
     887.870	 52
     887.880	 10
     888.210	  7
     888.312	  7
     888.710	  7
     888.994	  7
     889.790	  7
     896.718	  7
     897.474	  7
     898.800	  7
     902.234	  7
     911.092	  7
     911.188	  7
     918.800	  7
     923.998	  7
     924.090	  7
     924.224	  7
     927.014	  7
     927.212	  7
     927.650	  7
     927.742	  7
     930.134	  7
     930.302	  7
     930.404	  7
     930.524	  7
     930.656	  7
     931.326	  7
     931.992	  7
     932.752	  7
     933.858	  7
     934.164	  7
     934.432	  7
     934.746	  7
     935.066	  7
     935.556	  7
     936.112	  7
     936.524	  7
     936.938	  7
     937.356	  7
     937.778	  7
     938.320	  7
     938.818	  7
     939.098	  7
     939.232	  7
     939.540	  7
     939.926	  7
     940.214	  7
     941.196	  7
     941.700	  7
     942.900	  7
     943.976	  7
     944.920	  7
     945.376	  7
     945.656	  7
     946.294	  7
     946.722	  7
     947.664	  7
     948.172	  7
     948.822	  7
     949.164	  7
     949.276	  7
     949.930	  7
     950.848	  7
     951.892	  7
     952.838	  7
     955.094	  7
     955.250	  7
     955.336	  7
     955.456	  7
     955.718	  7
     955.782	  7
     956.268	  7
     957.288	  7
     957.360	  7
     957.978	  7
     958.236	  7
     958.882	  7
     959.992	  7
     961.810	  7
     965.966	  7
     966.382	  7
     966.664	  7
     966.854	  7
     967.652	  7
     970.302	  7
     970.782	  7
     971.644	  7
     976.996	  7
     977.490	  7
     984.108	  7
     984.966	  7
     985.720	  7
     993.878	  8
     994.010	  8
     999.586	  7
    1000.316	  7
    1001.040	  7
    1001.436	  7
    1001.782	  7
    1001.872	  7
    1007.880	 53
    1007.890	 20
    1007.890	 27
    1010.836	  7
    1012.082	  7
    1014.718	  7
    1016.418	  7
    1016.552	  7
    1016.684	  7
    1016.744	  7
    1017.790	  7
    1018.114	  7
    1018.378	  7
    1018.742	  7
    1019.692	  7
    1019.752	  7
    1022.252	  7
    1022.792	  7
    1022.980	  7
    1024.268	  7
    1024.970	  7
    1025.308	  7
    1027.910	 50
    1027.920	 17
    1028.502	  7
    1028.916	  7
    1029.230	  7
    1029.614	  7
    1030.054	  7
    1030.516	  7
    1031.324	  7
    1031.918	  7
    1032.498	  7
    1035.268	  7
    1035.420	  7
    1035.598	  7
    1035.852	  7
    1036.344	  7
    1036.684	  7
    1042.362	  7
    1042.702	  7
    1042.760	  7
    1055.320	  8
    1056.290	  8
    1056.524	  8
    1056.704	  8
    1057.316	  8
    1057.588	  8
    1057.920	 53
    1058.286	  8
    1058.286	 20
    1058.286	 27
    1058.296	 28
    1058.296	 19
    1058.396	 29
    1058.588	  9
    1058.710	  8
    1078.416	 51
    1078.426	 18
    1081.416	  7
    1081.928	  7
    1094.856	  7
    1094.936	  7
    1095.338	  7
    1095.624	  7
    1096.062	  7
    1096.490	  7
    1099.058	  7
    1103.786	  7
    1104.452	  7
    1104.682	  7
    1105.038	  7
    1105.364	  7
    1105.594	  7
    1106.014	  7
    1106.216	  7
    1106.880	  7
    1107.162	  7
    1109.716	  7
    1109.974	  7
    1110.272	  7
    1110.512	  7
    1110.798	  7
    1118.348	  7
    1121.216	  7
    1121.324	  7
    1121.438	  7
    1121.566	  7
    1121.700	  7
    1121.814	  7
    1121.942	  7
    1122.080	  7
    1122.202	  7
    1122.332	  7
    1122.470	  7
    1122.600	  7
    1122.720	  7
    1122.878	  7
    1122.988	  7
    1123.120	  7
    1123.244	  7
    1123.370	  7
    1123.498	  7
    1123.654	  7
    1123.786	  7
    1123.906	  7
    1124.056	  7
    1124.168	  7
    1124.298	  7
    1124.434	  7
    1124.594	  7
    1124.706	  7
    1124.844	  7
    1124.988	  7
    1125.186	  7
    1125.330	  7
    1125.442	  7
    1125.576	  7
    1125.714	  7
    1125.884	  7
    1125.998	  7
    1126.126	  7
    1126.288	  7
    1126.406	  7
    1126.534	  7
    1126.666	  7
    1126.824	  7
    1127.076	  7
    1127.202	  7
    1127.370	  7
    1127.480	  7
    1127.614	  7
    1127.770	  7
    1127.890	  7
    1128.026	  7
    1128.164	  7
    1128.346	  7
    1128.464	  7
    1128.594	  7
    1128.760	  7
    1128.878	  7
    1129.012	  7
    1129.180	  7
    1129.296	  7
    1129.436	  7
    1129.576	  7
    1129.742	  7
    1129.856	  7
    1129.996	  7
    1130.134	  7
    1130.272	  7
    1130.432	  7
    1130.546	  7
    1130.690	  7
    1130.858	  7
    1130.972	  7
    1131.098	  7
    1131.274	  7
    1131.390	  7
    1131.520	  7
    1131.820	  7
    1131.934	  7
    1132.068	  7
    1132.202	  7
    1132.340	  7
    1132.498	  7
    1132.604	  7
    1132.746	  7
    1132.886	  7
    1133.014	  7
    1133.180	  7
    1133.296	  7
    1133.434	  7
    1133.576	  7
    1133.752	  7
    1133.860	  7
    1133.994	  7
    1134.136	  7
    1134.304	  7
    1134.422	  7
    1134.564	  7
    1134.704	  7
    1134.872	  7
    1134.992	  7
    1135.126	  7
    1135.268	  7
    1135.426	  7
    1135.544	  7
    1135.676	  7
    1135.802	  7
    1135.940	  7
    1136.106	  7
    1136.220	  7
    1136.362	  7
    1136.500	  7
    1136.628	  7
    1136.788	  7
    1136.908	  7
    1137.050	  7
    1137.186	  7
    1137.326	  7
    1137.490	  7
    1137.608	  7
    1137.744	  7
    1137.884	  7
    1138.022	  7
    1138.190	  7
    1138.306	  7
    1138.426	 53
    1138.446	  7
    1138.594	  7
    1138.732	  7
    1138.900	  7
    1139.008	  7
    1139.150	  7
    1139.286	  7
    1139.416	  7
    1139.554	  7
    1139.724	  7
    1139.840	  7
    1139.978	  7
    1140.116	  7
    1140.254	  7
    1140.438	  7
    1140.560	  7
    1140.688	  7
    1140.832	  7
    1140.968	  7
    1141.106	  7
    1141.276	  7
    1141.396	  7
    1141.534	  7
    1141.662	  7
    1141.804	  7
    1141.946	  7
    1142.122	  7
    1142.230	  7
    1142.366	  7
    1142.498	  7
    1142.636	  7
    1142.770	  7
    1142.938	  7
    1143.054	  7
    1143.196	  7
    1147.132	  8
    1147.132	 20
    1147.132	 27
    1147.142	 28
    1147.142	 19
    1147.238	  8
    1147.242	 29
    1147.434	  9
    1147.492	  8
    1167.262	 52
    1167.272	 10
    1215.122	  8
    1215.312	  8
    1215.768	  8
    1228.414	  8
    1228.536	  8
    1228.768	  8
    1229.040	  8
    1247.054	  8
    1247.384	  8
    1250.856	  8
    1251.712	  8
    1256.254	  8
    1256.392	  8
    1266.908	  8
    1267.042	  8
    1267.452	  8
    1267.856	  8
    1268.268	  8
    1268.344	  8
    1269.186	  8
    1269.738	  8
    1270.040	  8
    1270.290	  8
    1270.728	  8
    1271.878	  8
    1273.138	  8
    1273.378	  8
    1274.192	  8
    1274.616	  8
    1275.014	  8
    1275.338	  8
    1276.082	  8
    1276.864	  8
    1278.406	  8
    1278.640	  8
    1279.720	  8
    1280.236	  8
    1280.398	  8
    1281.538	  8
    1282.126	  8
    1282.364	  8
    1283.036	  8
    1284.924	  8
    1287.272	 53
    1287.282	 20
    1287.282	 27
    1307.302	 51
    1307.312	 18
    1323.766	  8
    1329.442	  8
    1347.328	  8
    1347.968	  8
    1350.568	  8
    1354.020	  8
    1359.178	  8
    1367.312	 53
    1378.132	  8
    1378.132	 20
    1378.132	 27
    1378.142	 28
    1378.142	 19
    1378.242	 29
    1378.434	  9
    1380.406	  8
    1381.546	  8
    1381.740	  8
    1382.616	  8
    1398.262	 50
    1398.272	 17
    1428.272	 53
    1429.950	  8
    1429.950	 20
    1429.950	 27
    1429.960	 28
    1429.960	 19
    1430.060	 29
    1430.252	  9
    1431.730	  8
    1434.386	  8
    1434.764	  8
    1450.080	 50
    1450.090	 17
    1471.492	  8
    1471.894	  8
    1472.172	  8
    1472.468	  8
    1472.858	  8
    1473.298	  8
    1474.208	  8
    1475.582	  8
    1476.624	  8
    1477.140	  8
    1478.068	  8
    1478.544	  8
    1479.094	  8
    1479.256	  8
    1479.810	  8
    1480.090	 53
    1480.836	  8
    1480.836	 20
    1480.836	 27
    1480.846	 28
    1480.846	 19
    1480.946	 29
    1481.138	  9
    1481.140	  8
    1482.610	  8
    1483.878	  8
    1500.966	 52
    1500.976	 10
    1525.954	  7
    1526.112	  7
    1529.106	  7
    1530.334	  7
    1530.504	  7
    1531.472	  7
    1531.690	  7
    1532.136	  7
    1532.418	  7
    1532.754	  7
    1534.430	  7
    1539.840	  7
    1539.932	  7
    1540.056	  7
    1540.428	  7
    1540.932	  7
    1541.550	  7
    1542.168	  7
    1542.554	  7
    1542.994	  7
    1543.714	  7
    1543.798	  7
    1545.736	  7
    1545.876	  7
    1545.984	  7
    1546.618	  7
    1547.178	  7
    1547.728	  7
    1548.708	  7
    1549.688	  7
    1552.232	  7
    1555.196	  7
    1555.326	  7
    1555.612	  7
    1556.154	  7
    1557.198	  7
    1558.092	  7
    1560.874	  7
    1561.002	  7
    1561.104	  7
    1561.248	  7
    1561.376	  7
    1561.506	  7
    1561.630	  7
    1561.770	  7
    1561.884	  7
    1562.016	  7
    1562.150	  7
    1562.286	  7
    1562.414	  7
    1562.540	  7
    1562.700	  7
    1562.816	  7
    1562.948	  7
    1563.074	  7
    1563.206	  7
    1563.366	  7
    1563.478	  7
    1563.618	  7
    1563.750	  7
    1563.880	  7
    1564.040	  7
    1564.156	  7
    1564.292	  7
    1564.422	  7
    1564.578	  7
    1564.702	  7
    1564.836	  7
    1564.968	  7
    1565.106	  7
    1565.260	  7
    1565.370	  7
    1565.508	  7
    1565.648	  7
    1565.776	  7
    1565.938	  7
    1566.046	  7
    1566.170	  7
    1566.300	  7
    1566.430	  7
    1566.592	  7
    1566.710	  7
    1566.838	  7
    1567.000	  7
    1567.116	  7
    1567.254	  7
    1567.390	  7
    1567.524	  7
    1567.682	  7
    1567.794	  7
    1567.934	  7
    1568.098	  7
    1568.228	  7
    1568.358	  7
    1568.496	  7
    1568.654	  7
    1568.766	  7
    1568.906	  7
    1569.040	  7
    1569.210	  7
    1569.324	  7
    1569.456	  7
    1569.614	  7
    1571.946	  7
    1572.086	  7
    1572.734	  7
    1573.204	  7
    1574.036	  7
    1574.850	  7
    1575.614	  7
    1576.790	  7
    1577.512	  7
    1578.328	  7
    1579.454	  7
    1580.070	  7
    1580.538	  7
    1580.644	  7
    1580.816	  7
    1581.476	  7
    1582.258	  7
    1585.078	  7
    1588.052	  7
    1588.170	  7
    1588.294	  7
    1588.420	  7
    1588.546	  7
    1588.824	  7
    1589.038	  7
    1589.804	  7
    1590.868	  7
    1590.910	  7
    1592.054	  7
    1612.852	  7
    1612.986	  7
    1613.160	  7
    1613.278	  7
    1613.418	  7
    1613.554	  7
    1613.726	  7
    1613.842	  7
    1613.982	  7
    1614.122	  7
    1614.260	  7
    1614.396	  7
    1614.542	  7
    1616.660	  8
    1616.828	  8
    1620.976	 53
    1620.986	 20
    1620.986	 27
    1641.006	 50
    1641.016	 17
    1663.578	  8
    1664.640	  8
    1664.820	  8
    1664.996	  8
    1665.644	  8
    1667.880	  8
    1668.430	  8
    1668.624	  8
    1669.220	  8
    1669.766	  8
    1670.642	  8
    1671.016	 53
    1671.108	  8
    1671.108	 20
    1671.108	 27
    1671.118	 28
    1671.118	 19
    1671.218	 29
    1671.410	  9
    1691.238	 51
    1691.248	 18
    1737.932	  8
    1742.500	  7
    1746.530	  7
    1746.950	  7
    1747.242	  7
    1747.688	  7
    1751.248	 53
    1763.496	  7
    1763.750	  7
    1764.646	  7
    1771.002	  7
    1771.252	  7
    1771.442	  7
    1772.024	  7
    1772.536	  7
    1773.652	  7
    1774.020	  7
    1774.400	  7
    1775.460	  7
    1780.784	  7
    1781.286	  7
    1783.260	  8
    1783.260	 20
    1783.260	 27
    1783.270	 28
    1783.270	 19
    1783.370	 29
    1783.562	  8
    1803.326	  8
    1803.390	 52
    1803.400	 10
    1803.482	  8
    1803.732	  8
    1811.196	  7
    1812.206	  7
    1812.308	  7
    1812.384	  7
    1813.876	  7
    1814.124	  7
    1814.206	  7
    1815.244	  7
    1815.520	  7
    1815.674	  7
    1816.048	  7
    1816.364	  7
    1816.800	  7
    1817.328	  7
    1818.310	  7
    1820.424	  7
    1825.252	  7
    1825.668	  7
    1825.770	  7
    1826.396	  7
    1827.076	  7
    1827.784	  7
    1828.138	  7
    1828.468	  7
    1828.698	  7
    1828.880	  7
    1829.058	  7
    1830.112	  7
    1830.680	  7
    1831.396	  7
    1833.278	  7
    1833.374	  7
    1833.520	  7
    1834.116	  7
    1834.564	  7
    1835.026	  7
    1835.434	  7
    1835.802	  7
    1836.144	  7
    1836.488	  7
    1836.908	  7
    1837.286	  7
    1837.348	  7
    1837.998	  7
    1838.590	  7
    1838.818	  7
    1839.044	  7
    1839.252	  7
    1839.474	  7
    1839.784	  7
    1840.060	  7
    1840.584	  7
    1840.716	  7
    1840.830	  7
    1841.378	  7
    1846.996	  7
    1847.776	  7
    1853.588	  7
    1853.700	  7
    1853.816	  7
    1853.952	  7
    1854.078	  7
    1854.212	  7
    1854.344	  7
    1854.456	  7
    1854.584	  7
    1854.722	  7
    1854.866	  7
    1854.982	  7
    1855.112	  7
    1855.248	  7
    1855.374	  7
    1855.518	  7
    1855.640	  7
    1855.794	  7
    1855.902	  7
    1856.036	  7
    1856.166	  7
    1856.322	  7
    1856.442	  7
    1856.578	  7
    1856.714	  7
    1856.850	  7
    1856.982	  7
    1857.134	  7
    1857.246	  7
    1857.378	  7
    1857.514	  7
    1857.644	  7
    1857.780	  7
    1857.922	  7
    1858.044	  7
    1858.200	  7
    1858.322	  7
    1858.460	  7
    1858.596	  7
    1858.746	  7
    1858.876	  7
    1858.998	  7
    1859.126	  7
    1859.290	  7
    1859.404	  7
    1859.990	  7
    1860.770	  7
    1861.374	  7
    1861.954	  7
    1862.302	  7
    1862.630	  7
    1862.918	  7
    1863.114	  7
    1863.222	  7
    1863.424	  7
    1863.600	  7
    1863.848	  7
    1864.220	  7
    1864.306	  7
    1864.784	  7
    1864.888	  7
    1867.530	  7
    1876.650	  8
    1896.552	  8
    1896.692	  8
    1923.400	 53
    1923.410	 20
    1923.410	 27
    1938.950	  8
    1939.204	  8
    1939.466	  8
    1943.430	 52
    1943.440	 10
    1981.340	  8
    1981.424	  8
    1981.924	  8
    1988.070	  8
    1988.266	  8
    2000.124	  8
    2000.342	  8
    2000.814	  8
    2001.244	  8
    2002.998	  8
    2006.612	  8
    2040.674	  8
    2040.824	  8
    2041.318	  8
    2044.178	  8
    2045.712	  8
    2063.440	 53
    2063.450	 20
    2063.450	 27
    2083.470	 50
    2083.480	 17
    2106.822	  8
    2106.946	  8
    2111.744	  8
    2111.822	  8
    2112.158	  8
    2113.256	  8
    2113.480	 53
    2113.638	  8
    2113.638	 20
    2113.638	 27
    2113.648	 28
    2113.648	 19
    2113.748	 29
    2113.914	  8
    2113.940	  9
    2114.914	  8
    2133.768	 51
    2133.778	 18
    2193.778	 53
    2197.196	  8
    2197.196	 20
    2197.196	 27
    2197.206	 28
    2197.206	 19
    2197.306	 29
    2197.440	  8
    2197.498	  9
    2211.208	  8
    2211.792	  8
    2217.326	 52
    2217.336	 10
    2299.052	  8
    2299.270	  8
    2299.698	  8
    2299.964	  8
    2300.168	  8
    2300.698	  8
    2337.336	 53
    2337.346	 20
    2337.346	 27
    2357.366	 51
    2357.376	 18
    2395.434	  8
    2400.426	  8
    2417.376	 53
    2480.976	  8
    2480.976	 20
    2480.976	 27
    2480.986	 28
    2480.986	 19
    2481.086	 29
    2481.140	  8
    2481.278	  9
    2501.106	 52
    2501.116	 10
    2599.686	  8
    2600.614	  8
    2621.116	 53
    2621.126	 20
    2621.126	 27
    2622.114	  8
    2641.146	 52
    2641.156	 10
    2708.202	  8
    2708.586	  8
    2761.156	 53
    2761.166	 20
    2761.166	 27
    2781.186	 50
    2781.196	 17
    2792.554	  8
    2793.054	  8
    2794.552	  8
    2795.148	  8
    2796.020	  8
    2796.232	  8
    2800.368	  8
    2801.072	  8
    2801.620	  8
    2802.834	  8
    2803.818	  8
    2803.884	  8
    2804.446	  8
    2805.856	  8
    2806.388	  8
    2806.708	  8
    2807.484	  8
    2807.884	  8
    2808.590	  8
    2808.932	  8
    2809.560	  8
    2809.718	  8
    2810.860	  8
    2811.196	 53
    2812.446	  8
    2812.446	 20
    2812.446	 27
    2812.456	 28
    2812.456	 19
    2812.556	 29
    2812.690	  8
    2812.748	  9
    2816.462	  8
    2816.574	  8
    2817.844	  8
    2832.576	 50
    2832.586	 17
    2844.208	  8
    2844.542	  8
    2848.416	  8
    2852.604	  8
    2855.294	  8
    2856.894	  8
    2858.558	  8
    2860.008	  8
    2860.142	  8
    2860.872	  8
    2861.610	  8
    2862.586	 53
    2863.332	  8
    2863.332	 20
    2863.332	 27
    2863.342	 28
    2863.342	 19
    2863.442	 29
    2863.588	  8
    2863.634	  9
    2883.462	 52
    2883.472	 10
    2904.336	  7
    2905.624	  7
    2905.736	  7
    2906.218	  7
    2906.346	  7
    2906.596	  7
    2907.140	  7
    2908.306	  7
    2908.670	  7
    2908.778	  7
    2909.656	  7
    2909.768	  7
    2909.824	  7
    2909.898	  7
    2918.568	  7
    2918.648	  7
    2918.780	  7
    2928.136	  7
    2928.824	  7
    2929.184	  7
    2929.286	  7
    2929.386	  7
    2929.466	  7
    2929.574	  7
    2929.820	  7
    2930.102	  7
    2930.250	  7
    2936.310	  7
    2936.602	  7
    2936.688	  7
    2936.804	  7
    2936.916	  7
    2937.174	  7
    2937.806	  7
    2938.844	  7
    2939.146	  7
    2965.036	  8
    2970.118	  8
    3003.232	  8
    3003.472	 53
    3003.482	 20
    3003.482	 27
    3003.484	  8
    3003.868	  8
    3023.502	 50
    3023.512	 17
    3027.850	  8
    3032.084	  8
    3034.034	  8
    3034.656	  8
    3038.926	  8
    3043.356	  8
    3044.016	  8
    3044.180	  8
    3046.612	  8
    3048.412	  8
    3050.376	  8
    3053.512	 53
    3054.666	  8
    3054.666	 20
    3054.666	 27
    3054.676	 28
    3054.676	 19
    3054.776	 29
    3054.972	  8
    3055.212	  9
    3074.796	 50
    3074.806	 17
    3090.836	  8
    3099.066	  8
    3099.756	  8
    3100.252	  8
    3101.576	  8
    3102.460	  8
    3103.196	  8
    3103.764	  8
    3104.450	  8
    3104.806	 53
    3105.478	  8
    3105.478	 20
    3105.478	 27
    3105.488	 28
    3105.488	 19
    3105.588	 29
    3105.780	  9
    3125.608	 51
    3125.618	 18
    3174.264	  8
    3174.590	  8
    3176.462	  8
    3185.618	 53
    3189.888	  8
    3189.888	 20
    3189.888	 27
    3189.898	 28
    3189.898	 19
    3189.998	 29
    3190.190	  9
    3203.794	  8
    3210.018	 50
    3210.028	 17
    3222.794	  8
    3223.594	  8
    3224.032	  8
    3224.496	  8
    3224.902	  8
    3226.682	  8
    3227.320	  8
    3228.614	  8
    3229.856	  8
    3230.524	  8
    3232.642	  8
    3232.826	  8
    3233.412	  8
    3234.190	  8
    3234.728	  8
    3235.642	  8
    3237.090	  8
    3237.668	  8
    3237.908	  8
    3238.348	  8
    3238.748	  8
    3239.492	  8
    3240.028	 53
    3240.272	  8
    3240.272	 20
    3240.272	 27
    3240.282	 28
    3240.282	 19
    3240.382	 29
    3240.574	  9
    3240.614	  8
    3260.402	 52
    3260.412	 10
    3350.220	  8
    3350.424	  8
    3380.412	 53
    3380.422	 20
    3380.422	 27
    3400.442	 52
    3400.452	 10
    3459.512	  8
    3459.974	  8
    3478.356	  8
    3478.534	  8
    3478.898	  8
    3479.792	  8
    3520.452	 53
    3520.462	 20
    3520.462	 27
    3540.482	 52
    3540.492	 10
    3582.038	  8
    3582.266	  8
    3583.284	  8
    3584.774	  8
    3585.568	  8
    3585.796	  8
    3586.488	  8
    3587.044	  8
    3587.602	  8
    3588.152	  8
    3590.422	  8
    3594.530	  8
    3595.552	  8
    3599.284	  8
    3599.836	  8
    3602.852	  8
    3603.042	  8
    3633.234	  8
    3633.550	  8
    3634.358	  8
    3634.808	  8
    3635.394	  8
    3660.492	 53
    3660.502	 20
    3660.502	 27
    3680.522	 51
    3680.532	 18
    3687.042	  8
    3710.024	  8
    3710.230	  8
    3710.630	  8
    3712.130	  8
    3716.000	  8
    3717.012	  8
    3717.494	  8
    3718.756	  8
    3719.512	  8
    3732.840	  8
    3733.072	  8
    3733.614	  8
    3735.366	  8
    3737.860	  8
    3738.646	  8
    3739.206	  8
    3740.532	 53
    3743.190	  8
    3743.190	 20
    3743.190	 27
    3743.200	 28
    3743.200	 19
    3743.300	 29
    3743.492	  9
    3743.590	  8
    3744.654	  8
    3745.716	  8
    3745.858	  8
    3746.662	  8
    3748.198	  8
    3748.592	  8
    3763.320	 51
    3763.330	 18
    3774.310	  7
    3774.552	  7
    3774.904	  7
    3775.810	  7
    3775.910	  7
    3775.990	  7
    3776.136	  7
    3776.914	  7
    3777.260	  7
    3777.484	  7
    3777.652	  7
    3778.392	  7
    3782.780	  7
    3783.620	  7
    3785.070	  7
    3786.064	  7
    3786.676	  7
    3786.930	  7
    3787.198	  7
    3787.478	  7
    3787.840	  7
    3788.118	  7
    3788.442	  7
    3788.678	  7
    3788.990	  7
    3789.296	  7
    3789.722	  7
    3790.288	  7
    3790.538	  7
    3790.970	  7
    3791.528	  7
    3791.770	  7
    3792.026	  7
    3792.302	  7
    3792.712	  7
    3793.184	  7
    3793.448	  7
    3793.492	  7
    3793.828	  7
    3794.212	  7
    3794.938	  7
    3795.730	  7
    3796.180	  7
    3796.916	  7
    3797.194	  7
    3797.390	  7
    3797.548	  7
    3797.754	  7
    3797.968	  7
    3798.210	  7
    3798.502	  7
    3798.740	  7
    3798.964	  7
    3799.250	  7
    3799.652	  7
    3800.194	  7
    3800.620	  7
    3801.610	  7
    3802.020	  7
    3802.512	  7
    3802.982	  7
    3803.578	  7
    3804.128	  7
    3804.570	  7
    3805.152	  7
    3805.562	  7
    3806.548	  7
    3809.330	  7
    3809.816	  7
    3810.314	  7
    3811.184	  7
    3814.296	  7
    3814.414	  7
    3814.538	  7
    3814.682	  7
    3814.802	  7
    3814.964	  7
    3815.078	  7
    3815.210	  7
    3815.584	  7
    3816.646	  7
    3816.922	  7
    3818.170	  7
    3819.042	  7
    3819.840	  7
    3823.120	  7
    3823.272	  7
    3823.330	 53
    3823.378	  7
    3823.500	  7
    3823.618	  7
    3823.746	  7
    3823.872	  7
    3824.006	  7
    3824.120	  7
    3824.246	  7
    3824.384	  7
    3824.502	  7
    3824.634	  7
    3824.774	  7
    3824.892	  7
    3825.056	  7
    3825.164	  7
    3825.296	  7
    3825.422	  7
    3825.560	  7
    3825.702	  7
    3825.820	  7
    3826.470	  7
    3826.822	  7
    3827.592	  7
    3827.804	  7
    3839.768	  7
    3842.526	  7
    3850.666	  7
    3856.822	  7
    3864.582	  8
    3864.582	 20
    3864.582	 27
    3864.592	 28
    3864.592	 19
    3864.692	 29
    3864.730	  8
    3864.814	  8
    3864.884	  9
    3884.712	 50
    3884.722	 17
    3886.746	  6
    3893.988	  7
    3895.018	  7
    3895.534	  7
    3897.836	  7
    3901.080	  7
    3902.290	  7
    3904.162	  7
    3904.816	  7
    3905.266	  7
    3905.512	  7
    3905.740	  7
    3905.972	  7
    3906.248	  7
    3907.562	  7
    3908.388	  7
    3908.842	  7
    3914.722	 53
    3918.356	  7
    3919.062	  7
    3921.256	  7
    3923.540	  7
    3927.100	  7
    3929.254	  8
    3929.254	 20
    3929.254	 27
    3929.264	 28
    3929.264	 19
    3929.364	 29
    3929.466	  8
    3929.556	  9
    3949.384	 51
    3949.394	 18
    3982.076	  7
    3982.524	  7
    3982.778	  7
    3983.650	  7
    3984.680	  7
    3985.298	  7
    3985.688	  7
    3985.818	  7
    3985.936	  7
    3987.030	  7
    3987.128	  7
    3988.084	  7
    3988.206	  7
    3988.464	  7
    3988.870	  7
    3995.312	  7
    3995.402	  7
    3995.758	  7
    3995.856	  7
    3996.418	  7
    3996.514	  7
    3996.664	  7
    3996.810	  7
    3997.328	  7
    3997.534	  7
    3998.036	  7
    3998.444	  7
    3998.710	  7
    3999.114	  7
    3999.590	  7
    4000.122	  7
    4000.610	  7
    4000.816	  7
    4001.022	  7
    4001.264	  7
    4001.476	  7
    4001.716	  7
    4001.942	  7
    4002.198	  7
    4002.434	  7
    4002.706	  7
    4003.012	  7
    4003.666	  7
    4003.746	  7
    4004.312	  7
    4009.394	 53
    4013.482	  8
    4013.482	 20
    4013.482	 27
    4013.492	 28
    4013.492	 19
    4013.592	 29
    4013.716	  8
    4013.784	  9
    4015.494	  8
    4033.612	 50
    4033.622	 17
    4047.400	  8
    4048.662	  8
    4049.658	  8
    4050.550	  8
    4050.820	  8
    4051.204	  8
    4051.430	  8
    4051.744	  8
    4052.098	  8
    4053.612	  8
    4053.912	  8
    4054.546	  8
    4054.892	  8
    4055.494	  8
    4055.936	  8
    4056.380	  8
    4056.746	  8
    4057.126	  8
    4057.814	  8
    4059.126	  8
    4059.468	  8
    4060.012	  8
    4060.464	  8
    4060.954	  8
    4061.060	  8
    4061.534	  8
    4062.446	  8
    4063.622	 53
    4063.680	  8
    4063.680	 20
    4063.680	 27
    4063.690	 28
    4063.690	 19
    4063.790	 29
    4063.920	  8
    4063.974	  9
    4065.046	  8
    4083.810	 52
    4083.820	 10
    4087.682	  7
    4088.214	  7
    4088.356	  7
    4088.584	  7
    4088.810	  7
    4089.100	  7
    4089.436	  7
    4089.516	  7
    4097.738	  7
    4097.838	  7
    4098.238	  7
    4098.732	  7
    4098.814	  7
    4098.950	  7
    4099.064	  7
    4099.136	  7
    4099.262	  7
    4099.550	  7
    4099.736	  7
    4100.556	  7
    4100.782	  7
    4101.044	  7
    4101.306	  7
    4101.802	  7
    4102.108	  7
    4102.664	  7
    4103.022	  7
    4103.510	  7
    4104.296	  7
    4104.816	  7
    4105.438	  7
    4105.646	  7
    4106.000	  7
    4106.402	  7
    4106.714	  7
    4107.086	  7
    4107.830	  7
    4108.318	  7
    4109.064	  7
    4127.876	  7
    4128.012	  7
    4128.116	  7
    4128.238	  7
    4128.368	  7
    4128.484	  7
    4128.602	  7
    4128.740	  7
    4128.854	  7
    4128.980	  7
    4129.112	  7
    4129.228	  7
    4129.356	  7
    4129.480	  7
    4129.630	  7
    4129.752	  7
    4129.880	  7
    4130.008	  7
    4130.134	  7
    4130.264	  7
    4130.398	  7
    4130.558	  7
    4130.668	  7
    4130.800	  7
    4130.932	  7
    4131.072	  7
    4131.200	  7
    4131.334	  7
    4131.482	  7
    4131.612	  7
    4131.754	  7
    4131.894	  7
    4132.014	  7
    4132.146	  7
    4132.276	  7
    4132.442	  7
    4132.562	  7
    4132.698	  7
    4132.822	  7
    4132.954	  7
    4133.094	  7
    4133.236	  7
    4133.388	  7
    4133.504	  7
    4133.638	  7
    4133.780	  7
    4133.914	  7
    4134.050	  7
    4134.184	  7
    4134.326	  7
    4134.478	  7
    4134.600	  7
    4134.742	  7
    4134.878	  7
    4135.014	  7
    4135.140	  7
    4135.298	  7
    4135.412	  7
    4135.558	  7
    4135.686	  7
    4135.844	  7
    4135.962	  7
    4136.096	  7
    4136.236	  7
    4136.382	  7
    4136.514	  7
    4136.698	  7
    4136.804	  7
    4136.942	  7
    4137.106	  7
    4137.214	  7
    4137.350	  7
    4137.494	  7
    4137.638	  7
    4137.768	  7
    4137.926	  7
    4138.042	  7
    4138.186	  7
    4138.352	  7
    4138.466	  7
    4138.600	  7
    4138.734	  7
    4138.904	  7
    4139.024	  7
    4139.166	  7
    4139.298	  7
    4139.462	  7
    4139.576	  7
    4139.720	  7
    4139.854	  7
    4140.000	  7
    4140.146	  7
    4140.306	  7
    4140.426	  7
    4140.570	  7
    4140.704	  7
    4140.872	  7
    4140.986	  7
    4141.136	  7
    4141.278	  7
    4141.430	  7
    4141.574	  7
    4141.724	  7
    4141.906	  7
    4142.026	  7
    4142.170	  7
    4142.338	  7
    4142.458	  7
    4142.606	  7
    4142.744	  7
    4142.890	  7
    4143.068	  7
    4143.192	  7
    4143.332	  7
    4143.474	  7
    4143.622	  7
    4143.784	  7
    4143.906	  7
    4144.048	  7
    4144.182	  7
    4144.330	  7
    4144.484	  7
    4144.618	  7
    4144.786	  7
    4144.896	  7
    4145.040	  7
    4145.180	  7
    4145.352	  7
    4145.466	  7
    4145.614	  7
    4145.762	  7
    4145.900	  7
    4146.186	  7
    4146.304	  7
    4146.436	  7
    4146.574	  7
    4146.742	  7
    4146.858	  7
    4146.994	  7
    4147.134	  7
    4147.272	  7
    4147.418	  7
    4147.568	  7
    4147.692	  7
    4149.908	  8
    4150.100	  8
    4155.008	  8
    4178.460	  8
    4178.726	  8
    4179.280	  8
    4203.820	 53
    4203.830	 20
    4203.830	 27
    4223.850	 51
    4223.860	 18
    4225.578	  8
    4259.118	  8
    4260.430	  8
    4261.490	  8
    4262.020	  8
    4265.802	  8
    4266.580	  8
    4267.194	  8
    4279.492	  8
    4279.690	  8
    4280.236	  8
    4281.216	  8
    4281.504	  8
    4281.718	  8
    4282.360	  8
    4282.926	  8
    4283.260	  8
    4283.860	 53
    4285.520	  8
    4285.520	 20
    4285.520	 27
    4285.530	 28
    4285.530	 19
    4285.630	 29
    4285.822	  9
    4285.834	  8
    4287.476	  8
    4290.576	  8
    4290.696	  8
    4305.650	 52
    4305.660	 10
    4342.392	  8
    4348.334	  8
    4348.968	  8
    4370.940	  8
    4371.178	  8
    4371.792	  8
    4425.660	 53
    4425.670	 20
    4425.670	 27
    4445.690	 50
    4445.700	 17
    4457.000	  8
    4459.696	  8
    4459.848	  8
    4460.912	  8
    4461.704	  8
    4464.308	  8
    4465.610	  8
    4467.636	  8
    4469.582	  8
    4470.540	  8
    4472.076	  8
    4473.038	  8
    4473.482	  8
    4474.562	  8
    4475.044	  8
    4475.700	 53
    4478.214	  8
    4478.214	 20
    4478.214	 27
    4478.224	 28
    4478.224	 19
    4478.324	 29
    4478.516	  9
    4478.560	  8
    4479.920	  8
    4483.812	  8
    4498.344	 52
    4498.354	 10
    4526.442	  7
    4529.964	  7
    4530.232	  7
    4530.334	  7
    4530.874	  7
    4532.170	  7
    4536.860	  7
    4537.674	  7
    4537.750	  7
    4538.240	  7
    4538.530	  7
    4538.610	  7
    4539.180	  7
    4539.632	  7
    4539.896	  7
    4539.982	  7
    4540.070	  7
    4540.238	  7
    4540.392	  7
    4540.516	  7
    4540.988	  7
    4541.402	  7
    4542.286	  7
    4542.446	  7
    4542.784	  7
    4543.154	  7
    4543.356	  7
    4543.836	  7
    4544.344	  7
    4544.456	  7
    4544.776	  7
    4545.038	  7
    4545.422	  7
    4545.706	  7
    4546.266	  7
    4546.824	  7
    4547.056	  7
    4547.242	  7
    4547.468	  7
    4547.672	  7
    4547.966	  7
    4548.580	  7
    4548.954	  7
    4549.464	  7
    4549.976	  7
    4550.084	  7
    4550.710	  7
    4551.320	  7
    4551.580	  7
    4551.918	  7
    4552.274	  7
    4552.822	  7
    4553.574	  7
    4554.860	  7
    4555.420	  7
    4555.620	  7
    4555.982	  7
    4556.402	  7
    4556.538	  7
    4556.978	  7
    4557.508	  7
    4558.526	  7
    4559.248	  7
    4561.862	  7
    4562.242	  7
    4562.446	  7
    4562.964	  7
    4563.058	  7
    4563.158	  7
    4563.994	  7
    4565.082	  7
    4577.832	  8
    4578.444	  8
    4618.354	 53
    4618.364	 20
    4618.364	 27
    4638.384	 50
    4638.394	 17
    4648.598	  8
    4648.800	  8
    4649.632	  8
    4651.028	  8
    4653.582	  8
    4654.458	  8
    4658.442	  8
    4659.720	  8
    4660.196	  8
    4660.780	  8
    4662.172	  8
    4662.758	  8
    4663.680	  8
    4664.516	  8
    4665.344	  8
    4666.040	  8
    4666.852	  8
    4667.080	  8
    4667.600	  8
    4668.374	  8
    4668.394	 53
    4669.544	  8
    4669.544	 20
    4669.544	 27
    4669.554	 28
    4669.554	 19
    4669.654	 29
    4669.846	  9
    4673.336	  8
    4674.470	  8
    4674.618	  8
    4689.674	 52
    4689.684	 10
    4747.604	  8
    4767.224	  8
    4809.684	 53
    4809.694	 20
    4809.694	 27
    4823.104	  8
    4826.244	  8
    4829.714	 51
    4829.724	 18
    4889.724	 53
    4891.962	  8
    4891.962	 20
    4891.962	 27
    4891.972	 28
    4891.972	 19
    4892.072	 29
    4892.264	  9
    4894.040	  8
    4894.186	  8
    4912.092	 50
    4912.102	 17
    4942.102	 53
    4961.872	  8
    4961.872	 20
    4961.872	 27
    4961.882	 28
    4961.882	 19
    4961.982	  8
    4961.982	 29
    4962.122	  8
    4962.174	  9
    4982.002	 52
    4982.012	 10
    5037.948	  8
    5038.020	  8
    5102.012	 53
    5102.022	 20
    5102.022	 27
    5102.172	  8
    5115.092	  8
    5122.042	 51
    5122.052	 18
    5182.052	 53
    5189.384	  8
    5189.384	 20
    5189.384	 27
    5189.394	 28
    5189.394	 19
    5189.494	 29
    5189.686	  9
    5209.514	 52
    5209.524	 10
    5221.152	  8
    5315.012	  8
    5315.196	  8
    5329.524	 53
    5329.534	 20
    5329.534	 27
    5349.554	 52
    5349.564	 10
    5425.474	  8
    5442.518	  8
    5442.754	  8
    5444.106	  8
    5444.528	  8
    5444.732	  8
    5445.324	  8
    5446.502	  8
    5447.536	  8
    5452.208	  8
    5453.430	  8
    5455.320	  8
    5456.500	  8
    5469.564	 53
    5469.574	 20
    5469.574	 27
    5489.594	 50
    5489.604	 17
    5519.604	 53
    5539.132	  8
    5539.132	 20
    5539.132	 27
    5539.142	 28
    5539.142	 19
    5539.242	 29
    5539.434	  9
    5559.262	 51
    5559.272	 18
    5619.272	 53
    5678.394	  8
    5678.394	 20
    5678.394	 27
    5678.404	 28
    5678.404	 19
    5678.504	 29
    5678.518	  8
    5678.696	  9
    5698.524	 52
    5698.534	 10
    5764.964	  8
    5805.908	  8
    5818.534	 53
    5818.544	 20
    5818.544	 27
    5838.564	 50
    5838.574	 17
    5849.826	  8
    5851.602	  8
    5852.976	  8
    5854.724	  8
    5855.500	  8
    5856.434	  8
    5857.384	  8
    5858.708	  8
    5861.608	  8
    5863.332	  8
    5866.204	  8
    5868.410	  8
    5868.572	  8
    5868.574	 53
    5869.268	  8
    5869.268	 20
    5869.268	 27
    5869.278	 28
    5869.278	 19
    5869.378	 29
    5869.570	  9
    5871.038	  8
    5871.390	  8
    5889.398	 50
    5889.408	 17
    5907.580	  8
    5919.408	 53
    5922.292	  7
    5922.406	  7
    5922.714	  7
    5925.524	  8
    5925.524	 20
    5925.524	 27
    5925.534	 28
    5925.534	 19
    5925.634	 29
    5925.772	  8
    5925.826	  9
    5945.654	 51
    5945.664	 18
    5959.708	  7
    5963.474	  8
    5974.884	  8
    5976.032	  8
    6005.664	 53
    6007.282	  8
    6007.282	 20
    6007.282	 27
    6007.292	 28
    6007.292	 19
    6007.392	 29
    6007.424	  8
    6007.584	  9
    6027.412	 51
    6027.422	 18
    6032.630	  8
    6032.762	  8
    6071.616	  8
    6078.606	  8
    6078.984	  8
    6081.848	  8
    6082.476	  8
    6084.344	  8
    6085.908	  8
    6086.182	  8
    6087.116	  8
    6087.422	 53
    6089.684	  8
    6089.684	 20
    6089.684	 27
    6089.694	 28
    6089.694	 19
    6089.794	 29
    6089.804	 61
