      20.010	 51
      20.020	 10
      24.684	  8
      33.552	  7
      33.662	  7
      35.142	  8
      39.214	  8
      60.692	  8
      64.650	  8
      64.770	  8
      69.680	  8
      70.006	  8
      72.020	  8
      72.230	  8
      76.910	  7
      77.026	  7
      77.212	  7
      78.808	  8
      80.020	 53
      81.920	  7
      82.066	  7
      82.408	  7
      82.772	  7
      84.244	  8
      84.244	 20
      84.244	 27
      84.254	 28
      84.254	 19
      84.354	 29
      84.398	  8
      84.522	  9
     104.374	 52
     104.384	 17
     157.344	  8
     169.224	  8
     173.596	  8
     174.634	  8
     175.316	  8
     175.818	  8
     178.292	  8
     181.140	  8
     188.130	  8
     188.488	  8
     190.390	  8
     190.906	  8
     195.530	  8
     195.924	  8
     195.994	  8
     196.102	  8
     196.560	  8
     220.510	  8
     221.462	  8
     222.250	  8
     222.836	  8
     223.410	  8
     224.384	 53
     224.394	 20
     224.394	 27
     244.414	 50
     244.424	 18
     258.626	  8
     259.026	  8
     259.174	  8
     259.392	  8
     259.520	  8
     260.364	  8
     260.648	  8
     261.200	  8
     261.862	  8
     269.180	  8
     269.796	  8
     270.202	  8
     270.704	  8
     270.954	  8
     271.156	  8
     271.852	  8
     274.022	  8
     274.424	 53
     274.838	  8
     274.838	 20
     274.838	 27
     274.848	 28
     274.848	 19
     274.948	 29
     274.966	  8
     275.116	  9
     290.196	  8
     294.400	  8
     294.968	 52
     294.978	 17
     326.928	  8
     327.522	  8
     327.870	  8
     332.042	  8
     358.144	  8
     358.560	  8
     359.212	  8
     359.736	  8
     361.292	  8
     361.530	  8
     362.758	  8
     363.630	  8
     364.224	  8
     364.474	  8
     366.060	  8
     366.640	  8
     366.982	  8
     367.290	  8
     367.552	  8
     367.812	  8
     369.392	  8
     369.688	  8
     370.060	  8
     373.274	  8
     373.906	  8
     374.578	  8
     374.996	  8
     380.336	  8
     380.676	  8
     381.104	  8
     381.728	  8
     382.354	  8
     382.688	  8
     386.048	  8
     386.302	  8
     392.336	  7
     392.502	  7
     392.710	  7
     394.248	  8
     395.108	  8
     395.270	  8
     395.902	  8
     396.664	  8
     398.018	  8
     400.418	  8
     400.824	  8
     405.564	  7
     412.364	  8
     412.446	  8
     412.832	  8
     413.774	  8
     414.088	  8
     414.542	  8
     414.616	  8
     414.968	  8
     414.978	 53
     414.988	 20
     414.988	 27
     426.150	  8
     435.008	 51
     435.018	 10
     447.058	  8
     458.786	  8
     461.528	  8
     461.802	  8
     462.506	  8
     464.372	  8
     467.324	  7
     467.426	  7
     467.568	  7
     467.688	  7
     467.824	  7
     467.972	  7
     468.128	  7
     468.342	  7
     468.852	  7
     468.978	  7
     469.206	  7
     469.668	  7
     469.922	  7
     470.200	  7
     470.332	  7
     470.460	  7
     470.582	  7
     470.710	  7
     470.842	  7
     470.968	  7
     471.092	  7
     471.220	  7
     471.360	  7
     471.510	  7
     471.632	  7
     471.760	  7
     471.884	  7
     472.020	  7
     472.154	  7
     472.310	  7
     473.012	  7
     473.132	  7
     473.262	  7
     473.400	  7
     473.524	  7
     473.670	  7
     473.798	  7
     473.930	  7
     474.058	  7
     474.190	  7
     474.322	  7
     474.456	  7
     474.588	  7
     474.738	  7
     474.866	  7
     474.996	  7
     475.128	  7
     475.262	  7
     475.400	  7
     475.582	  7
     476.032	  7
     476.592	  7
     476.706	  7
     476.836	  7
     477.084	  7
     477.214	  7
     477.344	  7
     477.480	  7
     477.618	  7
     477.768	  7
     477.890	  7
     478.024	  7
     478.154	  7
     478.290	  7
     478.418	  7
     478.558	  7
     478.730	  7
     479.242	  7
     479.808	  7
     479.948	  7
     480.380	  7
     480.510	  7
     480.652	  7
     480.770	  7
     480.922	  7
     481.050	  7
     481.184	  7
     481.310	  7
     481.440	  7
     481.576	  7
     481.746	  7
     481.942	  7
     482.438	  7
     482.856	  7
     482.978	  7
     483.118	  7
     483.266	  7
     483.394	  7
     483.514	  7
     483.652	  7
     483.792	  7
     483.926	  7
     484.052	  7
     484.188	  7
     484.326	  7
     484.466	  7
     484.616	  7
     484.746	  7
     484.888	  7
     485.060	  7
     485.262	  7
     485.512	  7
     485.828	  7
     486.326	  7
     486.428	  7
     486.570	  7
     486.990	  7
     487.398	  7
     487.522	  7
     487.660	  7
     487.814	  7
     487.950	  7
     488.082	  7
     488.210	  7
     488.350	  7
     488.474	  7
     488.620	  7
     488.762	  7
     488.896	  7
     489.040	  7
     489.178	  7
     489.304	  7
     489.436	  7
     489.594	  7
     489.752	  7
     490.042	  7
     490.276	  7
     490.584	  7
     490.782	  7
     491.362	  7
     491.498	  7
     491.624	  7
     491.762	  7
     491.890	  7
     492.022	  7
     492.150	  7
     492.312	  7
     492.436	  7
     492.558	  7
     492.700	  7
     492.830	  7
     492.964	  7
     493.092	  7
     493.256	  7
     493.382	  7
     493.514	  7
     493.648	  7
     493.784	  7
     493.920	  7
     494.056	  7
     494.218	  7
     494.354	  7
     494.480	  7
     494.622	  7
     495.018	 53
     495.038	  7
     501.160	  8
     501.160	 20
     501.160	 27
     501.170	 28
     501.170	 19
     501.270	 29
     501.286	  8
     501.438	  9
     521.290	 50
     521.300	 18
     522.106	  8
     530.418	  8
     530.698	  8
     532.528	  8
     537.308	  8
     537.542	  8
     537.946	  8
     538.540	  8
     539.146	  8
     539.492	  8
     539.632	  8
     539.948	  8
     540.358	  8
     540.480	  8
     540.908	  8
     541.044	  8
     542.542	  8
     542.770	  8
     544.254	  8
     544.756	  8
     551.300	 53
     552.990	  8
     552.990	 20
     552.990	 27
     553.000	 28
     553.000	 19
     553.100	 29
     553.182	  8
     553.268	  9
     573.120	 51
     573.130	 10
     594.760	  8
     595.436	  8
     597.482	  8
     597.718	  8
     598.972	  7
     599.210	  7
     600.752	  7
     604.640	  7
     613.320	  8
     613.802	  8
     614.520	  8
     614.828	  8
     615.498	  8
     616.062	  8
     616.760	  8
     616.990	  8
     617.382	  8
     617.642	  8
     618.092	  8
     618.404	  8
     618.794	  8
     619.134	  8
     619.480	  8
     620.810	  8
     621.138	  8
     621.736	  8
     621.838	  8
     622.672	  8
     622.858	  8
     623.432	  8
     623.670	  8
     624.170	  8
     625.976	  8
     626.246	  8
     628.120	  8
     628.582	  8
     629.504	  8
     629.794	  8
     630.092	  8
     630.616	  8
     630.842	  8
     631.100	  8
     631.522	  8
     631.902	  8
     632.240	  8
     632.612	  8
     632.816	  8
     633.130	 53
     634.052	  8
     634.052	 20
     634.052	 27
     634.062	 28
     634.062	 19
     634.162	 29
     634.196	  8
     634.330	  9
     635.320	  8
     654.182	 50
     654.192	 18
     665.058	  8
     665.324	  8
     667.652	  7
     667.776	  7
     667.898	  7
     668.048	  7
     668.228	  7
     668.478	  7
     668.650	  7
     668.960	  7
     670.508	  7
     670.632	  7
     670.796	  7
     671.040	  7
     671.538	  7
     671.690	  7
     671.826	  7
     671.970	  7
     672.406	  7
     672.536	  7
     672.672	  7
     672.812	  7
     672.938	  7
     673.090	  7
     674.048	  7
     674.190	  7
     674.332	  7
     674.472	  7
     674.620	  7
     674.740	  7
     674.866	  7
     674.998	  7
     675.128	  7
     675.264	  7
     675.400	  7
     675.560	  7
     675.764	  7
     675.980	  7
     676.212	  7
     676.494	  7
     676.670	  7
     676.820	  7
     677.084	  7
     677.312	  7
     677.532	  7
     677.870	  7
     678.186	  7
     678.444	  7
     678.566	  7
     678.842	  7
     679.106	  7
     679.240	  7
     679.378	  7
     679.516	  7
     679.644	  7
     679.782	  7
     679.912	  7
     680.052	  7
     680.182	  7
     680.320	  7
     680.468	  7
     680.600	  7
     680.738	  7
     680.874	  7
     681.006	  7
     681.146	  7
     681.322	  7
     681.458	  7
     681.646	  7
     682.376	  7
     682.510	  7
     682.656	  7
     682.800	  7
     682.938	  7
     683.082	  7
     683.212	  7
     683.330	  7
     683.470	  7
     683.602	  7
     683.744	  7
     683.858	  7
     683.994	  7
     684.192	 53
     684.436	  7
     684.896	  7
     685.078	  7
     685.274	  7
     685.862	  7
     686.288	  7
     687.014	  7
     687.144	  7
     687.282	  7
     687.424	  7
     687.558	  7
     687.702	  7
     687.876	  7
     688.140	  7
     688.354	  7
     688.672	  7
     689.570	  7
     690.300	  7
     691.260	  7
     691.386	  7
     691.522	  7
     691.652	  7
     691.780	  7
     691.916	  7
     692.090	  7
     692.226	  7
     692.696	  7
     693.152	  7
     693.330	  7
     709.612	  8
     709.612	 20
     709.612	 27
     709.622	 28
     709.622	 19
     709.722	 29
     709.890	  9
     720.740	  5
     723.222	  7
     723.342	  7
     724.770	  7
     724.904	  7
     725.468	  7
     725.774	  7
     726.822	  7
     727.002	  7
     727.644	  7
     729.742	 50
     729.752	 18
     731.102	  7
     734.264	  7
     735.956	  7
     736.950	  7
     759.752	 53
     765.942	  8
     765.942	 20
     765.942	 27
     765.952	 28
     765.952	 19
     766.052	 29
     766.220	  9
     778.586	  8
     786.072	 51
     786.082	 10
     800.574	  8
     800.772	  8
     807.958	  8
     808.168	  8
     808.268	  8
     808.496	  8
     808.766	  8
     819.098	  8
     819.796	  8
     820.960	  8
     822.648	  8
     822.750	  8
     823.040	  8
     823.126	  8
     824.166	  8
     824.740	  8
     825.514	  8
     825.576	  8
     826.822	  8
     827.420	  8
     827.740	  8
     828.420	  8
     829.232	  8
     829.554	  8
     830.076	  8
     830.268	  8
     830.614	  8
     830.950	  8
     831.840	  8
     832.450	  8
     832.574	  8
     832.644	  8
     833.946	  8
     834.446	  8
     835.374	  8
     835.944	  8
     836.238	  8
     836.846	  8
     838.136	  8
     838.334	  8
     838.820	  8
     839.190	  8
     839.926	  8
     840.258	  8
     840.820	  8
     841.216	  8
     841.804	  8
     843.316	  8
     843.822	  8
     844.460	  8
     844.572	  8
     845.812	  8
     846.082	 53
     846.126	  8
     846.126	 20
     846.126	 27
     846.136	 28
     846.136	 19
     846.236	 29
     846.404	  9
     866.256	 51
     866.266	 10
     869.828	  7
     870.778	  7
     870.968	  7
     871.506	  7
     871.682	  7
     871.908	  7
     872.480	  7
     872.626	  7
     873.028	  7
     873.348	  7
     873.854	  7
     874.302	  7
     875.094	  7
     875.656	  7
     877.242	  7
     877.364	  7
     877.490	  7
     877.646	  7
     878.114	  7
     878.230	  7
     878.362	  7
     878.498	  7
     878.622	  7
     878.752	  7
     878.882	  7
     879.010	  7
     879.150	  7
     879.464	  7
     879.680	  7
     879.966	  7
     880.658	  7
     880.776	  7
     880.916	  7
     881.042	  7
     881.322	  7
     881.458	  7
     881.594	  7
     881.878	  7
     881.982	  7
     882.110	  7
     882.240	  7
     882.368	  7
     882.496	  7
     882.630	  7
     882.832	  7
     883.060	  7
     883.332	  7
     883.546	  7
     884.030	  7
     884.646	  7
     884.818	  7
     885.318	  7
     885.456	  7
     885.592	  7
     885.726	  7
     885.882	  7
     886.008	  7
     886.134	  7
     886.266	  7
     886.392	  7
     886.526	  7
     886.688	  7
     886.886	  7
     887.156	  7
     887.432	  7
     887.816	  7
     888.326	  7
     889.890	  7
     890.016	  7
     890.568	  7
     890.640	  7
     890.778	  7
     890.916	  7
     891.058	  7
     891.212	  7
     891.348	  7
     891.488	  7
     891.620	  7
     891.772	  7
     891.892	  7
     892.022	  7
     892.164	  7
     892.300	  7
     892.450	  7
     892.576	  7
     892.714	  7
     892.896	  7
     893.012	  7
     893.150	  7
     893.290	  7
     893.448	  7
     893.700	  7
     893.908	  7
     894.514	  7
     894.854	  7
     895.400	  7
     895.562	  7
     895.916	  7
     896.896	  7
     898.020	  7
     898.158	  7
     898.466	  7
     898.596	  7
     898.732	  7
     898.872	  7
     899.306	  7
     899.594	  7
     899.742	  7
     899.870	  7
     900.000	  7
     900.152	  7
     900.284	  7
     900.410	  7
     900.536	  7
     900.674	  7
     900.804	  7
     900.934	  7
     901.072	  7
     901.218	  7
     901.742	  7
     901.922	  7
     902.144	  7
     902.580	  7
     902.826	  7
     903.114	  7
     904.134	  7
     904.268	  7
     904.396	  7
     904.530	  7
     904.668	  7
     904.810	  7
     904.950	  7
     905.082	  7
     905.212	  7
     905.346	  7
     905.492	  7
     905.624	  7
     905.758	  7
     905.888	  7
     906.040	  7
     906.174	  7
     906.306	  7
     906.428	  7
     906.576	  7
     906.772	  7
     906.986	  7
     907.258	  7
     907.888	  7
     908.238	  7
     908.496	  7
     908.834	  7
     908.976	  7
     910.770	  7
     916.332	  8
     916.800	  8
     916.898	  8
     917.284	  8
     917.652	  8
     918.362	  8
     918.618	  8
     919.708	  8
     920.352	  8
     920.678	  8
     920.836	  8
     921.780	  8
     922.094	  8
     922.320	  8
     923.084	  8
     924.900	  8
     925.410	  8
     926.242	  8
     926.266	 53
     926.648	  8
     926.648	 20
     926.648	 27
     926.658	 28
     926.658	 19
     926.758	 29
     926.926	  9
     946.778	 52
     946.788	 17
     972.530	  8
     977.308	  8
     984.708	  8
    1019.482	  8
    1023.618	  8
    1023.950	  8
    1024.148	  8
    1024.822	  8
    1066.788	 53
    1066.798	 20
    1066.798	 27
    1086.818	 50
    1086.828	 18
    1092.430	  8
    1092.618	  8
    1092.836	  8
    1093.264	  8
    1097.418	  8
    1098.118	  8
    1098.550	  8
    1099.688	  8
    1101.372	  8
    1102.180	  8
    1103.874	  8
    1106.122	  8
    1106.524	  8
    1107.206	  8
    1107.326	  8
    1107.780	  8
    1107.880	  8
    1108.110	  8
    1108.154	  8
    1108.446	  8
    1108.696	  8
    1109.258	  8
    1112.542	  8
    1112.838	  8
    1113.102	  8
    1113.850	  8
    1114.356	  8
    1114.790	  8
    1114.874	  8
    1115.658	  8
    1116.250	  8
    1116.828	 53
    1119.810	  8
    1119.810	 20
    1119.810	 27
    1119.820	 28
    1119.820	 19
    1119.920	 29
    1119.994	  8
    1120.088	  9
    1139.940	 52
    1139.950	 17
    1195.936	  8
    1196.306	  8
    1234.696	  8
    1234.842	  8
    1235.340	  8
    1235.734	  8
    1236.030	  8
    1241.648	  8
    1242.206	  8
    1242.512	  8
    1242.652	  8
    1243.254	  8
    1245.424	  8
    1245.734	  8
    1248.540	  8
    1249.016	  8
    1249.118	  8
    1253.122	  7
    1253.466	  7
    1254.160	  7
    1254.372	  7
    1254.596	  7
    1255.380	  7
    1255.540	  7
    1256.082	  7
    1256.408	  7
    1256.888	  7
    1257.372	  7
    1257.800	  7
    1258.372	  7
    1258.788	  7
    1259.538	  7
    1259.884	  7
    1259.950	 53
    1259.960	 20
    1259.960	 27
    1260.478	  7
    1261.034	  7
    1261.736	  7
    1262.190	  7
    1263.308	  7
    1263.442	  7
    1263.580	  7
    1263.710	  7
    1263.856	  7
    1263.986	  7
    1264.110	  7
    1264.240	  7
    1264.386	  7
    1264.518	  7
    1264.662	  7
    1264.792	  7
    1264.932	  7
    1265.152	  7
    1265.640	  7
    1265.936	  7
    1266.208	  7
    1266.782	  7
    1267.486	  7
    1279.980	 50
    1279.990	 18
    1280.624	  8
    1284.204	  8
    1289.680	  8
    1289.890	  8
    1290.258	  8
    1294.254	  8
    1294.572	  8
    1294.730	  8
    1294.928	  8
    1295.810	  8
    1296.198	  8
    1296.708	  8
    1297.042	  8
    1297.194	  8
    1297.880	  8
    1300.296	  8
    1300.492	  8
    1300.890	  8
    1301.486	  8
    1302.210	  8
    1302.730	  8
    1302.934	  8
    1303.518	  8
    1304.144	  8
    1304.282	  8
    1305.062	  8
    1306.914	  8
    1308.126	  8
    1308.726	  8
    1309.128	  8
    1309.416	  8
    1309.990	 53
    1309.996	  8
    1309.996	 20
    1309.996	 27
    1310.006	 28
    1310.006	 19
    1310.106	 29
    1310.156	  8
    1310.274	  9
    1330.126	 50
    1330.136	 18
    1344.674	  8
    1345.312	  8
    1348.182	  8
    1348.514	  8
    1348.700	  8
    1348.808	  8
    1349.252	  8
    1349.908	  8
    1351.814	  8
    1352.030	  8
    1352.706	  8
    1352.840	  8
    1353.214	  8
    1353.478	  8
    1353.820	  8
    1354.588	  8
    1356.232	  8
    1356.458	  8
    1356.808	  8
    1357.866	  8
    1357.990	  8
    1358.226	  8
    1358.492	  8
    1359.356	  8
    1359.770	  8
    1360.136	 53
    1360.286	  8
    1360.286	 20
    1360.286	 27
    1360.296	 28
    1360.296	 19
    1360.396	 29
    1360.422	  8
    1360.564	  9
    1362.050	  8
    1362.328	  8
    1380.416	 51
    1380.426	 10
    1385.500	  7
    1386.424	  7
    1406.308	  7
    1409.606	  7
    1417.070	  8
    1417.808	  8
    1418.286	  8
    1418.510	  8
    1418.788	  8
    1419.112	  8
    1419.540	  8
    1420.350	  8
    1420.756	  8
    1421.022	  8
    1421.340	  8
    1421.752	  8
    1422.178	  8
    1423.942	  8
    1424.560	  8
    1425.200	  8
    1425.930	  8
    1426.236	  8
    1426.546	  8
    1427.086	  8
    1427.230	  8
    1427.786	  8
    1429.326	  8
    1429.880	  8
    1431.220	  8
    1431.472	  8
    1431.884	  8
    1432.064	  8
    1432.372	  8
    1432.684	  8
    1432.826	  8
    1433.188	  8
    1434.390	  8
    1434.596	  8
    1435.018	  8
    1435.340	  8
    1435.732	  8
    1436.168	  8
    1436.526	  8
    1436.682	  8
    1437.114	  8
    1437.536	  8
    1437.894	  8
    1438.076	  8
    1438.378	  8
    1438.746	  8
    1438.988	  8
    1439.100	  8
    1440.426	 53
    1440.898	  8
    1440.898	 20
    1440.898	 27
    1440.908	 28
    1440.908	 19
    1441.008	 29
    1441.118	  8
    1441.176	  9
    1442.718	  8
    1461.028	 51
    1461.038	 10
    1467.798	  8
    1472.992	  7
    1473.182	  7
    1473.424	  7
    1473.606	  7
    1473.786	  7
    1476.242	  7
    1479.858	  7
    1491.546	  7
    1492.582	  7
    1503.276	  7
    1515.114	  8
    1517.240	  8
    1517.642	  8
    1518.026	  8
    1518.210	  8
    1518.762	  8
    1519.230	  8
    1519.290	  8
    1519.604	  8
    1519.772	  8
    1520.380	  8
    1520.828	  8
    1521.038	 53
    1521.212	  8
    1521.212	 20
    1521.212	 27
    1521.222	 28
    1521.222	 19
    1521.322	 29
    1521.402	  8
    1521.490	  9
    1522.374	  8
    1541.342	 52
    1541.352	 17
    1612.224	  8
    1612.510	  8
    1615.540	  8
    1615.752	  8
    1620.216	  8
    1622.430	  8
    1622.684	  8
    1622.820	  8
    1623.086	  8
    1623.832	  8
    1659.716	  8
    1660.128	  8
    1660.794	  8
    1661.346	  8
    1661.352	 53
    1661.362	 20
    1661.362	 27
    1661.674	  8
    1670.366	  8
    1670.666	  8
    1671.058	  8
    1673.268	  7
    1673.466	  7
    1673.626	  7
    1677.738	  7
    1677.914	  7
    1678.306	  7
    1678.476	  7
    1678.704	  7
    1678.878	  7
    1679.144	  7
    1679.368	  7
    1679.656	  7
    1679.880	  7
    1680.166	  7
    1680.786	  7
    1681.108	  7
    1681.382	 51
    1681.392	 10
    1681.954	  7
    1682.104	  7
    1683.216	  7
    1697.560	  8
    1698.670	  8
    1699.002	  8
    1699.122	  8
    1699.390	  8
    1699.510	  8
    1700.076	  8
    1700.372	  8
    1700.752	  8
    1700.844	  8
    1702.338	  8
    1702.588	  8
    1703.018	  8
    1703.940	  8
    1705.636	  8
    1705.826	  8
    1706.264	  8
    1706.502	  8
    1706.764	  8
    1707.088	  8
    1707.482	  8
    1707.776	  8
    1708.112	  8
    1709.142	  8
    1709.274	  8
    1709.782	  8
    1710.212	  8
    1710.416	  8
    1710.624	  8
    1710.962	  8
    1713.106	  8
    1713.464	  8
    1713.812	  8
    1714.168	  8
    1714.564	  8
    1715.126	  8
    1715.410	  8
    1715.816	  8
    1716.380	  8
    1716.614	  8
    1718.566	  8
    1719.442	  8
    1719.678	  8
    1719.902	  8
    1721.996	  8
    1722.428	  8
    1722.702	  8
    1723.100	  8
    1723.436	  8
    1723.534	  8
    1723.796	  8
    1724.098	  8
    1724.788	  8
    1725.302	  8
    1725.560	  8
    1725.764	  8
    1727.404	  8
    1727.640	  8
    1728.016	  8
    1728.648	  8
    1729.042	  8
    1729.262	  8
    1730.968	  8
    1731.216	  8
    1731.590	  8
    1731.824	  8
    1732.604	  8
    1732.974	  8
    1733.460	  8
    1734.254	  8
    1734.704	  8
    1734.890	  8
    1735.110	  8
    1735.426	  8
    1735.768	  8
    1736.154	  8
    1736.724	  8
    1737.304	  8
    1738.884	  8
    1741.392	 53
    1741.438	  8
    1741.438	 20
    1741.438	 27
    1741.448	 28
    1741.448	 19
    1741.548	 29
    1741.648	  8
    1741.716	  9
    1742.976	  8
    1743.222	  8
    1743.384	  8
    1743.546	  8
    1743.666	  8
    1761.568	 52
    1761.578	 17
    1796.302	  8
    1816.458	  8
    1816.646	  8
    1851.710	  8
    1852.316	  8
    1853.336	  8
    1854.256	  8
    1854.480	  8
    1856.736	  8
    1860.742	  8
    1861.304	  8
    1861.540	  8
    1864.752	  8
    1864.798	  8
    1865.176	  8
    1866.706	  8
    1866.884	  8
    1867.214	  8
    1867.520	  8
    1867.594	  8
    1867.668	  8
    1873.362	  8
    1873.688	  8
    1873.788	  8
    1874.134	  8
    1874.916	  8
    1875.894	  8
    1875.966	  8
    1876.656	  8
    1876.732	  8
    1877.378	  8
    1877.684	  8
    1878.296	  8
    1881.428	  8
    1881.578	 53
    1881.588	 20
    1881.588	 27
    1881.924	  8
    1894.656	  8
    1894.752	  8
    1894.936	  8
    1898.138	  8
    1898.342	  8
    1901.608	 52
    1901.618	 17
    1930.966	  8
    1931.582	  8
    1934.568	  8
    1934.782	  8
    1947.638	  8
    1948.232	  8
    1959.860	  7
    1961.074	  7
    1963.046	  7
    1963.502	  7
    1963.610	  7
    1963.790	  7
    1964.700	  7
    1970.712	  7
    1972.066	  7
    1981.098	  7
    1981.562	  7
    1982.038	  7
    1982.914	  7
    1983.032	  7
    1984.430	  7
    1984.796	  7
    1984.934	  7
    1985.422	  7
    2003.500	  8
    2006.498	  8
    2007.598	  8
    2007.650	  8
    2008.470	  8
    2011.554	  8
    2012.134	  8
    2013.086	  8
    2013.624	  8
    2014.004	  8
    2016.226	  8
    2016.676	  8
    2016.984	  8
    2017.072	  8
    2017.756	  8
    2018.062	  8
    2018.570	  8
    2019.156	  8
    2020.230	  8
    2020.654	  8
    2020.806	  8
    2021.618	 53
    2021.628	 20
    2021.628	 27
    2023.864	  8
    2035.668	  8
    2035.882	  8
    2036.320	  8
    2041.648	 50
    2041.658	 18
    2042.050	  8
    2042.276	  8
    2053.510	  8
    2053.744	  8
    2053.974	  8
    2056.462	  8
    2056.754	  8
    2057.162	  8
    2057.482	  8
    2057.838	  8
    2057.906	  8
    2058.854	  8
    2059.592	  8
    2059.846	  8
    2060.164	  8
    2062.180	  8
    2062.364	  8
    2062.680	  8
    2063.094	  8
    2066.126	  8
    2066.354	  8
    2066.710	  8
    2067.188	  8
    2067.518	  8
    2068.102	  8
    2068.472	  8
    2069.228	  8
    2069.374	  8
    2069.992	  8
    2070.270	  8
    2070.590	  8
    2070.988	  8
    2071.658	 53
    2073.522	  8
    2073.522	 20
    2073.522	 27
    2073.532	 28
    2073.532	 19
    2073.632	 29
    2073.772	  8
    2073.800	  9
    2093.652	 52
    2093.662	 17
    2133.412	  8
    2182.714	  8
    2182.896	  8
    2183.154	  8
    2185.310	  8
    2186.764	  8
    2186.872	  8
    2187.632	  8
    2188.666	  8
    2189.460	  8
    2189.944	  8
    2191.092	  8
    2191.780	  8
    2192.402	  8
    2192.930	  8
    2193.398	  8
    2194.886	  8
    2195.128	  8
    2195.610	  8
    2195.880	  8
    2196.176	  8
    2197.434	  8
    2197.706	  8
    2198.032	  8
    2198.860	  8
    2199.426	  8
    2200.090	  8
    2200.498	  8
    2201.852	  8
    2202.110	  8
    2202.764	  8
    2203.480	  8
    2203.906	  8
    2204.256	  8
    2204.368	  8
    2204.604	  8
    2204.928	  8
    2205.330	  8
    2205.762	  8
    2206.426	  8
    2206.850	  8
    2208.962	  8
    2209.222	  8
    2210.158	  8
    2210.398	  8
    2210.852	  8
    2211.040	  8
    2211.250	  8
    2211.458	  8
    2211.892	  8
    2212.376	  8
    2212.742	  8
    2213.662	 53
    2213.672	 20
    2213.672	 27
    2214.284	  8
    2214.528	  8
    2223.734	  8
    2224.266	  8
    2233.692	 51
    2233.702	 10
    2240.538	  8
    2245.388	  8
    2250.100	  8
    2250.194	  8
    2250.542	  8
    2250.868	  8
    2251.544	  8
    2251.982	  8
    2252.670	  8
    2253.054	  8
    2253.348	  8
    2253.736	  8
    2254.106	  8
    2255.020	  8
    2255.254	  8
    2255.664	  8
    2255.950	  8
    2259.014	  8
    2259.450	  8
    2260.206	  8
    2260.568	  8
    2260.958	  8
    2261.272	  8
    2261.552	  8
    2262.238	  8
    2262.972	  8
    2263.294	  8
    2263.690	  8
    2264.316	  8
    2264.666	  8
    2265.036	  8
    2265.414	  8
    2266.576	  8
    2266.818	  8
    2267.360	  8
    2267.666	  8
    2267.990	  8
    2268.406	  8
    2268.648	  8
    2269.012	  8
    2269.346	  8
    2269.836	  8
    2270.066	  8
    2271.188	  8
    2271.388	  8
    2271.782	  8
    2272.046	  8
    2272.204	  8
    2272.538	  8
    2272.992	  8
    2273.518	  8
    2273.884	  8
    2274.332	  8
    2274.692	  8
    2275.054	  8
    2275.404	  8
    2276.974	  8
    2277.174	  8
    2277.660	  8
    2278.336	  8
    2278.782	  8
    2279.132	  8
    2280.718	  8
    2280.760	  8
    2281.558	  8
    2282.052	  8
    2282.312	  8
    2282.702	  8
    2283.032	  8
    2283.700	  8
    2286.180	  8
    2286.386	  8
    2286.786	  8
    2287.350	  8
    2287.978	  8
    2288.532	  8
    2289.232	  8
    2289.886	  8
    2290.320	  8
    2290.648	  8
    2290.904	  8
    2292.084	  8
    2292.322	  8
    2292.732	  8
    2292.850	  8
    2293.102	  8
    2293.358	  8
    2293.526	  8
    2293.702	 53
    2293.938	  8
    2293.938	 20
    2293.938	 27
    2293.948	 28
    2293.948	 19
    2294.048	 29
    2294.212	  8
    2294.216	  9
    2295.948	  8
    2314.068	 50
    2314.078	 18
    2344.078	 53
    2347.032	  8
    2347.032	 20
    2347.032	 27
    2347.042	 28
    2347.042	 19
    2347.132	  8
    2347.142	 29
    2347.310	  9
    2351.974	  8
    2352.034	  8
    2367.162	 51
    2367.172	 10
    2381.186	  8
    2381.292	  8
    2381.700	  8
    2382.162	  8
    2382.992	  8
    2385.170	  7
    2385.306	  7
    2385.446	  7
    2385.618	  7
    2385.766	  7
    2385.942	  7
    2387.592	  7
    2387.732	  7
    2387.950	  7
    2388.220	  7
    2395.322	  7
    2397.714	  7
    2402.940	  7
    2415.988	  7
    2422.464	  7
    2427.172	 53
    2429.160	  8
    2429.160	 20
    2429.160	 27
    2429.170	 28
    2429.170	 19
    2429.270	 29
    2429.438	  9
    2430.668	  8
    2430.778	  8
    2430.852	  8
    2434.670	  8
    2434.926	  8
    2449.290	 52
    2449.300	 17
    2463.602	  7
    2464.492	  7
    2464.846	  7
    2465.030	  7
    2492.670	  8
    2493.108	  8
    2496.658	  8
    2497.198	  8
    2503.326	  8
    2504.710	  8
    2504.974	  8
    2507.762	  8
    2511.634	  8
    2512.584	  8
    2513.412	  8
    2514.434	  8
    2515.054	  8
    2515.490	  8
    2516.310	  8
    2516.548	  8
    2516.910	  8
    2517.254	  8
    2517.722	  8
    2518.050	  8
    2518.536	  8
    2519.918	  8
    2524.418	  8
    2524.702	  8
    2525.774	  8
    2525.964	  8
    2526.400	  8
    2526.822	  8
    2527.578	  8
    2527.788	  8
    2528.188	  8
    2528.392	  8
    2528.748	  8
    2528.902	  8
    2529.406	  8
    2530.500	  8
    2531.438	  8
    2531.932	  8
    2532.206	  8
    2533.154	  8
    2536.502	  8
    2537.070	  8
    2537.172	  8
    2537.294	  8
    2538.154	  8
    2538.594	  8
    2538.986	  8
    2539.324	  8
    2539.998	  8
    2540.256	  8
    2541.996	  8
    2542.854	  8
    2543.674	  8
    2543.998	  8
    2544.442	  8
    2544.890	  8
    2545.868	  8
    2547.558	  8
    2547.798	  8
    2548.226	  8
    2548.602	  8
    2548.898	  8
    2549.476	  8
    2550.830	  8
    2551.176	  8
    2551.624	  8
    2554.806	  8
    2554.984	  8
    2556.218	  8
    2556.598	  8
    2557.058	  8
    2557.406	  8
    2557.858	  8
    2558.508	  8
    2558.846	  8
    2559.130	  8
    2560.022	  8
    2560.492	  8
    2561.818	  8
    2562.040	  8
    2563.112	  8
    2563.540	  8
    2563.770	  8
    2564.300	  8
    2564.572	  8
    2565.096	  8
    2567.912	  8
    2568.106	  8
    2568.572	  8
    2568.780	  8
    2569.154	  8
    2569.300	 53
    2569.310	 20
    2569.310	 27
    2569.760	  8
    2569.940	  8
    2589.102	  7
    2589.330	 52
    2589.340	 17
    2590.268	  7
    2590.466	  7
    2590.984	  7
    2591.112	  7
    2591.282	  7
    2591.490	  7
    2591.662	  7
    2597.322	  7
    2597.486	  7
    2600.904	  7
    2601.648	  7
    2602.100	  7
    2602.152	  7
    2602.326	  7
    2602.874	  7
    2604.270	  7
    2604.626	  7
    2606.474	  7
    2606.930	  7
    2607.212	  7
    2612.240	  7
    2613.616	  7
    2613.878	  7
    2615.248	  7
    2616.036	  7
    2616.366	  7
    2620.822	  7
    2633.156	  7
    2642.398	  7
    2647.056	  7
    2647.556	  7
    2647.854	  7
    2656.632	  7
    2656.968	  7
    2657.402	  7
    2672.324	  7
    2672.550	  7
    2673.514	  7
    2673.714	  7
    2673.760	  7
    2681.332	  7
    2681.582	  7
    2681.812	  7
    2682.072	  7
    2682.374	  7
    2682.976	  7
    2683.236	  7
    2683.612	  7
    2691.520	  8
    2694.142	  8
    2695.174	  8
    2697.004	  8
    2698.234	  8
    2698.340	  8
    2699.098	  8
    2699.796	  8
    2701.364	  8
    2701.962	  8
    2702.742	  8
    2703.078	  8
    2703.712	  8
    2704.092	  8
    2704.364	  8
    2704.824	  8
    2705.294	  8
    2705.918	  8
    2706.832	  8
    2707.150	  8
    2708.020	  8
    2708.608	  8
    2708.654	  8
    2709.272	  8
    2709.340	 53
    2709.350	 20
    2709.350	 27
    2729.370	 51
    2729.380	 10
    2736.278	  8
    2738.972	  8
    2742.744	  8
    2743.250	  8
    2748.986	  8
    2749.428	  8
    2757.432	  8
    2757.650	  8
    2758.022	  8
    2763.188	  8
    2763.470	  8
    2764.346	  8
    2764.812	  8
    2765.020	  8
    2765.418	  8
    2765.834	  8
    2767.184	  8
    2767.600	  8
    2767.978	  8
    2768.332	  8
    2768.666	  8
    2768.878	  8
    2768.960	  8
    2769.910	  8
    2770.354	  8
    2770.810	  8
    2771.358	  8
    2771.664	  8
    2771.956	  8
    2772.120	  8
    2774.250	  8
    2774.526	  8
    2774.908	  8
    2775.282	  8
    2776.002	  8
    2776.518	  8
    2777.078	  8
    2778.302	  8
    2778.538	  8
    2779.154	  8
    2779.460	  8
    2779.950	  8
    2780.282	  8
    2780.738	  8
    2781.096	  8
    2782.926	  8
    2783.320	  8
    2783.444	  8
    2784.346	  8
    2784.668	  8
    2785.678	  8
    2786.118	  8
    2787.032	  8
    2787.322	  8
    2787.620	  8
    2788.010	  8
    2788.854	  8
    2789.150	  8
    2789.318	  8
    2789.380	 53
    2790.728	  8
    2790.728	 20
    2790.728	 27
    2790.738	 28
    2790.738	 19
    2790.838	 29
    2790.932	  8
    2791.006	  9
    2810.858	 51
    2810.868	 10
    2819.530	  7
    2820.020	  7
    2820.270	  7
    2820.672	  7
    2820.954	  7
    2824.048	  7
    2828.070	  7
    2839.688	  7
    2853.956	  7
    2865.734	  7
    2867.024	  8
    2867.320	  8
    2867.826	  8
    2868.612	  8
    2869.252	  8
    2869.932	  8
    2870.868	 53
    2871.354	  8
    2871.354	 20
    2871.354	 27
    2871.364	 28
    2871.364	 19
    2871.464	 29
    2871.562	  8
    2871.632	  9
    2873.396	  8
    2873.660	  8
    2891.484	 50
    2891.494	 18
    2921.494	 53
    2929.424	  8
    2929.424	 20
    2929.424	 27
    2929.434	 28
    2929.434	 19
    2929.508	  8
    2929.534	 29
    2929.702	  9
    2930.560	  8
    2931.440	  8
    2931.558	  8
    2931.862	  8
    2949.554	 51
    2949.564	 10
    2961.560	  7
    2961.830	  7
    2962.134	  7
    2962.374	  7
    2963.084	  7
    2964.206	  7
    2964.824	  7
    2965.076	  7
    2965.322	  7
    2965.556	  7
    2966.792	  7
    2967.206	  7
    2967.566	  7
    2967.710	  7
    2968.050	  7
    2969.256	  7
    2969.688	  7
    2970.076	  7
    2970.644	  7
    2971.236	  7
    2972.102	  7
    2972.838	  7
    2973.250	  7
    2973.726	  7
    2977.550	  7
    2983.508	  7
    3000.106	  7
    3009.564	 53
    3010.164	  7
    3011.818	  8
    3011.818	 20
    3011.818	 27
    3011.828	 28
    3011.828	 19
    3011.928	 29
    3011.944	  8
    3012.096	  9
    3013.274	  8
    3031.948	 51
    3031.958	 10
    3050.008	  8
    3050.268	  8
    3052.204	  8
    3056.920	  8
    3057.084	  8
    3058.034	  8
    3058.408	  8
    3065.116	  8
    3066.158	  8
    3066.624	  8
    3067.516	  8
    3068.196	  8
    3068.588	  8
    3068.968	  8
    3069.452	  8
    3069.970	  8
    3071.144	  8
    3071.700	  8
    3072.568	  8
    3072.864	  8
    3073.376	  8
    3073.728	  8
    3074.762	  8
    3075.176	  8
    3075.608	  8
    3075.922	  8
    3076.262	  8
    3076.878	  8
    3077.554	  8
    3077.926	  8
    3078.420	  8
    3080.004	  8
    3080.496	  8
    3080.734	  8
    3081.348	  8
    3081.532	  8
    3081.760	  8
    3081.964	  8
    3082.206	  8
    3083.382	  8
    3083.564	  8
    3084.044	  8
    3084.768	  8
    3084.962	  8
    3085.240	  8
    3085.892	  8
    3086.278	  8
    3086.856	  8
    3089.672	  8
    3089.906	  8
    3090.116	  8
    3090.224	  8
    3090.386	  8
    3090.732	  8
    3091.386	  8
    3091.570	  8
    3091.678	  8
    3091.958	 53
    3092.170	  8
    3092.170	 20
    3092.170	 27
    3092.180	 28
    3092.180	 19
    3092.280	 29
    3092.426	  8
    3092.448	  9
    3093.996	  8
    3094.170	  8
    3112.300	 50
    3112.310	 18
    3140.444	  8
    3140.540	  8
    3140.884	  8
    3141.858	  8
    3142.310	 53
    3144.062	  8
    3144.062	 20
    3144.062	 27
    3144.072	 28
    3144.072	 19
    3144.172	 29
    3144.174	  8
    3144.340	  9
    3145.456	  8
    3164.192	 51
    3164.202	 10
    3174.446	  7
    3174.670	  7
    3174.868	  7
    3176.096	  7
    3176.752	  7
    3177.094	  7
    3177.568	  7
    3177.720	  7
    3178.078	  7
    3179.226	  7
    3179.702	  7
    3180.078	  7
    3180.716	  7
    3181.092	  7
    3181.694	  7
    3181.988	  7
    3182.858	  7
    3183.052	  7
    3184.064	  7
    3184.686	  7
    3185.472	  7
    3185.622	  7
    3185.762	  7
    3185.908	  7
    3186.064	  7
    3186.210	  7
    3186.356	  7
    3186.508	  7
    3186.668	  7
    3186.828	  7
    3186.982	  7
    3187.126	  7
    3187.276	  7
    3187.432	  7
    3187.736	  7
    3187.896	  7
    3188.018	  7
    3188.162	  7
    3188.296	  7
    3188.430	  7
    3188.568	  7
    3188.700	  7
    3188.832	  7
    3188.966	  7
    3189.100	  7
    3189.416	  7
    3189.900	  7
    3190.426	  7
    3190.694	  7
    3190.830	  7
    3190.964	  7
    3191.112	  7
    3191.250	  7
    3191.390	  7
    3191.552	  7
    3191.666	  7
    3191.792	  7
    3191.918	  7
    3192.050	  7
    3192.188	  7
    3192.322	  7
    3192.460	  7
    3192.594	  7
    3192.734	  7
    3192.872	  7
    3193.052	  7
    3193.174	  7
    3193.320	  7
    3193.464	  7
    3193.598	  7
    3193.732	  7
    3193.870	  7
    3194.000	  7
    3194.304	  7
    3194.778	  7
    3195.534	  7
    3195.656	  7
    3196.012	  7
    3196.354	  7
    3196.514	  7
    3196.666	  7
    3196.814	  7
    3196.974	  7
    3197.122	  7
    3197.272	  7
    3197.412	  7
    3197.552	  7
    3197.690	  7
    3197.836	  7
    3198.138	  7
    3198.274	  7
    3198.414	  7
    3198.556	  7
    3198.694	  7
    3198.830	  7
    3198.974	  7
    3199.116	  7
    3199.250	  7
    3199.392	  7
    3199.532	  7
    3199.678	  7
    3199.864	  7
    3200.002	  7
    3200.148	  7
    3200.376	  7
    3200.594	  7
    3201.116	  7
    3201.392	  7
    3202.226	  7
    3202.402	  7
    3202.528	  7
    3202.668	  7
    3202.800	  7
    3202.938	  7
    3203.084	  7
    3203.258	  7
    3203.384	  7
    3203.536	  7
    3203.688	  7
    3203.842	  7
    3203.994	  7
    3204.154	  7
    3204.290	  7
    3204.442	  7
    3204.610	  7
    3204.744	  7
    3204.876	  7
    3205.020	  7
    3205.152	  7
    3205.284	  7
    3205.414	  7
    3205.550	  7
    3205.896	  7
    3206.220	  7
    3206.480	  7
    3206.912	  7
    3207.192	  7
    3207.826	  7
    3208.120	  7
    3208.260	  7
    3208.402	  7
    3208.550	  7
    3208.692	  7
    3208.842	  7
    3208.986	  7
    3209.142	  7
    3209.280	  7
    3209.416	  7
    3209.558	  7
    3209.694	  7
    3209.842	  7
    3209.976	  7
    3210.116	  7
    3210.806	  7
    3213.668	  7
    3218.048	  7
    3224.202	 53
    3230.864	  8
    3230.864	 20
    3230.864	 27
    3230.874	 28
    3230.874	 19
    3230.974	 29
    3231.134	  9
    3250.994	 52
    3251.004	 17
    3274.330	  7
    3275.392	  7
    3275.572	  7
    3275.788	  7
    3275.934	  7
    3276.134	  7
    3276.314	  7
    3276.528	  7
    3276.718	  7
    3276.932	  7
    3277.142	  7
    3277.334	  7
    3277.526	  7
    3277.706	  7
    3277.894	  7
    3278.274	  7
    3278.462	  7
    3278.688	  7
    3278.844	  7
    3279.028	  7
    3279.252	  7
    3293.286	  8
    3306.328	  7
    3307.024	  7
    3307.398	  7
    3308.658	  7
    3309.032	  7
    3309.688	  7
    3311.528	  7
    3319.000	  7
    3324.170	  7
    3330.432	  7
    3333.850	  7
    3334.760	  7
    3335.134	  7
    3345.248	  7
    3369.492	  8
    3370.986	  8
    3371.004	 53
    3371.014	 20
    3371.014	 27
    3391.034	 52
    3391.044	 17
    3392.280	  8
    3469.384	  8
    3469.744	  8
    3470.794	  8
    3511.044	 53
    3511.054	 20
    3511.054	 27
    3513.266	  8
    3514.022	  8
    3514.430	  8
    3514.922	  8
    3516.706	  8
    3519.772	  8
    3524.348	  8
    3525.324	  8
    3531.074	 50
    3531.084	 18
    3543.658	  8
    3543.848	  8
    3544.376	  8
    3544.878	  8
    3545.226	  8
    3545.250	  8
    3550.076	  8
    3550.562	  8
    3551.042	  8
    3551.956	  8
    3552.392	  8
    3552.640	  8
    3553.020	  8
    3553.822	  8
    3554.360	  8
    3554.422	  8
    3555.130	  8
    3557.430	  8
    3557.638	  8
    3558.074	  8
    3558.448	  8
    3558.896	  8
    3559.116	  8
    3559.408	  8
    3559.490	  8
    3559.830	  8
    3560.152	  8
    3561.080	  8
    3561.084	 53
    3561.186	  8
    3561.186	 20
    3561.186	 27
    3561.196	 28
    3561.196	 19
    3561.296	 29
    3561.398	  8
    3561.464	  9
    3566.656	  8
    3581.316	 52
    3581.326	 17
    3700.702	  8
    3701.326	 53
    3701.336	 20
    3701.336	 27
    3701.912	  8
    3721.356	 51
    3721.366	 10
    3761.900	  8
    3762.398	  8
    3763.362	  8
    3764.050	  8
    3764.846	  8
    3765.490	  8
    3765.824	  8
    3766.112	  8
    3766.526	  8
    3768.058	  8
    3769.222	  8
    3769.400	  8
    3770.006	  8
    3771.180	  8
    3771.426	  8
    3771.918	  8
    3772.392	  8
    3772.488	  8
    3773.156	  8
    3773.800	  8
    3774.086	  8
    3774.404	  8
    3774.450	  8
    3774.924	  8
    3775.490	  8
    3776.724	  8
    3777.028	  8
    3777.476	  8
    3777.684	  8
    3778.028	  8
    3778.306	  8
    3778.416	  8
    3778.904	  8
    3779.608	  8
    3780.210	  8
    3780.590	  8
    3781.100	  8
    3781.366	 53
    3781.552	  8
    3781.552	 20
    3781.552	 27
    3781.562	 28
    3781.562	 19
    3781.662	 29
    3781.830	  9
    3801.682	 50
    3801.692	 18
    3831.692	 53
    3832.062	  8
    3832.062	 20
    3832.062	 27
    3832.072	 28
    3832.072	 19
    3832.172	 29
    3832.240	  8
    3832.340	  9
    3852.192	 51
    3852.202	 10
    3866.626	  7
    3867.112	  7
    3867.248	  7
    3867.416	  7
    3867.774	  7
    3869.406	  7
    3869.660	  7
    3869.892	  7
    3870.492	  7
    3870.658	  7
    3870.816	  7
    3870.982	  7
    3871.160	  7
    3871.320	  7
    3871.484	  7
    3871.656	  7
    3871.828	  7
    3871.988	  7
    3872.166	  7
    3872.308	  7
    3872.450	  7
    3872.604	  7
    3872.742	  7
    3872.878	  7
    3873.010	  7
    3873.156	  7
    3873.308	  7
    3873.526	  7
    3873.728	  7
    3874.126	  7
    3874.242	  7
    3874.386	  7
    3874.532	  7
    3874.680	  7
    3874.852	  7
    3874.984	  7
    3875.122	  7
    3875.264	  7
    3875.402	  7
    3875.530	  7
    3875.664	  7
    3875.824	  7
    3876.038	  7
    3876.186	  7
    3876.338	  7
    3876.480	  7
    3876.612	  7
    3876.766	  7
    3876.982	  7
    3877.214	  7
    3877.666	  7
    3877.792	  7
    3877.964	  7
    3878.098	  7
    3878.232	  7
    3878.400	  7
    3878.558	  7
    3878.704	  7
    3878.838	  7
    3878.978	  7
    3879.118	  7
    3879.262	  7
    3879.396	  7
    3879.558	  7
    3879.690	  7
    3879.828	  7
    3879.966	  7
    3880.110	  7
    3880.244	  7
    3880.388	  7
    3880.530	  7
    3880.812	  7
    3881.070	  7
    3881.410	  7
    3881.988	  7
    3882.124	  7
    3882.290	  7
    3882.440	  7
    3882.586	  7
    3882.752	  7
    3882.892	  7
    3883.038	  7
    3883.180	  7
    3883.320	  7
    3883.452	  7
    3883.590	  7
    3883.728	  7
    3883.860	  7
    3884.010	  7
    3884.148	  7
    3884.330	  7
    3884.560	  7
    3884.962	  7
    3886.032	  7
    3886.162	  7
    3886.310	  7
    3886.462	  7
    3886.604	  7
    3886.762	  7
    3886.914	  7
    3887.058	  7
    3887.208	  7
    3887.346	  7
    3887.496	  7
    3887.634	  7
    3887.774	  7
    3887.916	  7
    3888.246	  7
    3888.854	  7
    3889.360	  7
    3889.546	  7
    3889.664	  7
    3889.810	  7
    3890.116	  7
    3890.258	  7
    3890.392	  7
    3890.546	  7
    3890.690	  7
    3890.844	  7
    3890.972	  7
    3891.098	  7
    3891.240	  7
    3891.380	  7
    3891.516	  7
    3891.642	  7
    3891.800	  7
    3891.954	  7
    3892.100	  7
    3892.754	  7
    3893.252	  7
    3893.406	  7
    3893.558	  7
    3893.700	  7
    3893.864	  7
    3894.154	  7
    3894.298	  7
    3894.482	  7
    3894.634	  7
    3894.762	  7
    3894.908	  7
    3895.050	  7
    3895.198	  7
    3895.340	  7
    3895.490	  7
    3895.638	  7
    3895.780	  7
    3895.916	  7
    3896.064	  7
    3896.226	  7
    3896.352	  7
    3896.492	  7
    3896.902	  7
    3897.086	  7
    3897.398	  7
    3897.662	  7
    3898.428	  7
    3898.682	  7
    3899.846	  7
    3899.982	  7
    3900.118	  7
    3900.256	  7
    3900.398	  7
    3900.710	  7
    3900.856	  7
    3900.988	  7
    3901.124	  7
    3901.268	  7
    3901.414	  7
    3901.548	  7
    3901.688	  7
    3901.834	  7
    3901.978	  7
    3902.126	  7
    3902.464	  7
    3902.644	  7
    3902.874	  7
    3903.790	  7
    3903.922	  7
    3904.072	  7
    3904.244	  7
    3904.374	  7
    3904.514	  7
    3904.654	  7
    3904.786	  7
    3904.918	  7
    3905.048	  7
    3905.180	  7
    3905.314	  7
    3905.454	  7
    3905.590	  7
    3905.750	  7
    3905.874	  7
    3906.014	  7
    3906.164	  7
    3907.464	  7
    3907.630	  7
    3908.628	  7
    3908.752	  7
    3908.936	  7
    3909.454	  7
    3909.624	  7
    3909.766	  7
    3909.896	  7
    3910.038	  7
    3910.188	  7
    3910.316	  7
    3910.450	  7
    3910.598	  7
    3910.740	  7
    3910.888	  7
    3911.012	  7
    3911.148	  7
    3911.288	  7
    3911.424	  7
    3911.592	  7
    3912.030	  7
    3912.202	 53
    3913.180	  7
    3913.348	  7
    3913.658	  7
    3913.786	  7
    3913.908	  7
    3914.040	  7
    3914.178	  7
    3914.312	  7
    3914.452	  7
    3914.576	  7
    3914.714	  7
    3914.858	  7
    3914.990	  7
    3915.118	  7
    3915.256	  7
    3915.410	  7
    3915.532	  7
    3915.676	  7
    3915.814	  7
    3916.328	  7
    3920.958	  8
    3920.958	 20
    3920.958	 27
    3920.968	 28
    3920.968	 19
    3921.068	 29
    3921.102	  8
    3921.236	  9
    3925.262	  8
    3925.744	  8
    3941.088	 50
    3941.098	 18
    3961.072	  8
    3961.676	  8
    3962.080	  8
    3962.602	  8
    3963.064	  8
    3963.676	  8
    3964.044	  8
    3964.550	  8
    3964.656	  8
    3965.116	  8
    3966.664	  8
    3967.844	  8
    3968.082	  8
    3968.754	  8
    3969.052	  8
    3969.364	  8
    3969.870	  8
    3970.662	  8
    3971.098	 53
    3973.262	  8
    3973.262	 20
    3973.262	 27
    3973.272	 28
    3973.272	 19
    3973.372	 29
    3973.540	  9
    3993.392	 51
    3993.402	 10
    4009.808	  7
    4010.932	  7
    4011.090	  7
    4011.576	  7
    4011.736	  7
    4011.942	  7
    4012.166	  7
    4012.362	  7
    4012.522	  7
    4012.874	  7
    4013.420	  7
    4013.572	  7
    4013.736	  7
    4013.908	  7
    4014.166	  7
    4014.318	  7
    4014.476	  7
    4014.634	  7
    4014.788	  7
    4014.954	  7
    4015.114	  7
    4015.308	  7
    4015.696	  7
    4016.114	  7
    4016.296	  7
    4016.466	  7
    4016.810	  7
    4016.984	  7
    4017.144	  7
    4017.312	  7
    4017.462	  7
    4017.622	  7
    4017.786	  7
    4017.940	  7
    4018.124	  7
    4018.276	  7
    4018.436	  7
    4018.744	  7
    4018.892	  7
    4019.030	  7
    4019.224	  7
    4019.370	  7
    4019.596	  7
    4019.806	  7
    4020.374	  7
    4020.498	  7
    4020.644	  7
    4020.788	  7
    4020.950	  7
    4021.100	  7
    4021.254	  7
    4021.402	  7
    4021.542	  7
    4021.678	  7
    4021.820	  7
    4021.960	  7
    4022.096	  7
    4022.232	  7
    4022.374	  7
    4022.522	  7
    4022.682	  7
    4022.882	  7
    4023.594	  7
    4023.730	  7
    4023.878	  7
    4024.016	  7
    4024.180	  7
    4024.308	  7
    4024.442	  7
    4024.576	  7
    4024.696	  7
    4024.832	  7
    4024.972	  7
    4025.118	  7
    4025.262	  7
    4025.400	  7
    4025.686	  7
    4025.910	  7
    4026.642	  7
    4026.780	  7
    4026.916	  7
    4027.054	  7
    4027.208	  7
    4027.348	  7
    4027.488	  7
    4027.634	  7
    4027.802	  7
    4027.930	  7
    4028.060	  7
    4028.192	  7
    4028.326	  7
    4028.470	  7
    4028.620	  7
    4028.750	  7
    4028.894	  7
    4029.058	  7
    4029.182	  7
    4029.316	  7
    4029.448	  7
    4029.612	  7
    4029.932	  7
    4030.234	  7
    4030.572	  7
    4030.804	  7
    4031.524	  7
    4031.672	  7
    4031.822	  7
    4031.960	  7
    4032.090	  7
    4032.240	  7
    4032.382	  7
    4032.526	  7
    4032.676	  7
    4032.814	  7
    4032.950	  7
    4033.076	  7
    4033.212	  7
    4033.352	  7
    4033.488	  7
    4033.630	  7
    4033.764	  7
    4033.938	  7
    4034.070	  7
    4034.212	  7
    4034.356	  7
    4034.502	  7
    4034.634	  7
    4034.784	  7
    4035.106	  7
    4035.386	  7
    4035.608	  7
    4035.928	  7
    4036.438	  7
    4037.224	  7
    4037.380	  7
    4037.522	  7
    4037.664	  7
    4037.970	  7
    4038.126	  7
    4038.252	  7
    4038.400	  7
    4038.712	  7
    4038.854	  7
    4038.990	  7
    4039.132	  7
    4039.268	  7
    4039.408	  7
    4039.570	  7
    4039.708	  7
    4040.046	  7
    4040.312	  7
    4040.520	  7
    4040.744	  7
    4041.928	  7
    4042.064	  7
    4042.222	  7
    4042.356	  7
    4042.492	  7
    4042.622	  7
    4042.760	  7
    4042.902	  7
    4043.026	  7
    4043.164	  7
    4043.318	  7
    4043.436	  7
    4043.574	  7
    4043.716	  7
    4043.838	  7
    4043.980	  7
    4044.128	  7
    4044.286	  7
    4045.360	  7
    4045.548	  7
    4046.132	  7
    4046.258	  7
    4046.404	  7
    4046.542	  7
    4046.678	  7
    4046.824	  7
    4046.966	  7
    4047.112	  7
    4047.242	  7
    4047.380	  7
    4047.524	  7
    4047.650	  7
    4047.794	  7
    4047.936	  7
    4048.074	  7
    4048.212	  7
    4048.336	  7
    4048.510	  7
    4048.722	  7
    4048.958	  7
    4049.310	  7
    4050.114	  7
    4050.254	  7
    4050.396	  7
    4050.536	  7
    4050.686	  7
    4050.834	  7
    4050.972	  7
    4051.116	  7
    4051.260	  7
    4051.404	  7
    4051.534	  7
    4051.668	  7
    4051.810	  7
    4051.964	  7
    4052.120	  7
    4052.238	  7
    4052.368	  7
    4052.516	  7
    4052.642	  7
    4052.780	  7
    4052.930	  7
    4053.066	  7
    4053.298	  7
    4053.402	 53
    4053.434	  7
    4053.582	  7
    4053.758	  7
    4053.872	  7
    4054.014	  7
    4054.588	  7
    4055.698	  7
    4060.600	  8
    4060.600	 20
    4060.600	 27
    4060.610	 28
    4060.610	 19
    4060.710	 29
    4060.878	  9
    4062.298	  8
    4080.730	 50
    4080.740	 18
    4110.740	 53
    4111.738	  8
    4111.738	 20
    4111.738	 27
    4111.748	 28
    4111.748	 19
    4111.848	 29
    4112.016	  9
    4131.868	 50
    4131.878	 18
    4151.864	  8
    4151.926	  8
    4152.838	  8
    4153.176	  8
    4153.872	  8
    4154.420	  8
    4154.880	  8
    4157.504	  8
    4157.736	  8
    4158.340	  8
    4159.216	  8
    4159.924	  8
    4161.186	  8
    4161.878	 53
    4161.904	  8
    4161.904	 20
    4161.904	 27
    4161.914	 28
    4161.914	 19
    4162.014	 29
    4162.114	  8
    4162.182	  9
    4182.034	 50
    4182.044	 18
    4201.016	  8
    4201.278	  8
    4202.086	  8
    4202.994	  8
    4205.102	  8
    4205.784	  8
    4207.458	  8
    4207.878	  8
    4208.310	  8
    4208.508	  8
    4208.782	  8
    4209.000	  8
    4209.720	  8
    4210.078	  8
    4210.364	  8
    4210.768	  8
    4211.240	  8
    4211.522	  8
    4211.788	  8
    4212.044	 53
    4212.342	  8
    4212.342	 20
    4212.342	 27
    4212.352	 28
    4212.352	 19
    4212.452	 29
    4212.458	  8
    4212.620	  9
    4212.672	  8
    4232.472	 50
    4232.482	 18
    4250.126	  8
    4250.586	  8
    4250.754	  8
    4250.960	  8
    4253.446	  8
    4253.780	  8
    4254.022	  8
    4254.620	  8
    4255.132	  8
    4255.366	  8
    4256.100	  8
    4256.386	  8
    4258.304	  8
    4258.524	  8
    4259.368	  8
    4260.400	  8
    4260.570	  8
    4261.202	  8
    4261.546	  8
    4261.712	  8
    4262.206	  8
    4262.482	 53
    4263.198	  8
    4263.198	 20
    4263.198	 27
    4263.208	 28
    4263.208	 19
    4263.308	 29
    4263.416	  8
    4263.476	  9
    4264.822	  8
    4283.328	 50
    4283.338	 18
    4307.144	  8
    4307.558	  8
    4307.982	  8
    4308.232	  8
    4309.230	  8
    4313.338	 53
    4313.812	  8
    4313.812	 20
    4313.812	 27
    4313.822	 28
    4313.822	 19
    4313.862	  8
    4313.922	 29
    4314.090	  9
    4333.942	 52
    4333.952	 17
    4368.896	  7
    4370.134	  7
    4371.712	  7
    4376.742	  7
    4376.942	  7
    4377.216	  7
    4379.530	  7
    4401.146	  7
    4406.380	  7
    4408.140	  8
    4437.910	  8
    4438.024	  8
    4453.952	 53
    4453.962	 20
    4453.962	 27
    4454.186	  8
    4454.832	  8
    4473.982	 50
    4473.992	 18
    4484.476	  8
    4488.246	  8
    4488.922	  8
    4490.254	  8
    4490.888	  8
    4492.212	  8
    4494.924	  8
    4495.372	  8
    4495.744	  8
    4496.518	  8
    4497.696	  8
    4498.004	  8
    4498.624	  8
    4500.214	  8
    4500.398	  8
    4501.050	  8
    4501.354	  8
    4501.652	  8
    4501.832	  8
    4502.204	  8
    4502.718	  8
    4502.932	  8
    4503.810	  8
    4503.992	 53
    4504.176	  8
    4504.176	 20
    4504.176	 27
    4504.186	 28
    4504.186	 19
    4504.286	 29
    4504.382	  8
    4504.454	  9
    4506.252	  8
    4524.306	 50
    4524.316	 18
    4542.598	  8
    4542.664	  8
    4543.052	  8
    4543.368	  8
    4543.582	  8
    4543.772	  8
    4543.816	  8
    4544.386	  8
    4546.146	  8
    4546.308	  8
    4546.616	  8
    4546.882	  8
    4547.530	  8
    4547.900	  8
    4548.644	  8
    4550.442	  8
    4550.690	  8
    4551.432	  8
    4551.686	  8
    4552.054	  8
    4552.654	  8
    4552.796	  8
    4553.346	  8
    4553.648	  8
    4554.018	  8
    4554.302	  8
    4554.316	 53
    4555.330	  8
    4555.330	 20
    4555.330	 27
    4555.340	 28
    4555.340	 19
    4555.440	 29
    4555.504	  8
    4555.608	  9
    4575.460	 52
    4575.470	 17
    4695.470	 53
    4695.480	 20
    4695.480	 27
    4706.304	  8
    4706.490	  8
    4715.500	 51
    4715.510	 10
    4741.016	  8
    4741.456	  8
    4741.700	  8
    4742.708	  8
    4745.774	  8
    4746.032	  8
    4747.068	  8
    4748.482	  8
    4749.200	  8
    4749.832	  8
    4750.646	  8
    4751.020	  8
    4751.068	  8
    4751.420	  8
    4752.110	  8
    4752.452	  8
    4752.744	  8
    4753.198	  8
    4753.450	  8
    4753.776	  8
    4754.448	  8
    4754.768	  8
    4755.086	  8
    4756.420	  8
    4756.932	  8
    4757.386	  8
    4757.534	  8
    4757.950	  8
    4758.730	  8
    4759.064	  8
    4759.186	  8
    4759.420	  8
    4760.122	  8
    4760.338	  8
    4760.966	  8
    4761.480	  8
    4762.950	  8
    4763.166	  8
    4763.752	  8
    4764.408	  8
    4764.830	  8
    4765.576	  8
    4765.818	  8
    4766.108	  8
    4766.506	  8
    4767.270	  8
    4767.640	  8
    4769.232	  8
    4769.430	  8
    4769.924	  8
    4770.092	  8
    4770.796	  8
    4771.244	  8
    4771.870	  8
    4772.234	  8
    4774.070	  8
    4774.272	  8
    4774.428	  8
    4774.976	  8
    4775.242	  8
    4775.510	 53
    4775.784	  8
    4775.784	 20
    4775.784	 27
    4775.794	 28
    4775.794	 19
    4775.894	 29
    4775.952	  8
    4775.990	  8
    4776.062	  9
    4795.914	 50
    4795.924	 18
    4815.062	  8
    4815.322	  8
    4815.928	  8
    4818.588	  8
    4818.948	  8
    4819.354	  8
    4819.644	  8
    4820.490	  8
    4820.602	  8
    4820.792	  8
    4820.836	  8
    4821.768	  8
    4823.912	  8
    4824.150	  8
    4824.774	  8
    4825.058	  8
    4825.198	  8
    4825.748	  8
    4825.924	 53
    4825.996	  8
    4825.996	 20
    4825.996	 27
    4826.006	 28
    4826.006	 19
    4826.106	 29
    4826.274	  9
    4846.126	 50
    4846.136	 18
    4861.574	  8
    4861.760	  8
    4862.404	  8
    4864.666	  8
    4864.854	  8
    4864.954	  8
    4865.086	  8
    4865.730	  8
    4867.030	  8
    4867.194	  8
    4867.960	  8
    4868.242	  8
    4869.082	  8
    4869.304	  8
    4869.628	  8
    4870.180	  8
    4870.524	  8
    4870.904	  8
    4871.566	  8
    4872.018	  8
    4872.532	  8
    4873.032	  8
    4873.352	  8
    4873.556	  8
    4873.820	  8
    4874.678	  8
    4874.914	  8
    4875.214	  8
    4875.322	  8
    4875.600	  8
    4875.876	  8
    4876.136	 53
    4877.300	  8
    4877.300	 20
    4877.300	 27
    4877.310	 28
    4877.310	 19
    4877.410	 29
    4877.506	  8
    4877.578	  9
    4878.586	  8
    4878.988	  8
    4897.430	 51
    4897.440	 10
    4907.590	  7
    4907.778	  7
    4908.006	  7
    4908.370	  7
    4908.552	  7
    4908.768	  7
    4909.258	  7
    4909.404	  7
    4909.572	  7
    4909.732	  7
    4909.904	  7
    4910.118	  7
    4910.448	  7
    4911.488	  7
    4911.642	  7
    4911.790	  7
    4911.934	  7
    4912.070	  7
    4912.196	  7
    4912.340	  7
    4912.502	  7
    4912.674	  7
    4912.842	  7
    4912.960	  7
    4913.108	  7
    4913.230	  7
    4913.356	  7
    4913.502	  7
    4913.662	  7
    4913.798	  7
    4913.938	  7
    4914.448	  7
    4915.436	  7
    4915.558	  7
    4915.694	  7
    4915.828	  7
    4915.964	  7
    4916.090	  7
    4916.212	  7
    4916.370	  7
    4916.488	  7
    4916.616	  7
    4916.752	  7
    4916.888	  7
    4917.024	  7
    4917.158	  7
    4917.286	  7
    4917.436	  7
    4917.620	  7
    4917.946	  7
    4918.204	  7
    4918.996	  7
    4919.142	  7
    4919.264	  7
    4919.398	  7
    4919.518	  7
    4919.652	  7
    4919.808	  7
    4919.938	  7
    4920.066	  7
    4920.194	  7
    4920.324	  7
    4920.452	  7
    4920.580	  7
    4920.742	  7
    4920.924	  7
    4921.162	  7
    4922.304	  7
    4922.406	  7
    4922.546	  7
    4922.680	  7
    4922.826	  7
    4922.960	  7
    4923.092	  7
    4923.228	  7
    4923.360	  7
    4923.492	  7
    4923.620	  7
    4923.812	  7
    4924.438	  7
    4925.268	  7
    4925.382	  7
    4925.526	  7
    4925.662	  7
    4925.812	  7
    4925.960	  7
    4926.100	  7
    4926.244	  7
    4926.372	  7
    4926.538	  7
    4926.668	  7
    4926.806	  7
    4926.932	  7
    4927.056	  7
    4927.202	  7
    4927.356	  7
    4927.498	  7
    4927.646	  7
    4927.788	  7
    4927.950	  7
    4928.074	  7
    4928.210	  7
    4928.348	  7
    4928.484	  7
    4928.618	  7
    4928.750	  7
    4928.904	  7
    4929.136	  7
    4929.444	  7
    4929.694	  7
    4930.080	  7
    4930.250	  7
    4930.388	  7
    4930.544	  7
    4930.682	  7
    4930.824	  7
    4930.954	  7
    4931.100	  7
    4931.232	  7
    4931.380	  7
    4931.510	  7
    4931.658	  7
    4931.790	  7
    4931.932	  7
    4932.078	  7
    4932.278	  7
    4933.300	  7
    4933.438	  7
    4933.718	  7
    4933.862	  7
    4933.980	  7
    4934.106	  7
    4934.248	  7
    4934.402	  7
    4934.546	  7
    4934.684	  7
    4934.818	  7
    4934.956	  7
    4935.078	  7
    4935.228	  7
    4935.368	  7
    4935.502	  7
    4935.686	  7
    4935.810	  7
    4935.952	  7
    4936.084	  7
    4936.210	  7
    4936.352	  7
    4936.484	  7
    4936.624	  7
    4936.760	  7
    4936.904	  7
    4937.036	  7
    4937.560	  7
    4937.738	  7
    4938.082	  7
    4938.812	  7
    4938.936	  7
    4939.084	  7
    4939.208	  7
    4939.330	  7
    4939.478	  7
    4939.592	  7
    4939.732	  7
    4939.856	  7
    4940.004	  7
    4940.200	  7
    4940.980	  7
    4941.078	  7
    4941.222	  7
    4941.372	  7
    4941.520	  7
    4941.676	  7
    4941.826	  7
    4941.970	  7
    4942.110	  7
    4942.244	  7
    4942.392	  7
    4942.518	  7
    4942.654	  7
    4942.816	  7
    4942.942	  7
    4943.082	  7
    4943.218	  7
    4943.410	  7
    4943.628	  7
    4944.284	  7
    4944.400	  7
    4944.544	  7
    4944.672	  7
    4944.818	  7
    4944.960	  7
    4945.094	  7
    4945.224	  7
    4945.370	  7
    4945.510	  7
    4945.658	  7
    4945.786	  7
    4945.928	  7
    4946.070	  7
    4946.218	  7
    4946.574	  7
    4947.008	  7
    4947.534	  7
    4947.658	  7
    4947.788	  7
    4947.922	  7
    4948.056	  7
    4948.196	  7
    4948.336	  7
    4948.466	  7
    4948.604	  7
    4948.736	  7
    4948.868	  7
    4949.000	  7
    4949.142	  7
    4949.282	  7
    4949.424	  7
    4949.576	  7
    4949.712	  7
    4949.840	  7
    4949.980	  7
    4950.174	  7
    4951.052	  7
    4951.856	  7
    4952.648	  7
    4953.912	  7
    4954.430	  7
    4954.552	  7
    4954.702	  7
    4954.830	  7
    4954.956	  7
    4955.090	  7
    4955.212	  7
    4955.360	  7
    4955.482	  7
    4955.620	  7
    4955.748	  7
    4955.880	  7
    4956.020	  7
    4956.154	  7
    4956.300	  7
    4956.414	  7
    4956.566	  7
    4956.952	  7
    4957.440	 53
    4962.700	  8
    4962.700	 20
    4962.700	 27
    4962.710	 28
    4962.710	 19
    4962.810	 29
    4962.978	  9
    4963.860	  8
    4982.830	 51
    4982.840	 10
    5022.626	  8
    5022.976	  8
    5036.412	  8
    5036.704	  8
    5037.998	  8
    5038.142	  8
    5039.256	  8
    5039.794	  8
    5040.442	  8
    5040.850	  8
    5041.020	  8
    5042.594	  8
    5042.658	  8
    5042.840	 53
    5043.376	  8
    5043.376	 20
    5043.376	 27
    5043.386	 28
    5043.386	 19
    5043.486	 29
    5043.654	  9
    5045.012	  8
    5063.506	 51
    5063.516	 10
    5072.254	  8
    5081.544	  7
    5081.848	  7
    5082.170	  7
    5083.252	  7
    5083.692	  7
    5083.976	  7
    5084.440	  7
    5084.620	  7
    5085.860	  7
    5086.276	  7
    5086.826	  7
    5087.642	  7
    5088.090	  7
    5088.226	  7
    5088.384	  7
    5088.536	  7
    5088.688	  7
    5088.992	  7
    5089.130	  7
    5089.264	  7
    5089.410	  7
    5089.550	  7
    5089.708	  7
    5089.862	  7
    5090.040	  7
    5090.182	  7
    5090.318	  7
    5090.460	  7
    5090.614	  7
    5090.922	  7
    5091.328	  7
    5092.084	  7
    5092.216	  7
    5092.352	  7
    5092.484	  7
    5092.634	  7
    5092.776	  7
    5092.934	  7
    5093.094	  7
    5093.332	  7
    5093.474	  7
    5093.602	  7
    5093.732	  7
    5093.876	  7
    5094.014	  7
    5094.186	  7
    5094.310	  7
    5094.446	  7
    5094.568	  7
    5094.712	  7
    5095.112	  7
    5095.320	  7
    5095.560	  7
    5096.634	  7
    5097.076	  7
    5097.252	  7
    5097.414	  7
    5097.554	  7
    5097.680	  7
    5097.824	  7
    5097.956	  7
    5098.100	  7
    5098.228	  7
    5098.364	  7
    5098.502	  7
    5098.694	  7
    5098.858	  7
    5099.048	  7
    5099.780	  7
    5100.074	  7
    5100.746	  7
    5100.882	  7
    5101.022	  7
    5101.156	  7
    5101.470	  7
    5101.620	  7
    5101.758	  7
    5101.902	  7
    5102.038	  7
    5102.174	  7
    5102.320	  7
    5102.454	  7
    5102.594	  7
    5102.724	  7
    5102.858	  7
    5103.172	  7
    5103.682	  7
    5104.180	  7
    5104.326	  7
    5104.454	  7
    5104.624	  7
    5104.916	  7
    5105.056	  7
    5105.186	  7
    5105.342	  7
    5105.492	  7
    5105.632	  7
    5105.754	  7
    5105.890	  7
    5106.034	  7
    5106.166	  7
    5106.318	  7
    5106.472	  7
    5106.600	  7
    5106.728	  7
    5106.876	  7
    5107.024	  7
    5107.172	  7
    5107.308	  7
    5107.442	  7
    5107.732	  7
    5108.254	  7
    5108.784	  7
    5109.238	  7
    5109.396	  7
    5109.526	  7
    5109.678	  7
    5109.816	  7
    5109.964	  7
    5110.124	  7
    5110.232	  7
    5110.376	  7
    5110.528	  7
    5110.670	  7
    5110.802	  7
    5110.946	  7
    5111.084	  7
    5111.230	  7
    5111.574	  7
    5111.828	  7
    5112.480	  7
    5113.446	  7
    5113.586	  7
    5113.726	  7
    5113.886	  7
    5114.024	  7
    5114.170	  7
    5114.294	  7
    5114.444	  7
    5114.548	  7
    5114.678	  7
    5114.816	  7
    5114.960	  7
    5115.114	  7
    5115.262	  7
    5115.402	  7
    5115.530	  7
    5115.660	  7
    5115.798	  7
    5115.930	  7
    5116.084	  7
    5116.260	  7
    5116.388	  7
    5116.542	  7
    5116.668	  7
    5116.812	  7
    5117.676	  7
    5117.868	  7
    5118.164	  7
    5118.952	  7
    5119.108	  7
    5119.246	  7
    5119.392	  7
    5119.534	  7
    5119.690	  7
    5119.854	  7
    5119.998	  7
    5120.126	  7
    5120.252	  7
    5120.400	  7
    5120.546	  7
    5120.674	  7
    5120.810	  7
    5120.942	  7
    5121.094	  7
    5121.240	  7
    5121.386	  7
    5121.560	  7
    5121.826	  7
    5122.068	  7
    5122.816	  7
    5122.936	  7
    5123.088	  7
    5123.236	  7
    5123.364	  7
    5123.512	  7
    5123.516	 53
    5123.652	  7
    5123.780	  7
    5123.916	  7
    5124.060	  7
    5124.186	  7
    5124.330	  7
    5124.464	  7
    5124.608	  7
    5124.764	  7
    5124.900	  7
    5125.034	  7
    5125.186	  7
    5125.328	  7
    5125.468	  7
    5126.158	  7
    5126.446	  7
    5126.642	  7
    5126.872	  7
    5127.444	  7
    5127.862	  7
    5129.230	  7
    5130.118	  7
    5130.912	  7
    5131.126	  7
    5132.124	  7
    5133.044	  7
    5134.538	  7
    5138.566	  7
    5138.784	  7
    5139.252	  7
    5139.378	  7
    5140.026	  7
    5140.150	  7
    5140.286	  7
    5140.418	  7
    5140.568	  7
    5140.684	  7
    5140.820	  7
    5140.946	  7
    5141.080	  7
    5141.216	  7
    5141.346	  7
    5141.482	  7
    5141.618	  7
    5141.748	  7
    5141.890	  7
    5142.024	  7
    5142.174	  7
    5142.314	  7
    5142.466	  7
    5143.842	  8
    5143.842	 20
    5143.842	 27
    5143.852	 28
    5143.852	 19
    5143.952	 29
    5143.962	 61
