   59469.618	  8
   59490.098	  8
   59547.890	  8
      20.010	 51
      20.020	 18
      26.428	  8
      36.370	  8
      36.910	  8
      80.020	 53
     122.520	  7
     123.646	  7
     123.804	  7
     124.036	  7
     124.208	  7
     124.414	  7
     124.586	  7
     124.800	  7
     125.724	  7
     125.930	  7
     126.290	  7
     126.484	  7
     126.666	  7
     126.882	  7
     127.088	  7
     127.324	  7
     127.554	  7
     127.732	  7
     127.962	  7
     128.158	  7
     128.316	  7
     128.528	  7
     128.734	  7
     128.928	  7
     129.136	  7
     129.328	  7
     129.560	  7
     129.748	  7
     129.944	  7
     130.164	  7
     130.336	  7
     130.562	  7
     133.830	  8
     133.830	 20
     133.830	 27
     133.840	 28
     133.840	 19
     133.940	 29
     134.132	  9
     134.166	  8
     134.556	  8
     136.912	  8
     153.960	 52
     153.970	 10
     162.740	  6
     214.526	  8
     214.754	  8
     218.946	  8
     231.216	  8
     231.328	  8
     231.606	  8
     257.490	  8
     258.190	  8
     273.970	 53
     273.980	 20
     273.980	 27
     277.316	  8
     294.000	 52
     294.010	 10
     320.958	  8
     321.604	  8
     349.264	  8
     351.960	  8
     357.738	  7
     357.952	  7
     358.206	  7
     358.326	  7
     358.462	  7
     358.586	  7
     358.720	  7
     358.972	  7
     359.090	  7
     359.222	  7
     359.354	  7
     359.942	  7
     360.670	  7
     360.742	  7
     361.194	  7
     361.352	  7
     361.498	  7
     361.952	  7
     362.078	  7
     362.390	  7
     362.594	  7
     362.922	  7
     362.998	  7
     363.782	  7
     369.974	  7
     370.080	  7
     370.348	  7
     375.270	  7
     375.846	  7
     379.300	  7
     379.422	  7
     379.560	  7
     379.688	  7
     379.810	  7
     379.944	  7
     380.080	  7
     380.218	  7
     380.368	  7
     380.496	  7
     380.634	  7
     380.762	  7
     380.898	  7
     381.032	  7
     381.166	  7
     381.322	  7
     381.456	  7
     381.584	  7
     381.724	  7
     381.864	  7
     382.002	  7
     382.138	  7
     382.288	  7
     382.412	  7
     382.550	  7
     382.688	  7
     382.830	  7
     382.972	  7
     383.112	  7
     383.276	  7
     383.412	  7
     383.558	  7
     383.694	  7
     383.832	  7
     383.986	  7
     384.120	  7
     384.258	  7
     384.404	  7
     384.550	  7
     384.708	  7
     384.836	  7
     384.960	  7
     385.074	  7
     385.204	  7
     385.344	  7
     385.488	  7
     385.896	  7
     386.012	  7
     386.150	  7
     386.300	  7
     386.458	  7
     386.586	  7
     386.738	  7
     386.874	  7
     387.022	  7
     387.166	  7
     387.304	  7
     387.480	  7
     387.616	  7
     387.764	  7
     387.900	  7
     388.046	  7
     388.222	  7
     388.350	  7
     388.488	  7
     388.626	  7
     388.776	  7
     388.948	  7
     389.072	  7
     389.218	  7
     389.364	  7
     389.516	  7
     389.662	  7
     389.828	  7
     389.964	  7
     390.112	  7
     390.264	  7
     390.402	  7
     390.542	  7
     390.682	  7
     390.824	  7
     390.992	  7
     391.126	  7
     391.270	  7
     391.444	  7
     391.580	  7
     391.722	  7
     391.868	  7
     392.036	  7
     392.172	  7
     392.312	  7
     392.456	  7
     392.626	  7
     392.734	  7
     392.884	  7
     393.024	  7
     393.208	  7
     393.340	  7
     393.478	  7
     393.626	  7
     393.786	  7
     393.920	  7
     394.070	  7
     394.216	  7
     394.368	  7
     394.540	  7
     394.670	  7
     394.808	  7
     394.954	  7
     395.126	  7
     395.262	  7
     395.410	  7
     395.554	  7
     395.712	  7
     395.868	  7
     396.004	  7
     396.154	  7
     396.314	  7
     396.446	  7
     396.596	  7
     396.740	  7
     396.912	  7
     397.036	  7
     397.184	  7
     397.346	  7
     397.478	  7
     397.624	  7
     397.806	  7
     397.930	  7
     398.074	  7
     398.224	  7
     398.378	  7
     398.534	  7
     398.702	  7
     398.838	  7
     398.986	  7
     399.144	  7
     399.300	  7
     399.446	  7
     399.620	  7
     399.754	  7
     399.896	  7
     400.044	  7
     400.190	  7
     400.342	  7
     400.516	  7
     400.638	  7
     400.786	  7
     400.932	  7
     401.080	  7
     401.232	  7
     401.404	  7
     401.538	  7
     401.684	  7
     401.832	  7
     401.984	  7
     402.138	  7
     402.286	  7
     402.468	  7
     402.608	  7
     402.750	  7
     402.902	  7
     403.054	  7
     403.202	  7
     403.352	  7
     403.502	  7
     403.674	  7
     403.802	  7
     403.952	  7
     404.102	  7
     404.262	  7
     404.428	  7
     404.560	  7
     404.710	  7
     404.856	  7
     405.006	  7
     405.162	  7
     405.314	  7
     405.490	  7
     405.624	  7
     405.772	  7
     405.918	  7
     406.092	  7
     406.230	  7
     406.380	  7
     406.528	  7
     406.678	  7
     406.830	  7
     407.004	  7
     407.140	  7
     407.292	  7
     407.436	  7
     407.588	  7
     407.740	  7
     407.896	  7
     408.050	  7
     408.218	  7
     408.360	  7
     408.506	  7
     408.656	  7
     408.810	  7
     408.982	  7
     409.102	  7
     409.228	  7
     409.368	  7
     409.508	  7
     409.650	  7
     409.828	  7
     409.956	  7
     410.106	  7
     410.266	  7
     410.414	  7
     410.568	  7
     410.742	  7
     410.868	  7
     411.016	  7
     411.166	  7
     411.312	  7
     411.706	  7
     411.834	  7
     411.974	  7
     412.124	  7
     412.280	  7
     412.454	  7
     412.588	  7
     412.736	  7
     412.884	  7
     413.028	  7
     413.190	  7
     413.378	  7
     413.502	  7
     413.642	  7
     413.784	  7
     413.966	  7
     414.010	 53
     414.020	 20
     414.020	 27
     414.092	  7
     414.348	  7
     414.482	  7
     414.624	  7
     414.792	  7
     414.934	  7
     415.102	  7
     415.240	  7
     415.380	  7
     415.520	  7
     415.668	  7
     415.818	  7
     415.968	  7
     416.122	  7
     416.284	  7
     416.422	  7
     416.570	  7
     416.722	  7
     416.896	  7
     417.022	  7
     417.172	  7
     417.328	  7
     417.478	  7
     417.656	  7
     417.782	  7
     417.936	  7
     418.080	  7
     418.230	  7
     418.382	  7
     418.548	  7
     418.694	  7
     418.864	  7
     418.986	  7
     419.136	  7
     419.286	  7
     419.436	  7
     419.610	  7
     419.744	  7
     419.892	  7
     420.044	  7
     420.206	  7
     420.400	  7
     420.530	  7
     420.670	  7
     420.822	  7
     420.974	  7
     421.124	  7
     421.306	  7
     421.438	  7
     421.588	  7
     421.714	  7
     421.858	  7
     422.010	  7
     422.148	  7
     422.330	  7
     422.458	  7
     422.604	  7
     422.748	  7
     422.894	  7
     423.042	  7
     423.228	  7
     423.356	  7
     423.504	  7
     423.652	  7
     423.800	  7
     423.956	  7
     424.126	  7
     424.258	  7
     424.412	  7
     424.556	  7
     424.708	  7
     424.902	  7
     425.042	  7
     425.172	  7
     425.326	  7
     425.468	  7
     425.624	  7
     425.770	  7
     425.952	  7
     426.088	  7
     426.232	  7
     426.384	  7
     426.524	  7
     426.682	  7
     426.830	  7
     427.004	  7
     427.126	  7
     427.260	  7
     427.408	  7
     427.550	  7
     427.722	  7
     427.848	  7
     427.992	  7
     428.142	  7
     428.284	  7
     428.430	  7
     431.934	  8
     432.054	  8
     432.738	  8
     433.248	  8
     433.634	  8
     433.904	  8
     434.040	 50
     434.050	 17
     461.544	  8
     462.176	  8
     462.538	  8
     462.970	  8
     463.322	  8
     463.956	  8
     464.050	 53
     464.312	  8
     464.312	 20
     464.312	 27
     464.322	 28
     464.322	 19
     464.422	 29
     464.614	  9
     464.672	  8
     466.436	  8
     467.096	  8
     484.442	 51
     484.452	 18
     544.452	 53
     583.518	  7
     585.676	  7
     586.070	  7
     586.326	  7
     586.500	  7
     587.300	  7
     587.630	  7
     587.752	  7
     587.814	  7
     587.868	  7
     588.058	  7
     588.234	  7
     588.422	  7
     588.618	  7
     589.248	  7
     594.624	  7
     595.208	  7
     595.282	  7
     595.516	  7
     595.774	  7
     598.742	  7
     598.826	  7
     600.446	  8
     600.446	 20
     600.446	 27
     600.456	 28
     600.456	 19
     600.556	 29
     600.678	  8
     600.748	  9
     602.220	  8
     603.598	  8
     608.944	  7
     609.568	  7
     609.670	  7
     610.468	  7
     610.794	  7
     611.142	  7
     611.258	  7
     611.534	  7
     611.688	  7
     611.900	  7
     612.088	  7
     612.524	  7
     612.772	  7
     613.186	  7
     613.606	  7
     614.854	  7
     615.838	  7
     616.270	  7
     616.476	  7
     616.540	  7
     616.778	  7
     617.406	  7
     617.510	  7
     617.562	  7
     620.576	 52
     620.586	 10
     622.440	  7
     622.526	  7
     622.832	  7
     622.952	  7
     623.076	  7
     623.220	  7
     623.362	  7
     623.500	  7
     623.624	  7
     623.758	  7
     623.886	  7
     624.014	  7
     624.142	  7
     624.292	  7
     624.414	  7
     624.530	  7
     624.664	  7
     624.796	  7
     624.932	  7
     625.066	  7
     625.206	  7
     625.342	  7
     625.508	  7
     625.636	  7
     625.764	  7
     625.908	  7
     626.048	  7
     626.186	  7
     626.324	  7
     626.466	  7
     626.604	  7
     626.762	  7
     626.882	  7
     627.018	  7
     627.156	  7
     627.300	  7
     627.442	  7
     627.584	  7
     627.742	  7
     627.886	  7
     628.040	  7
     628.176	  7
     628.322	  7
     628.470	  7
     628.610	  7
     628.752	  7
     628.886	  7
     629.044	  7
     629.170	  7
     629.314	  7
     629.454	  7
     629.600	  7
     629.748	  7
     629.892	  7
     630.058	  7
     630.188	  7
     630.332	  7
     630.478	  7
     630.626	  7
     630.770	  7
     630.924	  7
     631.076	  7
     631.238	  7
     631.374	  7
     631.520	  7
     631.654	  7
     631.816	  7
     631.956	  7
     632.116	  7
     632.252	  7
     632.398	  7
     632.544	  7
     632.690	  7
     632.830	  7
     632.978	  7
     633.130	  7
     633.272	  7
     633.430	  7
     633.562	  7
     633.704	  7
     633.844	  7
     633.988	  7
     634.142	  7
     634.290	  7
     634.442	  7
     634.606	  7
     634.740	  7
     634.888	  7
     635.036	  7
     635.190	  7
     635.356	  7
     635.500	  7
     635.646	  7
     635.820	  7
     635.940	  7
     636.086	  7
     636.222	  7
     636.378	  7
     636.550	  7
     636.668	  7
     636.810	  7
     636.950	  7
     637.090	  7
     637.240	  7
     637.388	  7
     637.534	  7
     637.684	  7
     637.848	  7
     637.982	  7
     638.130	  7
     638.272	  7
     638.416	  7
     638.566	  7
     638.732	  7
     638.874	  7
     639.020	  7
     639.164	  7
     639.290	  7
     639.438	  7
     639.604	  7
     639.740	  7
     639.886	  7
     640.036	  7
     640.184	  7
     640.334	  7
     640.486	  7
     640.642	  7
     640.804	  7
     640.934	  7
     641.112	  7
     641.234	  7
     641.378	  7
     641.514	  7
     641.664	  7
     641.808	  7
     641.978	  7
     642.102	  7
     642.248	  7
     642.428	  7
     642.554	  7
     642.712	  7
     642.862	  7
     643.032	  7
     643.166	  7
     643.312	  7
     643.484	  7
     643.608	  7
     643.760	  7
     643.912	  7
     644.068	  7
     644.246	  7
     644.372	  7
     644.518	  7
     644.694	  7
     644.822	  7
     644.974	  7
     645.116	  7
     645.268	  7
     645.440	  7
     645.568	  7
     645.716	  7
     645.854	  7
     646.032	  7
     646.158	  7
     646.306	  7
     646.450	  7
     646.602	  7
     646.770	  7
     646.890	  7
     647.038	  7
     647.188	  7
     647.364	  7
     647.506	  7
     647.646	  7
     647.788	  7
     647.936	  7
     648.082	  7
     648.238	  7
     648.382	  7
     648.508	  7
     648.648	  7
     648.794	  7
     648.938	  7
     649.108	  7
     649.230	  7
     649.376	  7
     649.524	  7
     649.678	  7
     649.828	  7
     649.974	  7
     650.126	  7
     650.298	  7
     650.434	  7
     650.590	  7
     650.734	  7
     650.912	  7
     651.044	  7
     651.188	  7
     651.338	  7
     651.480	  7
     651.632	  7
     651.780	  7
     651.934	  7
     652.082	  7
     652.244	  7
     652.370	  7
     652.518	  7
     652.654	  7
     652.836	  7
     652.958	  7
     653.110	  7
     653.260	  7
     653.410	  7
     653.550	  7
     653.724	  7
     653.854	  7
     654.000	  7
     654.150	  7
     654.292	  7
     654.452	  7
     654.594	  7
     654.770	  7
     654.904	  7
     655.060	  7
     655.198	  7
     655.348	  7
     655.496	  7
     655.644	  7
     655.790	  7
     655.940	  7
     656.114	  7
     656.242	  7
     656.388	  7
     656.532	  7
     656.682	  7
     656.820	  7
     656.988	  7
     657.114	  7
     657.256	  7
     657.402	  7
     657.554	  7
     657.696	  7
     657.844	  7
     658.018	  7
     658.146	  7
     658.288	  7
     658.426	  7
     658.572	  7
     658.696	  7
     658.836	  7
     658.972	  7
     659.112	  7
     659.250	  7
     659.396	  7
     659.556	  7
     659.688	  7
     659.828	  7
     659.972	  7
     660.104	  7
     660.252	  7
     660.394	  7
     661.070	  7
     684.800	  8
     691.294	  8
     704.014	  8
     704.060	  8
     706.654	  8
     714.954	  8
     715.120	  8
     715.374	  8
     723.076	  7
     725.966	  8
     726.166	  8
     727.054	  8
     727.288	  8
     727.352	  8
     728.368	  8
     728.722	  8
     729.956	  8
     730.434	  8
     730.640	  8
     731.314	  8
     731.828	  8
     733.110	  8
     733.494	  8
     740.586	 53
     740.596	 20
     740.596	 27
     754.194	  8
     757.940	  8
     758.298	  8
     759.872	  8
     760.616	 50
     760.626	 17
     774.040	  8
     774.234	  8
     779.046	  8
     780.042	  8
     780.752	  8
     780.944	  8
     781.692	  8
     782.510	  8
     783.092	  8
     783.746	  8
     784.126	  8
     784.954	  8
     785.716	  8
     786.800	  8
     787.304	  8
     787.604	  8
     787.736	  8
     788.090	  8
     789.982	  8
     790.586	  8
     790.626	 53
     791.328	  8
     791.328	 20
     791.328	 27
     791.338	 28
     791.338	 19
     791.438	 29
     791.630	  9
     791.656	  8
     811.458	 52
     811.468	 10
     892.504	  8
     892.908	  8
     895.148	  8
     895.632	  8
     915.956	  8
     931.468	 53
     931.478	 20
     931.478	 27
     944.614	  8
     945.410	  8
     945.900	  8
     946.248	  8
     951.498	 52
     951.508	 10
     986.858	  8
    1013.382	  8
    1013.952	  8
    1015.328	  8
    1019.092	  8
    1025.216	  8
    1026.568	  8
    1027.120	  8
    1027.188	  8
    1027.998	  8
    1031.202	  8
    1031.614	  8
    1032.434	  8
    1033.240	  8
    1033.770	  8
    1034.686	  8
    1035.924	  8
    1037.006	  8
    1037.500	  8
    1037.996	  8
    1038.518	  8
    1039.116	  8
    1039.564	  8
    1039.736	  8
    1044.936	  8
    1046.536	  8
    1046.876	  8
    1047.720	  8
    1048.236	  8
    1050.330	  8
    1052.934	  8
    1054.752	  8
    1054.994	  8
    1055.522	  8
    1055.908	  8
    1056.648	  8
    1057.048	  8
    1057.622	  8
    1064.154	  8
    1064.298	  8
    1064.900	  8
    1065.192	  8
    1065.576	  8
    1066.162	  8
    1066.666	  8
    1067.122	  8
    1068.996	  8
    1069.750	  8
    1070.334	  8
    1070.468	  8
    1071.508	 53
    1071.518	 20
    1071.518	 27
    1072.450	  8
    1078.034	  8
    1091.538	 52
    1091.548	 10
    1138.594	  8
    1139.296	  8
    1139.782	  8
    1140.068	  8
    1140.118	  8
    1141.130	  8
    1144.480	  8
    1147.068	  8
    1147.580	  8
    1147.888	  8
    1148.352	  8
    1178.360	  8
    1178.500	  8
    1179.592	  8
    1181.064	  8
    1182.780	  8
    1183.818	  8
    1184.162	  8
    1184.620	  8
    1196.136	  8
    1196.386	  8
    1197.592	  8
    1198.616	  8
    1199.062	  8
    1199.508	  8
    1201.840	  8
    1202.860	  8
    1204.200	  8
    1205.882	  8
    1207.450	  8
    1207.852	  8
    1208.830	  8
    1209.002	  8
    1211.548	 53
    1211.558	 20
    1211.558	 27
    1212.782	  8
    1212.976	  8
    1231.578	 52
    1231.588	 10
    1253.874	  8
    1288.586	  8
    1301.402	  8
    1301.760	  8
    1337.710	  8
    1351.588	 53
    1351.598	 20
    1351.598	 27
    1371.618	 50
    1371.628	 17
    1382.748	  8
    1384.776	  8
    1387.050	  8
    1388.090	  8
    1388.752	  8
    1390.086	  8
    1392.562	  8
    1393.186	  8
    1394.244	  8
    1394.954	  8
    1395.862	  8
    1398.164	  8
    1401.628	 53
    1402.102	  8
    1402.102	 20
    1402.102	 27
    1402.112	 28
    1402.112	 19
    1402.212	 29
    1402.404	  9
    1408.424	  8
    1408.484	  8
    1422.232	 50
    1422.242	 17
    1438.660	  8
    1439.006	  8
    1439.420	  8
    1440.002	  8
    1440.428	  8
    1440.870	  8
    1441.018	  8
    1441.230	  8
    1441.518	  8
    1442.346	  8
    1442.494	  8
    1442.950	  8
    1443.528	  8
    1444.424	  8
    1445.142	  8
    1445.808	  8
    1446.658	  8
    1447.540	  8
    1449.092	  8
    1449.652	  8
    1450.444	  8
    1451.024	  8
    1451.388	  8
    1451.848	  8
    1452.242	 53
    1452.552	  8
    1452.552	 20
    1452.552	 27
    1452.562	 28
    1452.562	 19
    1452.662	 29
    1452.854	  9
    1453.748	  8
    1454.012	  8
    1472.682	 51
    1472.692	 18
    1526.674	  8
    1528.308	  8
    1530.728	  8
    1530.988	  8
    1532.048	  8
    1532.356	  8
    1532.692	 53
    1544.604	  8
    1544.604	 20
    1544.604	 27
    1544.614	 28
    1544.614	 19
    1544.714	 29
    1544.906	  9
    1560.392	  8
    1564.734	 51
    1564.744	 18
    1624.744	 53
    1630.752	  8
    1630.752	 20
    1630.752	 27
    1630.762	 28
    1630.762	 19
    1630.862	 29
    1631.002	  8
    1631.054	  9
    1640.322	  8
    1650.882	 50
    1650.892	 17
    1663.038	  8
    1668.290	  8
    1670.612	  8
    1676.614	  8
    1680.892	 53
    1681.904	  8
    1681.904	 20
    1681.904	 27
    1681.914	 28
    1681.914	 19
    1682.014	 29
    1682.206	  9
    1702.034	 50
    1702.044	 17
    1715.964	  8
    1716.976	  8
    1720.802	  8
    1721.532	  8
    1722.320	  8
    1724.378	  8
    1724.706	  8
    1726.452	  8
    1727.040	  8
    1727.416	  8
    1727.652	  8
    1728.166	  8
    1729.362	  8
    1730.094	  8
    1730.502	  8
    1731.822	  8
    1732.044	 53
    1732.512	  8
    1732.512	 20
    1732.512	 27
    1732.522	 28
    1732.522	 19
    1732.622	 29
    1732.814	  9
    1733.870	  8
    1752.642	 50
    1752.652	 17
    1768.772	  8
    1768.972	  8
    1769.632	  8
    1770.112	  8
    1772.926	  8
    1773.274	  8
    1773.686	  8
    1776.140	  8
    1778.502	  8
    1780.100	  8
    1780.804	  8
    1782.638	  8
    1782.652	 53
    1783.400	  8
    1783.400	 20
    1783.400	 27
    1783.410	 28
    1783.410	 19
    1783.510	 29
    1783.694	  9
    1803.530	 52
    1803.540	 10
    1923.540	 53
    1923.550	 20
    1923.550	 27
    1943.570	 52
    1943.580	 10
    2012.696	  8
    2012.898	  8
    2027.524	  8
    2028.430	  8
    2029.978	  8
    2031.844	  8
    2032.800	  8
    2035.640	  8
    2036.398	  8
    2037.056	  8
    2038.018	  8
    2038.518	  8
    2041.104	  8
    2046.566	  8
    2046.960	  8
    2047.478	  8
    2049.050	  8
    2049.408	  8
    2050.900	  8
    2051.288	  8
    2051.920	  8
    2053.138	  8
    2054.592	  8
    2055.032	  8
    2059.064	  8
    2061.334	  8
    2063.580	 53
    2063.590	 20
    2063.590	 27
    2064.436	  8
    2083.610	 50
    2083.620	 17
    2092.180	  8
    2093.872	  8
    2094.686	  8
    2096.602	  8
    2097.074	  8
    2098.284	  8
    2098.658	  8
    2099.904	  8
    2101.222	  8
    2102.424	  8
    2103.500	  8
    2104.338	  8
    2105.050	  8
    2105.528	  8
    2106.346	  8
    2106.826	  8
    2107.140	  8
    2107.638	  8
    2109.190	  8
    2109.672	  8
    2110.222	  8
    2111.458	  8
    2113.006	  8
    2113.606	  8
    2113.620	 53
    2113.672	  8
    2113.672	 20
    2113.672	 27
    2113.682	 28
    2113.682	 19
    2113.782	 29
    2113.974	  9
    2114.794	  8
    2114.954	  8
    2133.802	 51
    2133.812	 18
    2193.812	 53
    2198.716	  8
    2198.716	 20
    2198.716	 27
    2198.726	 28
    2198.726	 19
    2198.826	 29
    2199.018	  9
    2218.846	 52
    2218.856	 10
    2281.742	  8
    2311.292	  8
    2312.798	  8
    2312.950	  8
    2336.938	  8
    2337.232	  8
    2337.724	  8
    2338.676	  8
    2338.856	 53
    2338.866	 20
    2338.866	 27
    2339.036	  8
    2358.886	 51
    2358.896	 18
    2380.306	  8
    2381.004	  8
    2382.966	  8
    2383.174	  8
    2383.490	  8
    2384.370	  8
    2395.444	  8
    2395.916	  8
    2396.082	  8
    2396.570	  8
    2400.772	  8
    2418.896	 53
    2424.268	  8
    2424.268	 20
    2424.268	 27
    2424.278	 28
    2424.278	 19
    2424.378	 29
    2424.460	  8
    2424.570	  9
    2424.748	  8
    2444.398	 52
    2444.408	 10
    2471.030	  7
    2471.168	  7
    2472.362	  7
    2472.466	  7
    2472.608	  7
    2472.662	  7
    2474.422	  7
    2474.532	  7
    2475.272	  7
    2475.552	  7
    2476.342	  7
    2476.460	  7
    2477.126	  7
    2477.246	  7
    2479.432	  7
    2481.532	  7
    2481.784	  7
    2482.026	  7
    2482.392	  7
    2482.516	  7
    2482.626	  7
    2483.398	  7
    2483.754	  7
    2484.176	  7
    2484.968	  7
    2485.234	  7
    2485.572	  7
    2486.388	  7
    2486.990	  7
    2487.624	  7
    2488.004	  7
    2488.650	  7
    2488.776	  7
    2491.058	  7
    2491.456	  7
    2492.168	  7
    2492.934	  7
    2496.404	  7
    2496.510	  7
    2496.638	  7
    2496.788	  7
    2497.050	  7
    2497.138	  7
    2498.232	  7
    2498.568	  7
    2499.184	  7
    2499.544	  7
    2499.844	  7
    2500.576	  7
    2501.538	  7
    2502.386	  7
    2503.108	  7
    2505.512	  7
    2505.614	  7
    2505.754	  7
    2505.866	  7
    2505.994	  7
    2506.120	  7
    2506.254	  7
    2506.388	  7
    2506.546	  7
    2506.656	  7
    2506.786	  7
    2506.910	  7
    2507.052	  7
    2507.216	  7
    2507.332	  7
    2507.462	  7
    2507.608	  7
    2507.758	  7
    2507.878	  7
    2508.022	  7
    2508.162	  7
    2508.312	  7
    2508.464	  7
    2508.588	  7
    2508.728	  7
    2508.872	  7
    2509.030	  7
    2509.158	  7
    2509.298	  7
    2509.440	  7
    2509.596	  7
    2509.716	  7
    2509.856	  7
    2509.992	  7
    2510.150	  7
    2510.278	  7
    2510.418	  7
    2510.568	  7
    2510.728	  7
    2510.848	  7
    2511.002	  7
    2511.188	  7
    2511.316	  7
    2511.458	  7
    2511.596	  7
    2511.914	  7
    2512.024	  7
    2512.164	  7
    2512.334	  7
    2512.456	  7
    2512.598	  7
    2512.738	  7
    2512.920	  7
    2513.050	  7
    2513.188	  7
    2513.336	  7
    2513.512	  7
    2513.628	  7
    2513.774	  7
    2513.916	  7
    2514.070	  7
    2514.230	  7
    2514.362	  7
    2514.504	  7
    2514.644	  7
    2514.794	  7
    2514.958	  7
    2515.090	  7
    2515.222	  7
    2515.760	  7
    2515.898	  7
    2516.020	  7
    2516.162	  7
    2516.298	  7
    2516.436	  7
    2516.598	  7
    2516.730	  7
    2516.876	  7
    2517.014	  7
    2517.182	  7
    2517.302	  7
    2517.442	  7
    2517.584	  7
    2517.862	  7
    2517.986	  7
    2518.152	  7
    2518.264	  7
    2518.402	  7
    2518.538	  7
    2518.670	  7
    2518.814	  7
    2519.800	  7
    2520.398	  7
    2521.166	  7
    2521.534	  7
    2521.618	  7
    2526.118	  7
    2530.660	  7
    2531.338	  7
    2531.948	  7
    2536.314	  7
    2536.928	  7
    2537.382	  7
    2539.994	  7
    2540.342	  7
    2540.380	  7
    2540.914	  7
    2541.008	  7
    2541.734	  7
    2542.354	  7
    2543.032	  7
    2543.676	  7
    2544.610	  7
    2544.770	  7
    2545.444	  7
    2545.880	  7
    2549.504	  7
    2549.624	  7
    2549.786	  7
    2550.316	  7
    2550.768	  7
    2550.860	  7
    2551.622	  7
    2552.062	  7
    2552.190	  7
    2552.526	  7
    2552.794	  7
    2552.876	  7
    2553.262	  7
    2553.368	  7
    2556.588	  7
    2559.352	  8
    2559.514	  8
    2559.760	  8
    2564.408	 53
    2564.418	 20
    2564.418	 27
    2584.438	 51
    2584.448	 18
    2639.722	  8
    2640.160	  8
    2640.498	  8
    2640.812	  8
    2641.234	  8
    2644.448	 53
    2677.810	  8
    2677.810	 20
    2677.810	 27
    2677.820	 28
    2677.820	 19
    2677.920	 29
    2677.996	  8
    2678.210	  8
    2678.356	  9
    2697.940	 50
    2697.950	 17
    2707.742	  7
    2707.856	  7
    2708.430	  7
    2709.484	  7
    2720.696	  7
    2724.298	  7
    2724.440	  7
    2724.530	  7
    2725.330	  7
    2725.416	  7
    2727.950	 53
    2727.996	  7
    2728.142	  7
    2729.110	  7
    2731.186	  7
    2731.774	  7
    2732.266	  7
    2732.422	  7
    2732.776	  7
    2733.040	  7
    2733.234	  7
    2733.778	  7
    2734.494	  7
    2735.092	  7
    2735.708	  7
    2736.720	  7
    2739.814	  7
    2740.230	  7
    2740.348	  7
    2740.406	  7
    2740.468	  7
    2740.610	  7
    2741.244	  7
    2741.514	  7
    2742.162	  7
    2742.716	  7
    2742.814	  7
    2743.118	  7
    2743.208	  7
    2748.176	  7
    2749.032	  7
    2749.134	  7
    2749.942	  7
    2750.062	  7
    2755.064	  8
    2755.064	 20
    2755.064	 27
    2755.074	 28
    2755.074	 19
    2755.174	 29
    2755.316	  8
    2755.366	  9
    2755.566	  8
    2775.194	 51
    2775.204	 18
    2784.664	  7
    2788.384	  7
    2789.136	  7
    2789.312	  7
    2790.046	  7
    2790.414	  7
    2790.818	  7
    2795.652	  7
    2795.726	  7
    2795.860	  7
    2796.092	  7
    2796.180	  7
    2796.302	  7
    2796.426	  7
    2796.502	  7
    2797.406	  7
    2798.940	  7
    2799.438	  7
    2800.100	  7
    2800.172	  7
    2800.458	  7
    2800.836	  7
    2801.096	  7
    2801.232	  7
    2801.502	  7
    2801.662	  7
    2805.260	  7
    2805.704	  7
    2807.120	  7
    2807.224	  7
    2807.726	  7
    2808.888	  7
    2809.090	  7
    2809.554	  7
    2809.766	  7
    2810.036	  7
    2812.160	  7
    2812.474	  7
    2812.844	  7
    2813.302	  7
    2813.666	  7
    2814.012	  7
    2815.778	  7
    2821.748	  7
    2826.520	  7
    2831.678	  8
    2831.912	  8
    2832.482	  8
    2835.204	 53
    2850.270	  8
    2850.270	 20
    2850.270	 27
    2850.280	 28
    2850.280	 19
    2850.380	 29
    2850.564	  8
    2850.572	  9
    2870.400	 50
    2870.410	 17
    2884.698	  8
    2885.338	  8
    2885.688	  8
    2886.580	  8
    2888.960	  8
    2890.750	  8
    2892.206	  8
    2892.540	  8
    2893.736	  8
    2894.838	  8
    2895.974	  8
    2896.358	  8
    2896.886	  8
    2897.890	  8
    2898.042	  8
    2898.362	  8
    2898.916	  8
    2899.656	  8
    2900.410	 53
    2900.540	  8
    2900.540	 20
    2900.540	 27
    2900.550	 28
    2900.550	 19
    2900.650	 29
    2900.780	  8
    2900.842	  9
    2902.024	  8
    2920.670	 50
    2920.680	 17
    2942.464	  8
    2943.660	  8
    2943.990	  8
    2944.114	  8
    2944.472	  8
    2945.076	  8
    2946.444	  8
    2946.978	  8
    2947.600	  8
    2947.946	  8
    2948.550	  8
    2949.002	  8
    2950.414	  8
    2950.680	 53
    2952.798	  8
    2952.798	 20
    2952.798	 27
    2952.808	 28
    2952.808	 19
    2952.908	 29
    2953.100	  9
    2954.244	  8
    2972.928	 52
    2972.938	 10
    3080.882	  8
    3092.938	 53
    3092.948	 20
    3092.948	 27
    3112.968	 52
    3112.978	 10
    3124.782	  8
    3127.500	  8
    3189.510	  8
    3189.670	  8
    3232.978	 53
    3232.988	 20
    3232.988	 27
    3253.008	 51
    3253.018	 18
    3259.944	  8
    3260.078	  8
    3261.226	  8
    3270.036	  8
    3271.302	  8
    3272.746	  8
    3274.430	  8
    3275.136	  8
    3276.454	  8
    3277.050	  8
    3277.646	  8
    3278.266	  8
    3283.330	  8
    3284.376	  8
    3286.074	  8
    3286.960	  8
    3288.008	  8
    3288.130	  8
    3290.050	  8
    3293.746	  8
    3297.382	  8
    3297.922	  8
    3298.066	  8
    3299.034	  8
    3299.902	  8
    3301.362	  8
    3307.980	  8
    3308.680	  8
    3310.370	  8
    3311.152	  8
    3311.554	  8
    3312.174	  8
    3313.018	 53
    3314.324	  8
    3314.324	 20
    3314.324	 27
    3314.334	 28
    3314.334	 19
    3314.434	 29
    3314.622	  8
    3314.626	  9
    3334.454	 52
    3334.464	 10
    3403.356	  8
    3419.842	  8
    3425.112	  8
    3448.478	  8
    3448.652	  8
    3448.968	  8
    3449.260	  8
    3454.464	 53
    3454.474	 20
    3454.474	 27
    3465.746	  8
    3472.810	  8
    3474.494	 51
    3474.504	 18
    3502.310	  8
    3503.178	  8
    3503.884	  8
    3504.596	  8
    3505.490	  8
    3506.402	  8
    3506.798	  8
    3507.318	  8
    3507.670	  8
    3508.018	  8
    3508.764	  8
    3509.422	  8
    3509.896	  8
    3510.764	  8
    3511.186	  8
    3511.412	  8
    3512.466	  8
    3512.884	  8
    3514.082	  8
    3514.646	  8
    3515.904	  8
    3516.536	  8
    3516.916	  8
    3517.112	  8
    3517.648	  8
    3518.360	  8
    3518.766	  8
    3519.296	  8
    3519.754	  8
    3520.062	  8
    3520.442	  8
    3520.938	  8
    3522.492	  8
    3522.964	  8
    3523.456	  8
    3525.214	  8
    3525.856	  8
    3529.670	  8
    3530.098	  8
    3530.956	  8
    3531.234	  8
    3531.342	  8
    3532.206	  8
    3532.804	  8
    3533.142	  8
    3534.220	  8
    3534.452	  8
    3534.504	 53
    3534.920	  8
    3534.920	 20
    3534.920	 27
    3534.930	 28
    3534.930	 19
    3535.030	 29
    3535.096	  8
    3535.222	  9
    3537.140	  8
    3537.728	  8
    3555.050	 52
    3555.060	 10
    3675.060	 53
    3675.070	 20
    3675.070	 27
    3695.090	 52
    3695.100	 10
    3721.450	  8
    3721.776	  8
    3727.580	  8
    3728.812	  8
    3734.788	  8
    3738.568	  8
    3738.776	  8
    3739.286	  8
    3740.644	  8
    3744.282	  8
    3745.030	  8
    3746.000	  8
    3746.460	  8
    3774.680	  8
    3774.952	  8
    3775.552	  8
    3775.802	  8
    3776.130	  8
    3783.184	  8
    3783.480	  8
    3815.100	 53
    3815.110	 20
    3815.110	 27
    3835.014	  8
    3835.130	 52
    3835.140	 10
    3835.322	  8
    3921.478	  8
    3921.778	  8
    3922.560	  8
    3936.214	  8
    3954.322	  8
    3954.506	  8
    3955.058	  8
    3955.140	 53
    3955.150	 20
    3955.150	 27
    3955.220	  8
    3955.638	  8
    3975.170	 51
    3975.180	 18
    3993.582	  8
    3994.126	  8
    3996.408	  8
    4022.234	  8
    4022.340	  8
    4022.852	  8
    4023.718	  8
    4024.304	  8
    4024.776	  8
    4027.576	  8
    4028.086	  8
    4028.564	  8
    4035.180	 53
    4071.012	  8
    4071.012	 20
    4071.012	 27
    4071.022	 28
    4071.022	 19
    4071.122	 29
    4071.314	  9
    4071.358	  8
    4082.908	  8
    4091.142	 50
    4091.152	 17
    4111.692	  8
    4112.366	  8
    4113.064	  8
    4113.812	  8
    4113.956	  8
    4114.712	  8
    4115.500	  8
    4116.292	  8
    4117.372	  8
    4117.420	  8
    4117.812	  8
    4118.836	  8
    4121.152	 53
    4121.766	  8
    4121.766	 20
    4121.766	 27
    4121.776	 28
    4121.776	 19
    4121.876	 29
    4121.976	  8
    4122.068	  9
    4141.896	 50
    4141.906	 17
    4153.830	  8
    4159.586	  8
    4160.248	  8
    4165.970	  8
    4166.928	  8
    4169.538	  8
    4170.418	  8
    4171.070	  8
    4171.512	  8
    4171.906	 53
    4172.202	  8
    4172.202	 20
    4172.202	 27
    4172.212	 28
    4172.212	 19
    4172.312	 29
    4172.430	  8
    4172.504	  9
    4192.332	 50
    4192.342	 17
    4207.186	  8
    4207.760	  8
    4208.140	  8
    4208.838	  8
    4209.878	  8
    4211.246	  8
    4211.510	  8
    4212.638	  8
    4214.136	  8
    4214.730	  8
    4215.264	  8
    4216.372	  8
    4216.814	  8
    4217.196	  8
    4218.564	  8
    4218.820	  8
    4219.492	  8
    4220.624	  8
    4221.090	  8
    4221.396	  8
    4222.306	  8
    4222.342	 53
    4223.100	  8
    4223.100	 20
    4223.100	 27
    4223.110	 28
    4223.110	 19
    4223.210	 29
    4223.402	  9
    4231.186	  8
    4233.302	  8
    4243.230	 51
    4243.240	 18
    4298.864	  8
    4299.086	  8
    4300.448	  8
    4300.694	  8
    4301.130	  8
    4301.418	  8
    4302.292	  8
    4303.024	  8
    4303.240	 53
    4303.998	  8
    4303.998	 20
    4303.998	 27
    4304.008	 28
    4304.008	 19
    4304.108	 29
    4304.300	  9
    4304.344	  8
    4305.928	  8
    4324.128	 52
    4324.138	 10
    4444.138	 53
    4444.148	 20
    4444.148	 27
    4464.168	 52
    4464.178	 10
    4509.910	  8
    4510.066	  8
    4510.792	  8
    4516.294	  8
    4523.116	  8
    4552.772	  7
    4553.114	  7
    4553.422	  7
    4553.538	  7
    4553.674	  7
    4553.792	  7
    4554.230	  7
    4554.362	  7
    4554.530	  7
    4557.554	  7
    4557.862	  7
    4558.766	  7
    4558.910	  7
    4559.134	  7
    4562.324	  7
    4562.550	  7
    4563.780	  7
    4564.000	  7
    4564.614	  7
    4564.672	  7
    4564.788	  7
    4567.936	  7
    4568.746	  7
    4569.392	  7
    4570.222	  7
    4570.574	  7
    4570.834	  7
    4571.068	  7
    4571.286	  7
    4571.640	  7
    4571.718	  7
    4571.826	  7
    4571.950	  7
    4572.138	  7
    4575.826	  7
    4575.884	  7
    4576.756	  7
    4577.064	  7
    4577.506	  7
    4577.880	  7
    4578.346	  7
    4578.662	  7
    4578.932	  7
    4579.174	  7
    4579.406	  7
    4579.780	  7
    4579.870	  7
    4580.088	  7
    4583.986	  7
    4584.178	 53
    4584.188	 20
    4584.188	 27
    4584.500	  7
    4585.330	  7
    4585.766	  7
    4586.144	  7
    4586.666	  7
    4587.106	  7
    4587.444	  7
    4587.498	  7
    4588.078	  7
    4588.306	  7
    4588.750	  7
    4589.128	  7
    4589.484	  7
    4589.854	  7
    4590.268	  7
    4590.856	  7
    4591.362	  7
    4591.686	  7
    4591.938	  7
    4591.994	  7
    4592.608	  7
    4593.280	  7
    4593.508	  7
    4593.782	  7
    4594.266	  7
    4594.356	  7
    4600.760	  7
    4604.208	 50
    4604.218	 17
    4604.280	  7
    4604.840	  7
    4605.402	  7
    4605.842	  7
    4606.726	  7
    4606.824	  7
    4607.130	  7
    4607.250	  7
    4607.528	  7
    4607.674	  7
    4610.954	  7
    4611.054	  7
    4614.432	  7
    4617.416	  8
    4617.720	  8
    4618.264	  8
    4619.250	  8
    4631.712	  8
    4633.330	  8
    4633.844	  8
    4634.218	 53
    4634.238	  8
    4634.238	 20
    4634.238	 27
    4634.248	 28
    4634.248	 19
    4634.348	 29
    4634.490	  8
    4634.540	  9
    4634.720	  8
    4654.368	 51
    4654.378	 18
    4673.476	  7
    4673.790	  7
    4673.896	  7
    4674.424	  7
    4674.648	  7
    4674.864	  7
    4675.186	  7
    4675.684	  7
    4679.752	  7
    4680.296	  7
    4695.976	  7
    4696.114	  7
    4696.268	  7
    4696.410	  7
    4696.570	  7
    4696.690	  7
    4696.826	  7
    4696.970	  7
    4697.108	  7
    4697.270	  7
    4697.394	  7
    4697.536	  7
    4697.684	  7
    4697.832	  7
    4698.006	  7
    4698.148	  7
    4698.286	  7
    4698.426	  7
    4698.576	  7
    4698.746	  7
    4698.864	  7
    4699.010	  7
    4699.154	  7
    4699.314	  7
    4699.458	  7
    4699.602	  7
    4699.788	  7
    4699.908	  7
    4700.052	  7
    4700.194	  7
    4700.368	  7
    4700.484	  7
    4700.634	  7
    4700.776	  7
    4700.932	  7
    4701.068	  7
    4701.226	  7
    4701.370	  7
    4701.508	  7
    4701.668	  7
    4701.798	  7
    4701.944	  7
    4702.094	  7
    4702.216	  7
    4702.400	  7
    4702.512	  7
    4702.654	  7
    4702.794	  7
    4702.940	  7
    4703.078	  7
    4706.112	  7
    4706.280	  7
    4706.604	  7
    4707.930	  8
    4714.378	 53
    4722.094	  7
    4722.228	  7
    4722.692	  7
    4722.852	  7
    4723.168	  7
    4723.354	  7
    4726.956	  7
    4727.436	  7
    4727.628	  7
    4727.798	  7
    4727.868	  7
    4728.008	  7
    4728.230	  7
    4733.754	  7
    4738.310	  7
    4738.886	  7
    4739.426	  7
    4740.552	  7
    4740.896	  7
    4741.928	  7
    4745.128	  7
    4745.480	  7
    4745.970	  7
    4748.036	  7
    4751.182	  7
    4751.432	  7
    4751.580	  7
    4751.720	  7
    4751.874	  7
    4752.256	  7
    4752.388	  7
    4752.526	  7
    4752.674	  7
    4752.800	  7
    4752.926	  7
    4753.058	  7
    4753.190	  7
    4753.342	  7
    4753.458	  7
    4753.590	  7
    4753.730	  7
    4753.870	  7
    4754.002	  7
    4754.134	  7
    4754.278	  7
    4754.572	  7
    4754.696	  7
    4754.840	  7
    4754.978	  7
    4755.116	  7
    4755.258	  7
    4755.402	  7
    4755.544	  7
    4755.712	  7
    4755.844	  7
    4755.978	  7
    4756.118	  7
    4756.270	  7
    4756.410	  7
    4756.554	  7
    4756.690	  7
    4756.848	  7
    4756.974	  7
    4757.112	  7
    4757.256	  7
    4757.400	  7
    4757.548	  7
    4757.686	  7
    4757.860	  7
    4757.994	  7
    4758.136	  7
    4758.280	  7
    4758.414	  7
    4758.572	  7
    4758.726	  7
    4758.854	  7
    4758.994	  7
    4759.136	  7
    4759.248	  7
    4759.314	  7
    4759.448	  7
    4759.584	  7
    4759.734	  7
    4759.888	  7
    4760.030	  7
    4760.200	  7
    4760.330	  7
    4760.476	  7
    4760.624	  7
    4760.778	  7
    4760.932	  7
    4761.078	  7
    4761.226	  7
    4761.346	  7
    4761.488	  7
    4761.632	  7
    4761.780	  7
    4761.926	  7
    4762.074	  7
    4762.254	  7
    4762.388	  7
    4762.536	  7
    4762.682	  7
    4762.832	  7
    4763.000	  7
    4763.132	  7
    4763.280	  7
    4763.426	  7
    4763.568	  7
    4763.716	  7
    4763.866	  7
    4764.026	  7
    4764.190	  7
    4764.312	  7
    4764.456	  7
    4764.608	  7
    4764.770	  7
    4764.934	  7
    4765.068	  7
    4765.210	  7
    4765.350	  7
    4765.502	  7
    4765.646	  7
    4765.826	  7
    4765.966	  7
    4766.108	  7
    4766.254	  7
    4766.394	  7
    4766.542	  7
    4766.686	  7
    4766.832	  7
    4766.996	  7
    4767.114	  7
    4767.266	  7
    4767.416	  7
    4767.570	  7
    4767.722	  7
    4767.896	  7
    4768.032	  7
    4768.176	  7
    4768.326	  7
    4768.482	  7
    4768.640	  7
    4768.804	  7
    4768.938	  7
    4769.088	  7
    4769.230	  7
    4769.402	  7
    4769.536	  7
    4769.680	  7
    4769.824	  7
    4769.968	  7
    4770.130	  7
    4770.276	  7
    4770.418	  7
    4770.556	  7
    4770.724	  7
    4770.848	  7
    4770.996	  7
    4771.140	  7
    4771.284	  7
    4771.456	  7
    4771.584	  7
    4771.732	  7
    4771.872	  7
    4772.026	  7
    4772.166	  7
    4772.340	  7
    4772.462	  7
    4772.608	  7
    4772.740	  7
    4772.880	  7
    4773.014	  7
    4773.152	  7
    4773.312	  7
    4773.432	  7
    4773.580	  7
    4773.718	  7
    4773.874	  7
    4774.024	  7
    4774.166	  7
    4774.318	  7
    4774.476	  7
    4774.606	  7
    4774.736	  7
    4774.880	  7
    4775.056	  7
    4775.172	  7
    4775.324	  7
    4775.474	  7
    4775.616	  7
    4775.764	  7
    4775.922	  7
    4776.096	  7
    4776.220	  7
    4776.368	  7
    4776.506	  7
    4776.654	  7
    4776.822	  7
    4776.960	  7
    4777.122	  7
    4828.188	  8
    4828.188	 20
    4828.188	 27
    4828.198	 28
    4828.198	 19
    4828.298	 29
    4828.490	  9
    4828.538	  8
    4829.368	  8
    4848.318	 51
    4848.328	 18
    4906.054	  8
    4906.580	  8
    4907.400	  8
    4908.328	 53
    4913.866	  8
    4913.866	 20
    4913.866	 27
    4913.876	 28
    4913.876	 19
    4913.976	 29
    4914.084	  8
    4914.168	  9
    4922.934	  8
    4933.996	 52
    4934.006	 10
    4952.608	  8
    5054.006	 53
    5054.016	 20
    5054.016	 27
    5074.036	 51
    5074.046	 18
    5102.660	  8
    5103.306	  8
    5104.854	  8
    5106.374	  8
    5108.438	  8
    5110.538	  8
    5113.720	  8
    5114.426	  8
    5121.954	  8
    5123.208	  8
    5125.714	  8
    5134.046	 53
    5137.806	  8
    5137.806	 20
    5137.806	 27
    5137.816	 28
    5137.816	 19
    5137.916	 29
    5138.076	  8
    5138.108	  9
    5139.206	  8
    5157.936	 51
    5157.946	 18
    5193.286	  8
    5194.524	  8
    5194.998	  8
    5196.202	  8
    5197.656	  8
    5198.068	  8
    5198.490	  8
    5199.136	  8
    5200.016	  8
    5201.018	  8
    5201.382	  8
    5206.906	  8
    5211.434	  8
    5212.778	  8
    5215.552	  8
    5217.802	  8
    5217.946	 53
    5218.008	  8
    5218.008	 20
    5218.008	 27
    5218.018	 28
    5218.018	 19
    5218.118	 29
    5218.310	  9
    5219.560	  8
    5222.058	  8
    5233.660	  8
    5234.244	  8
    5234.932	  8
    5235.536	  8
    5238.138	 50
    5238.148	 17
    5258.432	  8
    5258.970	  8
    5259.114	  8
    5260.994	  8
    5261.492	  8
    5261.700	  8
    5261.786	  8
    5262.876	  8
    5263.210	  8
    5263.354	  8
    5264.432	  8
    5264.904	  8
    5265.422	  8
    5266.064	  8
    5266.492	  8
    5267.174	  8
    5268.036	  8
    5268.148	 53
    5268.574	  8
    5268.574	 20
    5268.574	 27
    5268.584	 28
    5268.584	 19
    5268.684	 29
    5268.806	  8
    5268.876	  9
    5288.704	 50
    5288.714	 17
    5291.228	  8
    5291.774	  8
    5294.856	  8
    5295.148	  8
    5303.158	  8
    5303.228	  8
    5307.048	  8
    5308.962	  8
    5310.408	  8
    5310.878	  8
    5311.852	  8
    5312.522	  8
    5315.940	  8
    5318.714	 53
    5319.942	  8
    5319.942	 20
    5319.942	 27
    5319.952	 28
    5319.952	 19
    5320.052	 29
    5320.136	  8
    5320.244	  9
    5330.138	  8
    5340.072	 52
    5340.082	 10
    5375.630	  7
    5376.420	  7
    5376.646	  7
    5377.096	  7
    5377.406	  7
    5378.290	  7
    5378.482	  7
    5379.146	  7
    5379.396	  7
    5381.014	  7
    5381.310	  7
    5382.004	  7
    5382.586	  7
    5382.798	  7
    5383.542	  7
    5383.766	  7
    5384.040	  7
    5384.134	  7
    5384.740	  7
    5384.914	  7
    5385.152	  7
    5385.576	  7
    5385.700	  7
    5386.530	  7
    5386.590	  7
    5388.592	  7
    5389.820	  7
    5390.034	  7
    5390.152	  7
    5390.288	  7
    5393.496	  7
    5395.088	  7
    5400.512	  7
    5404.808	  7
    5405.290	  7
    5405.398	  7
    5405.524	  7
    5405.640	  7
    5405.782	  7
    5405.922	  7
    5406.052	  7
    5406.190	  7
    5406.320	  7
    5406.452	  7
    5406.584	  7
    5406.728	  7
    5406.846	  7
    5407.002	  7
    5407.132	  7
    5407.266	  7
    5407.414	  7
    5407.560	  7
    5407.710	  7
    5407.854	  7
    5408.016	  7
    5408.144	  7
    5408.282	  7
    5408.420	  7
    5408.554	  7
    5408.700	  7
    5408.832	  7
    5408.978	  7
    5409.112	  7
    5409.256	  7
    5409.370	  7
    5409.516	  7
    5409.658	  7
    5409.804	  7
    5409.938	  7
    5410.078	  7
    5410.246	  7
    5410.380	  7
    5410.518	  7
    5410.662	  7
    5410.808	  7
    5410.956	  7
    5411.102	  7
    5411.276	  7
    5411.408	  7
    5411.552	  7
    5411.694	  7
    5411.860	  7
    5411.984	  7
    5412.142	  7
    5412.274	  7
    5412.412	  7
    5412.556	  7
    5412.694	  7
    5412.856	  7
    5412.990	  7
    5413.130	  7
    5413.278	  7
    5413.418	  7
    5413.580	  7
    5413.698	  7
    5413.844	  7
    5413.966	  7
    5414.128	  7
    5414.250	  7
    5414.396	  7
    5414.556	  7
    5414.682	  7
    5414.834	  7
    5414.996	  7
    5415.144	  7
    5415.308	  7
    5415.424	  7
    5415.568	  7
    5415.710	  7
    5415.878	  7
    5416.008	  7
    5416.152	  7
    5416.326	  7
    5416.458	  7
    5416.616	  7
    5416.906	  7
    5417.020	  7
    5417.160	  7
    5417.306	  7
    5417.454	  7
    5417.602	  7
    5417.766	  7
    5417.896	  7
    5418.048	  7
    5418.190	  7
    5418.352	  7
    5418.492	  7
    5418.622	  7
    5418.766	  7
    5418.914	  7
    5419.060	  7
    5419.216	  7
    5419.344	  7
    5419.486	  7
    5419.664	  7
    5419.802	  7
    5419.956	  7
    5420.116	  7
    5420.260	  7
    5420.426	  7
    5420.564	  7
    5420.718	  7
    5420.866	  7
    5420.992	  7
    5421.154	  7
    5421.288	  7
    5421.420	  7
    5421.550	  7
    5421.692	  7
    5421.830	  7
    5421.992	  7
    5422.152	  7
    5422.284	  7
    5422.434	  7
    5422.576	  7
    5422.720	  7
    5422.890	  7
    5423.028	  7
    5423.160	  7
    5423.310	  7
    5423.444	  7
    5423.588	  7
    5423.738	  7
    5423.876	  7
    5424.044	  7
    5424.162	  7
    5424.308	  7
    5424.458	  7
    5424.630	  7
    5424.762	  7
    5424.916	  7
    5425.074	  7
    5425.212	  7
    5425.384	  7
    5425.518	  7
    5425.664	  7
    5425.808	  7
    5425.956	  7
    5426.114	  7
    5426.266	  7
    5426.400	  7
    5426.540	  7
    5426.704	  7
    5426.830	  7
    5426.972	  7
    5427.128	  7
    5427.272	  7
    5427.448	  7
    5427.580	  7
    5427.728	  7
    5427.880	  7
    5428.020	  7
    5428.168	  7
    5428.318	  7
    5428.488	  7
    5428.622	  7
    5428.770	  7
    5428.918	  7
    5429.106	  7
    5429.236	  7
    5429.390	  7
    5429.548	  7
    5429.690	  7
    5429.850	  7
    5429.992	  7
    5430.178	  7
    5430.304	  7
    5430.454	  7
    5430.608	  7
    5430.758	  7
    5430.914	  7
    5431.066	  7
    5431.222	  7
    5431.394	  7
    5431.520	  7
    5431.674	  7
    5431.816	  7
    5431.962	  7
    5432.116	  7
    5432.276	  7
    5432.418	  7
    5432.584	  7
    5432.704	  7
    5432.862	  7
    5433.020	  7
    5433.190	  7
    5433.366	  7
    5433.498	  7
    5433.658	  7
    5433.818	  7
    5433.958	  7
    5434.138	  7
    5434.270	  7
    5434.436	  7
    5434.590	  7
    5434.748	  7
    5434.884	  7
    5435.042	  7
    5435.194	  7
    5435.334	  7
    5435.456	  7
    5435.596	  7
    5435.748	  7
    5435.902	  7
    5436.074	  7
    5436.204	  7
    5436.362	  7
    5436.510	  7
    5436.658	  7
    5436.822	  7
    5436.964	  7
    5437.142	  7
    5437.272	  7
    5437.426	  7
    5437.572	  7
    5437.718	  7
    5437.882	  7
    5438.018	  7
    5438.146	  7
    5438.314	  7
    5438.434	  7
    5438.584	  7
    5438.730	  7
    5438.876	  7
    5439.020	  7
    5439.172	  7
    5439.320	  7
    5439.484	  7
    5439.608	  7
    5439.758	  7
    5442.812	  8
    5443.934	  8
    5448.586	  8
    5448.818	  8
    5458.556	  8
    5460.082	 53
    5460.092	 20
    5460.092	 27
    5480.112	 51
    5480.122	 18
    5491.450	  8
    5491.638	  8
    5494.368	  8
    5494.538	  8
    5495.262	  8
    5540.122	 53
    5593.218	  8
    5593.218	 20
    5593.218	 27
    5593.228	 28
    5593.228	 19
    5593.328	 29
    5593.444	  8
    5593.520	  9
    5613.348	 51
    5613.358	 18
    5615.148	  8
    5615.436	  8
    5651.926	  8
    5652.538	  8
    5673.358	 53
    5713.662	  8
    5713.662	 20
    5713.662	 27
    5713.672	 28
    5713.672	 19
    5713.772	 29
    5713.814	  8
    5713.964	  9
    5715.158	  8
    5733.792	 51
    5733.802	 18
    5780.554	  8
    5780.884	  8
    5781.302	  8
    5783.572	  8
    5784.418	  8
    5785.932	  8
    5786.464	  8
    5787.946	  8
    5788.420	  8
    5788.946	  8
    5789.282	  8
    5789.834	  8
    5790.016	  8
    5791.318	  8
    5791.910	  8
    5792.042	  8
    5793.056	  8
    5793.420	  8
    5793.802	 53
    5794.428	  8
    5794.428	 20
    5794.428	 27
    5794.438	 28
    5794.438	 19
    5794.538	 29
    5794.730	  9
    5796.414	  8
    5797.072	  8
    5797.872	  8
    5814.558	 52
    5814.568	 10
    5817.032	  8
    5895.190	  8
    5896.682	  8
    5896.812	  8
    5896.972	  8
    5897.764	  8
    5898.704	  8
    5899.210	  8
    5913.920	  8
    5913.968	  8
    5914.222	  8
    5919.486	  8
    5922.120	  8
    5922.436	  8
    5931.836	  8
    5932.300	  8
    5934.568	 53
    5934.578	 20
    5934.578	 27
    5954.598	 52
    5954.608	 10
    6074.608	 53
    6074.618	 20
    6074.618	 27
    6094.638	 50
    6094.648	 17
    6105.170	  8
    6106.128	  8
    6107.030	  8
    6109.696	  8
    6112.742	  8
    6115.174	  8
    6116.936	  8
    6118.556	  8
    6118.808	  8
    6119.962	  8
    6120.538	  8
    6121.636	  8
    6122.560	  8
    6122.954	  8
    6123.074	  8
    6124.464	  8
    6124.648	 53
    6124.792	  8
    6124.792	 20
    6124.792	 27
    6124.802	 28
    6124.802	 19
    6124.902	 29
    6124.912	 61
