     216.094	  5
     231.540	  7
     231.900	  7
     232.100	  7
     232.320	  7
       1.178	  8
       1.286	  8
      20.010	 52
      20.020	 10
      32.668	  8
      38.800	  7
      38.978	  7
      39.102	  7
      45.194	  7
      48.810	  8
      63.316	  8
      79.664	  8
      79.846	  8
      84.042	  8
      84.462	  8
      89.190	  8
      90.600	  8
      98.638	  8
     102.982	  8
     111.114	  8
     111.162	  8
     117.864	  8
     127.466	  8
     132.268	  8
     133.746	  8
     133.818	  8
     133.964	  8
     134.536	  8
     140.020	 53
     140.290	  8
     140.290	 20
     140.290	 27
     140.300	 28
     140.300	 19
     140.400	 29
     140.568	  9
     160.420	 50
     160.430	 18
     168.226	  8
     172.830	  8
     173.646	  8
     173.824	  8
     174.086	  8
     175.900	  8
     176.404	  8
     179.370	  8
     179.624	  8
     179.732	  8
     180.066	  8
     180.288	  8
     180.640	  8
     180.744	  8
     181.042	  8
     181.132	  8
     181.324	  8
     182.026	  8
     182.188	  8
     182.634	  8
     183.296	  8
     183.738	  8
     184.728	  8
     185.032	  8
     185.630	  8
     185.666	  8
     186.118	  8
     186.168	  8
     186.738	  8
     187.638	  8
     187.888	  8
     188.612	  8
     189.626	  8
     190.430	 53
     190.440	 20
     190.440	 27
     191.014	  8
     191.240	  8
     191.804	  8
     192.146	  8
     192.280	  8
     192.526	  8
     192.804	  8
     193.288	  8
     195.562	  8
     195.974	  8
     196.454	  8
     197.542	  8
     197.920	  8
     198.636	  8
     200.560	  8
     200.856	  8
     201.480	  8
     201.712	  8
     202.106	  8
     202.282	  8
     203.070	  8
     203.588	  8
     205.414	  8
     206.100	  8
     206.700	  8
     206.888	  8
     207.182	  8
     210.460	 52
     210.470	 10
     212.896	  8
     213.444	  8
     213.908	  8
     214.474	  8
     217.878	  8
     219.512	  8
     219.818	  8
     220.400	  8
     221.018	  8
     221.094	  8
     221.480	  8
     225.012	  8
     225.194	  8
     225.296	  8
     225.418	  8
     226.286	  8
     232.702	  8
     237.732	  8
     241.996	  8
     246.052	  8
     246.706	  8
     247.078	  8
     248.066	  8
     248.328	  8
     250.382	  8
     250.584	  8
     250.658	  8
     251.016	  8
     251.872	  8
     252.710	  8
     252.952	  8
     253.206	  8
     253.518	  8
     253.820	  8
     254.636	  8
     255.226	  8
     255.798	  8
     257.310	  8
     259.952	  8
     260.016	  8
     260.380	  8
     260.988	  8
     262.012	  8
     264.834	  8
     265.102	  8
     267.322	  7
     267.384	  7
     267.498	  7
     267.626	  7
     267.822	  7
     267.994	  7
     268.232	  7
     268.410	  7
     268.752	  7
     268.886	  7
     269.658	  8
     270.092	  8
     270.566	  8
     270.850	  8
     270.980	  8
     280.198	  8
     280.260	  8
     287.668	  8
     288.002	  8
     288.300	  8
     289.696	  8
     291.786	  8
     294.808	  7
     295.572	  7
     295.706	  7
     295.966	  7
     296.134	  7
     296.292	  7
     296.398	  7
     296.586	  7
     296.752	  7
     296.846	  7
     297.190	  7
     297.544	  7
     298.922	  7
     299.084	  7
     299.668	  7
     303.954	  7
     304.144	  7
     304.356	  7
     307.164	  7
     307.298	  7
     307.844	  7
     308.316	  7
     308.678	  7
     314.812	  8
     315.082	  8
     315.490	  8
     318.810	  8
     318.854	  8
     319.940	  8
     320.040	  8
     320.626	  8
     320.870	  8
     321.612	  8
     321.794	  8
     322.056	  8
     323.738	  8
     323.980	  8
     325.966	  8
     326.904	  8
     327.278	  8
     328.154	  8
     330.470	 53
     330.866	  8
     330.866	 20
     330.866	 27
     330.876	 28
     330.876	 19
     330.976	 29
     331.144	  9
     350.996	 51
     351.006	 17
     376.646	  8
     376.750	  8
     389.592	  8
     397.924	  8
     398.300	  8
     399.298	  8
     399.962	  8
     400.488	  8
     411.006	 53
     419.134	  8
     419.134	 20
     419.134	 27
     419.144	 28
     419.144	 19
     419.244	 29
     419.412	  9
     421.322	  8
     423.808	  8
     439.264	 50
     439.274	 18
     454.140	  8
     456.124	  8
     469.274	 53
     469.284	 20
     469.284	 27
     486.398	  8
     486.506	  8
     486.840	  8
     487.534	  8
     487.738	  8
     488.350	  8
     488.744	  8
     488.942	  8
     489.108	  8
     489.304	 50
     489.314	 18
     489.412	  8
     490.916	  8
     492.414	  8
     493.040	  8
     493.360	  8
     493.468	  8
     494.484	  8
     494.952	  8
     495.622	  8
     496.798	  8
     497.762	  8
     498.832	  8
     499.066	  8
     499.538	  8
     500.420	  8
     501.370	  8
     501.666	  8
     501.776	  8
     502.346	  8
     503.084	  8
     504.226	  8
     505.028	  8
     505.304	  8
     505.686	  8
     506.378	  8
     506.738	  8
     507.078	  8
     509.828	  8
     511.228	  8
     511.474	  8
     511.532	  8
     511.974	  8
     512.708	  8
     512.948	  8
     514.370	  8
     514.860	  8
     519.314	 53
     519.324	 20
     519.324	 27
     535.282	  8
     535.874	  8
     539.344	 50
     539.354	 18
     540.086	  8
     541.670	  8
     545.502	  8
     545.870	  8
     550.434	  8
     550.492	  8
     552.586	  8
     553.824	  8
     554.308	  8
     555.776	  8
     555.986	  8
     556.374	  8
     556.826	  8
     557.260	  8
     558.026	  8
     558.136	  8
     558.302	  8
     558.488	  8
     559.148	  8
     559.582	  8
     560.008	  8
     560.284	  8
     560.974	  8
     561.844	  8
     562.564	  8
     562.926	  8
     564.950	  8
     565.480	  8
     566.246	  8
     567.238	  8
     568.052	  8
     569.002	  8
     569.354	 53
     569.364	 20
     569.364	 27
     569.862	  8
     571.164	  8
     571.936	  8
     572.496	  8
     574.304	  7
     575.198	  8
     575.760	  8
     576.986	  8
     577.532	  8
     578.116	  8
     578.490	  8
     578.560	  8
     578.936	  8
     579.016	  8
     579.494	  8
     579.968	  8
     580.030	  8
     580.490	  8
     580.974	  8
     583.896	  8
     584.272	  8
     584.572	  8
     585.254	  8
     588.366	  8
     588.782	  8
     589.384	 50
     589.394	 18
     589.402	  8
     589.600	  8
     590.220	  8
     590.482	  8
     590.564	  8
     590.778	  8
     593.694	  8
     596.042	  8
     596.472	  8
     596.990	  8
     599.756	  8
     600.478	  8
     601.270	  8
     601.496	  8
     601.888	  8
     601.956	  8
     605.512	  8
     606.220	  8
     619.394	 53
     619.404	 20
     619.404	 27
     620.966	  8
     621.448	  8
     622.168	  8
     622.806	  8
     622.958	  8
     623.306	  8
     623.578	  8
     623.698	  8
     624.910	  8
     630.510	  8
     631.068	  8
     639.424	 51
     639.434	 17
     696.298	  8
     696.440	  8
     697.250	  8
     697.920	  8
     698.398	  8
     698.726	  8
     698.800	  8
     699.104	  8
     699.368	  8
     699.434	 53
     700.310	  8
     700.310	 20
     700.310	 27
     700.320	 28
     700.320	 19
     700.420	 29
     700.588	  9
     720.440	 51
     720.450	 17
     759.846	  8
     760.348	  8
     761.834	  8
     762.266	  8
     762.824	  8
     763.334	  8
     770.696	  8
     771.106	  8
     771.934	  8
     775.916	  8
     777.812	  8
     777.882	  8
     780.450	 53
     780.794	  8
     780.794	 20
     780.794	 27
     780.804	 28
     780.804	 19
     780.872	  8
     780.904	 29
     781.072	  9
     782.754	  8
     800.924	 50
     800.934	 18
     827.406	  8
     829.142	  8
     829.730	  8
     830.934	 53
     830.944	 20
     830.944	 27
     832.052	  8
     832.674	  8
     834.650	  8
     835.788	  8
     836.130	  8
     837.286	  8
     839.342	  8
     839.952	  8
     840.924	  8
     841.570	  8
     841.756	  8
     842.070	  8
     842.712	  8
     843.306	  8
     843.608	  8
     845.378	  8
     846.832	  8
     848.146	  8
     848.904	  8
     850.044	  8
     850.964	 50
     850.974	 18
     851.136	  8
     859.124	  8
     859.556	  8
     860.630	  8
     861.296	  8
     861.856	  8
     863.220	  8
     863.504	  8
     864.784	  8
     865.474	  8
     865.576	  8
     869.094	  8
     869.392	  8
     869.844	  8
     870.732	  8
     871.154	  8
     871.206	  8
     872.074	  8
     872.962	  8
     873.572	  8
     874.598	  8
     874.910	  8
     875.882	  8
     876.966	  8
     877.558	  8
     877.884	  8
     878.432	  8
     879.386	  8
     879.698	  8
     880.808	  8
     880.974	 53
     880.984	 20
     880.984	 27
     881.766	  8
     882.656	  8
     883.568	  8
     883.640	  8
     883.864	  8
     884.280	  8
     885.048	  8
     886.466	  8
     886.834	  8
     887.390	  8
     890.226	  8
     890.820	  8
     891.204	  8
     891.972	  8
     892.288	  8
     892.600	  8
     893.122	  8
     893.522	  8
     895.870	  8
     896.142	  8
     897.340	  8
     897.810	  8
     897.884	  8
     898.482	  8
     898.712	  8
     899.254	  8
     899.796	  8
     900.840	  8
     901.004	 50
     901.014	 18
     901.084	  8
     902.728	  8
     903.028	  8
     903.080	  8
     903.794	  8
     903.950	  8
     904.132	  8
     904.768	  8
     905.234	  8
     906.986	  8
     907.148	  8
     907.588	  8
     907.950	  8
     910.734	  8
     910.828	  8
     911.390	  8
     912.480	  8
     913.154	  8
     914.362	  8
     914.958	  8
     915.386	  8
     915.958	  8
     917.784	  8
     918.162	  8
     919.758	  8
     926.052	  8
     931.014	 53
     931.024	 20
     931.024	 27
     932.040	  8
     932.916	  8
     933.318	  8
     934.982	  8
     939.052	  8
     939.330	  8
     939.426	  8
     939.832	  8
     941.820	  8
     941.910	  8
     942.288	  8
     943.000	  8
     943.046	  8
     943.744	  8
     951.044	 52
     951.054	 10
     960.946	  8
     965.908	  8
     966.544	  8
     966.960	  8
     967.588	  8
     969.666	  8
     970.512	  8
     981.518	  8
     986.730	  8
     986.832	  8
     989.194	  8
     989.648	  8
     990.206	  8
     990.740	  8
     990.982	  8
     991.156	  8
    1001.046	  8
    1001.496	  8
    1002.042	  8
    1004.048	  8
    1004.354	  8
    1004.808	  8
    1005.200	  8
    1006.116	  8
    1007.458	  8
    1015.672	  8
    1022.362	  8
    1022.524	  8
    1025.904	  8
    1028.680	  8
    1029.710	  8
    1030.304	  8
    1045.654	  8
    1046.168	  8
    1046.996	  8
    1047.054	  8
    1047.420	  8
    1047.818	  8
    1048.246	  8
    1049.018	  8
    1049.162	  8
    1049.238	  8
    1050.188	  8
    1050.496	  8
    1051.632	  8
    1053.764	  8
    1053.844	  8
    1054.446	  8
    1059.906	  8
    1060.736	  8
    1060.916	  8
    1061.144	  8
    1071.054	 53
    1073.046	  8
    1073.046	 20
    1073.046	 27
    1073.056	 28
    1073.056	 19
    1073.156	 29
    1073.324	  9
    1093.176	 51
    1093.186	 17
    1153.186	 53
    1170.702	  8
    1170.702	 20
    1170.702	 27
    1170.712	 28
    1170.712	 19
    1170.812	 29
    1170.890	  8
    1170.980	  9
    1176.292	  8
    1176.626	  8
    1190.832	 51
    1190.842	 17
    1250.842	 53
    1283.012	  8
    1283.012	 20
    1283.012	 27
    1283.022	 28
    1283.022	 19
    1283.122	 29
    1283.186	  8
    1283.290	  9
    1283.398	  8
    1303.142	 50
    1303.152	 18
    1314.548	  8
    1324.796	  8
    1325.284	  8
    1326.998	  8
    1327.044	  8
    1328.434	  8
    1328.704	  8
    1329.018	  8
    1329.278	  8
    1329.530	  8
    1331.592	  8
    1332.468	  8
    1332.746	  8
    1333.152	 53
    1333.162	 20
    1333.162	 27
    1333.246	  8
    1334.612	  8
    1334.938	  8
    1336.470	  8
    1336.950	  8
    1337.114	  8
    1339.048	  8
    1339.216	  8
    1350.472	  8
    1350.510	  8
    1351.036	  8
    1353.182	 50
    1353.192	 18
    1370.968	  8
    1376.684	  8
    1376.972	  8
    1377.296	  8
    1377.886	  8
    1380.258	  8
    1383.192	 53
    1383.202	 20
    1383.202	 27
    1403.222	 51
    1403.232	 17
    1410.246	  8
    1411.358	  8
    1412.398	  8
    1412.792	  8
    1413.150	  8
    1415.224	  8
    1415.628	  8
    1416.322	  8
    1417.068	  8
    1417.800	  8
    1417.896	  8
    1418.218	  8
    1419.890	  8
    1420.388	  8
    1420.988	  8
    1421.392	  8
    1422.670	  8
    1422.770	  8
    1423.180	  8
    1423.776	  8
    1424.096	  8
    1424.824	  8
    1424.966	  8
    1425.310	  8
    1425.844	  8
    1426.716	  8
    1427.744	  8
    1429.044	  8
    1429.674	  8
    1430.306	  8
    1430.896	  8
    1431.950	  8
    1432.438	  8
    1432.674	  8
    1433.778	  8
    1434.662	  8
    1434.908	  8
    1435.014	  8
    1435.270	  8
    1435.566	  8
    1435.814	  8
    1436.184	  8
    1436.882	  8
    1437.068	  8
    1437.914	  8
    1438.152	  8
    1439.630	  8
    1439.974	  8
    1440.646	  8
    1442.782	  8
    1444.126	  8
    1444.778	  8
    1445.530	  8
    1447.074	  8
    1447.402	  8
    1447.962	  8
    1448.506	  8
    1449.078	  8
    1449.720	  8
    1450.536	  8
    1450.700	  8
    1450.938	  8
    1451.948	  8
    1452.998	  8
    1454.242	  8
    1455.018	  8
    1455.598	  8
    1455.884	  8
    1456.386	  8
    1458.258	  8
    1460.118	  8
    1460.280	  8
    1460.730	  8
    1463.232	 53
    1464.372	  8
    1464.372	 20
    1464.372	 27
    1464.382	 28
    1464.382	 19
    1464.482	 29
    1464.642	  8
    1464.650	  9
    1484.502	 52
    1484.512	 10
    1504.896	  7
    1505.024	  7
    1505.352	  7
    1505.612	  7
    1505.954	  7
    1506.144	  7
    1506.800	  7
    1506.924	  7
    1507.314	  7
    1507.466	  7
    1507.652	  7
    1508.660	  7
    1514.102	  7
    1514.308	  7
    1522.264	  7
    1522.664	  7
    1523.122	  7
    1529.154	  7
    1529.296	  7
    1529.456	  7
    1534.550	  7
    1541.562	  7
    1551.900	  8
    1555.854	  8
    1557.366	  8
    1558.292	  8
    1558.538	  8
    1559.118	  8
    1559.182	  8
    1569.968	  8
    1570.324	  8
    1571.850	  8
    1572.354	  8
    1572.444	  8
    1572.934	  8
    1573.798	  8
    1576.334	  8
    1576.984	  8
    1577.432	  8
    1582.232	  8
    1582.878	  8
    1583.400	  8
    1584.510	  8
    1584.594	  8
    1584.766	  8
    1584.920	  8
    1585.076	  8
    1588.792	  8
    1589.142	  8
    1589.394	  8
    1595.378	  8
    1597.260	  8
    1597.374	  8
    1601.330	  8
    1602.228	  8
    1602.466	  8
    1603.790	  8
    1603.892	  8
    1604.020	  8
    1604.512	 53
    1604.532	  8
    1604.532	 20
    1604.532	 27
    1604.542	 28
    1604.542	 19
    1604.642	 29
    1604.810	  9
    1624.662	 51
    1624.672	 17
    1646.260	  7
    1649.890	  8
    1650.296	  8
    1655.968	  8
    1656.544	  8
    1656.642	  8
    1665.158	  8
    1666.500	  8
    1668.032	  8
    1668.892	  8
    1670.932	  8
    1671.656	  8
    1671.726	  8
    1672.574	  8
    1673.232	  8
    1674.150	  8
    1674.940	  8
    1675.146	  8
    1676.018	  8
    1676.462	  8
    1678.026	  8
    1678.640	  8
    1678.858	  8
    1679.166	  8
    1679.512	  8
    1679.892	  8
    1680.988	  8
    1681.638	  8
    1682.976	  8
    1683.816	  8
    1684.672	 53
    1684.926	  8
    1684.926	 20
    1684.926	 27
    1684.936	 28
    1684.936	 19
    1685.036	 29
    1685.204	  9
    1705.056	 50
    1705.066	 18
    1733.462	  8
    1734.792	  8
    1735.066	 53
    1735.076	 20
    1735.076	 27
    1735.658	  8
    1736.056	  8
    1736.998	  8
    1737.246	  8
    1737.698	  8
    1738.184	  8
    1738.762	  8
    1739.676	  8
    1740.008	  8
    1740.394	  8
    1741.244	  8
    1741.822	  8
    1742.532	  8
    1743.282	  8
    1744.780	  8
    1745.128	  8
    1746.446	  8
    1746.842	  8
    1747.614	  8
    1748.088	  8
    1748.272	  8
    1748.682	  8
    1750.292	  8
    1751.986	  8
    1752.566	  8
    1752.832	  8
    1754.774	  8
    1755.096	 50
    1755.106	 18
    1755.416	  8
    1756.898	  8
    1757.886	  8
    1758.410	  8
    1758.732	  8
    1761.258	  8
    1761.546	  8
    1762.180	  8
    1764.072	  8
    1765.012	  8
    1767.250	  8
    1767.598	  8
    1767.726	  8
    1768.312	  8
    1768.366	  8
    1768.882	  8
    1769.612	  8
    1769.842	  8
    1770.314	  8
    1770.800	  8
    1771.716	  8
    1774.090	  8
    1778.400	  8
    1779.738	  8
    1782.744	  8
    1782.808	  8
    1783.618	  8
    1783.896	  8
    1785.106	 53
    1785.116	 20
    1785.116	 27
    1787.526	  8
    1788.302	  8
    1788.524	  8
    1796.328	  8
    1797.128	  8
    1797.962	  8
    1798.424	  8
    1799.592	  8
    1800.314	  8
    1805.136	 51
    1805.146	 17
    1814.784	  8
    1814.824	  8
    1815.268	  8
    1815.726	  8
    1816.622	  8
    1817.072	  8
    1817.726	  8
    1818.332	  8
    1818.976	  8
    1819.300	  8
    1821.202	  8
    1821.292	  8
    1821.550	  8
    1823.604	  8
    1824.140	  8
    1826.900	  8
    1827.426	  8
    1831.832	  8
    1832.524	  8
    1833.700	  8
    1834.142	  8
    1835.228	  8
    1836.098	  8
    1836.418	  8
    1836.522	  8
    1836.868	  8
    1837.398	  8
    1838.714	  8
    1838.938	  8
    1839.790	  8
    1841.454	  8
    1842.226	  8
    1843.038	  8
    1843.816	  8
    1843.882	  8
    1843.990	  8
    1844.586	  8
    1844.976	  8
    1845.118	  8
    1846.286	  8
    1848.072	  8
    1848.576	  8
    1848.948	  8
    1849.280	  8
    1849.842	  8
    1850.146	  8
    1850.856	  8
    1851.584	  8
    1851.772	  8
    1852.500	  8
    1853.216	  8
    1854.426	  8
    1854.950	  8
    1855.464	  8
    1857.550	  8
    1858.472	  8
    1859.028	  8
    1859.574	  8
    1860.600	  8
    1861.196	  8
    1863.126	  8
    1863.972	  8
    1865.146	 53
    1865.202	  8
    1865.202	 20
    1865.202	 27
    1865.212	 28
    1865.212	 19
    1865.312	 29
    1865.480	  9
    1885.332	 50
    1885.342	 18
    1915.342	 53
    1915.352	 20
    1915.352	 27
    1919.328	  8
    1920.808	  8
    1922.180	  8
    1922.260	  8
    1923.184	  8
    1923.698	  8
    1932.982	  8
    1935.372	 51
    1935.382	 17
    1948.382	  8
    1950.904	  8
    1952.376	  8
    1952.876	  8
    1953.974	  8
    1954.972	  8
    1956.614	  8
    1959.868	  8
    1960.736	  8
    1961.728	  8
    1962.444	  8
    1962.574	  8
    1962.756	  8
    1964.076	  8
    1965.632	  8
    1965.934	  8
    1966.322	  8
    1966.814	  8
    1967.622	  8
    1968.144	  8
    1969.542	  8
    1969.826	  8
    1970.314	  8
    1971.354	  8
    1973.530	  8
    1974.208	  8
    1974.714	  8
    1975.096	  8
    1976.208	  8
    1976.614	  8
    1976.808	  8
    1977.080	  8
    1977.468	  8
    1978.336	  8
    1978.848	  8
    1980.144	  8
    1980.386	  8
    1981.626	  8
    1982.274	  8
    1982.998	  8
    1983.654	  8
    1984.024	  8
    1986.308	  8
    1987.026	  8
    1987.932	  8
    1988.638	  8
    1989.346	  8
    1989.664	  8
    1990.918	  8
    1991.176	  8
    1991.482	  8
    1991.758	  8
    1993.218	  8
    1994.038	  8
    1994.148	  8
    1994.674	  8
    1995.382	 53
    1996.996	  8
    1996.996	 20
    1996.996	 27
    1997.006	 28
    1997.006	 19
    1997.106	 29
    1997.190	  8
    1997.274	  9
    2017.126	 50
    2017.136	 18
    2045.868	  8
    2046.888	  8
    2046.932	  8
    2047.136	 53
    2047.146	 20
    2047.146	 27
    2047.854	  8
    2051.880	  8
    2060.836	  8
    2067.166	 52
    2067.176	 10
    2075.208	  8
    2111.848	  8
    2111.990	  8
    2112.156	  8
    2115.226	  8
    2116.450	  8
    2117.158	  8
    2123.042	  8
    2124.112	  8
    2124.716	  8
    2125.252	  8
    2125.740	  8
    2126.074	  8
    2126.496	  8
    2126.810	  8
    2127.244	  8
    2127.330	  8
    2131.782	  8
    2133.470	  8
    2136.228	  8
    2137.000	  8
    2137.376	  8
    2137.784	  8
    2138.198	  8
    2138.712	  8
    2139.330	  8
    2139.588	  8
    2140.018	  8
    2140.360	  8
    2140.634	  8
    2141.182	  8
    2144.834	  8
    2145.188	  8
    2145.610	  8
    2146.118	  8
    2146.694	  8
    2147.234	  8
    2151.440	  8
    2151.726	  8
    2152.104	  8
    2152.436	  8
    2152.636	  8
    2153.064	  8
    2154.520	  8
    2154.844	  8
    2155.258	  8
    2155.992	  8
    2156.160	  8
    2156.698	  8
    2156.780	  8
    2157.010	  8
    2157.320	  8
    2157.604	  8
    2163.562	  8
    2164.806	  8
    2165.628	  8
    2166.170	  8
    2166.520	  8
    2169.706	  8
    2171.794	  8
    2172.496	  8
    2172.702	  8
    2173.220	  8
    2174.926	  8
    2175.104	  8
    2179.980	  8
    2180.518	  8
    2180.946	  8
    2181.452	  8
    2182.182	  8
    2182.684	  8
    2183.198	  8
    2183.752	  8
    2184.108	  8
    2184.794	  8
    2186.096	  8
    2186.598	  8
    2187.176	 53
    2187.328	  8
    2187.328	 20
    2187.328	 27
    2187.338	 28
    2187.338	 19
    2187.438	 29
    2187.598	  9
    2197.176	  8
    2199.132	  8
    2207.458	 51
    2207.468	 17
    2233.834	  8
    2267.468	 53
    2313.468	  8
    2313.468	 20
    2313.468	 27
    2313.478	 28
    2313.478	 19
    2313.578	 29
    2313.662	  8
    2313.746	  9
    2333.598	 52
    2333.608	 10
    2378.186	  8
    2399.810	  8
    2400.236	  8
    2400.942	  8
    2401.928	  8
    2402.728	  8
    2402.850	  8
    2419.408	  8
    2419.918	  8
    2420.506	  8
    2420.696	  8
    2421.348	  8
    2422.292	  8
    2424.680	  8
    2428.302	  7
    2428.546	  7
    2429.114	  7
    2429.322	  7
    2429.818	  7
    2430.296	  7
    2434.256	  7
    2434.474	  7
    2440.842	  7
    2441.026	  7
    2444.392	  7
    2444.694	  7
    2445.188	  7
    2445.328	  7
    2446.150	  7
    2448.376	  7
    2448.578	  7
    2448.718	  7
    2448.930	  7
    2449.072	  7
    2449.308	  7
    2449.660	  7
    2449.846	  7
    2450.062	  7
    2451.266	  7
    2451.512	  7
    2451.834	  7
    2453.608	 53
    2453.688	  7
    2453.814	  7
    2457.776	  8
    2457.776	 20
    2457.776	 27
    2457.786	 28
    2457.786	 19
    2457.886	 29
    2457.922	  8
    2458.054	  9
    2477.906	 51
    2477.916	 17
    2483.648	  8
    2498.194	  8
    2499.098	  8
    2500.356	  8
    2501.120	  8
    2505.098	  8
    2505.420	  8
    2512.344	  8
    2517.350	  8
    2518.826	  8
    2519.548	  8
    2520.048	  8
    2520.742	  8
    2521.554	  8
    2521.630	  8
    2523.586	  8
    2524.042	  8
    2524.366	  8
    2525.268	  8
    2525.636	  8
    2527.222	  8
    2529.496	  8
    2529.840	  8
    2530.454	  8
    2530.528	  8
    2531.308	  8
    2532.184	  8
    2536.092	  8
    2537.110	  8
    2537.450	  8
    2537.916	 53
    2541.958	  8
    2541.958	 20
    2541.958	 27
    2541.968	 28
    2541.968	 19
    2542.068	 29
    2542.168	  8
    2542.236	  9
    2562.088	 52
    2562.098	 10
    2672.822	  8
    2673.118	  8
    2673.916	  8
    2674.930	  8
    2675.612	  8
    2677.038	  8
    2677.172	  8
    2677.802	  8
    2678.406	  8
    2679.362	  8
    2679.658	  8
    2680.160	  8
    2681.926	  8
    2682.098	 53
    2682.360	  8
    2682.360	 20
    2682.360	 27
    2682.370	 28
    2682.370	 19
    2682.470	 29
    2682.474	  8
    2682.638	  9
    2683.268	  8
    2692.102	  8
    2692.144	  8
    2702.490	 51
    2702.500	 17
    2725.086	  8
    2725.736	  8
    2726.736	  8
    2727.218	  8
    2727.390	  8
    2727.834	  8
    2728.626	  8
    2744.204	  8
    2745.380	  8
    2746.992	  8
    2747.448	  8
    2747.928	  8
    2749.948	  8
    2751.126	  8
    2751.258	  8
    2751.790	  8
    2753.068	  8
    2753.512	  8
    2756.444	  8
    2756.874	  8
    2758.054	  8
    2759.208	  8
    2760.972	  8
    2762.068	  8
    2762.334	  8
    2762.500	 53
    2762.626	  8
    2762.626	 20
    2762.626	 27
    2762.636	 28
    2762.636	 19
    2762.736	 29
    2762.788	  8
    2762.904	  9
    2782.756	 50
    2782.766	 18
    2812.766	 53
    2812.776	 20
    2812.776	 27
    2819.704	  8
    2820.800	  8
    2821.778	  8
    2822.102	  8
    2822.562	  8
    2822.718	  8
    2823.188	  8
    2823.544	  8
    2824.190	  8
    2825.072	  8
    2825.344	  8
    2825.742	  8
    2826.270	  8
    2826.700	  8
    2826.766	  8
    2826.986	  8
    2827.984	  8
    2828.112	  8
    2829.400	  8
    2829.516	  8
    2830.230	  8
    2831.156	  8
    2831.968	  8
    2832.020	  8
    2832.398	  8
    2832.796	 50
    2832.806	 18
    2834.292	  8
    2835.142	  8
    2835.294	  8
    2835.340	  8
    2836.160	  8
    2836.618	  8
    2838.488	  8
    2862.806	 53
    2862.816	 20
    2862.816	 27
    2865.382	  8
    2865.462	  8
    2882.836	 50
    2882.846	 18
    2884.836	  8
    2886.568	  8
    2889.656	  8
    2899.562	  7
    2899.700	  7
    2899.876	  7
    2900.056	  7
    2900.270	  7
    2901.826	  8
    2903.694	  8
    2905.108	  8
    2905.222	  8
    2905.528	  8
    2906.506	  8
    2907.276	  8
    2908.288	  8
    2909.500	  8
    2909.658	  8
    2911.164	  8
    2911.926	  8
    2912.846	 53
    2912.856	 20
    2912.856	 27
    2915.526	  8
    2921.708	  8
    2922.048	  8
    2922.838	  8
    2923.370	  8
    2925.010	  8
    2926.080	  8
    2926.698	  8
    2927.172	  8
    2927.606	  8
    2927.828	  8
    2928.302	  8
    2928.734	  8
    2932.876	 52
    2932.886	 10
    2968.576	  8
    2969.232	  8
    2969.368	  8
    2969.730	  8
    2970.100	  8
    2970.176	  8
    2970.916	  8
    2971.464	  8
    2973.714	  8
    2974.170	  8
    2974.956	  8
    2975.570	  8
    2977.584	  8
    2978.500	  8
    2980.786	  8
    2981.792	  8
    2982.690	  8
    2983.636	  8
    2984.166	  8
    2985.504	  8
    2985.964	  8
    2986.198	  8
    2986.658	  8
    2989.610	  8
    2991.496	  8
    3000.178	  8
    3000.658	  8
    3000.982	  8
    3002.048	  8
    3002.452	  8
    3003.702	  8
    3006.114	  8
    3006.382	  8
    3006.672	  8
    3007.074	  8
    3007.820	  8
    3008.808	  8
    3008.848	  8
    3013.772	  8
    3014.116	  8
    3014.396	  8
    3015.474	  8
    3017.518	  8
    3017.602	  8
    3019.036	  8
    3019.214	  8
    3022.710	  8
    3023.758	  8
    3024.746	  8
    3025.104	  8
    3025.662	  8
    3026.218	  8
    3027.700	  8
    3027.978	  8
    3028.324	  8
    3029.228	  8
    3043.606	  8
    3044.292	  8
    3044.498	  8
    3045.088	  8
    3045.392	  8
    3045.446	  8
    3045.524	  8
    3045.840	  8
    3046.010	  8
    3046.112	  8
    3046.354	  8
    3047.612	  8
    3048.108	  8
    3048.310	  8
    3049.896	  8
    3050.490	  8
    3051.440	  8
    3052.866	  8
    3052.886	 53
    3053.928	  8
    3053.928	 20
    3053.928	 27
    3053.938	 28
    3053.938	 19
    3053.998	  8
    3054.038	 29
    3054.206	  9
    3074.058	 52
    3074.068	 10
    3096.380	  7
    3096.698	  7
    3096.852	  7
    3133.184	  8
    3133.496	  8
    3149.144	  8
    3149.618	  8
    3155.790	  7
    3155.926	  7
    3156.598	  7
    3156.886	  7
    3164.420	  7
    3170.130	  8
    3170.608	  8
    3172.278	  8
    3172.724	  8
    3173.660	  8
    3174.608	  8
    3175.200	  8
    3175.354	  8
    3176.392	  8
    3176.868	  8
    3178.368	  8
    3178.594	  8
    3179.992	  8
    3181.074	  8
    3181.464	  8
    3181.998	  8
    3183.268	  8
    3183.922	  8
    3184.366	  8
    3185.812	  8
    3186.026	  8
    3186.274	  8
    3186.712	  8
    3186.834	  8
    3187.752	  8
    3187.906	  8
    3188.642	  8
    3189.598	  8
    3189.840	  8
    3190.116	  8
    3191.400	  8
    3191.548	  8
    3191.896	  8
    3192.272	  8
    3192.598	  8
    3193.442	  8
    3194.068	 53
    3196.804	  8
    3196.804	 20
    3196.804	 27
    3196.814	 28
    3196.814	 19
    3196.914	 29
    3196.962	  8
    3197.082	  9
    3197.984	  8
    3216.934	 51
    3216.944	 17
    3245.546	  8
    3248.010	  8
    3248.086	  8
    3252.906	  8
    3253.036	  8
    3253.396	  8
    3258.118	  8
    3258.708	  8
    3259.650	  8
    3260.034	  8
    3261.044	  8
    3262.018	  8
    3262.746	  8
    3264.444	  8
    3265.094	  8
    3265.304	  8
    3265.962	  8
    3267.930	  8
    3268.284	  8
    3268.670	  8
    3269.100	  8
    3270.020	  8
    3272.440	  8
    3273.500	  8
    3274.882	  8
    3275.094	  8
    3275.172	  8
    3275.622	  8
    3275.778	  8
    3276.002	  8
    3276.944	 53
    3277.372	  8
    3277.372	 20
    3277.372	 27
    3277.382	 28
    3277.382	 19
    3277.482	 29
    3277.596	  8
    3277.650	  9
    3297.502	 51
    3297.512	 17
    3312.526	  7
    3313.282	  7
    3313.898	  7
    3320.444	  7
    3325.920	  7
    3335.042	  8
    3336.990	  8
    3338.308	  8
    3338.860	  8
    3339.674	  8
    3340.244	  8
    3340.798	  8
    3342.542	  8
    3342.914	  8
    3343.868	  8
    3345.120	  8
    3346.172	  8
    3346.190	  8
    3347.032	  8
    3348.946	  8
    3349.408	  8
    3349.412	  8
    3351.148	  8
    3352.124	  8
    3353.102	  8
    3353.566	  8
    3354.760	  8
    3355.060	  8
    3355.296	  8
    3355.476	  8
    3355.948	  8
    3356.450	  8
    3356.620	  8
    3357.104	  8
    3357.512	 53
    3357.770	  8
    3357.770	 20
    3357.770	 27
    3357.780	 28
    3357.780	 19
    3357.880	 29
    3358.048	  9
    3377.900	 52
    3377.910	 10
    3420.254	  7
    3421.080	  7
    3421.426	  7
    3421.824	  7
    3422.212	  7
    3422.424	  7
    3422.782	  7
    3428.588	  7
    3435.412	  7
    3443.886	  8
    3445.898	  8
    3450.828	  8
    3454.560	  8
    3455.290	  8
    3456.214	  8
    3456.812	  8
    3457.266	  8
    3458.016	  8
    3459.300	  8
    3459.766	  8
    3460.284	  8
    3460.898	  8
    3461.252	  8
    3461.918	  8
    3462.290	  8
    3471.520	  8
    3471.896	  8
    3472.196	  8
    3473.302	  8
    3474.998	  8
    3475.506	  8
    3476.534	  8
    3476.750	  8
    3477.976	  8
    3479.322	  8
    3479.940	  8
    3483.476	  8
    3484.048	  8
    3484.104	  8
    3485.134	  8
    3486.312	  8
    3489.004	  8
    3489.330	  8
    3489.512	  8
    3489.714	  8
    3494.414	  8
    3494.748	  8
    3495.202	  8
    3495.572	  8
    3497.910	 53
    3500.650	  8
    3500.650	 20
    3500.650	 27
    3500.660	 28
    3500.660	 19
    3500.760	 29
    3500.928	  9
    3520.780	 52
    3520.790	 10
    3570.242	  8
    3572.026	  8
    3572.388	  8
    3572.874	  8
    3573.014	  8
    3573.794	  8
    3573.960	  8
    3574.282	  8
    3574.502	  8
    3607.964	  8
    3608.322	  8
    3608.778	  8
    3609.594	  8
    3610.592	  8
    3610.880	  8
    3611.176	  8
    3632.088	  8
    3632.340	  8
    3632.904	  8
    3633.486	  8
    3635.180	  8
    3636.504	  8
    3637.868	  8
    3638.354	  8
    3639.166	  8
    3639.346	  8
    3640.790	 53
    3641.102	  8
    3641.102	 20
    3641.102	 27
    3641.112	 28
    3641.112	 19
    3641.212	 29
    3641.222	  8
    3641.380	  9
    3661.232	 51
    3661.242	 17
    3721.242	 53
    3722.022	  8
    3722.022	 20
    3722.022	 27
    3722.032	 28
    3722.032	 19
    3722.132	 29
    3722.300	  9
    3734.224	  8
    3742.152	 50
    3742.162	 18
    3772.162	 53
    3772.172	 20
    3772.172	 27
    3783.892	  8
    3784.066	  8
    3784.824	  8
    3785.182	  8
    3785.656	  8
    3785.728	  8
    3785.990	  8
    3786.404	  8
    3786.696	  8
    3787.012	  8
    3787.100	  8
    3787.522	  8
    3787.916	  8
    3788.030	  8
    3788.676	  8
    3789.608	  8
    3791.428	  8
    3791.496	  8
    3792.192	 51
    3792.202	 17
    3792.246	  8
    3793.260	  8
    3793.600	  8
    3793.984	  8
    3794.368	  8
    3794.674	  8
    3795.092	  8
    3795.884	  8
    3796.048	  8
    3796.666	  8
    3796.992	  8
    3797.350	  8
    3798.178	  8
    3798.696	  8
    3800.628	  8
    3801.186	  8
    3802.136	  8
    3802.836	  8
    3803.212	  8
    3803.732	  8
    3804.230	  8
    3804.272	  8
    3806.248	  8
    3806.994	  8
    3807.212	  8
    3807.508	  8
    3809.142	  8
    3809.720	  8
    3810.980	  8
    3811.150	  8
    3811.478	  8
    3811.906	  8
    3812.064	  8
    3812.234	  8
    3812.716	  8
    3813.200	  8
    3814.438	  8
    3815.224	  8
    3815.616	  8
    3815.762	  8
    3816.324	  8
    3817.776	  8
    3818.278	  8
    3818.926	  8
    3820.450	  8
    3821.402	  8
    3821.780	  8
    3822.698	  8
    3823.278	  8
    3824.110	  8
    3824.204	  8
    3824.696	  8
    3826.204	  8
    3826.628	  8
    3827.408	  8
    3827.860	  8
    3828.048	  8
    3828.154	  8
    3829.170	  8
    3829.818	  8
    3831.738	  8
    3832.148	  8
    3833.120	  8
    3833.844	  8
    3835.324	  8
    3836.250	  8
    3837.712	  8
    3837.870	  8
    3838.068	  8
    3838.276	  8
    3838.686	  8
    3839.012	  8
    3839.048	  8
    3839.578	  8
    3840.806	  8
    3841.842	  8
    3842.650	  8
    3843.438	  8
    3845.394	  8
    3845.828	  8
    3846.572	  8
    3847.288	  8
    3847.508	  8
    3848.832	  8
    3849.396	  8
    3849.700	  8
    3850.394	  8
    3850.810	  8
    3851.182	  8
    3852.202	 53
    3853.054	  8
    3853.054	 20
    3853.054	 27
    3853.064	 28
    3853.064	 19
    3853.164	 29
    3853.268	  8
    3853.332	  9
    3862.402	  8
    3862.826	  8
    3873.184	 51
    3873.194	 17
    3881.030	  8
    3882.946	  8
    3892.030	  8
    3892.096	  8
    3898.538	  8
    3901.514	  8
    3901.916	  8
    3903.592	  8
    3905.166	  8
    3905.666	  8
    3905.814	  8
    3905.916	  8
    3916.792	  8
    3920.278	  8
    3920.384	  8
    3921.582	  8
    3922.570	  8
    3923.142	  8
    3923.908	  8
    3924.302	  8
    3924.812	  8
    3929.656	  8
    3930.210	  8
    3930.788	  8
    3931.196	  8
    3931.360	  8
    3931.578	  8
    3931.664	  8
    3931.918	  8
    3932.798	  8
    3933.086	  8
    3933.194	 53
    3933.388	  8
    3933.388	 20
    3933.388	 27
    3933.398	 28
    3933.398	 19
    3933.498	 29
    3933.666	  9
    3953.518	 50
    3953.528	 18
    3983.078	  8
    3983.420	  8
    3983.518	  8
    3983.528	 53
    3983.538	 20
    3983.538	 27
    3983.804	  8
    3984.166	  8
    3984.744	  8
    3985.346	  8
    3985.880	  8
    3988.068	  8
    4003.558	 51
    4003.568	 17
    4006.090	  8
    4006.180	  8
    4024.416	  8
    4024.808	  8
    4025.738	  8
    4026.702	  8
    4027.260	  8
    4027.450	  8
    4027.570	  8
    4028.024	  8
    4029.368	  8
    4029.838	  8
    4030.052	  8
    4030.116	  8
    4032.754	  8
    4033.656	  8
    4034.230	  8
    4034.802	  8
    4036.134	  8
    4037.748	  8
    4038.320	  8
    4038.726	  8
    4039.178	  8
    4039.474	  8
    4041.168	  8
    4041.828	  8
    4041.966	  8
    4042.344	  8
    4043.632	  8
    4045.604	  8
    4046.110	  8
    4046.232	  8
    4046.518	  8
    4047.084	  8
    4047.518	  8
    4048.060	  8
    4049.476	  8
    4049.920	  8
    4050.064	  8
    4050.610	  8
    4050.776	  8
    4053.382	  8
    4054.312	  8
    4054.496	  8
    4054.950	  8
    4055.426	  8
    4055.898	  8
    4056.676	  8
    4059.082	  8
    4059.650	  8
    4061.250	  8
    4062.096	  8
    4063.568	 53
    4064.058	  8
    4064.058	 20
    4064.058	 27
    4064.068	 28
    4064.068	 19
    4064.168	 29
    4064.336	  9
    4084.188	 50
    4084.198	 18
    4114.198	 53
    4114.208	 20
    4114.208	 27
    4134.228	 51
    4134.238	 17
    4153.190	  8
    4153.730	  8
    4154.552	  8
    4155.296	  8
    4156.890	  8
    4158.178	  8
    4158.638	  8
    4159.508	  8
    4159.856	  8
    4160.470	  8
    4162.068	  8
    4162.292	  8
    4167.134	  8
    4167.484	  8
    4168.834	  8
    4169.124	  8
    4169.536	  8
    4170.020	  8
    4173.142	  8
    4173.640	  8
    4174.230	  8
    4175.510	  8
    4178.296	  8
    4178.734	  8
    4179.124	  8
    4181.568	  8
    4181.780	  8
    4181.854	  8
    4181.910	  8
    4182.120	  8
    4182.176	  8
    4182.306	  8
    4182.626	  8
    4183.288	  8
    4185.612	  8
    4185.710	  8
    4186.244	  8
    4186.798	  8
    4187.008	  8
    4188.194	  8
    4188.580	  8
    4188.798	  8
    4188.838	  8
    4189.056	  8
    4189.382	  8
    4189.840	  8
    4192.060	  8
    4192.198	  8
    4192.686	  8
    4193.180	  8
    4193.878	  8
    4194.238	 53
    4195.530	  8
    4195.530	 20
    4195.530	 27
    4195.540	 28
    4195.540	 19
    4195.640	 29
    4195.716	  8
    4195.808	  9
    4215.660	 50
    4215.670	 18
    4245.670	 53
    4245.680	 20
    4245.680	 27
    4253.568	  8
    4253.650	  8
    4254.154	  8
    4265.700	 51
    4265.710	 17
    4275.486	  8
    4275.744	  8
    4276.926	  8
    4278.218	  8
    4278.738	  8
    4281.562	  7
    4282.204	  7
    4282.318	  7
    4282.526	  7
    4283.350	  7
    4283.808	  7
    4284.688	  7
    4288.972	  7
    4289.170	  7
    4295.368	  8
    4295.522	  8
    4295.914	  8
    4296.296	  8
    4296.460	  8
    4296.982	  8
    4297.000	  8
    4297.342	  8
    4298.036	  8
    4298.166	  8
    4298.948	  8
    4299.348	  8
    4299.412	  8
    4299.686	  8
    4300.290	  8
    4300.526	  8
    4301.628	  8
    4302.210	  8
    4302.314	  8
    4302.544	  8
    4302.672	  8
    4302.998	  8
    4303.418	  8
    4303.798	  8
    4305.242	  8
    4305.588	  8
    4306.560	  8
    4307.122	  8
    4307.582	  8
    4308.564	  8
    4309.608	  8
    4310.078	  8
    4310.196	  8
    4310.526	  8
    4311.322	  8
    4312.550	  8
    4314.724	  8
    4315.942	  8
    4316.574	  8
    4317.294	  8
    4318.180	  8
    4318.782	  8
    4319.530	  8
    4323.058	  8
    4323.704	  8
    4324.732	  8
    4325.552	  8
    4325.710	 53
    4326.116	  8
    4326.116	 20
    4326.116	 27
    4326.126	 28
    4326.126	 19
    4326.226	 29
    4326.394	  9
    4346.246	 50
    4346.256	 18
    4376.256	 53
    4376.266	 20
    4376.266	 27
    4396.286	 51
    4396.296	 17
    4456.296	 53
    4478.746	  8
    4478.746	 20
    4478.746	 27
    4478.756	 28
    4478.756	 19
    4478.834	  8
    4478.856	 29
    4479.024	  9
    4479.920	  8
    4492.072	  8
    4492.326	  8
    4492.456	  8
    4498.876	 52
    4498.886	 10
    4511.604	  7
    4511.758	  7
    4512.266	  7
    4513.122	  7
    4516.106	  7
    4520.724	  7
    4520.896	  7
    4561.138	  8
    4572.970	  8
    4583.918	  8
    4606.424	  8
    4607.122	  8
    4608.288	  8
    4609.556	  8
    4610.228	  8
    4610.808	  8
    4611.684	  8
    4612.048	  8
    4612.200	  8
    4613.498	  8
    4614.300	  8
    4614.604	  8
    4615.124	  8
    4615.160	  8
    4615.510	  8
    4618.886	 53
    4619.916	  8
    4619.916	 20
    4619.916	 27
    4619.926	 28
    4619.926	 19
    4620.026	 29
    4620.086	  8
    4620.194	  9
    4640.046	 51
    4640.056	 17
    4661.850	  7
    4662.938	  7
    4663.558	  7
    4663.816	  7
    4664.028	  7
    4668.220	  7
    4673.438	  7
    4681.932	  8
    4683.398	  8
    4684.826	  8
    4685.820	  8
    4686.200	  8
    4686.848	  8
    4687.090	  8
    4687.956	  8
    4688.480	  8
    4688.980	  8
    4690.008	  8
    4690.488	  8
    4690.746	  8
    4692.772	  8
    4693.200	  8
    4694.624	  8
    4698.744	  8
    4699.290	  8
    4700.056	 53
    4700.298	  8
    4700.298	 20
    4700.298	 27
    4700.308	 28
    4700.308	 19
    4700.408	 29
    4700.576	  9
    4720.428	 52
    4720.438	 10
    4724.194	  8
    4753.314	  8
    4753.568	  8
    4756.898	  8
    4760.020	  8
    4760.268	  8
    4760.506	  8
    4760.620	  8
    4761.904	  8
    4762.820	  8
    4763.340	  8
    4763.650	  8
    4767.014	  8
    4767.536	  8
    4768.250	  8
    4777.242	  8
    4777.710	  8
    4778.610	  8
    4780.208	  8
    4780.332	  8
    4780.658	  8
    4781.412	  8
    4782.704	  8
    4783.830	  8
    4784.046	  8
    4784.178	  8
    4784.892	  8
    4785.940	  8
    4796.910	  8
    4797.666	  8
    4798.358	  8
    4798.674	  8
    4799.422	  8
    4799.934	  8
    4800.872	  8
    4801.470	  8
    4801.652	  8
    4802.846	  8
    4803.230	  8
    4803.854	  8
    4804.244	  8
    4804.832	  8
    4805.390	  8
    4806.380	  8
    4806.872	  8
    4806.932	  8
    4807.192	  8
    4807.406	  8
    4808.412	  8
    4809.048	  8
    4809.216	  8
    4811.428	  8
    4811.648	  8
    4812.002	  8
    4812.932	  8
    4813.158	  8
    4813.318	  8
    4813.832	  8
    4814.226	  8
    4817.344	  8
    4818.434	  8
    4819.150	  8
    4819.194	  8
    4819.618	  8
    4820.010	  8
    4820.252	  8
    4821.328	  8
    4821.568	  8
    4821.958	  8
    4822.096	  8
    4822.814	  8
    4826.456	  8
    4827.138	  8
    4828.364	  8
    4829.696	  8
    4830.528	  8
    4830.998	  8
    4831.610	  8
    4832.360	  8
    4833.260	  8
    4833.586	  8
    4834.194	  8
    4834.300	  8
    4834.650	  8
    4835.112	  8
    4835.228	  8
    4835.630	  8
    4836.762	  8
    4837.958	  8
    4838.130	  8
    4838.274	  8
    4838.718	  8
    4839.878	  8
    4840.438	 53
    4842.532	  8
    4842.532	 20
    4842.532	 27
    4842.542	 28
    4842.542	 19
    4842.564	  8
    4842.642	 29
    4842.810	  9
    4862.662	 51
    4862.672	 17
    4885.632	  8
    4886.760	  8
    4890.218	  8
    4891.374	  8
    4892.676	  8
    4893.358	  8
    4894.050	  8
    4894.208	  8
    4894.876	  8
    4895.996	  8
    4897.212	  8
    4898.022	  8
    4904.086	  8
    4904.558	  8
    4908.686	  8
    4908.988	  8
    4909.360	  8
    4910.260	  8
    4910.674	  8
    4911.662	  8
    4912.032	  8
    4912.934	  8
    4913.238	  8
    4913.576	  8
    4914.552	  8
    4915.202	  8
    4915.552	  8
    4916.156	  8
    4916.600	  8
    4917.512	  8
    4920.444	  8
    4921.062	  8
    4922.024	  8
    4922.554	  8
    4922.672	 53
    4923.086	  8
    4923.086	 20
    4923.086	 27
    4923.096	 28
    4923.096	 19
    4923.196	 29
    4923.364	  9
    4943.216	 52
    4943.226	 10
    4963.022	  8
    4971.498	  8
    4986.680	  8
    5008.444	  8
    5013.378	  8
    5024.268	  8
    5024.708	  8
    5025.460	  8
    5026.596	  8
    5026.710	  8
    5027.496	  8
    5028.074	  8
    5029.398	  8
    5037.842	  8
    5038.138	  8
    5038.546	  8
    5038.746	  8
    5038.902	  8
    5039.180	  8
    5039.366	  8
    5039.590	  8
    5039.720	  8
    5039.874	  8
    5040.040	  8
    5042.978	  8
    5043.310	  8
    5044.626	  8
    5046.068	  8
    5047.610	  8
    5048.342	  8
    5048.778	  8
    5049.106	  8
    5049.402	  8
    5050.598	  8
    5051.226	  8
    5051.526	  8
    5052.890	  8
    5053.146	  8
    5055.452	  8
    5055.798	  8
    5056.694	  8
    5056.760	  8
    5058.392	  8
    5058.752	  8
    5058.948	  8
    5059.704	  8
    5060.584	  8
    5060.980	  8
    5061.428	  8
    5062.224	  8
    5063.226	 53
    5065.434	  8
    5065.434	 20
    5065.434	 27
    5065.444	 28
    5065.444	 19
    5065.544	 29
    5065.712	  9
    5075.408	  8
    5085.564	 50
    5085.574	 18
    5113.486	  8
    5113.636	  8
    5114.168	  8
    5114.748	  8
    5115.572	  8
    5115.574	 53
    5115.584	 20
    5115.584	 27
    5115.594	 61
